# Time (seconds),Pressure,Temp
0.0078125,953.1328735351562,27.036865234375
0.0234375,953.1395263671875,27.04163360595703
0.0390625,953.1261596679688,27.028045654296875
0.0546875,953.1212158203125,27.033920288085938
0.0703125,953.1416015625,27.0386962890625
0.0859375,953.1181030273438,27.0386962890625
0.1015625,953.1348876953125,27.032814025878906
0.1171875,953.1205444335938,27.050827026367188
0.1328125,953.1181640625,27.03797149658203
0.1484375,953.1371459960938,27.042739868164062
0.1640625,953.136474609375,27.031715393066406
0.1796875,953.1216430664062,27.042381286621094
0.1953125,953.1226196289062,27.040176391601562
0.2109375,953.1398315429688,27.029876708984375
0.2265625,953.1387939453125,27.045684814453125
0.2421875,953.1452026367188,27.028778076171875
0.2578125,953.1166381835938,27.0386962890625
0.2734375,953.1390380859375,27.03722381591797
0.2890625,953.1484985351562,27.04163360595703
0.3046875,953.1375732421875,27.0386962890625
0.3203125,953.12890625,27.061477661132812
0.3359375,953.1376953125,27.028045654296875
0.3515625,953.1415405273438,27.043838500976562
0.3671875,953.1353759765625,27.050094604492188
0.3828125,953.1401977539062,27.048248291015625
0.3984375,953.1466064453125,27.049354553222656
0.4140625,953.1180419921875,27.047149658203125
0.4296875,953.1290893554688,27.047889709472656
0.4453125,953.1364135742188,27.050827026367188
0.4609375,953.1235961914062,27.05523681640625
0.4765625,953.1167602539062,27.05633544921875
0.4921875,953.1426391601562,27.05120086669922
0.5078125,953.1403198242188,27.05744171142578
0.5234375,953.1474609375,27.047515869140625
0.5390625,953.142333984375,27.05633544921875
0.5546875,953.1438598632812,27.04053497314453
0.5703125,953.1458129882812,27.044586181640625
0.5859375,953.1396484375,27.05744171142578
0.6015625,953.14453125,27.050827026367188
0.6171875,953.143310546875,27.05596923828125
0.6328125,953.1395874023438,27.05927276611328
0.6484375,953.118408203125,27.050827026367188
0.6640625,953.1403198242188,27.05303192138672
0.6796875,953.1404418945312,27.05927276611328
0.6953125,953.1256103515625,27.061477661132812
0.7109375,953.1340942382812,27.060020446777344
0.7265625,953.1411743164062,27.05927276611328
0.7421875,953.1357421875,27.065887451171875
0.7578125,953.142333984375,27.062225341796875
0.7734375,953.1245727539062,27.051559448242188
0.7890625,953.1403198242188,27.05450439453125
0.8046875,953.1395263671875,27.045684814453125
0.8203125,953.1356201171875,27.061477661132812
0.8359375,953.14013671875,27.05633544921875
0.8515625,953.1229248046875,27.05303192138672
0.8671875,953.1166381835938,27.069564819335938
0.8828125,953.1319580078125,27.05633544921875
0.8984375,953.1365966796875,27.05817413330078
0.9140625,953.1356811523438,27.05927276611328
0.9296875,953.110595703125,27.065887451171875
0.9453125,953.1190185546875,27.060379028320312
0.9609375,953.1334228515625,27.05633544921875
0.9765625,953.1408081054688,27.05633544921875
0.9921875,953.1331176757812,27.05596923828125
1.0078125,953.1336669921875,27.05450439453125
1.0234375,953.12451171875,27.046791076660156
1.0390625,953.1286010742188,27.05486297607422
1.0546875,953.1353149414062,27.041275024414062
1.0703125,953.1220092773438,27.043838500976562
1.0859375,953.1168823242188,27.05450439453125
1.1015625,953.1460571289062,27.047889709472656
1.1171875,953.1399536132812,27.049354553222656
1.1328125,953.11083984375,27.05817413330078
1.1484375,953.1171875,27.043479919433594
1.1640625,953.1317749023438,27.0386962890625
1.1796875,953.1163330078125,27.049354553222656
1.1953125,953.128173828125,27.050827026367188
1.2109375,953.130126953125,27.05927276611328
1.2265625,953.1309204101562,27.040908813476562
1.2421875,953.1165161132812,27.045684814453125
1.2578125,953.1326293945312,27.03980255126953
1.2734375,953.1098022460938,27.059646606445312
1.2890625,953.1273803710938,27.043838500976562
1.3046875,953.138427734375,27.060379028320312
1.3203125,953.1400756835938,27.05927276611328
1.3359375,953.1410522460938,27.05303192138672
1.3515625,953.1470947265625,27.05340576171875
1.3671875,953.1351318359375,27.05927276611328
1.3828125,953.1339721679688,27.060020446777344
1.3984375,953.1400756835938,27.05744171142578
1.4140625,953.1397705078125,27.062225341796875
1.4296875,953.1109008789062,27.05633544921875
1.4453125,953.1295166015625,27.061477661132812
1.4609375,953.1359252929688,27.060020446777344
1.4765625,953.1417846679688,27.063682556152344
1.4921875,953.1271362304688,27.069198608398438
1.5078125,953.1188354492188,27.065887451171875
1.5234375,953.1298217773438,27.060020446777344
1.5390625,953.1232299804688,27.0721435546875
1.5546875,953.1184692382812,27.060020446777344
1.5703125,953.1106567382812,27.077659606933594
1.5859375,953.1136474609375,27.0721435546875
1.6015625,953.1417236328125,27.061851501464844
1.6171875,953.1342163085938,27.0721435546875
1.6328125,953.120849609375,27.067733764648438
1.6484375,953.1239624023438,27.080223083496094
1.6640625,953.119873046875,27.076553344726562
1.6796875,953.1416015625,27.0721435546875
1.6953125,953.13037109375,27.073974609375
1.7109375,953.1275634765625,27.07581329345703
1.7265625,953.1194458007812,27.0721435546875
1.7421875,953.139404296875,27.07581329345703
1.7578125,953.1188354492188,27.079490661621094
1.7734375,953.1401977539062,27.063682556152344
1.7890625,953.1176147460938,27.060020446777344
1.8046875,953.1053466796875,27.07508087158203
1.8203125,953.1409301757812,27.063682556152344
1.8359375,953.140380859375,27.086105346679688
1.8515625,953.135986328125,27.069198608398438
1.8671875,953.1265258789062,27.064056396484375
1.8828125,953.1266479492188,27.07324981689453
1.8984375,953.1646728515625,27.079490661621094
1.9140625,953.1485595703125,27.067733764648438
1.9296875,953.16943359375,27.069198608398438
1.9453125,953.1535034179688,27.0721435546875
1.9609375,953.10888671875,27.07581329345703
1.9765625,953.1259765625,27.078758239746094
1.9921875,953.1466064453125,27.080963134765625
2.0078125,953.1737060546875,27.080963134765625
2.0234375,953.1403198242188,27.082794189453125
2.0390625,953.1493530273438,27.077285766601562
2.0546875,953.1494140625,27.080963134765625
2.0703125,953.2083129882812,27.080963134765625
2.0859375,953.1085815429688,27.065887451171875
2.1015625,953.2176513671875,27.07691192626953
2.1171875,953.1889038085938,27.083168029785156
2.1328125,953.1967163085938,27.07508087158203
2.1484375,953.1767578125,27.09014129638672
2.1640625,953.1370239257812,27.069198608398438
2.1796875,953.1498413085938,27.083168029785156
2.1953125,953.145263671875,27.060020446777344
2.2109375,953.1973876953125,27.057815551757812
2.2265625,953.1917724609375,27.0721435546875
2.2421875,953.1453857421875,27.060020446777344
2.2578125,953.1830444335938,27.05596923828125
2.2734375,953.1915893554688,27.05633544921875
2.2890625,953.2006225585938,27.05817413330078
2.3046875,953.2145385742188,27.064056396484375
2.3203125,953.2127075195312,27.064056396484375
2.3359375,953.2556762695312,27.057815551757812
2.3515625,953.2305297851562,27.042007446289062
2.3671875,953.2433471679688,27.05927276611328
2.3828125,953.2487182617188,27.05120086669922
2.3984375,953.2938842773438,27.05450439453125
2.4140625,953.3677368164062,27.05633544921875
2.4296875,953.3673706054688,27.067733764648438
2.4453125,953.2930908203125,27.05120086669922
2.4609375,953.4181518554688,27.0721435546875
2.4765625,953.4835815429688,27.060020446777344
2.4921875,953.3832397460938,27.05633544921875
2.5078125,953.3027954101562,27.069564819335938
2.5234375,953.311767578125,27.05927276611328
2.5390625,953.3449096679688,27.05927276611328
2.5546875,953.3125610351562,27.064056396484375
2.5703125,953.2868041992188,27.067733764648438
2.5859375,953.232177734375,27.05596923828125
2.6015625,953.201171875,27.065887451171875
2.6171875,953.1961669921875,27.061477661132812
2.6328125,953.200439453125,27.060379028320312
2.6484375,953.1979370117188,27.060020446777344
2.6640625,953.2003784179688,27.065887451171875
2.6796875,953.1878051757812,27.063682556152344
2.6953125,953.1845703125,27.060020446777344
2.7109375,953.168701171875,27.043838500976562
2.7265625,953.1671142578125,27.05927276611328
2.7421875,953.1847534179688,27.05927276611328
2.7578125,953.17333984375,27.057815551757812
2.7734375,953.1731567382812,27.05633544921875
2.7890625,953.1713256835938,27.05633544921875
2.8046875,953.1575317382812,27.052658081054688
2.8203125,953.17578125,27.05633544921875
2.8359375,953.1707763671875,27.048248291015625
2.8515625,953.1508178710938,27.048248291015625
2.8671875,953.1723022460938,27.041275024414062
2.8828125,953.1470947265625,27.05706787109375
2.8984375,953.1731567382812,27.044586181640625
2.9140625,953.1473999023438,27.05303192138672
2.9296875,953.1482543945312,27.05633544921875
2.9453125,953.1707763671875,27.045684814453125
2.9609375,953.137939453125,27.046791076660156
2.9765625,953.1410522460938,27.046791076660156
2.9921875,953.1708984375,27.065887451171875
3.0078125,953.1727905273438,27.03980255126953
3.0234375,953.1528930664062,27.052658081054688
3.0390625,953.1548461914062,27.05229949951172
3.0546875,953.1541137695312,27.05927276611328
3.0703125,953.142333984375,27.03980255126953
3.0859375,953.1373901367188,27.043838500976562
3.1015625,953.1461791992188,27.0386962890625
3.1171875,953.1456909179688,27.0357666015625
3.1328125,953.1465454101562,27.05229949951172
3.1484375,953.1828002929688,27.0386962890625
3.1640625,953.2257690429688,27.0386962890625
3.1796875,953.3212890625,27.047149658203125
3.1953125,953.2713623046875,27.049728393554688
3.2109375,953.4281005859375,27.0394287109375
3.2265625,953.3912963867188,27.045684814453125
3.2421875,953.3650512695312,27.052658081054688
3.2578125,953.43505859375,27.0386962890625
3.2734375,953.3804321289062,27.0357666015625
3.2890625,953.3001098632812,27.05340576171875
3.3046875,953.61669921875,27.049728393554688
3.3203125,953.3433227539062,27.029876708984375
3.3359375,953.5552978515625,27.045684814453125
3.3515625,953.4702758789062,27.047889709472656
3.3671875,953.3623046875,27.047889709472656
3.3828125,953.390380859375,27.05450439453125
3.3984375,953.3301391601562,27.0386962890625
3.4140625,953.4534301757812,27.03980255126953
3.4296875,953.354248046875,27.05450439453125
3.4453125,953.5487060546875,27.0394287109375
3.4609375,953.6727905273438,27.031715393066406
3.4765625,953.4676513671875,27.040908813476562
3.4921875,953.4260864257812,27.041275024414062
3.5078125,953.3257446289062,27.0386962890625
3.5234375,953.427734375,27.034286499023438
3.5390625,953.4732666015625,27.043479919433594
3.5546875,953.563720703125,27.049728393554688
3.5703125,953.4419555664062,27.040176391601562
3.5859375,953.3734741210938,27.0386962890625
3.6015625,953.4701538085938,27.043106079101562
3.6171875,953.4777221679688,27.043106079101562
3.6328125,953.438232421875,27.03907012939453
3.6484375,953.5413208007812,27.031715393066406
3.6640625,953.3845825195312,27.043106079101562
3.6796875,953.4005737304688,27.0357666015625
3.6953125,953.4238891601562,27.025100708007812
3.7109375,953.4293823242188,27.042381286621094
3.7265625,953.3377685546875,27.032814025878906
3.7421875,953.3577880859375,27.025466918945312
3.7578125,953.4203491210938,27.040176391601562
3.7734375,953.37646484375,27.029876708984375
3.7890625,953.454345703125,27.03612518310547
3.8046875,953.5086669921875,27.032455444335938
3.8203125,953.3977661132812,27.03907012939453
3.8359375,953.3954467773438,27.01885986328125
3.8515625,953.3402709960938,27.040176391601562
3.8671875,953.32568359375,27.049728393554688
3.8828125,953.3134765625,27.042007446289062
3.8984375,953.3229370117188,27.0394287109375
3.9140625,953.3453979492188,27.032455444335938
3.9296875,953.2716674804688,27.026199340820312
3.9453125,953.2567749023438,27.033920288085938
3.9609375,953.2193603515625,27.026199340820312
3.9765625,953.2113037109375,27.02289581298828
3.9921875,953.2073974609375,27.027305603027344
4.0078125,953.1983642578125,27.02069091796875
4.0234375,953.1981811523438,27.02178955078125
4.0390625,953.2001342773438,27.02178955078125
4.0546875,953.189453125,27.017379760742188
4.0703125,953.196044921875,27.030250549316406
4.0859375,953.1932373046875,27.02178955078125
4.1015625,953.203125,27.025466918945312
4.1171875,953.1891479492188,27.014450073242188
4.1328125,953.1953125,27.015174865722656
4.1484375,953.1953735351562,27.017379760742188
4.1640625,953.17333984375,27.004898071289062
4.1796875,953.1739501953125,27.00525665283203
4.1953125,953.1818237304688,27.012237548828125
4.2109375,953.1847534179688,27.01702117919922
4.2265625,953.1829223632812,27.02105712890625
4.2421875,953.1886596679688,27.01922607421875
4.2578125,953.1646728515625,27.011871337890625
4.2734375,953.1668701171875,27.00011444091797
4.2890625,953.1657104492188,27.004150390625
4.3046875,953.1678466796875,27.007102966308594
4.3203125,953.1742553710938,27.009307861328125
4.3359375,953.1696166992188,26.996810913085938
4.3515625,953.1701049804688,26.99938201904297
4.3671875,953.1704711914062,27.009307861328125
4.3828125,953.1898803710938,27.01922607421875
4.3984375,953.1724243164062,27.011871337890625
4.4140625,953.1680908203125,27.010040283203125
4.4296875,953.1666870117188,27.022537231445312
4.4453125,953.1697387695312,27.005996704101562
4.4609375,953.1525268554688,27.00452423095703
4.4765625,953.166748046875,27.00011444091797
4.4921875,953.1705322265625,27.00635528564453
4.5078125,953.1747436523438,27.00452423095703
4.5234375,953.1608276367188,26.997177124023438
4.5390625,953.1702270507812,27.00011444091797
4.5546875,953.173583984375,26.996437072753906
4.5703125,953.1869506835938,26.997177124023438
4.5859375,953.1852416992188,27.005630493164062
4.6015625,953.2069091796875,26.995330810546875
4.6171875,953.2023315429688,27.011871337890625
4.6328125,953.259521484375,27.02105712890625
4.6484375,953.2078857421875,27.02178955078125
4.6640625,953.335205078125,27.004150390625
4.6796875,953.2916259765625,27.013717651367188
4.6953125,953.2483520507812,27.00379180908203
4.7109375,953.2611694335938,27.00269317626953
4.7265625,953.2227783203125,26.99938201904297
4.7421875,953.2702026367188,26.99938201904297
4.7578125,953.2875366210938,27.017379760742188
4.7734375,953.262451171875,27.014076232910156
4.7890625,953.3009033203125,27.00194549560547
4.8046875,953.2430419921875,27.00269317626953
4.8203125,953.3040161132812,27.0023193359375
4.8359375,953.2484130859375,27.00635528564453
4.8515625,953.330078125,27.00011444091797
4.8671875,953.3282470703125,26.993125915527344
4.8828125,953.2947387695312,27.009307861328125
4.8984375,953.3733520507812,26.990921020507812
4.9140625,953.33935546875,26.996078491210938
4.9296875,953.3063354492188,26.987991333007812
4.9453125,953.3462524414062,26.990921020507812
4.9609375,953.2628173828125,27.005996704101562
4.9765625,953.2970581054688,26.994972229003906
4.9921875,953.3540649414062,26.999008178710938
5.0078125,953.365234375,26.993499755859375
5.0234375,953.3407592773438,26.977691650390625
5.0390625,953.3110961914062,26.98320770263672
5.0546875,953.5040283203125,26.994598388671875
5.0703125,953.3546752929688,26.987258911132812
5.0859375,953.3262939453125,26.98871612548828
5.1015625,953.2984008789062,26.996810913085938
5.1171875,953.3231201171875,26.995704650878906
5.1328125,953.2889404296875,26.98688507080078
5.1484375,953.350830078125,26.992401123046875
5.1640625,953.3274536132812,26.987991333007812
5.1796875,953.3646850585938,26.987991333007812
5.1953125,953.3162841796875,26.980270385742188
5.2109375,953.31201171875,26.971824645996094
5.2265625,953.3439331054688,26.98541259765625
5.2421875,953.3751220703125,26.978065490722656
5.2578125,953.2459716796875,26.990921020507812
5.2734375,953.2825317382812,26.990188598632812
5.2890625,953.2752685546875,26.98761749267578
5.3046875,953.2361450195312,26.972183227539062
5.3203125,953.188720703125,26.979896545410156
5.3359375,953.2461547851562,26.98761749267578
5.3515625,953.220703125,26.98761749267578
5.3671875,953.2176513671875,26.98320770263672
5.3828125,953.1969604492188,26.988357543945312
5.3984375,953.2052612304688,26.979896545410156
5.4140625,953.1918334960938,26.98651123046875
5.4296875,953.1990356445312,26.977333068847656
5.4453125,953.2106323242188,26.98064422607422
5.4609375,953.2032470703125,26.981369018554688
5.4765625,953.2056884765625,26.98284912109375
5.4921875,953.1795654296875,26.98320770263672
5.5078125,953.1939697265625,26.979537963867188
5.5234375,953.1876220703125,26.974761962890625
5.5390625,953.1768798828125,26.98394775390625
5.5546875,953.1903686523438,26.980270385742188
5.5703125,953.1781005859375,26.976959228515625
5.5859375,953.173583984375,26.974761962890625
5.6015625,953.1661376953125,26.97107696533203
5.6171875,953.1598510742188,26.96997833251953
5.6328125,953.16748046875,26.987258911132812
5.6484375,953.1734008789062,26.972183227539062
5.6640625,953.1641845703125,26.97107696533203
5.6796875,953.1783447265625,26.98320770263672
5.6953125,953.1897583007812,26.978439331054688
5.7109375,953.1641845703125,26.97107696533203
5.7265625,953.1598510742188,26.96997833251953
5.7421875,953.1710815429688,26.974761962890625
5.7578125,953.1661376953125,26.9681396484375
5.7734375,953.1703491210938,26.976593017578125
5.7890625,953.1652221679688,26.975128173828125
5.8046875,953.1668701171875,26.98320770263672
5.8203125,953.1640625,26.967041015625
5.8359375,953.1600341796875,26.96851348876953
5.8515625,953.1830444335938,26.982101440429688
5.8671875,953.155029296875,26.96924591064453
5.8828125,953.1830444335938,26.979537963867188
5.8984375,953.1642456054688,26.976593017578125
5.9140625,953.1395263671875,26.9681396484375
5.9296875,953.1596069335938,26.956016540527344
5.9453125,953.1321411132812,26.964462280273438
5.9609375,953.139404296875,26.971450805664062
5.9765625,953.1635131835938,26.9688720703125
5.9921875,953.139892578125,26.973655700683594
6.0078125,953.1636352539062,26.96997833251953
6.0234375,953.1370239257812,26.971824645996094
6.0390625,953.1646728515625,26.977691650390625
6.0546875,953.1683349609375,26.96410369873047
6.0703125,953.1639404296875,26.98064422607422
6.0859375,953.1643676757812,26.971824645996094
6.1015625,953.1712036132812,26.980270385742188
6.1171875,953.166748046875,26.971824645996094
6.1328125,953.1646728515625,26.9659423828125
6.1484375,953.1779174804688,26.974388122558594
6.1640625,953.1356811523438,26.970352172851562
6.1796875,953.1759643554688,26.971824645996094
6.1953125,953.216064453125,26.974388122558594
6.2109375,953.1727905273438,26.973655700683594
6.2265625,953.2060546875,26.976593017578125
6.2421875,953.1896362304688,26.96997833251953
6.2578125,953.2051391601562,26.960052490234375
6.2734375,953.1611328125,26.96924591064453
6.2890625,953.219970703125,26.97107696533203
6.3046875,953.2117919921875,26.974761962890625
6.3203125,953.2135009765625,26.96410369873047
6.3359375,953.2171020507812,26.9681396484375
6.3515625,953.1942138671875,26.96483612060547
6.3671875,953.2171630859375,26.957489013671875
6.3828125,953.2159423828125,26.960800170898438
6.3984375,953.2162475585938,26.95160675048828
6.4140625,953.2015991210938,26.961532592773438
6.4296875,953.20849609375,26.951980590820312
6.4453125,953.1854248046875,26.956016540527344
6.4609375,953.263671875,26.94940185546875
6.4765625,953.20849609375,26.942054748535156
6.4921875,953.2316284179688,26.946823120117188
6.5078125,953.2308959960938,26.944992065429688
6.5234375,953.2654418945312,26.944992065429688
6.5390625,953.2941284179688,26.942054748535156
6.5546875,953.2316284179688,26.943893432617188
6.5703125,953.2581176757812,26.94977569580078
6.5859375,953.2432861328125,26.934341430664062
6.6015625,953.2619018554688,26.944259643554688
6.6171875,953.27490234375,26.940582275390625
6.6328125,953.2523803710938,26.94977569580078
6.6484375,953.2235717773438,26.938003540039062
6.6640625,953.2235107421875,26.94792938232422
6.6796875,953.216796875,26.934341430664062
6.6953125,953.2189331054688,26.942413330078125
6.7109375,953.210205078125,26.934341430664062
6.7265625,953.1962280273438,26.941680908203125
6.7421875,953.1915893554688,26.9310302734375
6.7578125,953.1906127929688,26.926620483398438
6.7734375,953.18115234375,26.939483642578125
6.7890625,953.2074584960938,26.945724487304688
6.8046875,953.1944580078125,26.936546325683594
6.8203125,953.183349609375,26.937644958496094
6.8359375,953.1876220703125,26.940582275390625
6.8515625,953.1860961914062,26.941314697265625
6.8671875,953.181396484375,26.93579864501953
6.8828125,953.1880493164062,26.93470001220703
6.8984375,953.181396484375,26.943519592285156
6.9140625,953.173828125,26.945724487304688
6.9296875,953.179443359375,26.938751220703125
6.9453125,953.1799926757812,26.938751220703125
6.9609375,953.188232421875,26.95123291015625
6.9765625,953.1740112304688,26.951980590820312
6.9921875,953.1890258789062,26.936546325683594
7.0078125,953.1798095703125,26.941680908203125
7.0234375,953.170654296875,26.938751220703125
7.0390625,953.1626586914062,26.94902801513672
7.0546875,953.1780395507812,26.937644958496094
7.0703125,953.1947631835938,26.938751220703125
7.0859375,953.18359375,26.9310302734375
7.1015625,953.1666870117188,26.944259643554688
7.1171875,953.1720581054688,26.938003540039062
7.1328125,953.1876220703125,26.937644958496094
7.1484375,953.1565551757812,26.941314697265625
7.1640625,953.173583984375,26.94792938232422
7.1796875,953.1653442382812,26.94792938232422
7.1953125,953.1761474609375,26.937644958496094
7.2109375,953.1857299804688,26.957122802734375
7.2265625,953.1655883789062,26.943893432617188
7.2421875,953.1708984375,26.938751220703125
7.2578125,953.1912841796875,26.94792938232422
7.2734375,953.1892700195312,26.9324951171875
7.2890625,953.2396850585938,26.944992065429688
7.3046875,953.2415161132812,26.942413330078125
7.3203125,953.28662109375,26.951980590820312
7.3359375,953.2745361328125,26.939483642578125
7.3515625,953.2803955078125,26.95160675048828
7.3671875,953.2536010742188,26.942413330078125
7.3828125,953.2508544921875,26.938751220703125
7.3984375,953.2504272460938,26.956390380859375
7.4140625,953.2791137695312,26.94940185546875
7.4296875,953.3196411132812,26.94792938232422
7.4453125,953.2723388671875,26.945724487304688
7.4609375,953.2439575195312,26.956390380859375
7.4765625,953.2833251953125,26.94977569580078
7.4921875,953.292236328125,26.944992065429688
7.5078125,953.2982788085938,26.94977569580078
7.5234375,953.3251342773438,26.942787170410156
7.5390625,953.2735595703125,26.951980590820312
7.5546875,953.271484375,26.951980590820312
7.5703125,953.3067626953125,26.944259643554688
7.5859375,953.2581176757812,26.957489013671875
7.6015625,953.3120727539062,26.951980590820312
7.6171875,953.3306274414062,26.951980590820312
7.6328125,953.2852783203125,26.96410369873047
7.6484375,953.3103637695312,26.961532592773438
7.6640625,953.2677001953125,26.960800170898438
7.6796875,953.2879638671875,26.96483612060547
7.6953125,953.270263671875,26.9652099609375
7.7109375,953.3421630859375,26.958953857421875
7.7265625,953.3074951171875,26.95233917236328
7.7421875,953.2960815429688,26.956390380859375
7.7578125,953.2755126953125,26.9681396484375
7.7734375,953.3233642578125,26.964462280273438
7.7890625,953.2684936523438,26.96924591064453
7.8046875,953.278564453125,26.956390380859375
7.8203125,953.2504272460938,26.959320068359375
7.8359375,953.2919311523438,26.963729858398438
7.8515625,953.2481079101562,26.964462280273438
7.8671875,953.2506103515625,26.96410369873047
7.8828125,953.2739868164062,26.963363647460938
7.8984375,953.2367553710938,26.9652099609375
7.9140625,953.2459106445312,26.964462280273438
7.9296875,953.2506103515625,26.96483612060547
7.9453125,953.2380981445312,26.971450805664062
7.9609375,953.242919921875,26.96741485595703
7.9765625,953.2252197265625,26.96666717529297
7.9921875,953.2191772460938,26.96300506591797
8.0078125,953.2122192382812,26.972923278808594
8.0234375,953.2161254882812,26.9659423828125
8.0390625,953.216796875,26.975486755371094
8.0546875,953.2062377929688,26.963363647460938
8.0703125,953.2188720703125,26.96741485595703
8.0859375,953.1881713867188,26.96997833251953
8.1015625,953.1997680664062,26.975486755371094
8.1171875,953.2003173828125,26.970352172851562
8.1328125,953.202880859375,26.971824645996094
8.1484375,953.1939697265625,26.98064422607422
8.1640625,953.20263671875,26.96741485595703
8.1796875,953.19287109375,26.979537963867188
8.1953125,953.1864013671875,26.974761962890625
8.2109375,953.1942138671875,26.961158752441406
8.2265625,953.1934814453125,26.9681396484375
8.2421875,953.1858520507812,26.9681396484375
8.2578125,953.1762084960938,26.96997833251953
8.2734375,953.2063598632812,26.96410369873047
8.2890625,953.1939086914062,26.98394775390625
8.3046875,953.1922607421875,26.96666717529297
8.3203125,953.1994018554688,26.979537963867188
8.3359375,953.1900024414062,26.975860595703125
8.3515625,953.1914672851562,26.96483612060547
8.3671875,953.1903076171875,26.976234436035156
8.3828125,953.1920166015625,26.97107696533203
8.3984375,953.1890258789062,26.971824645996094
8.4140625,953.18505859375,26.964462280273438
8.4296875,953.1903076171875,26.973281860351562
8.4453125,953.1852416992188,26.977691650390625
8.4609375,953.1868286132812,26.9681396484375
8.4765625,953.1756591796875,26.972923278808594
8.4921875,953.1785888671875,26.97107696533203
8.5078125,953.176513671875,26.96483612060547
8.5234375,953.1878662109375,26.9681396484375
8.5390625,953.180419921875,26.96924591064453
8.5546875,953.1907348632812,26.96666717529297
8.5703125,953.1791381835938,26.96410369873047
8.5859375,953.1903076171875,26.960426330566406
8.6015625,953.1653442382812,26.973655700683594
8.6171875,953.169677734375,26.9652099609375
8.6328125,953.1712036132812,26.9659423828125
8.6484375,953.1653442382812,26.9659423828125
8.6640625,953.1814575195312,26.958221435546875
8.6796875,953.157958984375,26.962257385253906
8.6953125,953.1703491210938,26.974388122558594
8.7109375,953.1565551757812,26.9681396484375
8.7265625,953.1768798828125,26.96410369873047
8.7421875,953.1621704101562,26.961532592773438
8.7578125,953.1619262695312,26.96483612060547
8.7734375,953.1777954101562,26.96410369873047
8.7890625,953.1658325195312,26.97107696533203
8.8046875,953.1693725585938,26.96997833251953
8.8203125,953.1597290039062,26.970718383789062
8.8359375,953.1795043945312,26.97107696533203
8.8515625,953.171142578125,26.973655700683594
8.8671875,953.1767578125,26.978065490722656
8.8828125,953.1934204101562,26.974761962890625
8.8984375,953.1864624023438,26.976959228515625
8.9140625,953.1878662109375,26.979537963867188
8.9296875,953.15771484375,26.978439331054688
8.9453125,953.1869506835938,26.973655700683594
8.9609375,953.1839599609375,26.96997833251953
8.9765625,953.1651611328125,26.971450805664062
8.9921875,953.167724609375,26.973655700683594
9.0078125,953.1912231445312,26.96997833251953
9.0234375,953.1842651367188,26.971450805664062
9.0390625,953.1688232421875,26.972183227539062
9.0546875,953.1892700195312,26.96924591064453
9.0703125,953.1859130859375,26.956748962402344
9.0859375,953.1817626953125,26.958595275878906
9.1015625,953.1800537109375,26.96483612060547
9.1171875,953.1747436523438,26.962257385253906
9.1328125,953.1697998046875,26.960800170898438
9.1484375,953.1934814453125,26.9681396484375
9.1640625,953.1817016601562,26.94902801513672
9.1796875,953.1798095703125,26.951980590820312
9.1953125,953.1878051757812,26.946823120117188
9.2109375,953.1627807617188,26.951980590820312
9.2265625,953.1842651367188,26.962257385253906
9.2421875,953.1703491210938,26.94866943359375
9.2578125,953.16357421875,26.95160675048828
9.2734375,953.169921875,26.956390380859375
9.2890625,953.1739501953125,26.951980590820312
9.3046875,953.1878051757812,26.951980590820312
9.3203125,953.1728515625,26.94977569580078
9.3359375,953.1744384765625,26.94977569580078
9.3515625,953.1744384765625,26.944992065429688
9.3671875,953.182373046875,26.93579864501953
9.3828125,953.1701049804688,26.939483642578125
9.3984375,953.1692504882812,26.937644958496094
9.4140625,953.1834716796875,26.9324951171875
9.4296875,953.1715698242188,26.928451538085938
9.4453125,953.1790161132812,26.94719696044922
9.4609375,953.2034912109375,26.938003540039062
9.4765625,953.1845703125,26.940582275390625
9.4921875,953.1693725585938,26.938003540039062
9.5078125,953.1798706054688,26.94792938232422
9.5234375,953.1868286132812,26.929183959960938
9.5390625,953.1802978515625,26.937644958496094
9.5546875,953.1810913085938,26.934341430664062
9.5703125,953.1813354492188,26.939483642578125
9.5859375,953.15966796875,26.940582275390625
9.6015625,953.1597290039062,26.921470642089844
9.6171875,953.1746826171875,26.93029022216797
9.6328125,953.1653442382812,26.94792938232422
9.6484375,953.1696166992188,26.929183959960938
9.6640625,953.1820068359375,26.93213653564453
9.6796875,953.1858520507812,26.940208435058594
9.6953125,953.1615600585938,26.937644958496094
9.7109375,953.1720581054688,26.941680908203125
9.7265625,953.1778564453125,26.936904907226562
9.7421875,953.1624755859375,26.934341430664062
9.7578125,953.1795043945312,26.93396759033203
9.7734375,953.1795043945312,26.934341430664062
9.7890625,953.1759033203125,26.9324951171875
9.8046875,953.1781005859375,26.93396759033203
9.8203125,953.168701171875,26.936904907226562
9.8359375,953.166015625,26.920364379882812
9.8515625,953.1715698242188,26.919631958007812
9.8671875,953.17333984375,26.929183959960938
9.8828125,953.167724609375,26.937644958496094
9.8984375,953.1594848632812,26.921112060546875
9.9140625,953.16748046875,26.9310302734375
9.9296875,953.1564331054688,26.922943115234375
9.9453125,953.178466796875,26.934341430664062
9.9609375,953.1603393554688,26.9324951171875
9.9765625,953.1672973632812,26.936904907226562
9.9921875,953.1970825195312,26.93579864501953
10.0078125,953.1599731445312,26.921470642089844
10.0234375,953.1812133789062,26.924774169921875
10.0390625,953.1869506835938,26.937644958496094
10.0546875,953.1798706054688,26.938377380371094
10.0703125,953.205078125,26.940582275390625
10.0859375,953.219482421875,26.9324951171875
10.1015625,953.2330932617188,26.938377380371094
10.1171875,953.2241821289062,26.93029022216797
10.1328125,953.2185668945312,26.93579864501953
10.1484375,953.2197265625,26.934341430664062
10.1640625,953.1908569335938,26.939483642578125
10.1796875,953.2092895507812,26.937644958496094
10.1953125,953.228271484375,26.939483642578125
10.2109375,953.2403564453125,26.944259643554688
10.2265625,953.2091064453125,26.939483642578125
10.2421875,953.2313842773438,26.922943115234375
10.2578125,953.2172241210938,26.940582275390625
10.2734375,953.219482421875,26.937644958496094
10.2890625,953.2013549804688,26.9324951171875
10.3046875,953.2462768554688,26.938003540039062
10.3203125,953.2413940429688,26.9310302734375
10.3359375,953.2360229492188,26.929183959960938
10.3515625,953.181396484375,26.922943115234375
10.3671875,953.2178955078125,26.938751220703125
10.3828125,953.1870727539062,26.940582275390625
10.3984375,953.2404174804688,26.922943115234375
10.4140625,953.2274780273438,26.919631958007812
10.4296875,953.249755859375,26.922943115234375
10.4453125,953.1880493164062,26.907508850097656
10.4609375,953.2186279296875,26.924774169921875
10.4765625,953.2455444335938,26.93359375
10.4921875,953.2391357421875,26.9324951171875
10.5078125,953.241455078125,26.924774169921875
10.5234375,953.2001342773438,26.918533325195312
10.5390625,953.2454223632812,26.921112060546875
10.5546875,953.2308349609375,26.91595458984375
10.5703125,953.2387084960938,26.934341430664062
10.5859375,953.2356567382812,26.9310302734375
10.6015625,953.2461547851562,26.924774169921875
10.6171875,953.2222290039062,26.934341430664062
10.6328125,953.216552734375,26.922210693359375
10.6484375,953.2296752929688,26.934341430664062
10.6640625,953.2189331054688,26.91229248046875
10.6796875,953.2000732421875,26.919265747070312
10.6953125,953.2216186523438,26.916702270507812
10.7109375,953.2142944335938,26.91229248046875
10.7265625,953.2072143554688,26.921112060546875
10.7421875,953.2081298828125,26.91485595703125
10.7578125,953.1854248046875,26.929183959960938
10.7734375,953.2017211914062,26.91229248046875
10.7890625,953.1976928710938,26.928451538085938
10.8046875,953.1974487304688,26.922210693359375
10.8203125,953.2076416015625,26.91559600830078
10.8359375,953.1973876953125,26.928451538085938
10.8515625,953.205810546875,26.917800903320312
10.8671875,953.1886596679688,26.920364379882812
10.8828125,953.1805419921875,26.920364379882812
10.8984375,953.1965942382812,26.917434692382812
10.9140625,953.1879272460938,26.926620483398438
10.9296875,953.193115234375,26.92882537841797
10.9453125,953.1873168945312,26.917800903320312
10.9609375,953.1886596679688,26.921470642089844
10.9765625,953.1800537109375,26.924774169921875
10.9921875,953.1839599609375,26.928085327148438
11.0078125,953.1722412109375,26.924774169921875
11.0234375,953.1798095703125,26.934341430664062
11.0390625,953.1860961914062,26.9324951171875
11.0546875,953.1870727539062,26.929183959960938
11.0703125,953.1939697265625,26.937644958496094
11.0859375,953.1845703125,26.91485595703125
11.1015625,953.1901245117188,26.922943115234375
11.1171875,953.1969604492188,26.939483642578125
11.1328125,953.1830444335938,26.925521850585938
11.1484375,953.1809692382812,26.922943115234375
11.1640625,953.186767578125,26.929183959960938
11.1796875,953.1766357421875,26.924774169921875
11.1953125,953.1947631835938,26.925880432128906
11.2109375,953.16796875,26.921844482421875
11.2265625,953.1669311523438,26.91485595703125
11.2421875,953.1728515625,26.929183959960938
11.2578125,953.178466796875,26.916702270507812
11.2734375,953.1778564453125,26.918533325195312
11.2890625,953.1552124023438,26.925148010253906
11.3046875,953.153564453125,26.938003540039062
11.3203125,953.182861328125,26.929931640625
11.3359375,953.1593627929688,26.922943115234375
11.3515625,953.2059326171875,26.9310302734375
11.3671875,953.2389526367188,26.929183959960938
11.3828125,953.1396484375,26.924774169921875
11.3984375,953.1851196289062,26.940582275390625
11.4140625,953.2542114257812,26.9324951171875
11.4296875,953.1787109375,26.939483642578125
11.4453125,953.2098999023438,26.921470642089844
11.4609375,953.1878662109375,26.9324951171875
11.4765625,953.1900634765625,26.922943115234375
11.4921875,953.2017211914062,26.93579864501953
11.5078125,953.1875,26.936904907226562
11.5234375,953.1851196289062,26.937644958496094
11.5390625,953.1852416992188,26.921470642089844
11.5546875,953.2822265625,26.922943115234375
11.5703125,953.2149047851562,26.9324951171875
11.5859375,953.243896484375,26.921844482421875
11.6015625,953.238037109375,26.934341430664062
11.6171875,953.3162841796875,26.934341430664062
11.6328125,953.1873168945312,26.924774169921875
11.6484375,953.24609375,26.924774169921875
11.6640625,953.4033203125,26.922943115234375
11.6796875,953.4210815429688,26.916702270507812
11.6953125,953.264404296875,26.919631958007812
11.7109375,953.37109375,26.924774169921875
11.7265625,953.2706298828125,26.920364379882812
11.7421875,953.4685668945312,26.922943115234375
11.7578125,953.2847290039062,26.918533325195312
11.7734375,953.45703125,26.927352905273438
11.7890625,953.3323974609375,26.904571533203125
11.8046875,953.3361206054688,26.925521850585938
11.8203125,953.2610473632812,26.919265747070312
11.8359375,953.4462890625,26.916702270507812
11.8515625,953.3056640625,26.919631958007812
11.8671875,953.3920288085938,26.929183959960938
11.8828125,953.3265991210938,26.921844482421875
11.8984375,953.3544921875,26.904571533203125
11.9140625,953.355224609375,26.91229248046875
11.9296875,953.4563598632812,26.921112060546875
11.9453125,953.347412109375,26.904571533203125
11.9609375,953.2781982421875,26.91302490234375
11.9765625,953.2933349609375,26.91229248046875
11.9921875,953.2442626953125,26.906036376953125
12.0078125,953.2424926757812,26.91118621826172
12.0234375,953.2381591796875,26.902725219726562
12.0390625,953.2266235351562,26.910446166992188
12.0546875,953.2166137695312,26.91522216796875
12.0703125,953.2218627929688,26.8953857421875
12.0859375,953.2133178710938,26.91522216796875
12.1015625,953.211669921875,26.917434692382812
12.1171875,953.213623046875,26.91229248046875
12.1328125,953.2174072265625,26.91485595703125
12.1484375,953.2135009765625,26.908241271972656
12.1640625,953.209716796875,26.91485595703125
12.1796875,953.2074584960938,26.91485595703125
12.1953125,953.1990966796875,26.907508850097656
12.2109375,953.2067260742188,26.924774169921875
12.2265625,953.1953125,26.918533325195312
12.2421875,953.1900024414062,26.91522216796875
12.2578125,953.1961669921875,26.925880432128906
12.2734375,953.1858520507812,26.916702270507812
12.2890625,953.1962890625,26.91595458984375
12.3046875,953.2076416015625,26.922210693359375
12.3203125,953.195068359375,26.921112060546875
12.3359375,953.1973876953125,26.921470642089844
12.3515625,953.1985473632812,26.91485595703125
12.3671875,953.19677734375,26.91302490234375
12.3828125,953.1856689453125,26.91229248046875
12.3984375,953.1774291992188,26.919265747070312
12.4140625,953.186279296875,26.920364379882812
12.4296875,953.1996459960938,26.916702270507812
12.4453125,953.2010498046875,26.919631958007812
12.4609375,953.1864013671875,26.918533325195312
12.4765625,953.2108154296875,26.917800903320312
12.4921875,953.1862182617188,26.916702270507812
12.5078125,953.1831665039062,26.925521850585938
12.5234375,953.20068359375,26.925521850585938
12.5390625,953.1917724609375,26.91559600830078
12.5546875,953.1931762695312,26.916702270507812
12.5703125,953.1861572265625,26.920364379882812
12.5859375,953.1847534179688,26.920005798339844
12.6015625,953.1930541992188,26.921112060546875
12.6171875,953.1920166015625,26.9324951171875
12.6328125,953.270751953125,26.924774169921875
12.6484375,953.1864013671875,26.921112060546875
12.6640625,953.2313842773438,26.91485595703125
12.6796875,953.2307739257812,26.917800903320312
12.6953125,953.2250366210938,26.926620483398438
12.7109375,953.23193359375,26.924415588378906
12.7265625,953.3248901367188,26.921844482421875
12.7421875,953.262451171875,26.924774169921875
12.7578125,953.2515258789062,26.934341430664062
12.7734375,953.2619018554688,26.919631958007812
12.7890625,953.2450561523438,26.91412353515625
12.8046875,953.206787109375,26.921112060546875
12.8203125,953.4537353515625,26.916702270507812
12.8359375,953.2716064453125,26.922210693359375
12.8515625,953.2947998046875,26.927352905273438
12.8671875,953.3629760742188,26.921470642089844
12.8828125,953.4345703125,26.919265747070312
12.8984375,953.4008178710938,26.928451538085938
12.9140625,953.3988647460938,26.921844482421875
12.9296875,953.3419189453125,26.917800903320312
12.9453125,953.5382080078125,26.934341430664062
12.9609375,953.3803100585938,26.921112060546875
12.9765625,953.3258666992188,26.91485595703125
12.9921875,953.3622436523438,26.919265747070312
13.0078125,953.4486694335938,26.921112060546875
13.0234375,953.3867797851562,26.925521850585938
13.0390625,953.4486694335938,26.927352905273438
13.0546875,953.4656982421875,26.9324951171875
13.0703125,953.4894409179688,26.925148010253906
13.0859375,953.431396484375,26.917800903320312
13.1015625,953.2801513671875,26.919265747070312
13.1171875,953.3948974609375,26.917800903320312
13.1328125,953.6116943359375,26.91302490234375
13.1484375,953.36328125,26.917800903320312
13.1640625,953.3775024414062,26.910446166992188
13.1796875,953.4407348632812,26.91302490234375
13.1953125,953.3028564453125,26.917800903320312
13.2109375,953.3524169921875,26.91485595703125
13.2265625,953.37060546875,26.917800903320312
13.2421875,953.57763671875,26.907882690429688
13.2578125,953.4194946289062,26.91485595703125
13.2734375,953.3359985351562,26.91229248046875
13.2890625,953.3130493164062,26.910446166992188
13.3046875,953.4752807617188,26.91595458984375
13.3203125,953.3348999023438,26.907882690429688
13.3359375,953.262939453125,26.908241271972656
13.3515625,953.2288818359375,26.91229248046875
13.3671875,953.2275390625,26.916702270507812
13.3828125,953.2196655273438,26.904571533203125
13.3984375,953.2166137695312,26.904571533203125
13.4140625,953.22021484375,26.921112060546875
13.4296875,953.2296142578125,26.918533325195312
13.4453125,953.2191772460938,26.921470642089844
13.4609375,953.214111328125,26.922943115234375
13.4765625,953.208984375,26.919265747070312
13.4921875,953.20068359375,26.922210693359375
13.5078125,953.1903076171875,26.922943115234375
13.5234375,953.1898193359375,26.9324951171875
13.5390625,953.2013549804688,26.929931640625
13.5546875,953.1898193359375,26.93029022216797
13.5703125,953.2018432617188,26.925521850585938
13.5859375,953.1935424804688,26.922943115234375
13.6015625,953.1981811523438,26.921470642089844
13.6171875,953.1860961914062,26.929183959960938
13.6328125,953.2047729492188,26.919265747070312
13.6484375,953.1869506835938,26.926620483398438
13.6640625,953.1817626953125,26.942413330078125
13.6796875,953.1886596679688,26.922943115234375
13.6953125,953.186767578125,26.916702270507812
13.7109375,953.1861572265625,26.920364379882812
13.7265625,953.1889038085938,26.924415588378906
13.7421875,953.1779174804688,26.929183959960938
13.7578125,953.1886596679688,26.93138885498047
13.7734375,953.1906127929688,26.91485595703125
13.7890625,953.1842041015625,26.921844482421875
13.8046875,953.1783447265625,26.92882537841797
13.8203125,953.1819458007812,26.917800903320312
13.8359375,953.1832885742188,26.921844482421875
13.8515625,953.187255859375,26.917800903320312
13.8671875,953.1779174804688,26.921112060546875
13.8828125,953.1920166015625,26.921112060546875
13.8984375,953.1764526367188,26.91118621826172
13.9140625,953.2673950195312,26.917800903320312
13.9296875,953.21435546875,26.921470642089844
13.9453125,953.2313842773438,26.91485595703125
13.9609375,953.2750854492188,26.929183959960938
13.9765625,953.4832763671875,26.918533325195312
13.9921875,953.4175415039062,26.923675537109375
14.0078125,953.3720703125,26.926620483398438
14.0234375,953.350830078125,26.921470642089844
14.0390625,953.3909301757812,26.921112060546875
14.0546875,953.371826171875,26.919265747070312
14.0703125,953.332763671875,26.919631958007812
14.0859375,953.3214721679688,26.921112060546875
14.1015625,953.3413696289062,26.917434692382812
14.1171875,953.3403930664062,26.91229248046875
14.1328125,953.455810546875,26.91118621826172
14.1484375,953.3677978515625,26.918533325195312
14.1640625,953.3966674804688,26.917434692382812
14.1796875,953.28125,26.91485595703125
14.1953125,953.2924194335938,26.916702270507812
14.2109375,953.320068359375,26.921470642089844
14.2265625,953.2421875,26.918533325195312
14.2421875,953.2401123046875,26.919631958007812
14.2578125,953.451171875,26.925521850585938
14.2734375,953.2658081054688,26.918533325195312
14.2890625,953.332763671875,26.904571533203125
14.3046875,953.2572631835938,26.925521850585938
14.3203125,953.3070678710938,26.91485595703125
14.3359375,953.271484375,26.910446166992188
14.3515625,953.2339477539062,26.91485595703125
14.3671875,953.2565307617188,26.916702270507812
14.3828125,953.239990234375,26.91412353515625
14.3984375,953.234375,26.921470642089844
14.4140625,953.2313842773438,26.902725219726562
14.4296875,953.3365478515625,26.910446166992188
14.4453125,953.3594360351562,26.8983154296875
14.4609375,953.2775268554688,26.902725219726562
14.4765625,953.2056884765625,26.91559600830078
14.4921875,953.214111328125,26.91485595703125
14.5078125,953.2243041992188,26.910446166992188
14.5234375,953.2978515625,26.917434692382812
14.5390625,953.3056640625,26.906036376953125
14.5546875,953.2108154296875,26.904571533203125
14.5703125,953.2578735351562,26.892074584960938
14.5859375,953.280517578125,26.901992797851562
14.6015625,953.3072509765625,26.8983154296875
14.6171875,953.4006958007812,26.91595458984375
14.6328125,953.3109130859375,26.919265747070312
14.6484375,953.2449951171875,26.8983154296875
14.6640625,953.224365234375,26.908241271972656
14.6796875,953.2211303710938,26.916702270507812
14.6953125,953.2381591796875,26.91485595703125
14.7109375,953.2218627929688,26.91595458984375
14.7265625,953.216552734375,26.907135009765625
14.7421875,953.2360229492188,26.897216796875
14.7578125,953.2081909179688,26.91485595703125
14.7734375,953.2243041992188,26.904571533203125
14.7890625,953.1998901367188,26.904571533203125
14.8046875,953.1981201171875,26.902725219726562
14.8203125,953.2134399414062,26.902725219726562
14.8359375,953.19677734375,26.8983154296875
14.8515625,953.2064819335938,26.917434692382812
14.8671875,953.1885986328125,26.91595458984375
14.8828125,953.1896362304688,26.900161743164062
14.8984375,953.1815185546875,26.91559600830078
14.9140625,953.1817626953125,26.906776428222656
14.9296875,953.1798095703125,26.91229248046875
14.9453125,953.1856689453125,26.89501190185547
14.9609375,953.1755981445312,26.916702270507812
14.9765625,953.17724609375,26.89795684814453
14.9921875,953.171142578125,26.910446166992188
15.0078125,953.185546875,26.901626586914062
15.0234375,953.1655883789062,26.8983154296875
15.0390625,953.165771484375,26.904571533203125
15.0546875,953.1532592773438,26.919265747070312
15.0703125,953.1576538085938,26.917434692382812
15.0859375,953.171142578125,26.922210693359375
15.1015625,953.173583984375,26.91485595703125
15.1171875,953.1776123046875,26.895751953125
15.1328125,953.1744995117188,26.91191864013672
15.1484375,953.170654296875,26.8983154296875
15.1640625,953.1574096679688,26.907508850097656
15.1796875,953.1864013671875,26.900161743164062
15.1953125,953.1683349609375,26.887664794921875
15.2109375,953.1611328125,26.89868927001953
15.2265625,953.1615600585938,26.89795684814453
15.2421875,953.1586303710938,26.904571533203125
15.2578125,953.1861572265625,26.902725219726562
15.2734375,953.1482543945312,26.902725219726562
15.2890625,953.2032470703125,26.8953857421875
15.3046875,953.182861328125,26.904571533203125
15.3203125,953.2005004882812,26.8983154296875
15.3359375,953.2088012695312,26.904571533203125
15.3515625,953.1939086914062,26.8953857421875
15.3671875,953.2145385742188,26.89868927001953
15.3828125,953.2117919921875,26.904571533203125
15.3984375,953.2135620117188,26.901992797851562
15.4140625,953.2157592773438,26.902725219726562
15.4296875,953.2361450195312,26.904571533203125
15.4453125,953.2470703125,26.892807006835938
15.4609375,953.1920776367188,26.904205322265625
15.4765625,953.236328125,26.897216796875
15.4921875,953.2135009765625,26.8953857421875
15.5078125,953.2180786132812,26.908615112304688
15.5234375,953.2140502929688,26.906036376953125
15.5390625,953.2280883789062,26.91485595703125
15.5546875,953.233154296875,26.897216796875
15.5703125,953.230224609375,26.89795684814453
15.5859375,953.2584228515625,26.902725219726562
15.6015625,953.2193603515625,26.89942169189453
15.6171875,953.244140625,26.8983154296875
15.6328125,953.2489013671875,26.897216796875
15.6484375,953.2439575195312,26.893905639648438
15.6640625,953.2352294921875,26.889495849609375
15.6796875,953.2413940429688,26.89868927001953
15.6953125,953.2482299804688,26.8953857421875
15.7109375,953.2366333007812,26.901626586914062
15.7265625,953.2706909179688,26.91191864013672
15.7421875,953.2369995117188,26.902366638183594
15.7578125,953.2188110351562,26.906036376953125
15.7734375,953.2550048828125,26.884353637695312
15.7890625,953.2355346679688,26.8975830078125
15.8046875,953.2415161132812,26.8975830078125
15.8203125,953.2427978515625,26.897216796875
15.8359375,953.2427978515625,26.8953857421875
15.8515625,953.2145385742188,26.8975830078125
15.8671875,953.2350463867188,26.885459899902344
15.8828125,953.2368774414062,26.882156372070312
15.8984375,953.234130859375,26.8953857421875
15.9140625,953.26708984375,26.887290954589844
15.9296875,953.2345581054688,26.897216796875
15.9453125,953.2313842773438,26.883628845214844
15.9609375,953.2229614257812,26.883628845214844
15.9765625,953.2157592773438,26.883255004882812
15.9921875,953.241943359375,26.884727478027344
16.0078125,953.2702026367188,26.885459899902344
16.0234375,953.2612915039062,26.883628845214844
16.0390625,953.25341796875,26.883628845214844
16.0546875,953.241455078125,26.891342163085938
16.0703125,953.2421875,26.884353637695312
16.0859375,953.2342529296875,26.897216796875
16.1015625,953.2200317382812,26.892807006835938
16.1171875,953.2267456054688,26.883987426757812
16.1328125,953.214599609375,26.883628845214844
16.1484375,953.2133178710938,26.883628845214844
16.1640625,953.20263671875,26.884353637695312
16.1796875,953.1912231445312,26.883987426757812
16.1953125,953.1984252929688,26.883628845214844
16.2109375,953.2085571289062,26.886566162109375
16.2265625,953.2088623046875,26.884353637695312
16.2421875,953.20263671875,26.872604370117188
16.2578125,953.2001953125,26.8612060546875
16.2734375,953.1950073242188,26.884353637695312
16.2890625,953.2044067382812,26.87774658203125
16.3046875,953.2025756835938,26.857528686523438
16.3203125,953.2017822265625,26.883628845214844
16.3359375,953.1912231445312,26.892807006835938
16.3515625,953.1825561523438,26.86157989501953
16.3671875,953.1741333007812,26.890975952148438
16.3828125,953.187255859375,26.881423950195312
16.3984375,953.199951171875,26.88031768798828
16.4140625,953.2010498046875,26.868553161621094
16.4296875,953.181396484375,26.884353637695312
16.4453125,953.174560546875,26.86524200439453
16.4609375,953.1864624023438,26.874435424804688
16.4765625,953.1819458007812,26.868194580078125
16.4921875,953.1788940429688,26.890975952148438
16.5078125,953.18359375,26.87774658203125
16.5234375,953.1817016601562,26.874435424804688
16.5390625,953.1801147460938,26.87701416015625
16.5546875,953.1821899414062,26.884353637695312
16.5703125,953.182861328125,26.872962951660156
16.5859375,953.168701171875,26.88031768798828
16.6015625,953.1824951171875,26.87590789794922
16.6171875,953.1563720703125,26.884353637695312
16.6328125,953.17578125,26.884353637695312
16.6484375,953.1720581054688,26.884353637695312
16.6640625,953.1685180664062,26.868553161621094
16.6796875,953.1759643554688,26.868553161621094
16.6953125,953.1586303710938,26.867088317871094
16.7109375,953.1591186523438,26.870399475097656
16.7265625,953.1528930664062,26.884353637695312
16.7421875,953.185302734375,26.884353637695312
16.7578125,953.2073974609375,26.883987426757812
16.7734375,953.196044921875,26.886566162109375
16.7890625,953.2261352539062,26.886566162109375
16.8046875,953.2417602539062,26.883987426757812
16.8203125,953.2378540039062,26.883987426757812
16.8359375,953.2450561523438,26.865615844726562
16.8515625,953.20849609375,26.884353637695312
16.8671875,953.2133178710938,26.887290954589844
16.8828125,953.1778564453125,26.874435424804688
16.8984375,953.2392578125,26.87957763671875
16.9140625,953.2152709960938,26.883628845214844
16.9296875,953.2617797851562,26.87774658203125
16.9453125,953.2408447265625,26.86157989501953
16.9609375,953.2319946289062,26.87921905517578
16.9765625,953.2392578125,26.88031768798828
16.9921875,953.2453002929688,26.886566162109375
17.0078125,953.2428588867188,26.86157989501953
17.0234375,953.24169921875,26.884353637695312
17.0390625,953.2258911132812,26.87701416015625
17.0546875,953.2533569335938,26.87774658203125
17.0703125,953.228271484375,26.87701416015625
17.0859375,953.2455444335938,26.873703002929688
17.1015625,953.2237548828125,26.88031768798828
17.1171875,953.2261352539062,26.87957763671875
17.1328125,953.2319946289062,26.868553161621094
17.1484375,953.22021484375,26.884353637695312
17.1640625,953.262939453125,26.870399475097656
17.1796875,953.2329711914062,26.868194580078125
17.1953125,953.2404174804688,26.86524200439453
17.2109375,953.2366333007812,26.86157989501953
17.2265625,953.2547607421875,26.868553161621094
17.2421875,953.2477416992188,26.884353637695312
17.2578125,953.2521362304688,26.883628845214844
17.2734375,953.2420043945312,26.876266479492188
17.2890625,953.2406616210938,26.883628845214844
17.3046875,953.2617797851562,26.883628845214844
17.3203125,953.25341796875,26.875534057617188
17.3359375,953.280029296875,26.874435424804688
17.3515625,953.2482299804688,26.884353637695312
17.3671875,953.2808227539062,26.855323791503906
17.3828125,953.264892578125,26.870025634765625
17.3984375,953.247802734375,26.8612060546875
17.4140625,953.2236328125,26.86157989501953
17.4296875,953.2249145507812,26.86157989501953
17.4453125,953.2213745117188,26.870399475097656
17.4609375,953.2090454101562,26.868553161621094
17.4765625,953.2070922851562,26.868553161621094
17.4921875,953.224365234375,26.87957763671875
17.5078125,953.2110595703125,26.86157989501953
17.5234375,953.1998291015625,26.86157989501953
17.5390625,953.2081909179688,26.873703002929688
17.5546875,953.2100830078125,26.864517211914062
17.5703125,953.1987915039062,26.868194580078125
17.5859375,953.2117919921875,26.864883422851562
17.6015625,953.1965942382812,26.87701416015625
17.6171875,953.2037353515625,26.884353637695312
17.6328125,953.2085571289062,26.884353637695312
17.6484375,953.198974609375,26.884353637695312
17.6640625,953.182861328125,26.874435424804688
17.6796875,953.2028198242188,26.868194580078125
17.6953125,953.1848754882812,26.873703002929688
17.7109375,953.1818237304688,26.884353637695312
17.7265625,953.1865234375,26.868553161621094
17.7421875,953.1915283203125,26.872230529785156
17.7578125,953.18115234375,26.867088317871094
17.7734375,953.18115234375,26.868194580078125
17.7890625,953.1813354492188,26.86157989501953
17.8046875,953.1801147460938,26.87957763671875
17.8203125,953.1795043945312,26.85973358154297
17.8359375,953.1798706054688,26.86157989501953
17.8515625,953.1806640625,26.872604370117188
17.8671875,953.1853637695312,26.870399475097656
17.8828125,953.1588134765625,26.87957763671875
17.8984375,953.19140625,26.85973358154297
17.9140625,953.180419921875,26.851654052734375
17.9296875,953.1743774414062,26.872962951660156
17.9453125,953.1591186523438,26.86157989501953
17.9609375,953.1615600585938,26.864883422851562
17.9765625,953.1582641601562,26.856422424316406
17.9921875,953.195068359375,26.86083221435547
18.0078125,953.1859741210938,26.86157989501953
18.0234375,953.168701171875,26.852760314941406
18.0390625,953.1714477539062,26.874435424804688
18.0546875,953.2034301757812,26.86267852783203
18.0703125,953.2380981445312,26.86157989501953
18.0859375,953.2439575195312,26.868553161621094
18.1015625,953.2501220703125,26.864517211914062
18.1171875,953.2819213867188,26.875534057617188
18.1328125,953.3345336914062,26.872230529785156
18.1484375,953.2553100585938,26.881423950195312
18.1640625,953.2979736328125,26.873703002929688
18.1796875,953.3121948242188,26.892074584960938
18.1953125,953.2476196289062,26.883987426757812
18.2109375,953.3317260742188,26.886192321777344
18.2265625,953.296630859375,26.884353637695312
18.2421875,953.4332885742188,26.883255004882812
18.2578125,953.3167114257812,26.88288116455078
18.2734375,953.3829345703125,26.89501190185547
18.2890625,953.3751831054688,26.8983154296875
18.3046875,953.3223266601562,26.897216796875
18.3203125,953.3192749023438,26.886566162109375
18.3359375,953.35888671875,26.8975830078125
18.3515625,953.3234252929688,26.884727478027344
18.3671875,953.3604736328125,26.904571533203125
18.3828125,953.3450317382812,26.883987426757812
18.3984375,953.3352661132812,26.874435424804688
18.4140625,953.3551635742188,26.893905639648438
18.4296875,953.3327026367188,26.890975952148438
18.4453125,953.3646850585938,26.901626586914062
18.4609375,953.32568359375,26.907508850097656
18.4765625,953.3823852539062,26.91302490234375
18.4921875,953.3428955078125,26.8953857421875
18.5078125,953.3088989257812,26.893905639648438
18.5234375,953.2974243164062,26.89868927001953
18.5390625,953.3360595703125,26.890975952148438
18.5546875,953.342529296875,26.89501190185547
18.5703125,953.3010864257812,26.901268005371094
18.5859375,953.3082885742188,26.902725219726562
18.6015625,953.3341064453125,26.904571533203125
18.6171875,953.30029296875,26.910446166992188
18.6328125,953.333740234375,26.902725219726562
18.6484375,953.3131713867188,26.902725219726562
18.6640625,953.286376953125,26.91374969482422
18.6796875,953.2796630859375,26.91559600830078
18.6953125,953.2953491210938,26.910446166992188
18.7109375,953.2835083007812,26.921112060546875
18.7265625,953.3306274414062,26.91229248046875
18.7421875,953.2437133789062,26.922210693359375
18.7578125,953.2464599609375,26.917800903320312
18.7734375,953.2508544921875,26.926620483398438
18.7890625,953.251708984375,26.903099060058594
18.8046875,953.2294921875,26.91229248046875
18.8203125,953.2239379882812,26.921112060546875
18.8359375,953.2296142578125,26.924774169921875
18.8515625,953.215576171875,26.917800903320312
18.8671875,953.2053833007812,26.929183959960938
18.8828125,953.2130737304688,26.921112060546875
18.8984375,953.2045288085938,26.921112060546875
18.9140625,953.2110595703125,26.917800903320312
18.9296875,953.207763671875,26.921470642089844
18.9453125,953.2110595703125,26.921112060546875
18.9609375,953.2051391601562,26.922210693359375
18.9765625,953.1908569335938,26.921470642089844
18.9921875,953.182373046875,26.917434692382812
19.0078125,953.1945190429688,26.921112060546875
19.0234375,953.2015380859375,26.900161743164062
19.0390625,953.1875,26.908241271972656
19.0546875,953.1984252929688,26.904571533203125
19.0703125,953.1956787109375,26.917800903320312
19.0859375,953.194580078125,26.91229248046875
19.1015625,953.1856689453125,26.91559600830078
19.1171875,953.1973876953125,26.91229248046875
19.1328125,953.191162109375,26.925521850585938
19.1484375,953.1798095703125,26.907882690429688
19.1640625,953.1954345703125,26.919265747070312
19.1796875,953.1970825195312,26.906036376953125
19.1953125,953.2024536132812,26.91191864013672
19.2109375,953.199951171875,26.900161743164062
19.2265625,953.197021484375,26.91485595703125
19.2421875,953.179443359375,26.902725219726562
19.2578125,953.1847534179688,26.906036376953125
19.2734375,953.1875,26.904571533203125
19.2890625,953.1861572265625,26.910446166992188
19.3046875,953.1903076171875,26.902725219726562
19.3203125,953.1847534179688,26.89942169189453
19.3359375,953.1790161132812,26.902725219726562
19.3515625,953.1764526367188,26.904571533203125
19.3671875,953.1681518554688,26.91302490234375
19.3828125,953.1856689453125,26.904571533203125
19.3984375,953.184326171875,26.8983154296875
19.4140625,953.1681518554688,26.910446166992188
19.4296875,953.1819458007812,26.919265747070312
19.4453125,953.1780395507812,26.91008758544922
19.4609375,953.1704711914062,26.909339904785156
19.4765625,953.15966796875,26.91302490234375
19.4921875,953.173828125,26.902725219726562
19.5078125,953.1577758789062,26.904571533203125
19.5234375,953.1568603515625,26.901268005371094
19.5390625,953.191162109375,26.904571533203125
19.5546875,953.173583984375,26.895751953125
19.5703125,953.169677734375,26.902366638183594
19.5859375,953.1876831054688,26.904571533203125
19.6015625,953.1795654296875,26.8975830078125
19.6171875,953.1836547851562,26.900161743164062
19.6328125,953.1964721679688,26.910446166992188
19.6484375,953.18310546875,26.90052032470703
19.6640625,953.2120971679688,26.8953857421875
19.6796875,953.1906127929688,26.89685821533203
19.6953125,953.1847534179688,26.906776428222656
19.7109375,953.1995239257812,26.893173217773438
19.7265625,953.2327270507812,26.897216796875
19.7421875,953.1812133789062,26.8953857421875
19.7578125,953.2258911132812,26.897216796875
19.7734375,953.163330078125,26.904571533203125
19.7890625,953.2757568359375,26.905303955078125
19.8046875,953.2447509765625,26.917434692382812
19.8203125,953.1951293945312,26.904571533203125
19.8359375,953.2321166992188,26.906036376953125
19.8515625,953.266357421875,26.889137268066406
19.8671875,953.2305908203125,26.916702270507812
19.8828125,953.1945190429688,26.907508850097656
19.8984375,953.2784423828125,26.900161743164062
19.9140625,953.2149047851562,26.901626586914062
19.9296875,953.2091064453125,26.904571533203125
19.9453125,953.2828979492188,26.886192321777344
19.9609375,953.131591796875,26.902725219726562
19.9765625,953.1560668945312,26.902366638183594
19.9921875,953.1870727539062,26.904571533203125
20.0078125,953.1766357421875,26.904571533203125
20.0234375,953.1969604492188,26.890975952148438
20.0390625,953.1094360351562,26.892807006835938
20.0546875,953.2166137695312,26.890975952148438
20.0703125,953.1543579101562,26.897216796875
20.0859375,953.1782836914062,26.902725219726562
20.1015625,953.1984252929688,26.885459899902344
20.1171875,953.1908569335938,26.893173217773438
20.1328125,953.181396484375,26.881423950195312
20.1484375,953.1742553710938,26.910446166992188
20.1640625,953.1633911132812,26.892807006835938
20.1796875,953.1276245117188,26.883987426757812
20.1953125,953.1978149414062,26.892807006835938
20.2109375,953.1945190429688,26.889869689941406
20.2265625,953.15185546875,26.897216796875
20.2421875,953.2063598632812,26.892074584960938
20.2578125,953.18310546875,26.8953857421875
20.2734375,953.2247314453125,26.8953857421875
20.2890625,953.2157592773438,26.8975830078125
20.3046875,953.2427978515625,26.890975952148438
20.3203125,953.2421875,26.875167846679688
20.3359375,953.2333984375,26.86524200439453
20.3515625,953.2073364257812,26.888397216796875
20.3671875,953.2042846679688,26.883628845214844
20.3828125,953.1912231445312,26.888397216796875
20.3984375,953.2108154296875,26.887290954589844
20.4140625,953.208984375,26.906036376953125
20.4296875,953.2059936523438,26.886566162109375
20.4453125,953.2113037109375,26.893173217773438
20.4609375,953.2046508789062,26.892807006835938
20.4765625,953.2052612304688,26.8983154296875
20.4921875,953.20703125,26.892074584960938
20.5078125,953.2052001953125,26.870399475097656
20.5234375,953.1905517578125,26.890975952148438
20.5390625,953.1859741210938,26.883987426757812
20.5546875,953.2001953125,26.882156372070312
20.5703125,953.1934814453125,26.88031768798828
20.5859375,953.1945190429688,26.874435424804688
20.6015625,953.1747436523438,26.876266479492188
20.6171875,953.1922607421875,26.886566162109375
20.6328125,953.1891479492188,26.88178253173828
20.6484375,953.1773071289062,26.872230529785156
20.6640625,953.18115234375,26.888397216796875
20.6796875,953.1821899414062,26.88067626953125
20.6953125,953.1820068359375,26.87737274169922
20.7109375,953.1768798828125,26.87957763671875
20.7265625,953.182373046875,26.876266479492188
20.7421875,953.1856689453125,26.881423950195312
20.7578125,953.1790161132812,26.87774658203125
20.7734375,953.1798095703125,26.87847137451172
20.7890625,953.1715698242188,26.875534057617188
20.8046875,953.1791381835938,26.88031768798828
20.8203125,953.1801147460938,26.86524200439453
20.8359375,953.1690673828125,26.887290954589844
20.8515625,953.1898193359375,26.868553161621094
20.8671875,953.1593017578125,26.887290954589844
20.8828125,953.162841796875,26.887290954589844
20.8984375,953.1551513671875,26.88031768798828
20.9140625,953.155029296875,26.88067626953125
20.9296875,953.1604614257812,26.868553161621094
20.9453125,953.1802368164062,26.884353637695312
20.9609375,953.1823120117188,26.888397216796875
20.9765625,953.1856689453125,26.886566162109375
20.9921875,953.1681518554688,26.883987426757812
21.0078125,953.1548461914062,26.87737274169922
21.0234375,953.1780395507812,26.886566162109375
21.0390625,953.15625,26.87957763671875
21.0546875,953.1615600585938,26.8983154296875
21.0703125,953.2117919921875,26.904571533203125
21.0859375,953.1932373046875,26.889137268066406
21.1015625,953.2001342773438,26.897216796875
21.1171875,953.2498779296875,26.891342163085938
21.1328125,953.30615234375,26.902725219726562
21.1484375,953.2815551757812,26.890975952148438
21.1640625,953.2493286132812,26.901626586914062
21.1796875,953.2581787109375,26.897216796875
21.1953125,953.315673828125,26.893173217773438
21.2109375,953.3050537109375,26.8983154296875
21.2265625,953.2470703125,26.901626586914062
21.2421875,953.3167724609375,26.8953857421875
21.2578125,953.3131103515625,26.910446166992188
21.2734375,953.2190551757812,26.89685821533203
21.2890625,953.29833984375,26.89685821533203
21.3046875,953.3897705078125,26.8953857421875
21.3203125,953.2564086914062,26.89868927001953
21.3359375,953.2392578125,26.8953857421875
21.3515625,953.262939453125,26.884727478027344
21.3671875,953.1895141601562,26.897216796875
21.3828125,953.4052734375,26.902366638183594
21.3984375,953.2522583007812,26.897216796875
21.4140625,953.2391967773438,26.895751953125
21.4296875,953.2049560546875,26.900161743164062
21.4453125,953.23583984375,26.902725219726562
21.4609375,953.1793823242188,26.906036376953125
21.4765625,953.18505859375,26.910446166992188
21.4921875,953.1766357421875,26.902366638183594
21.5078125,953.1494140625,26.902366638183594
21.5234375,953.1775512695312,26.904571533203125
21.5390625,953.1981201171875,26.8983154296875
21.5546875,953.2428588867188,26.897216796875
21.5703125,953.22607421875,26.901626586914062
21.5859375,953.2384033203125,26.904571533203125
21.6015625,953.2100830078125,26.907508850097656
21.6171875,953.2060546875,26.90052032470703
21.6328125,953.2120971679688,26.897216796875
21.6484375,953.2146606445312,26.902725219726562
21.6640625,953.193115234375,26.900161743164062
21.6796875,953.208984375,26.91191864013672
21.6953125,953.2166748046875,26.919265747070312
21.7109375,953.2174072265625,26.904571533203125
21.7265625,953.2094116210938,26.917434692382812
21.7421875,953.2166137695312,26.91559600830078
21.7578125,953.2075805664062,26.91118621826172
21.7734375,953.2046508789062,26.916702270507812
21.7890625,953.1945190429688,26.91595458984375
21.8046875,953.1997680664062,26.921112060546875
21.8203125,953.2026977539062,26.917800903320312
21.8359375,953.21435546875,26.917800903320312
21.8515625,953.2084350585938,26.908241271972656
21.8671875,953.1942749023438,26.917800903320312
21.8828125,953.2173461914062,26.907508850097656
21.8984375,953.1935424804688,26.91559600830078
21.9140625,953.21044921875,26.922210693359375
21.9296875,953.2003784179688,26.921112060546875
21.9453125,953.1997680664062,26.922943115234375
21.9609375,953.189208984375,26.919265747070312
21.9765625,953.2037353515625,26.91118621826172
21.9921875,953.1747436523438,26.917800903320312
22.0078125,953.1802978515625,26.906402587890625
22.0234375,953.2066040039062,26.907882690429688
22.0390625,953.185302734375,26.91229248046875
22.0546875,953.1923217773438,26.904571533203125
22.0703125,953.1848754882812,26.919265747070312
22.0859375,953.1953125,26.91229248046875
22.1015625,953.1856689453125,26.900161743164062
22.1171875,953.1844482421875,26.8983154296875
22.1328125,953.1903076171875,26.904571533203125
22.1484375,953.184326171875,26.919265747070312
22.1640625,953.2078857421875,26.904571533203125
22.1796875,953.195068359375,26.902725219726562
22.1953125,953.1764526367188,26.902725219726562
22.2109375,953.1871948242188,26.907508850097656
22.2265625,953.180419921875,26.910446166992188
22.2421875,953.1455078125,26.902725219726562
22.2578125,953.18115234375,26.908241271972656
22.2734375,953.1798706054688,26.910446166992188
22.2890625,953.1688232421875,26.904571533203125
22.3046875,953.1395263671875,26.900161743164062
22.3203125,953.2244873046875,26.919265747070312
22.3359375,953.1749877929688,26.919265747070312
22.3515625,953.1708374023438,26.91374969482422
22.3671875,953.204345703125,26.907508850097656
22.3828125,953.2067260742188,26.91559600830078
22.3984375,953.1859741210938,26.91118621826172
22.4140625,953.18310546875,26.907882690429688
22.4296875,953.156005859375,26.916702270507812
22.4453125,953.2190551757812,26.91229248046875
22.4609375,953.2210083007812,26.920364379882812
22.4765625,953.243896484375,26.925521850585938
22.4921875,953.20849609375,26.91485595703125
22.5078125,953.2051391601562,26.917434692382812
22.5234375,953.2291870117188,26.921844482421875
22.5390625,953.2278442382812,26.93138885498047
22.5546875,953.15234375,26.91485595703125
22.5703125,953.1854248046875,26.918533325195312
22.5859375,953.1798095703125,26.934341430664062
22.6015625,953.2129516601562,26.918533325195312
22.6171875,953.2054443359375,26.925521850585938
22.6328125,953.2455444335938,26.925521850585938
22.6484375,953.2078857421875,26.926620483398438
22.6640625,953.1883544921875,26.924774169921875
22.6796875,953.2102661132812,26.91339111328125
22.6953125,953.2168579101562,26.921112060546875
22.7109375,953.2194213867188,26.922943115234375
22.7265625,953.2352294921875,26.934341430664062
22.7421875,953.1854248046875,26.925880432128906
22.7578125,953.2306518554688,26.93029022216797
22.7734375,953.2275390625,26.944259643554688
22.7890625,953.2479248046875,26.921844482421875
22.8046875,953.2679443359375,26.938003540039062
22.8203125,953.2640991210938,26.928451538085938
22.8359375,953.2088623046875,26.922943115234375
22.8515625,953.2083129882812,26.929183959960938
22.8671875,953.2376098632812,26.934341430664062
22.8828125,953.1956787109375,26.939483642578125
22.8984375,953.2744140625,26.922943115234375
22.9140625,953.2782592773438,26.936904907226562
22.9296875,953.3118286132812,26.932861328125
22.9453125,953.264892578125,26.938003540039062
22.9609375,953.2802124023438,26.938003540039062
22.9765625,953.3704223632812,26.944259643554688
22.9921875,953.2516479492188,26.944259643554688
23.0078125,953.2569580078125,26.945724487304688
23.0234375,953.2816162109375,26.940582275390625
23.0390625,953.2476196289062,26.940582275390625
23.0546875,953.245849609375,26.944259643554688
23.0703125,953.2318725585938,26.937644958496094
23.0859375,953.2288818359375,26.954910278320312
23.1015625,953.2257690429688,26.942413330078125
23.1171875,953.2328491210938,26.95160675048828
23.1328125,953.21826171875,26.957122802734375
23.1484375,953.2230224609375,26.951980590820312
23.1640625,953.2171630859375,26.958953857421875
23.1796875,953.21484375,26.955642700195312
23.1953125,953.2180786132812,26.956390380859375
23.2109375,953.2109985351562,26.94866943359375
23.2265625,953.2114868164062,26.954910278320312
23.2421875,953.1875,26.951980590820312
23.2578125,953.2033081054688,26.954910278320312
23.2734375,953.1982421875,26.95233917236328
23.2890625,953.1932373046875,26.946823120117188
23.3046875,953.1956787109375,26.960800170898438
23.3203125,953.2090454101562,26.96483612060547
23.3359375,953.1908569335938,26.963729858398438
23.3515625,953.190185546875,26.956016540527344
23.3671875,953.1895141601562,26.95123291015625
23.3828125,953.2003173828125,26.9681396484375
23.3984375,953.1971435546875,26.957122802734375
23.4140625,953.196044921875,26.953079223632812
23.4296875,953.200439453125,26.9681396484375
23.4453125,953.1995849609375,26.946823120117188
23.4609375,953.1920776367188,26.944992065429688
23.4765625,953.1943359375,26.956390380859375
23.4921875,953.18359375,26.94757080078125
23.5078125,953.1784057617188,26.94902801513672
23.5234375,953.2042846679688,26.956390380859375
23.5390625,953.193115234375,26.955642700195312
23.5546875,953.1839599609375,26.953079223632812
23.5703125,953.19091796875,26.94792938232422
23.5859375,953.188720703125,26.958953857421875
23.6015625,953.200439453125,26.944992065429688
23.6171875,953.1806030273438,26.945724487304688
23.6328125,953.1956176757812,26.95013427734375
23.6484375,953.1984252929688,26.960800170898438
23.6640625,953.1905517578125,26.956390380859375
23.6796875,953.2056274414062,26.94757080078125
23.6953125,953.2196655273438,26.954544067382812
23.7109375,953.215576171875,26.945724487304688
23.7265625,953.1806640625,26.96410369873047
23.7421875,953.235107421875,26.958953857421875
23.7578125,953.1992797851562,26.951980590820312
23.7734375,953.2015991210938,26.94977569580078
23.7890625,953.2522583007812,26.94792938232422
23.8046875,953.202392578125,26.956390380859375
23.8203125,953.3071899414062,26.95160675048828
23.8359375,953.1973876953125,26.960800170898438
23.8515625,953.3094482421875,26.962631225585938
23.8671875,953.2941284179688,26.956390380859375
23.8828125,953.268310546875,26.95233917236328
23.8984375,953.1908569335938,26.95160675048828
23.9140625,953.1908569335938,26.9652099609375
23.9296875,953.2178955078125,26.94902801513672
23.9453125,953.2467041015625,26.960800170898438
23.9609375,953.3429565429688,26.956390380859375
23.9765625,953.289794921875,26.963729858398438
23.9921875,953.2272338867188,26.960800170898438
24.0078125,953.2579956054688,26.9681396484375
24.0234375,953.3292846679688,26.96483612060547
24.0390625,953.2530517578125,26.954185485839844
24.0546875,953.2877807617188,26.9681396484375
24.0703125,953.2862548828125,26.954544067382812
24.0859375,953.2257690429688,26.96741485595703
24.1015625,953.244873046875,26.9659423828125
24.1171875,953.2913818359375,26.96997833251953
24.1328125,953.2159423828125,26.973655700683594
24.1484375,953.3609008789062,26.964462280273438
24.1640625,953.2166137695312,26.973655700683594
24.1796875,953.283203125,26.970352172851562
24.1953125,953.2464599609375,26.98394775390625
24.2109375,953.2573852539062,26.976593017578125
24.2265625,953.2679443359375,26.96666717529297
24.2421875,953.2066040039062,26.963363647460938
24.2578125,953.31982421875,26.98320770263672
24.2734375,953.2991333007812,26.98761749267578
24.2890625,953.2822265625,26.979537963867188
24.3046875,953.3525390625,26.971450805664062
24.3203125,953.3206176757812,26.962257385253906
24.3359375,953.2581787109375,26.9681396484375
24.3515625,953.2886352539062,26.9681396484375
24.3671875,953.2001953125,26.978439331054688
24.3828125,953.2520141601562,26.98394775390625
24.3984375,953.2232666015625,26.98761749267578
24.4140625,953.2350463867188,26.973655700683594
24.4296875,953.2222290039062,26.98615264892578
24.4453125,953.2360229492188,26.98688507080078
24.4609375,953.2402954101562,26.98615264892578
24.4765625,953.225830078125,26.996078491210938
24.4921875,953.22265625,26.982101440429688
24.5078125,953.2183227539062,26.989463806152344
24.5234375,953.2208251953125,26.98505401611328
24.5390625,953.2233276367188,26.989463806152344
24.5546875,953.2274780273438,27.00048828125
24.5703125,953.2201538085938,26.98761749267578
24.5859375,953.2260131835938,27.00452423095703
24.6015625,953.2258911132812,26.997177124023438
24.6171875,953.2222290039062,26.993499755859375
24.6328125,953.2194213867188,27.009666442871094
24.6484375,953.2235107421875,27.00452423095703
24.6640625,953.2056274414062,26.997177124023438
24.6796875,953.196533203125,27.007102966308594
24.6953125,953.2034912109375,26.99938201904297
24.7109375,953.2026977539062,27.011138916015625
24.7265625,953.2074584960938,27.00194549560547
24.7421875,953.2202758789062,27.008934020996094
24.7578125,953.2073364257812,26.995330810546875
24.7734375,953.1934204101562,26.993499755859375
24.7890625,953.1876831054688,26.993125915527344
24.8046875,953.1978759765625,26.998641967773438
24.8203125,953.1942138671875,26.996437072753906
24.8359375,953.1994018554688,27.00452423095703
24.8515625,953.1996459960938,26.998641967773438
24.8671875,953.188232421875,27.0030517578125
24.8828125,953.2006225585938,26.98577880859375
24.8984375,953.1923828125,26.98761749267578
24.9140625,953.1920166015625,27.010040283203125
24.9296875,953.1917724609375,27.00011444091797
24.9453125,953.2009887695312,26.988357543945312
24.9609375,953.1903076171875,26.99938201904297
24.9765625,953.1752319335938,26.989463806152344
24.9921875,953.1964111328125,26.992401123046875
25.0078125,953.188232421875,26.989463806152344
25.0234375,953.1844482421875,26.993499755859375
25.0390625,953.2122192382812,26.990562438964844
25.0546875,953.204833984375,26.995704650878906
25.0703125,953.2166748046875,26.993873596191406
25.0859375,953.1668701171875,26.979896545410156
25.1015625,953.2269897460938,26.989463806152344
25.1171875,953.193359375,26.990188598632812
25.1328125,953.2698974609375,26.98430633544922
25.1484375,953.2364501953125,26.99828338623047
25.1640625,953.2258911132812,27.00269317626953
25.1796875,953.2568359375,26.991668701171875
25.1953125,953.2723999023438,26.99938201904297
25.2109375,953.2415161132812,27.0023193359375
25.2265625,953.2592163085938,26.99938201904297
25.2421875,953.2098999023438,26.994972229003906
25.2578125,953.2601928710938,26.989822387695312
25.2734375,953.2555541992188,26.979896545410156
25.2890625,953.1780395507812,26.98577880859375
25.3046875,953.3052978515625,27.0023193359375
25.3203125,953.2681884765625,26.98358154296875
25.3359375,953.2172241210938,26.98615264892578
25.3515625,953.1984252929688,26.995330810546875
25.3671875,953.2340698242188,26.995330810546875
25.3828125,953.1771850585938,27.001220703125
25.3984375,953.2674560546875,26.992401123046875
25.4140625,953.300048828125,26.993499755859375
25.4296875,953.2307739257812,26.992401123046875
25.4453125,953.2485961914062,26.992401123046875
25.4609375,953.3107299804688,26.995330810546875
25.4765625,953.2817993164062,26.98394775390625
25.4921875,953.1964721679688,26.989463806152344
25.5078125,953.3696899414062,26.992401123046875
25.5234375,953.2378540039062,26.990188598632812
25.5390625,953.28125,26.987991333007812
25.5546875,953.3299560546875,26.98247528076172
25.5703125,953.2422485351562,26.989463806152344
25.5859375,953.2579345703125,27.00635528564453
25.6015625,953.2852783203125,26.98577880859375
25.6171875,953.2862548828125,26.998641967773438
25.6328125,953.2258911132812,26.993499755859375
25.6484375,953.2916870117188,26.991668701171875
25.6640625,953.3596801757812,26.98394775390625
25.6796875,953.4969482421875,26.971450805664062
25.6953125,953.3768310546875,26.98358154296875
25.7109375,953.2721557617188,26.98577880859375
25.7265625,953.240234375,26.98247528076172
25.7421875,953.2386474609375,26.993499755859375
25.7578125,953.2241821289062,26.993499755859375
25.7734375,953.2355346679688,26.992401123046875
25.7890625,953.2211303710938,26.98871612548828
25.8046875,953.2291259765625,27.0023193359375
25.8203125,953.2328491210938,26.993499755859375
25.8359375,953.2319946289062,26.98174285888672
25.8515625,953.21826171875,26.98871612548828
25.8671875,953.2249755859375,27.008201599121094
25.8828125,953.2088623046875,26.98871612548828
25.8984375,953.1973876953125,26.98871612548828
25.9140625,953.2034301757812,26.990921020507812
25.9296875,953.196533203125,27.00011444091797
25.9453125,953.2051391601562,26.990921020507812
25.9609375,953.2055053710938,27.00048828125
25.9765625,953.2129516601562,26.98615264892578
25.9921875,953.2216796875,26.980270385742188
26.0078125,953.1978759765625,26.990921020507812
26.0234375,953.1881713867188,26.990188598632812
26.0390625,953.2035522460938,26.989463806152344
26.0546875,953.20654296875,26.98320770263672
26.0703125,953.2142944335938,26.990921020507812
26.0859375,953.2120361328125,26.976959228515625
26.1015625,953.1849975585938,26.989463806152344
26.1171875,953.193359375,26.977691650390625
26.1328125,953.1903686523438,26.98394775390625
26.1484375,953.1928100585938,26.972923278808594
26.1640625,953.1814575195312,26.972923278808594
26.1796875,953.1881103515625,26.96997833251953
26.1953125,953.1908569335938,26.975860595703125
26.2109375,953.1914672851562,26.98064422607422
26.2265625,953.2014770507812,26.974761962890625
26.2421875,953.1919555664062,26.959320068359375
26.2578125,953.1903076171875,26.98468017578125
26.2734375,953.1904296875,26.9681396484375
26.2890625,953.1971435546875,26.977691650390625
26.3046875,953.1915893554688,26.9681396484375
26.3203125,953.1935424804688,26.963363647460938
26.3359375,953.18896484375,26.979537963867188
26.3515625,953.180419921875,26.972549438476562
26.3671875,953.1982421875,26.971824645996094
26.3828125,953.1939697265625,26.9688720703125
26.3984375,953.1817626953125,26.9681396484375
26.4140625,953.1792602539062,26.960800170898438
26.4296875,953.2149658203125,26.9681396484375
26.4453125,953.20263671875,26.9681396484375
26.4609375,953.2145385742188,26.973655700683594
26.4765625,953.1678466796875,26.971450805664062
26.4921875,953.2835693359375,26.96410369873047
26.5078125,953.1896362304688,26.976593017578125
26.5234375,953.2010498046875,26.971824645996094
26.5390625,953.1897583007812,26.9688720703125
26.5546875,953.2642822265625,26.96666717529297
26.5703125,953.2066040039062,26.974388122558594
26.5859375,953.2294921875,26.97107696533203
26.6015625,953.2816772460938,26.96741485595703
26.6171875,953.1869506835938,26.975486755371094
26.6328125,953.1830444335938,26.978797912597656
26.6484375,953.1767578125,26.971824645996094
26.6640625,953.2173461914062,26.976959228515625
26.6796875,953.1705932617188,26.979537963867188
26.6953125,953.2562866210938,26.992401123046875
26.7109375,953.1781005859375,26.979896545410156
26.7265625,953.1475830078125,26.98174285888672
26.7421875,953.255859375,26.98320770263672
26.7578125,953.2327880859375,26.979896545410156
26.7734375,953.3764038085938,26.98394775390625
26.7890625,953.2777099609375,26.979896545410156
26.8046875,953.1834106445312,26.98320770263672
26.8203125,953.2703857421875,26.996078491210938
26.8359375,953.2124633789062,26.98615264892578
26.8515625,953.2288818359375,26.993499755859375
26.8671875,953.2523193359375,26.98174285888672
26.8828125,953.3019409179688,26.994598388671875
26.8984375,953.302001953125,26.995704650878906
26.9140625,953.2442016601562,26.995330810546875
26.9296875,953.2369995117188,27.0023193359375
26.9453125,953.2925415039062,26.98871612548828
26.9609375,953.2453002929688,27.00011444091797
26.9765625,953.2391967773438,27.0030517578125
26.9921875,953.2628173828125,26.994972229003906
27.0078125,953.2787475585938,27.00011444091797
27.0234375,953.2147216796875,26.998641967773438
27.0390625,953.2498168945312,26.990921020507812
27.0546875,953.20068359375,26.997177124023438
27.0703125,953.2371826171875,26.99938201904297
27.0859375,953.2774047851562,27.0030517578125
27.1015625,953.1802978515625,27.011871337890625
27.1171875,953.1920166015625,26.994972229003906
27.1328125,953.21240234375,27.012611389160156
27.1484375,953.2386474609375,27.017379760742188
27.1640625,953.305419921875,27.012611389160156
27.1796875,953.2530517578125,27.017379760742188
27.1953125,953.25341796875,27.012611389160156
27.2109375,953.2464599609375,27.02105712890625
27.2265625,953.2442626953125,27.014076232910156
27.2421875,953.2417602539062,27.015174865722656
27.2578125,953.2263793945312,27.012611389160156
27.2734375,953.2374877929688,27.011871337890625
27.2890625,953.2283935546875,27.02105712890625
27.3046875,953.2239379882812,27.011138916015625
27.3203125,953.2230224609375,27.02143096923828
27.3359375,953.21875,27.02178955078125
27.3515625,953.2222290039062,27.023269653320312
27.3671875,953.211669921875,27.010406494140625
27.3828125,953.2138671875,27.014816284179688
27.3984375,953.2101440429688,27.025466918945312
27.4140625,953.2184448242188,27.026199340820312
27.4296875,953.218505859375,27.03907012939453
27.4453125,953.2066040039062,27.029151916503906
27.4609375,953.2116088867188,27.030609130859375
27.4765625,953.21240234375,27.032455444335938
27.4921875,953.2221069335938,27.01848602294922
27.5078125,953.2069091796875,27.026199340820312
27.5234375,953.1993408203125,27.03356170654297
27.5390625,953.2096557617188,27.01922607421875
27.5546875,953.1992797851562,27.01775360107422
27.5703125,953.1878662109375,27.014450073242188
27.5859375,953.1953125,27.02178955078125
27.6015625,953.189453125,27.012611389160156
27.6171875,953.1956176757812,27.012611389160156
27.6328125,953.1986694335938,27.026199340820312
27.6484375,953.1898193359375,27.026199340820312
27.6640625,953.1964721679688,27.024742126464844
27.6796875,953.197998046875,27.030609130859375
27.6953125,953.187255859375,27.025466918945312
27.7109375,953.1915283203125,27.025466918945312
27.7265625,953.193359375,27.014816284179688
27.7421875,953.1779174804688,27.02105712890625
27.7578125,953.1881713867188,27.025466918945312
27.7734375,953.1801147460938,27.026199340820312
27.7890625,953.1915893554688,27.012611389160156
27.8046875,953.1699829101562,27.014450073242188
27.8203125,953.1701049804688,27.017379760742188
27.8359375,953.1608276367188,27.017379760742188
27.8515625,953.1942749023438,27.01885986328125
27.8671875,953.1251220703125,27.014076232910156
27.8828125,953.142578125,27.012611389160156
27.8984375,953.2213745117188,27.005996704101562
27.9140625,953.1339721679688,27.014450073242188
27.9296875,953.2501831054688,27.008560180664062
27.9453125,953.1085815429688,27.012611389160156
27.9609375,953.3008422851562,27.026573181152344
27.9765625,953.2866821289062,27.014450073242188
27.9921875,953.4425659179688,27.028045654296875
28.0078125,953.5963134765625,27.027305603027344
28.0234375,953.67333984375,27.014450073242188
28.0390625,953.4384765625,27.014450073242188
28.0546875,953.3762817382812,27.022537231445312
28.0703125,953.631591796875,27.017379760742188
28.0859375,953.423828125,27.00525665283203
28.1015625,953.425048828125,27.03907012939453
28.1171875,953.4696044921875,27.022537231445312
28.1328125,953.2779541015625,27.029151916503906
28.1484375,953.4381103515625,27.030982971191406
28.1640625,953.665283203125,27.027305603027344
28.1796875,953.511474609375,27.03466033935547
28.1953125,953.4314575195312,27.040176391601562
28.2109375,953.6554565429688,27.047889709472656
28.2265625,953.4763793945312,27.0386962890625
28.2421875,953.4067993164062,27.048622131347656
28.2578125,953.5039672851562,27.0386962890625
28.2734375,953.4724731445312,27.05633544921875
28.2890625,953.4456176757812,27.0386962890625
28.3046875,953.3804321289062,27.044586181640625
28.3203125,953.3978881835938,27.05706787109375
28.3359375,953.5388793945312,27.071044921875
28.3515625,953.5121459960938,27.057815551757812
28.3671875,953.6099853515625,27.05927276611328
28.3828125,953.6997680664062,27.07140350341797
28.3984375,953.3892211914062,27.07581329345703
28.4140625,953.7079467773438,27.069198608398438
28.4296875,953.5304565429688,27.069564819335938
28.4453125,953.4755249023438,27.080963134765625
28.4609375,953.4205322265625,27.07324981689453
28.4765625,953.5518798828125,27.062225341796875
28.4921875,953.4760131835938,27.060020446777344
28.5078125,953.1998291015625,27.07470703125
28.5234375,953.3267211914062,27.085006713867188
28.5390625,953.3653564453125,27.080963134765625
28.5546875,953.3524169921875,27.084632873535156
28.5703125,953.4645385742188,27.080963134765625
28.5859375,953.3069458007812,27.085006713867188
28.6015625,953.282958984375,27.083526611328125
28.6171875,953.259521484375,27.08868408203125
28.6328125,953.2384033203125,27.083168029785156
28.6484375,953.2599487304688,27.08647918701172
28.6640625,953.2388305664062,27.10411834716797
28.6796875,953.235107421875,27.101539611816406
28.6953125,953.2301635742188,27.10411834716797
28.7109375,953.2357788085938,27.10411834716797
28.7265625,953.2202758789062,27.101165771484375
28.7421875,953.2288818359375,27.10668182373047
28.7578125,953.2133178710938,27.116600036621094
28.7734375,953.2268676757812,27.10778045654297
28.7890625,953.2140502929688,27.117347717285156
28.8046875,953.2174072265625,27.10778045654297
28.8203125,953.21826171875,27.12762451171875
28.8359375,953.2005004882812,27.113296508789062
28.8515625,953.212158203125,27.12506103515625
28.8671875,953.217529296875,27.12506103515625
28.8828125,953.2091674804688,27.118072509765625
28.8984375,953.1995849609375,27.119911193847656
28.9140625,953.206298828125,27.12541961669922
28.9296875,953.2044067382812,27.118072509765625
28.9453125,953.2060546875,27.116600036621094
28.9609375,953.2047729492188,27.11035919189453
28.9765625,953.1981811523438,27.10962677001953
28.9921875,953.2117919921875,27.12506103515625
29.0078125,953.2044067382812,27.10962677001953
29.0234375,953.2022705078125,27.10778045654297
29.0390625,953.2045288085938,27.119911193847656
29.0546875,953.2092895507812,27.119552612304688
29.0703125,953.2103881835938,27.10411834716797
29.0859375,953.2113037109375,27.11219024658203
29.1015625,953.1905517578125,27.112937927246094
29.1171875,953.2085571289062,27.10411834716797
29.1328125,953.1926879882812,27.10778045654297
29.1484375,953.205078125,27.10668182373047
29.1640625,953.1971435546875,27.10411834716797
29.1796875,953.1150512695312,27.097503662109375
29.1953125,953.1276245117188,27.10411834716797
29.2109375,953.1837768554688,27.10668182373047
29.2265625,953.153564453125,27.09198760986328
29.2421875,953.2047729492188,27.100433349609375
29.2578125,953.148193359375,27.09014129638672
29.2734375,953.2337036132812,27.101165771484375
29.2890625,953.1297607421875,27.10411834716797
29.3046875,953.16943359375,27.10411834716797
29.3203125,953.244140625,27.10594940185547
29.3359375,953.2622680664062,27.119911193847656
29.3515625,953.3114624023438,27.10411834716797
29.3671875,953.1957397460938,27.100433349609375
29.3828125,953.2857055664062,27.100433349609375
29.3984375,953.3173217773438,27.100433349609375
29.4140625,953.2874755859375,27.10411834716797
29.4296875,953.2333374023438,27.10411834716797
29.4453125,953.1700439453125,27.10411834716797
29.4609375,953.2184448242188,27.09051513671875
29.4765625,953.1710815429688,27.102272033691406
29.4921875,953.17529296875,27.096755981445312
29.5078125,953.2153930664062,27.093093872070312
29.5234375,953.2377319335938,27.100433349609375
29.5390625,953.3125,27.087203979492188
29.5546875,953.2579345703125,27.094192504882812
29.5703125,953.2700805664062,27.09014129638672
29.5859375,953.2791748046875,27.082794189453125
29.6015625,953.4254760742188,27.094924926757812
29.6171875,953.2384033203125,27.08647918701172
29.6328125,953.4359741210938,27.093093872070312
29.6484375,953.4152221679688,27.10411834716797
29.6640625,953.461669921875,27.10411834716797
29.6796875,953.4981079101562,27.09051513671875
29.6953125,953.4668579101562,27.095298767089844
29.7109375,953.4039916992188,27.100433349609375
29.7265625,953.5634765625,27.09234619140625
29.7421875,953.3524169921875,27.095657348632812
29.7578125,953.3497314453125,27.08647918701172
29.7734375,953.4204711914062,27.08647918701172
29.7890625,953.2758178710938,27.08904266357422
29.8046875,953.1918334960938,27.09014129638672
29.8203125,953.5982666015625,27.09234619140625
29.8359375,953.3703002929688,27.094924926757812
29.8515625,953.416015625,27.097862243652344
29.8671875,953.2901611328125,27.119911193847656
29.8828125,953.0879516601562,27.10668182373047
29.8984375,953.065673828125,27.101165771484375
29.9140625,953.257080078125,27.10411834716797
29.9296875,953.3947143554688,27.101165771484375
29.9453125,953.329345703125,27.10594940185547
29.9609375,953.3800048828125,27.116973876953125
29.9765625,953.3248901367188,27.11035919189453
29.9921875,953.301513671875,27.10594940185547
30.0078125,953.2520751953125,27.112937927246094
30.0234375,953.2396850585938,27.12506103515625
30.0390625,953.241455078125,27.114036560058594
30.0546875,953.2504272460938,27.12541961669922
30.0703125,953.2361450195312,27.12469482421875
30.0859375,953.2420043945312,27.129104614257812
30.1015625,953.2346801757812,27.12873077392578
30.1171875,953.2388916015625,27.119911193847656
30.1328125,953.2152709960938,27.123214721679688
30.1484375,953.2179565429688,27.12285614013672
30.1640625,953.2280883789062,27.12762451171875
30.1796875,953.2225341796875,27.115875244140625
30.1953125,953.208251953125,27.132034301757812
30.2109375,953.2218017578125,27.12873077392578
30.2265625,953.2024536132812,27.131301879882812
30.2421875,953.2134399414062,27.133514404296875
30.2578125,953.2112426757812,27.132781982421875
30.2734375,953.2111206054688,27.129470825195312
30.2890625,953.21435546875,27.136085510253906
30.3046875,953.2300415039062,27.138648986816406
30.3203125,953.2129516601562,27.12652587890625
30.3359375,953.2015380859375,27.122482299804688
30.3515625,953.2053833007812,27.133514404296875
30.3671875,953.205810546875,27.130935668945312
30.3828125,953.2174682617188,27.130935668945312
30.3984375,953.2103881835938,27.12726593017578
30.4140625,953.2135620117188,27.132781982421875
30.4296875,953.2105102539062,27.133880615234375
30.4453125,953.2076416015625,27.12652587890625
30.4609375,953.2003784179688,27.134613037109375
30.4765625,953.2047729492188,27.114036560058594
30.4921875,953.2092895507812,27.129104614257812
30.5078125,953.2084350585938,27.118072509765625
30.5234375,953.1978149414062,27.12726593017578
30.5390625,953.2135620117188,27.11035919189453
30.5546875,953.1856079101562,27.12358856201172
30.5703125,953.2012939453125,27.119911193847656
30.5859375,953.1990966796875,27.12358856201172
30.6015625,953.1983642578125,27.129470825195312
30.6171875,953.20068359375,27.12358856201172
30.6328125,953.204833984375,27.119911193847656
30.6484375,953.2307739257812,27.12358856201172
30.6640625,953.2329711914062,27.122482299804688
30.6796875,953.2047729492188,27.12762451171875
30.6953125,953.2009887695312,27.12285614013672
30.7109375,953.207763671875,27.12175750732422
30.7265625,953.2130126953125,27.119911193847656
30.7421875,953.2098999023438,27.12285614013672
30.7578125,953.2794799804688,27.11035919189453
30.7734375,953.2208862304688,27.12358856201172
30.7890625,953.322021484375,27.119911193847656
30.8046875,953.3795776367188,27.11035919189453
30.8203125,953.3146362304688,27.119911193847656
30.8359375,953.359375,27.119911193847656
30.8515625,953.2421875,27.10668182373047
30.8671875,953.2109375,27.12726593017578
30.8828125,953.3815307617188,27.12358856201172
30.8984375,953.2365112304688,27.112564086914062
30.9140625,953.270751953125,27.116600036621094
30.9296875,953.3243408203125,27.11109161376953
30.9453125,953.231689453125,27.10778045654297
30.9609375,953.3180541992188,27.12726593017578
30.9765625,953.185546875,27.12358856201172
30.9921875,953.2227783203125,27.11035919189453
31.0078125,953.2077026367188,27.115875244140625
31.0234375,953.1998901367188,27.118446350097656
31.0390625,953.2145385742188,27.12689208984375
31.0546875,953.2111206054688,27.119911193847656
31.0703125,953.211669921875,27.119911193847656
31.0859375,953.2020874023438,27.112937927246094
31.1015625,953.2044067382812,27.118072509765625
31.1171875,953.1983642578125,27.12689208984375
31.1328125,953.2099609375,27.119178771972656
31.1484375,953.2062377929688,27.12506103515625
31.1640625,953.2003173828125,27.114036560058594
31.1796875,953.1985473632812,27.12762451171875
31.1953125,953.2064819335938,27.12175750732422
31.2109375,953.2070922851562,27.11035919189453
31.2265625,953.201171875,27.118446350097656
31.2421875,953.2186279296875,27.119911193847656
31.2578125,953.197998046875,27.10668182373047
31.2734375,953.2044067382812,27.116973876953125
31.2890625,953.2059326171875,27.119911193847656
31.3046875,953.2045288085938,27.112937927246094
31.3203125,953.2031860351562,27.12726593017578
31.3359375,953.2111206054688,27.12358856201172
31.3515625,953.1995239257812,27.10411834716797
31.3671875,953.1975708007812,27.10411834716797
31.3828125,953.1975708007812,27.100433349609375
31.3984375,953.1935424804688,27.10411834716797
31.4140625,953.1939086914062,27.101165771484375
31.4296875,953.1961669921875,27.10411834716797
31.4453125,953.1957397460938,27.112937927246094
31.4609375,953.197265625,27.11109161376953
31.4765625,953.2066040039062,27.101165771484375
31.4921875,953.1961669921875,27.097503662109375
31.5078125,953.2100830078125,27.09014129638672
