# Time (seconds),Pressure,Temp
0.0078125,930.9700317382812,30.269241333007812
0.0234375,930.98974609375,30.257476806640625
0.0390625,930.9813232421875,30.26483154296875
0.0546875,930.9747314453125,30.262252807617188
0.0703125,930.97216796875,30.258216857910156
0.0859375,930.9723510742188,30.253067016601562
0.1015625,930.9711303710938,30.262985229492188
0.1171875,930.9629516601562,30.262252807617188
0.1328125,930.97216796875,30.268875122070312
0.1484375,930.9744873046875,30.26483154296875
0.1640625,930.9662475585938,30.26556396484375
0.1796875,930.9923706054688,30.261154174804688
0.1953125,930.9732055664062,30.258216857910156
0.2109375,930.9716796875,30.258216857910156
0.2265625,930.966796875,30.2490234375
0.2421875,930.9793701171875,30.268142700195312
0.2578125,930.9811401367188,30.260055541992188
0.2734375,930.9761352539062,30.251602172851562
0.2890625,930.9619140625,30.252708435058594
0.3046875,930.9766235351562,30.253433227539062
0.3203125,930.96826171875,30.252708435058594
0.3359375,930.972412109375,30.249755859375
0.3515625,930.97216796875,30.252708435058594
0.3671875,930.9802856445312,30.258216857910156
0.3828125,930.9813842773438,30.255271911621094
0.3984375,930.9653930664062,30.262252807617188
0.4140625,930.9818725585938,30.257843017578125
0.4296875,930.9771118164062,30.26959991455078
0.4453125,930.9928588867188,30.261154174804688
0.4609375,930.9659423828125,30.26666259765625
0.4765625,930.9852905273438,30.256370544433594
0.4921875,931.0079345703125,30.25086212158203
0.5078125,930.9691162109375,30.26556396484375
0.5234375,930.9955444335938,30.252708435058594
0.5390625,930.9888305664062,30.251602172851562
0.5546875,931.0117797851562,30.259323120117188
0.5703125,930.9985961914062,30.272552490234375
0.5859375,931.016845703125,30.258575439453125
0.6015625,930.9972534179688,30.26446533203125
0.6171875,931.0081176757812,30.26666259765625
0.6328125,930.9925537109375,30.259681701660156
0.6484375,930.9918823242188,30.268142700195312
0.6640625,930.9853515625,30.269241333007812
0.6796875,931.0061645507812,30.279891967773438
0.6953125,931.017578125,30.26409149169922
0.7109375,931.0057373046875,30.26593780517578
0.7265625,931.0083618164062,30.26850128173828
0.7421875,931.0061645507812,30.269241333007812
0.7578125,930.9927978515625,30.28173065185547
0.7734375,930.99951171875,30.26409149169922
0.7890625,931.0057373046875,30.270706176757812
0.8046875,930.992919921875,30.283203125
0.8203125,930.9868774414062,30.2850341796875
0.8359375,931.0101318359375,30.26409149169922
0.8515625,931.0160522460938,30.262252807617188
0.8671875,931.0012817382812,30.275115966796875
0.8828125,931.01708984375,30.280624389648438
0.8984375,930.993896484375,30.279525756835938
0.9140625,931.006591796875,30.275482177734375
0.9296875,931.0092163085938,30.280624389648438
0.9453125,931.0006103515625,30.274009704589844
0.9609375,930.9932861328125,30.278793334960938
0.9765625,931.0071411132812,30.26409149169922
0.9921875,930.9850463867188,30.269241333007812
1.0078125,931.008544921875,30.26409149169922
1.0234375,930.9850463867188,30.28173065185547
1.0390625,930.9939575195312,30.287612915039062
1.0546875,930.98974609375,30.272178649902344
1.0703125,930.98583984375,30.2850341796875
1.0859375,930.9943237304688,30.2850341796875
1.1015625,930.9973754882812,30.28357696533203
1.1171875,931.0069580078125,30.283203125
1.1328125,930.9868774414062,30.269973754882812
1.1484375,930.9928588867188,30.26483154296875
1.1640625,930.9984130859375,30.278793334960938
1.1796875,930.9967651367188,30.272552490234375
1.1953125,930.9840698242188,30.277320861816406
1.2109375,930.9862060546875,30.279891967773438
1.2265625,930.9835205078125,30.26409149169922
1.2421875,930.997802734375,30.271804809570312
1.2578125,930.9869384765625,30.273284912109375
1.2734375,930.9931640625,30.26556396484375
1.2890625,930.97607421875,30.26666259765625
1.3046875,930.9797973632812,30.255645751953125
1.3203125,930.9696044921875,30.2850341796875
1.3359375,930.9869995117188,30.283203125
1.3515625,931.0045166015625,30.2850341796875
1.3671875,930.96826171875,30.273284912109375
1.3828125,930.9859008789062,30.292022705078125
1.3984375,930.9877319335938,30.269241333007812
1.4140625,930.9751586914062,30.2813720703125
1.4296875,930.98974609375,30.2850341796875
1.4453125,930.9998168945312,30.275482177734375
1.4609375,930.9933471679688,30.272178649902344
1.4765625,930.9900512695312,30.274383544921875
1.4921875,930.9841918945312,30.273284912109375
1.5078125,930.9859008789062,30.275115966796875
1.5234375,930.974609375,30.269973754882812
1.5390625,930.9886474609375,30.26850128173828
1.5546875,930.982421875,30.279525756835938
1.5703125,930.9865112304688,30.2850341796875
1.5859375,930.9931640625,30.269973754882812
1.6015625,930.9855346679688,30.269973754882812
1.6171875,930.9867553710938,30.296432495117188
1.6328125,930.9912109375,30.2850341796875
1.6484375,930.9869995117188,30.292022705078125
1.6640625,930.9920043945312,30.279525756835938
1.6796875,930.9895629882812,30.290550231933594
1.6953125,930.987548828125,30.283203125
1.7109375,931.00146484375,30.274009704589844
1.7265625,930.9860229492188,30.296432495117188
1.7421875,930.9754638671875,30.292022705078125
1.7578125,930.9877319335938,30.28173065185547
1.7734375,930.9927978515625,30.296432495117188
1.7890625,930.9881591796875,30.2850341796875
1.8046875,930.98583984375,30.295700073242188
1.8203125,930.9911499023438,30.292022705078125
1.8359375,930.9877319335938,30.283203125
1.8515625,930.9838256835938,30.30194091796875
1.8671875,930.9783325195312,30.279891967773438
1.8828125,930.9865112304688,30.287612915039062
1.8984375,930.9903564453125,30.26409149169922
1.9140625,930.9935913085938,30.2843017578125
1.9296875,930.9791259765625,30.2843017578125
1.9453125,930.978515625,30.269973754882812
1.9609375,930.988037109375,30.272178649902344
1.9765625,930.9962158203125,30.2850341796875
1.9921875,930.9839477539062,30.2843017578125
2.0078125,930.9869384765625,30.279891967773438
2.0234375,930.9865112304688,30.296432495117188
2.0390625,931.0009155273438,30.290191650390625
2.0546875,931.0009765625,30.296432495117188
2.0703125,930.9881591796875,30.287612915039062
2.0859375,930.9873046875,30.289085388183594
2.1015625,930.9807739257812,30.295700073242188
2.1171875,930.9880981445312,30.283203125
2.1328125,930.9959716796875,30.2813720703125
2.1484375,930.9788208007812,30.2850341796875
2.1640625,930.9943237304688,30.275482177734375
2.1796875,930.986083984375,30.292022705078125
2.1953125,930.9786376953125,30.292396545410156
2.2109375,930.9877319335938,30.293853759765625
2.2265625,930.9763793945312,30.291290283203125
2.2421875,930.970703125,30.286880493164062
2.2578125,930.9757690429688,30.291290283203125
2.2734375,930.9876098632812,30.297531127929688
2.2890625,930.9852294921875,30.289443969726562
2.3046875,930.9874877929688,30.296432495117188
2.3203125,931.002685546875,30.289443969726562
2.3359375,930.9844360351562,30.286880493164062
2.3515625,930.9902954101562,30.296432495117188
2.3671875,930.9881591796875,30.292022705078125
2.3828125,930.984130859375,30.2850341796875
2.3984375,930.9835205078125,30.2850341796875
2.4140625,930.9869995117188,30.294960021972656
2.4296875,930.9825439453125,30.28282928466797
2.4453125,930.9796142578125,30.292022705078125
2.4609375,930.9713745117188,30.291290283203125
2.4765625,930.9718627929688,30.2850341796875
2.4921875,931.0047607421875,30.279525756835938
2.5078125,930.9895629882812,30.293495178222656
2.5234375,930.986083984375,30.287612915039062
2.5390625,930.9873046875,30.295700073242188
2.5546875,930.9880981445312,30.293121337890625
2.5703125,930.9659423828125,30.296432495117188
2.5859375,931.005859375,30.292022705078125
2.6015625,930.98046875,30.296432495117188
2.6171875,930.9881591796875,30.297531127929688
2.6328125,930.9907836914062,30.30010986328125
2.6484375,930.9927978515625,30.304153442382812
2.6640625,930.9900512695312,30.289443969726562
2.6796875,930.992919921875,30.280624389648438
2.6953125,930.976318359375,30.30084228515625
2.7109375,930.9844360351562,30.279525756835938
2.7265625,930.9822998046875,30.292022705078125
2.7421875,930.9846801757812,30.279891967773438
2.7578125,930.9883422851562,30.283203125
2.7734375,930.9868774414062,30.2843017578125
2.7890625,930.985107421875,30.292022705078125
2.8046875,930.990234375,30.287612915039062
2.8203125,930.9842529296875,30.296432495117188
2.8359375,930.985107421875,30.290191650390625
2.8515625,930.987548828125,30.2850341796875
2.8671875,930.9810180664062,30.290191650390625
2.8828125,930.987548828125,30.304153442382812
2.8984375,930.9864501953125,30.292755126953125
2.9140625,931.0023803710938,30.293121337890625
2.9296875,930.9774780273438,30.2850341796875
2.9453125,930.9938354492188,30.292022705078125
2.9609375,930.9877319335938,30.30010986328125
2.9765625,930.9884643554688,30.2843017578125
2.9921875,930.9833374023438,30.289085388183594
3.0078125,931.0020141601562,30.292022705078125
3.0234375,930.9926147460938,30.278793334960938
3.0390625,930.9863891601562,30.296432495117188
3.0546875,930.9923706054688,30.292022705078125
3.0703125,930.9749755859375,30.294601440429688
3.0859375,930.9825439453125,30.304153442382812
3.1015625,930.9755249023438,30.296432495117188
3.1171875,930.9808349609375,30.290191650390625
3.1328125,930.9900512695312,30.296432495117188
3.1484375,930.9747924804688,30.28173065185547
3.1640625,930.9898071289062,30.296432495117188
3.1796875,930.9693603515625,30.297531127929688
3.1953125,930.9724731445312,30.30010986328125
3.2109375,930.9824829101562,30.293495178222656
3.2265625,930.9691162109375,30.292022705078125
3.2421875,930.9730834960938,30.286880493164062
3.2578125,930.983642578125,30.2850341796875
3.2734375,930.9901123046875,30.28467559814453
3.2890625,930.9620971679688,30.295700073242188
3.3046875,930.9880981445312,30.296432495117188
3.3203125,930.9923706054688,30.292022705078125
3.3359375,930.9810791015625,30.286880493164062
3.3515625,930.9871826171875,30.289443969726562
3.3671875,930.975341796875,30.296432495117188
3.3828125,930.9778442382812,30.292022705078125
3.3984375,930.9762573242188,30.289085388183594
3.4140625,930.970458984375,30.290550231933594
3.4296875,930.9948120117188,30.28173065185547
3.4453125,930.9909057617188,30.275482177734375
3.4609375,930.9800415039062,30.2850341796875
3.4765625,930.96826171875,30.28173065185547
3.4921875,930.9970703125,30.271804809570312
3.5078125,930.9796752929688,30.279891967773438
3.5234375,930.9707641601562,30.269973754882812
3.5390625,930.9649047851562,30.26556396484375
3.5546875,930.9736328125,30.26629638671875
3.5703125,930.9749145507812,30.287612915039062
3.5859375,930.975830078125,30.273284912109375
3.6015625,930.9701538085938,30.274009704589844
3.6171875,930.9932861328125,30.271072387695312
3.6328125,930.9808349609375,30.28357696533203
3.6484375,930.9674682617188,30.274009704589844
3.6640625,930.9672241210938,30.272552490234375
3.6796875,930.979736328125,30.280624389648438
3.6953125,930.961669921875,30.2850341796875
3.7109375,930.9694213867188,30.28099822998047
3.7265625,930.981201171875,30.272552490234375
3.7421875,930.9669799804688,30.2850341796875
3.7578125,930.9803466796875,30.2813720703125
3.7734375,930.9939575195312,30.269241333007812
3.7890625,930.9776611328125,30.277694702148438
3.8046875,930.967529296875,30.26666259765625
3.8203125,930.9725341796875,30.271804809570312
3.8359375,930.9669189453125,30.269241333007812
3.8515625,930.9666748046875,30.272552490234375
3.8671875,930.9730834960938,30.269241333007812
3.8828125,930.9697265625,30.26776885986328
3.8984375,930.9786987304688,30.277320861816406
3.9140625,930.9686279296875,30.26483154296875
3.9296875,930.9844970703125,30.251602172851562
3.9453125,930.9838256835938,30.262252807617188
3.9609375,931.0614624023438,30.276214599609375
3.9765625,931.1314697265625,30.2850341796875
3.9921875,931.1705322265625,30.26739501953125
4.0078125,931.369873046875,30.26556396484375
4.0234375,931.1808471679688,30.2850341796875
4.0390625,931.3084716796875,30.262252807617188
4.0546875,931.3986206054688,30.272178649902344
4.0703125,931.268310546875,30.269973754882812
4.0859375,931.3173217773438,30.261154174804688
4.1015625,931.476318359375,30.279891967773438
4.1171875,931.78662109375,30.26409149169922
4.1328125,931.5762329101562,30.256744384765625
4.1484375,931.590576171875,30.262252807617188
4.1640625,931.3409423828125,30.25086212158203
4.1796875,931.430908203125,30.253433227539062
4.1953125,931.4847412109375,30.249755859375
4.2109375,931.3713989257812,30.258949279785156
4.2265625,931.5210571289062,30.25196075439453
4.2421875,931.385498046875,30.257843017578125
4.2578125,931.3204956054688,30.2490234375
4.2734375,931.400390625,30.245346069335938
4.2890625,931.612060546875,30.237632751464844
4.3046875,931.2212524414062,30.233596801757812
4.3203125,931.5028076171875,30.245346069335938
4.3359375,931.3034057617188,30.234695434570312
4.3515625,931.3382568359375,30.23065948486328
4.3671875,931.8056030273438,30.2144775390625
4.3828125,931.4966430664062,30.22918701171875
4.3984375,931.5721435546875,30.216323852539062
4.4140625,931.3267211914062,30.216323852539062
4.4296875,931.2793579101562,30.201995849609375
4.4453125,931.36669921875,30.207138061523438
4.4609375,931.2626342773438,30.2119140625
4.4765625,931.3239135742188,30.19573974609375
4.4921875,931.5372924804688,30.19573974609375
4.5078125,931.4285888671875,30.200889587402344
4.5234375,931.43701171875,30.200889587402344
4.5390625,931.1854248046875,30.19097137451172
4.5546875,931.265380859375,30.188392639160156
4.5703125,931.4722290039062,30.180679321289062
4.5859375,931.24609375,30.183982849121094
4.6015625,931.3162841796875,30.17699432373047
4.6171875,931.4255981445312,30.185455322265625
4.6328125,931.0977783203125,30.174057006835938
4.6484375,931.2667236328125,30.167816162109375
4.6640625,931.317138671875,30.15972900390625
4.6796875,931.1146850585938,30.164512634277344
4.6953125,931.0804443359375,30.16266632080078
4.7109375,931.0857543945312,30.15679168701172
4.7265625,931.1028442382812,30.152740478515625
4.7421875,931.0628662109375,30.131797790527344
4.7578125,931.094970703125,30.137680053710938
4.7734375,931.0753784179688,30.141357421875
4.7890625,931.061767578125,30.136207580566406
4.8046875,931.0771484375,30.133644104003906
4.8203125,931.052001953125,30.12041473388672
4.8359375,931.0343017578125,30.116004943847656
4.8515625,931.0374755859375,30.12628173828125
4.8671875,931.0397338867188,30.12628173828125
4.8828125,931.0440673828125,30.115257263183594
4.8984375,931.0458984375,30.118942260742188
4.9140625,931.0455932617188,30.113052368164062
4.9296875,931.0317993164062,30.109390258789062
4.9453125,931.0477905273438,30.119308471679688
4.9609375,931.0341796875,30.121871948242188
4.9765625,931.0460205078125,30.115631103515625
4.9921875,931.0460205078125,30.112693786621094
5.0078125,931.0316772460938,30.114898681640625
5.0234375,931.0428466796875,30.115257263183594
5.0390625,931.0319213867188,30.110488891601562
5.0546875,931.0405883789062,30.1068115234375
5.0703125,931.0372314453125,30.119308471679688
5.0859375,931.0324096679688,30.116729736328125
5.1015625,931.0309448242188,30.10498046875
5.1171875,931.0224609375,30.111221313476562
5.1328125,931.0316162109375,30.108642578125
5.1484375,931.0100708007812,30.1060791015625
5.1640625,931.0115966796875,30.1075439453125
5.1796875,931.0130004882812,30.097991943359375
5.1953125,931.0169067382812,30.10387420654297
5.2109375,931.0199584960938,30.10460662841797
5.2265625,931.0223999023438,30.100929260253906
5.2421875,931.015380859375,30.10460662841797
5.2578125,931.0126953125,30.100929260253906
5.2734375,931.0220336914062,30.100570678710938
5.2890625,931.0110473632812,30.09137725830078
5.3046875,931.011474609375,30.101303100585938
5.3203125,931.00146484375,30.094314575195312
5.3359375,931.01904296875,30.097991943359375
5.3515625,931.0065307617188,30.096519470214844
5.3671875,931.0064086914062,30.084762573242188
5.3828125,931.0053100585938,30.08879852294922
5.3984375,931.012939453125,30.098724365234375
5.4140625,931.0072631835938,30.094314575195312
5.4296875,931.0014038085938,30.094314575195312
5.4453125,931.0269165039062,30.086593627929688
5.4609375,931.0054321289062,30.092849731445312
5.4765625,931.0224609375,30.097259521484375
5.4921875,931.0064697265625,30.09137725830078
5.5078125,931.0254516601562,30.09320831298828
5.5234375,931.0012817382812,30.10387420654297
5.5390625,931.0071411132812,30.103134155273438
5.5546875,931.0064697265625,30.100570678710938
5.5703125,930.9970703125,30.097991943359375
5.5859375,931.0065307617188,30.100929260253906
5.6015625,931.0020141601562,30.097991943359375
5.6171875,931.0065307617188,30.097618103027344
5.6328125,931.0047607421875,30.097991943359375
5.6484375,931.0011596679688,30.096519470214844
5.6640625,931.0142822265625,30.096519470214844
5.6796875,931.0064086914062,30.10828399658203
5.6953125,930.9905395507812,30.1075439453125
5.7109375,931.0087280273438,30.097991943359375
5.7265625,930.9998779296875,30.121139526367188
5.7421875,930.9918823242188,30.116729736328125
5.7578125,931.0394287109375,30.105712890625
5.7734375,931.1914672851562,30.101303100585938
5.7890625,931.1254272460938,30.1068115234375
5.8046875,931.224365234375,30.1068115234375
5.8203125,931.3287963867188,30.117103576660156
5.8359375,931.2465209960938,30.111595153808594
5.8515625,931.3602905273438,30.114158630371094
5.8671875,931.1362915039062,30.108642578125
5.8828125,931.23974609375,30.101303100585938
5.8984375,931.7547607421875,30.099464416503906
5.9140625,931.4915161132812,30.112693786621094
5.9296875,931.3385009765625,30.10387420654297
5.9453125,931.6876220703125,30.108642578125
5.9609375,931.2081909179688,30.1068115234375
5.9765625,931.2462158203125,30.102401733398438
5.9921875,931.5885009765625,30.097259521484375
6.0078125,931.5076904296875,30.099090576171875
6.0234375,931.5958862304688,30.09064483642578
6.0390625,931.7239379882812,30.094314575195312
6.0546875,931.4387817382812,30.097991943359375
6.0703125,931.5254516601562,30.09137725830078
6.0859375,931.2015991210938,30.091751098632812
6.1015625,931.1602783203125,30.081825256347656
6.1171875,931.2085571289062,30.08623504638672
6.1328125,931.371826171875,30.094314575195312
6.1484375,931.1538696289062,30.09137725830078
6.1640625,931.3468627929688,30.09064483642578
6.1796875,931.1644897460938,30.079254150390625
6.1953125,931.0655517578125,30.07115936279297
6.2109375,931.1643676757812,30.074111938476562
6.2265625,931.441162109375,30.057571411132812
6.2421875,931.2943725585938,30.061981201171875
6.2578125,931.18115234375,30.057571411132812
6.2734375,931.097412109375,30.057571411132812
6.2890625,931.2371826171875,30.051315307617188
6.3046875,931.2584838867188,30.05683135986328
6.3203125,931.3646850585938,30.048385620117188
6.3359375,931.0424194335938,30.05095672607422
6.3515625,931.39453125,30.030746459960938
6.3671875,931.1744995117188,30.03221893310547
6.3828125,931.1915283203125,30.039566040039062
6.3984375,931.3508911132812,30.02044677734375
6.4140625,931.1630859375,30.031471252441406
6.4296875,931.1405029296875,30.034423828125
6.4453125,931.131591796875,30.025962829589844
6.4609375,931.2061767578125,30.023399353027344
6.4765625,931.1348266601562,30.00391387939453
6.4921875,931.1663818359375,30.012733459472656
6.5078125,931.1605224609375,30.008697509765625
6.5234375,931.2579345703125,30.00318145751953
6.5390625,931.2755737304688,30.012733459472656
6.5546875,931.2055053710938,30.00318145751953
6.5703125,931.1098022460938,30.005760192871094
6.5859375,931.232177734375,29.98186492919922
6.6015625,931.147216796875,29.997299194335938
6.6171875,931.0672607421875,29.994735717773438
6.6328125,931.1187133789062,30.00318145751953
6.6484375,931.1492919921875,29.997299194335938
6.6640625,931.2203979492188,29.98627471923828
6.6796875,931.1160888671875,29.988479614257812
6.6953125,931.0865478515625,29.98296356201172
6.7109375,931.1393432617188,29.990684509277344
6.7265625,931.073974609375,29.990325927734375
6.7421875,931.0623779296875,29.978553771972656
6.7578125,931.0757446289062,29.98186492919922
6.7734375,931.0888671875,29.990684509277344
6.7890625,931.071533203125,29.970840454101562
6.8046875,931.0361328125,29.973785400390625
6.8203125,931.0407104492188,29.971939086914062
6.8359375,931.060546875,29.979660034179688
6.8515625,931.0340576171875,29.990325927734375
6.8671875,931.0453491210938,29.974517822265625
6.8828125,931.0547485351562,29.98737335205078
6.8984375,931.0681762695312,29.98113250732422
6.9140625,931.04443359375,29.975990295410156
6.9296875,931.0597534179688,29.972686767578125
6.9453125,931.0648803710938,29.98113250732422
6.9609375,931.0255737304688,29.98627471923828
6.9765625,931.0303955078125,29.98627471923828
6.9921875,931.0303955078125,29.98480987548828
7.0078125,931.0302124023438,29.974517822265625
7.0234375,931.0322265625,29.98113250732422
7.0390625,931.0298461914062,29.969009399414062
7.0546875,931.0317993164062,29.9649658203125
7.0703125,931.017333984375,29.972312927246094
7.0859375,931.0198364257812,29.969009399414062
7.1015625,931.0147705078125,29.972686767578125
7.1171875,931.0138549804688,29.980026245117188
7.1328125,931.0206298828125,29.974143981933594
7.1484375,931.0061645507812,29.972312927246094
7.1640625,931.0180053710938,29.98627471923828
7.1796875,931.0072631835938,29.974517822265625
7.1953125,931.010986328125,29.960189819335938
7.2109375,931.0126342773438,29.96863555908203
7.2265625,931.013427734375,29.962020874023438
7.2421875,931.01708984375,29.974517822265625
7.2578125,931.0140380859375,29.98480987548828
7.2734375,931.019287109375,29.96863555908203
7.2890625,931.01953125,29.976722717285156
7.3046875,931.0062866210938,29.98480987548828
7.3203125,930.9955444335938,29.976348876953125
7.3359375,930.9947509765625,29.96790313720703
7.3515625,931.0092163085938,29.972686767578125
7.3671875,931.0071411132812,29.975990295410156
7.3828125,930.9972534179688,29.98737335205078
7.3984375,931.010986328125,29.969375610351562
7.4140625,930.9940185546875,29.98113250732422
7.4296875,931.0006713867188,29.98113250732422
7.4453125,931.0079345703125,29.988479614257812
7.4609375,931.0032348632812,29.974517822265625
7.4765625,931.009765625,29.98554229736328
7.4921875,931.0108642578125,29.988121032714844
7.5078125,930.9891967773438,29.98554229736328
7.5234375,931.0040893554688,29.976348876953125
7.5390625,930.9862060546875,29.972686767578125
7.5546875,930.9944458007812,29.988479614257812
7.5703125,931.00146484375,29.98333740234375
7.5859375,930.989990234375,29.98443603515625
7.6015625,931.0040283203125,29.993629455566406
7.6171875,930.9963989257812,29.977096557617188
7.6328125,930.986328125,29.970840454101562
7.6484375,930.9967041015625,29.98333740234375
7.6640625,930.9869384765625,29.972686767578125
7.6796875,931.0023193359375,29.989578247070312
7.6953125,930.9930419921875,29.988479614257812
7.7109375,930.9959716796875,29.98186492919922
7.7265625,930.985595703125,29.991058349609375
7.7421875,930.9864501953125,29.978553771972656
7.7578125,930.994873046875,30.0009765625
7.7734375,930.9946899414062,29.993255615234375
7.7890625,930.9963989257812,29.99803924560547
7.8046875,930.9810180664062,29.978195190429688
7.8203125,930.9985961914062,29.991058349609375
7.8359375,930.9931030273438,29.988479614257812
7.8515625,930.992919921875,29.978553771972656
7.8671875,930.989501953125,29.98296356201172
7.8828125,930.9905395507812,29.98223876953125
7.8984375,930.9923095703125,29.978553771972656
7.9140625,931.0520629882812,29.997299194335938
7.9296875,931.189453125,29.997299194335938
7.9453125,931.2422485351562,30.009063720703125
7.9609375,931.4737548828125,29.993255615234375
7.9765625,931.7078857421875,29.991424560546875
7.9921875,931.3868408203125,29.996566772460938
8.0078125,931.5545043945312,30.007591247558594
8.0234375,931.9569091796875,30.00501251220703
8.0390625,931.9191284179688,29.991424560546875
8.0546875,932.9364013671875,30.012374877929688
8.0703125,931.5012817382812,30.00318145751953
8.0859375,931.4469604492188,30.022293090820312
8.1015625,932.1060180664062,30.027061462402344
8.1171875,931.694091796875,30.013473510742188
8.1328125,931.627685546875,30.01934814453125
8.1484375,931.3628540039062,30.01678466796875
8.1640625,931.77685546875,30.01971435546875
8.1796875,931.821533203125,30.01751708984375
8.1953125,932.4697265625,30.005760192871094
8.2109375,931.8141479492188,30.013473510742188
8.2265625,931.986083984375,30.00135040283203
8.2421875,932.2113647460938,30.006484985351562
8.2578125,931.4953002929688,30.0028076171875
8.2734375,932.1441040039062,30.00501251220703
8.2890625,932.38232421875,30.009796142578125
8.3046875,932.3694458007812,30.009796142578125
8.3203125,931.86669921875,30.01567840576172
8.3359375,931.6072998046875,30.00135040283203
8.3515625,931.6381225585938,29.9998779296875
8.3671875,931.6148071289062,30.006484985351562
8.3828125,931.684814453125,30.006118774414062
8.3984375,931.8845825195312,30.006858825683594
8.4140625,931.9180297851562,30.00135040283203
8.4296875,931.5968627929688,29.991058349609375
8.4453125,931.7008666992188,29.996566772460938
8.4609375,931.6535034179688,29.997299194335938
8.4765625,931.759765625,29.991424560546875
8.4921875,931.5958862304688,30.00135040283203
8.5078125,931.5719604492188,29.978553771972656
8.5234375,931.3564453125,30.00501251220703
8.5390625,931.4203491210938,30.001708984375
8.5546875,931.5282592773438,29.994735717773438
8.5703125,931.6016845703125,30.001708984375
8.5859375,931.4169921875,29.9998779296875
8.6015625,931.8141479492188,29.98333740234375
8.6171875,931.400146484375,29.995468139648438
8.6328125,931.6976928710938,29.990325927734375
8.6484375,931.5204467773438,29.989952087402344
8.6640625,931.6826171875,29.992156982421875
8.6796875,931.4951171875,29.991058349609375
8.6953125,931.5781860351562,29.988479614257812
8.7109375,931.7869262695312,29.973785400390625
8.7265625,931.6354370117188,29.996566772460938
8.7421875,931.37646484375,29.98150634765625
8.7578125,931.5195922851562,29.98296356201172
8.7734375,931.6976318359375,29.978927612304688
8.7890625,931.5922241210938,29.976348876953125
8.8046875,931.5099487304688,29.975990295410156
8.8203125,931.380615234375,29.975990295410156
8.8359375,931.3580932617188,29.974517822265625
8.8515625,931.3056640625,29.972686767578125
8.8671875,931.287841796875,29.960189819335938
8.8828125,931.2745361328125,29.975250244140625
8.8984375,931.1538696289062,29.96607208251953
8.9140625,931.1905517578125,29.957977294921875
8.9296875,931.1678466796875,29.957977294921875
8.9453125,931.1217651367188,29.953567504882812
8.9609375,931.0994873046875,29.959083557128906
8.9765625,931.1007080078125,29.951370239257812
8.9921875,931.0792846679688,29.955780029296875
9.0078125,931.0589599609375,29.958351135253906
9.0234375,931.0678100585938,29.962020874023438
9.0390625,931.0760498046875,29.953567504882812
9.0546875,931.0685424804688,29.958351135253906
9.0703125,931.054443359375,29.953567504882812
9.0859375,931.053955078125,29.96863555908203
9.1015625,931.0693359375,29.96790313720703
9.1171875,931.0747680664062,29.953567504882812
9.1328125,931.0575561523438,29.953567504882812
9.1484375,931.0587768554688,29.94512176513672
9.1640625,931.0379638671875,29.953567504882812
9.1796875,931.038818359375,29.955406188964844
9.1953125,931.0516967773438,29.950637817382812
9.2109375,931.0591430664062,29.94915771484375
9.2265625,931.0463256835938,29.954299926757812
9.2421875,931.0344848632812,29.962020874023438
9.2578125,931.0523071289062,29.956878662109375
9.2734375,931.032958984375,29.94732666015625
9.2890625,931.0411987304688,29.953567504882812
9.3046875,931.0296630859375,29.956504821777344
9.3203125,931.0548095703125,29.94915771484375
9.3359375,931.0267944335938,29.953941345214844
9.3515625,931.0344848632812,29.942176818847656
9.3671875,931.0364379882812,29.94512176513672
9.3828125,931.0294189453125,29.944381713867188
9.3984375,931.0408325195312,29.942176818847656
9.4140625,931.0315551757812,29.94843292236328
9.4296875,931.046142578125,29.941444396972656
9.4453125,931.0314331054688,29.942550659179688
9.4609375,931.0333862304688,29.94953155517578
9.4765625,931.0365600585938,29.94843292236328
9.4921875,931.017578125,29.937767028808594
9.5078125,931.0287475585938,29.951370239257812
9.5234375,931.0330200195312,29.955406188964844
9.5390625,931.0304565429688,29.94953155517578
9.5546875,931.0298461914062,29.942176818847656
9.5703125,931.0285034179688,29.937034606933594
9.5859375,931.0146484375,29.94585418701172
9.6015625,931.0264892578125,29.950637817382812
9.6171875,931.0299072265625,29.942176818847656
9.6328125,931.0358276367188,29.95209503173828
9.6484375,931.0161743164062,29.936660766601562
9.6640625,931.0286254882812,29.94953155517578
9.6796875,931.0267944335938,29.94402313232422
9.6953125,931.029296875,29.94402313232422
9.7109375,931.0171508789062,29.94402313232422
9.7265625,931.0110473632812,29.94915771484375
9.7421875,931.0176391601562,29.938865661621094
9.7578125,931.0050659179688,29.952842712402344
9.7734375,931.004638671875,29.957977294921875
9.7890625,930.9984130859375,29.958351135253906
9.8046875,931.0081787109375,29.951370239257812
9.8203125,931.0178833007812,29.953567504882812
9.8359375,931.0120239257812,29.957252502441406
9.8515625,931.0154418945312,29.950637817382812
9.8671875,931.0177001953125,29.941444396972656
9.8828125,931.024169921875,29.940338134765625
9.8984375,931.0040283203125,29.94915771484375
9.9140625,931.0158081054688,29.953567504882812
9.9296875,931.02294921875,29.944381713867188
9.9453125,931.0213623046875,29.957977294921875
9.9609375,931.0008544921875,29.94768524169922
9.9765625,931.0059204101562,29.94732666015625
9.9921875,931.0023193359375,29.942176818847656
10.0078125,931.0169067382812,29.94843292236328
10.0234375,931.0109252929688,29.94843292236328
10.0390625,931.006591796875,29.94915771484375
10.0546875,931.0048828125,29.958351135253906
10.0703125,930.9930419921875,29.954299926757812
10.0859375,931.0162963867188,29.959083557128906
10.1015625,931.0003662109375,29.94879150390625
10.1171875,931.0048217773438,29.950637817382812
10.1328125,930.9977416992188,29.954299926757812
10.1484375,930.9981079101562,29.953941345214844
10.1640625,931.0040893554688,29.941444396972656
10.1796875,931.0040893554688,29.955406188964844
10.1953125,931.0055541992188,29.94402313232422
10.2109375,930.9922485351562,29.956504821777344
10.2265625,930.9953002929688,29.955047607421875
10.2421875,930.9920043945312,29.964599609375
10.2578125,930.98388671875,29.953567504882812
10.2734375,930.98779296875,29.943275451660156
10.2890625,931.0000610351562,29.959083557128906
10.3046875,930.9967651367188,29.94768524169922
10.3203125,931.0679321289062,29.94915771484375
10.3359375,931.4295654296875,29.957977294921875
10.3515625,931.8070068359375,29.94915771484375
10.3671875,931.9797973632812,29.958351135253906
10.3828125,932.28857421875,29.959083557128906
10.3984375,932.7244873046875,29.962020874023438
10.4140625,932.1444091796875,29.962020874023438
10.4296875,931.8408203125,29.96166229248047
10.4453125,932.9025268554688,29.967529296875
10.4609375,932.5249633789062,29.973785400390625
10.4765625,931.8856811523438,29.976722717285156
10.4921875,932.5477294921875,29.975990295410156
10.5078125,932.7650756835938,29.972686767578125
10.5234375,932.93701171875,29.975990295410156
10.5390625,932.8766479492188,29.974517822265625
10.5546875,932.860107421875,29.98627471923828
10.5703125,933.1700439453125,29.988121032714844
10.5859375,932.8219604492188,29.98371124267578
10.6015625,932.7589721679688,29.98186492919922
10.6171875,932.8595581054688,29.978553771972656
10.6328125,933.1608276367188,29.993255615234375
10.6484375,932.548095703125,29.997299194335938
10.6640625,932.356689453125,29.997665405273438
10.6796875,932.8587036132812,30.00318145751953
10.6953125,932.9465942382812,30.005760192871094
10.7109375,932.1244506835938,30.012733459472656
10.7265625,932.4323120117188,30.01751708984375
10.7421875,932.6834106445312,30.024124145507812
10.7578125,932.05810546875,30.030372619628906
10.7734375,932.4485473632812,30.02155303955078
10.7890625,932.0160522460938,30.03221893310547
10.8046875,932.8742065429688,30.041038513183594
10.8203125,932.266845703125,30.02044677734375
10.8359375,932.437255859375,30.048751831054688
10.8515625,932.3477783203125,30.05242156982422
10.8671875,932.4652709960938,30.03919219970703
10.8828125,932.07177734375,30.058677673339844
10.8984375,932.05419921875,30.05426788330078
10.9140625,932.2244262695312,30.057571411132812
10.9296875,931.8579711914062,30.066024780273438
10.9453125,931.9127807617188,30.05683135986328
10.9609375,931.6422729492188,30.059402465820312
10.9765625,931.8053588867188,30.05536651611328
10.9921875,931.7611694335938,30.074111938476562
11.0078125,931.6859130859375,30.077041625976562
11.0234375,931.7506103515625,30.0697021484375
11.0390625,931.693359375,30.081825256347656
11.0546875,931.4163818359375,30.076675415039062
11.0703125,931.5416259765625,30.093582153320312
11.0859375,931.5299072265625,30.094314575195312
11.1015625,931.5791015625,30.091751098632812
11.1171875,931.2957763671875,30.111221313476562
11.1328125,931.4927368164062,30.097259521484375
11.1484375,931.4251098632812,30.096519470214844
11.1640625,931.4863891601562,30.097991943359375
11.1796875,931.3486328125,30.08623504638672
11.1953125,931.3384399414062,30.101303100585938
11.2109375,931.2353515625,30.111221313476562
11.2265625,931.1063232421875,30.101303100585938
11.2421875,931.1089477539062,30.09137725830078
11.2578125,931.1469116210938,30.103134155273438
11.2734375,931.1024780273438,30.091751098632812
11.2890625,931.0940551757812,30.094314575195312
11.3046875,931.0791015625,30.09027099609375
11.3203125,931.089599609375,30.08879852294922
11.3359375,931.0938110351562,30.08879852294922
11.3515625,931.08349609375,30.08623504638672
11.3671875,931.0765380859375,30.083663940429688
11.3828125,931.076904296875,30.066749572753906
11.3984375,931.075927734375,30.083663940429688
11.4140625,931.0465698242188,30.075942993164062
11.4296875,931.0693359375,30.076316833496094
11.4453125,931.0809936523438,30.07115936279297
11.4609375,931.0549926757812,30.079254150390625
11.4765625,931.053955078125,30.079254150390625
11.4921875,931.0509643554688,30.065292358398438
11.5078125,931.0635986328125,30.068222045898438
11.5234375,931.0499267578125,30.074111938476562
11.5390625,931.0692138671875,30.067855834960938
11.5546875,931.0455932617188,30.056472778320312
11.5703125,931.0567016601562,30.066024780273438
11.5859375,931.0496826171875,30.05683135986328
11.6015625,931.0687866210938,30.07006072998047
11.6171875,931.0446166992188,30.05536651611328
11.6328125,931.0516357421875,30.063446044921875
11.6484375,931.0421142578125,30.045074462890625
11.6640625,931.0403442382812,30.063812255859375
11.6796875,931.0567626953125,30.062713623046875
11.6953125,931.0451049804688,30.05683135986328
11.7109375,931.0396728515625,30.048385620117188
11.7265625,931.052734375,30.048751831054688
11.7421875,931.0364379882812,30.03588104248047
11.7578125,931.0352172851562,30.049484252929688
11.7734375,931.0389404296875,30.046173095703125
11.7890625,931.0391845703125,30.029640197753906
11.8046875,931.0303955078125,30.049110412597656
11.8203125,931.0267944335938,30.051315307617188
11.8359375,931.03125,30.031471252441406
11.8515625,931.0383911132812,30.038833618164062
11.8671875,931.0385131835938,30.045074462890625
11.8828125,931.0209350585938,30.049484252929688
11.8984375,931.0419311523438,30.03221893310547
11.9140625,931.0238647460938,30.03221893310547
11.9296875,931.0195922851562,30.038833618164062
11.9453125,931.0385131835938,30.033676147460938
11.9609375,931.0380249023438,30.033676147460938
11.9765625,931.0240478515625,30.01714324951172
11.9921875,931.0139770507812,30.022293090820312
12.0078125,931.0186767578125,30.022293090820312
12.0234375,931.0064697265625,30.028533935546875
12.0390625,931.019287109375,30.03221893310547
12.0546875,931.012939453125,30.0380859375
12.0703125,931.0383911132812,30.031471252441406
12.0859375,931.012939453125,30.02155303955078
12.1015625,931.0142822265625,30.023025512695312
12.1171875,931.0047607421875,30.031471252441406
12.1328125,931.012939453125,30.030372619628906
12.1484375,931.0084838867188,30.02044677734375
12.1640625,931.0366821289062,30.011627197265625
12.1796875,931.0176391601562,30.034423828125
12.1953125,931.01318359375,30.013473510742188
12.2109375,930.9983520507812,30.013832092285156
12.2265625,931.012939453125,30.005760192871094
12.2421875,931.0128173828125,30.023399353027344
12.2578125,931.003662109375,30.012374877929688
12.2734375,930.9976196289062,30.025230407714844
12.2890625,931.0050659179688,30.02155303955078
12.3046875,931.0142822265625,30.012733459472656
12.3203125,930.9983520507812,30.023399353027344
12.3359375,931.0200805664062,30.02044677734375
12.3515625,930.9972534179688,30.031112670898438
12.3671875,931.0151977539062,30.005760192871094
12.3828125,931.0128173828125,30.023399353027344
12.3984375,931.0048217773438,30.01678466796875
12.4140625,931.0101928710938,30.027809143066406
12.4296875,931.0161743164062,30.013832092285156
12.4453125,931.0221557617188,30.01751708984375
12.4609375,930.9987182617188,30.005760192871094
12.4765625,931.0031127929688,30.01678466796875
12.4921875,931.011474609375,30.011627197265625
12.5078125,930.9768676757812,30.012733459472656
12.5234375,930.985595703125,30.009796142578125
12.5390625,930.9979248046875,30.01678466796875
12.5546875,930.981689453125,30.009796142578125
12.5703125,930.9979248046875,30.009422302246094
12.5859375,931.0022583007812,30.024124145507812
12.6015625,930.9993286132812,30.01751708984375
12.6171875,931,30.013107299804688
12.6328125,931.0134887695312,30.012374877929688
12.6484375,930.9994506835938,29.996566772460938
12.6640625,930.9967651367188,30.02155303955078
12.6796875,930.9923706054688,30.012374877929688
12.6953125,930.9884643554688,30.0028076171875
12.7109375,931.0076904296875,30.009422302246094
12.7265625,930.9992065429688,30.005760192871094
12.7421875,930.9702758789062,30.013107299804688
12.7578125,930.9710083007812,30.010894775390625
12.7734375,930.9927368164062,30.006118774414062
12.7890625,930.9879760742188,30.0020751953125
12.8046875,931.0028076171875,30.01567840576172
12.8203125,931.0143432617188,29.993988037109375
12.8359375,930.9898071289062,30.005760192871094
12.8515625,930.989013671875,29.997299194335938
12.8671875,930.9900512695312,30.005760192871094
12.8828125,930.9927978515625,30.01678466796875
12.8984375,930.9986572265625,30.00318145751953
12.9140625,930.997314453125,30.014205932617188
12.9296875,931.0056762695312,30.013832092285156
12.9453125,931.0275268554688,30.011268615722656
12.9609375,931.1331176757812,29.9998779296875
12.9765625,931.2777709960938,30.01678466796875
12.9921875,931.245361328125,30.01678466796875
13.0078125,931.4847412109375,29.997299194335938
13.0234375,931.6177368164062,30.012733459472656
13.0390625,931.6817626953125,30.005760192871094
13.0546875,931.6719970703125,30.005760192871094
13.0703125,931.782470703125,30.00318145751953
13.0859375,932.092529296875,30.005760192871094
13.1015625,931.508544921875,30.013832092285156
13.1171875,931.4358520507812,29.9998779296875
13.1328125,931.4963989257812,30.011268615722656
13.1484375,931.4574584960938,30.005760192871094
13.1640625,931.7235717773438,29.997299194335938
13.1796875,931.305419921875,29.993988037109375
13.1953125,931.7060546875,30.00501251220703
13.2109375,931.7939453125,29.990325927734375
13.2265625,931.6565551757812,29.98371124267578
13.2421875,931.3204956054688,29.993255615234375
13.2578125,931.6270141601562,29.98333740234375
13.2734375,931.6820068359375,29.993255615234375
13.2890625,931.5706176757812,29.974517822265625
13.3046875,931.4351196289062,29.98150634765625
13.3203125,931.4199829101562,29.976348876953125
13.3359375,931.3872680664062,29.96790313720703
13.3515625,931.5827026367188,29.9638671875
13.3671875,931.5033569335938,29.972312927246094
13.3828125,931.634033203125,29.96790313720703
13.3984375,931.4375610351562,29.955406188964844
13.4140625,931.248046875,29.956878662109375
13.4296875,931.4010620117188,29.954299926757812
13.4453125,931.2368774414062,29.94696044921875
13.4609375,931.1487426757812,29.94512176513672
13.4765625,931.041015625,29.937034606933594
13.4921875,931.1197509765625,29.942176818847656
13.5078125,931.0400390625,29.93004608154297
13.5234375,931.0960083007812,29.943275451660156
13.5390625,931.7144165039062,29.935928344726562
13.5546875,931.3214111328125,29.917190551757812
13.5703125,931.400390625,29.926010131835938
13.5859375,931.4249267578125,29.924537658691406
13.6015625,931.5048828125,29.91204833984375
13.6171875,931.1337280273438,29.920127868652344
13.6328125,931.3150024414062,29.91351318359375
13.6484375,931.2360229492188,29.91571807861328
13.6640625,931.4609375,29.91094970703125
13.6796875,931.3517456054688,29.91057586669922
13.6953125,931.3789672851562,29.904335021972656
13.7109375,931.2623291015625,29.900283813476562
13.7265625,931.2291870117188,29.892562866210938
13.7421875,931.2703857421875,29.887054443359375
13.7578125,931.145263671875,29.892562866210938
13.7734375,931.3231811523438,29.883010864257812
13.7890625,931.2178955078125,29.883384704589844
13.8046875,931.1200561523438,29.883743286132812
13.8203125,931.2032470703125,29.884849548339844
13.8359375,931.1699829101562,29.882644653320312
13.8515625,931.1533203125,29.869781494140625
13.8671875,931.11328125,29.881179809570312
13.8828125,931.1715698242188,29.870513916015625
13.8984375,931.1236572265625,29.869781494140625
13.9140625,931.10107421875,29.867210388183594
13.9296875,931.1141967773438,29.870887756347656
13.9453125,931.1115112304688,29.85692596435547
13.9609375,931.1513671875,29.87529754638672
13.9765625,931.0802612304688,29.87456512451172
13.9921875,931.1118774414062,29.865371704101562
14.0078125,931.107421875,29.856185913085938
14.0234375,931.1046752929688,29.85692596435547
14.0390625,931.1283569335938,29.852142333984375
14.0546875,931.1200561523438,29.851776123046875
14.0703125,931.10302734375,29.86133575439453
14.0859375,931.0911254882812,29.849945068359375
14.1015625,931.09130859375,29.845535278320312
14.1171875,931.1109008789062,29.84039306640625
14.1328125,931.0939331054688,29.84039306640625
14.1484375,931.0841674804688,29.852142333984375
14.1640625,931.0707397460938,29.831199645996094
14.1796875,931.067626953125,29.8580322265625
14.1953125,931.052001953125,29.83928680419922
14.2109375,931.0543823242188,29.82862091064453
14.2265625,931.0447998046875,29.831199645996094
14.2421875,931.0389404296875,29.82678985595703
14.2578125,931.03857421875,29.82421112060547
14.2734375,931.0510864257812,29.835983276367188
14.2890625,931.048583984375,29.831199645996094
14.3046875,931.0341796875,29.82752227783203
14.3203125,931.0374755859375,29.817596435546875
14.3359375,931.0455932617188,29.82495880126953
14.3515625,931.0444946289062,29.82311248779297
14.3671875,931.0369873046875,29.835983276367188
14.3828125,931.0346069335938,29.837081909179688
14.3984375,931.0413818359375,29.82421112060547
14.4140625,931.0262451171875,29.829368591308594
14.4296875,931.0376586914062,29.820175170898438
14.4453125,931.0215454101562,29.834503173828125
14.4609375,931.022216796875,29.834877014160156
14.4765625,931.02294921875,29.831932067871094
14.4921875,931.0317993164062,29.837814331054688
14.5078125,931.0232543945312,29.817237854003906
14.5234375,931.021240234375,29.82421112060547
14.5390625,931.031005859375,29.812088012695312
14.5546875,931.020751953125,29.82752227783203
14.5703125,931.0040283203125,29.82421112060547
14.5859375,931.0146484375,29.8238525390625
14.6015625,931.0023803710938,29.8238525390625
14.6171875,931.017578125,29.817596435546875
14.6328125,931.01708984375,29.8238525390625
14.6484375,931.0103149414062,29.82862091064453
14.6640625,931.011474609375,29.818702697753906
14.6796875,931.0128784179688,29.830093383789062
14.6953125,931.0096435546875,29.8238525390625
14.7109375,930.9993286132812,29.815765380859375
14.7265625,930.9845581054688,29.8238525390625
14.7421875,931.017578125,29.821273803710938
14.7578125,931.00341796875,29.819076538085938
14.7734375,930.9849853515625,29.817596435546875
14.7890625,930.998779296875,29.820175170898438
14.8046875,931.0142211914062,29.821273803710938
14.8203125,931.0101318359375,29.815765380859375
14.8359375,931.0045776367188,29.819442749023438
14.8515625,930.9990234375,29.82605743408203
14.8671875,930.99169921875,29.837081909179688
14.8828125,930.9963989257812,29.83818817138672
14.8984375,930.9971923828125,29.82678985595703
14.9140625,930.9930419921875,29.84039306640625
14.9296875,930.9943237304688,29.84001922607422
14.9453125,930.9967651367188,29.82752227783203
14.9609375,930.9955444335938,29.818344116210938
14.9765625,931.0048828125,29.8238525390625
14.9921875,931.0054321289062,29.82568359375
15.0078125,930.9995727539062,29.82862091064453
15.0234375,931.0314331054688,29.831199645996094
15.0390625,931.1502075195312,29.82495880126953
15.0546875,931.1873168945312,29.82678985595703
15.0703125,931.318115234375,29.836341857910156
15.0859375,931.5169067382812,29.831199645996094
15.1015625,931.9707641601562,29.82678985595703
15.1171875,931.8215942382812,29.84369659423828
15.1328125,931.96484375,29.831199645996094
15.1484375,931.93505859375,29.84039306640625
15.1640625,932.5477905273438,29.831199645996094
15.1796875,931.876708984375,29.847732543945312
15.1953125,931.9067993164062,29.839645385742188
15.2109375,932.623046875,29.849212646484375
15.2265625,932.6124877929688,29.85692596435547
15.2421875,932.9560546875,29.85948944091797
15.2578125,933.0023803710938,29.86133575439453
15.2734375,932.6275634765625,29.850669860839844
15.2890625,932.6385498046875,29.85692596435547
15.3046875,932.6593017578125,29.87712860107422
15.3203125,933.16796875,29.865371704101562
15.3359375,932.6868286132812,29.881179809570312
15.3515625,932.1912231445312,29.884490966796875
15.3671875,932.5059204101562,29.890731811523438
15.3828125,932.1969604492188,29.89807891845703
15.3984375,932.5801391601562,29.898452758789062
15.4140625,932.2081298828125,29.902488708496094
15.4296875,932.4671020507812,29.91057586669922
15.4453125,931.8819580078125,29.91204833984375
15.4609375,932.3313598632812,29.922698974609375
15.4765625,932.5139770507812,29.919021606445312
15.4921875,932.2489013671875,29.923431396484375
15.5078125,932.1541137695312,29.94915771484375
15.5234375,932.0994873046875,29.94512176513672
15.5390625,931.9010620117188,29.953567504882812
15.5546875,931.9724731445312,29.959083557128906
15.5703125,931.9274291992188,29.96166229248047
15.5859375,932.0551147460938,29.958351135253906
15.6015625,932.1015625,29.964599609375
15.6171875,931.65771484375,29.954299926757812
15.6328125,931.9177856445312,29.98150634765625
15.6484375,932.0675048828125,29.98737335205078
15.6640625,932.2240600585938,29.993255615234375
15.6796875,931.984130859375,29.975990295410156
15.6953125,932.137939453125,29.98296356201172
15.7109375,931.62841796875,29.991058349609375
15.7265625,931.7173461914062,29.98480987548828
15.7421875,932.021484375,29.997299194335938
15.7578125,931.7178955078125,29.988479614257812
15.7734375,931.7785034179688,29.98627471923828
15.7890625,931.7083129882812,29.9998779296875
15.8046875,931.5347290039062,29.997299194335938
15.8203125,931.9620971679688,30.00135040283203
15.8359375,931.7808227539062,30.005760192871094
15.8515625,931.6021118164062,30.01678466796875
15.8671875,931.750732421875,30.012374877929688
15.8828125,931.5651245117188,30.00318145751953
15.8984375,931.534423828125,30.025962829589844
15.9140625,931.4862060546875,30.014205932617188
15.9296875,931.5543823242188,30.028533935546875
15.9453125,931.37890625,30.022293090820312
15.9609375,931.6019287109375,30.031471252441406
15.9765625,931.2534790039062,30.029640197753906
15.9921875,931.3948974609375,30.01971435546875
16.0078125,931.450927734375,30.031112670898438
16.0234375,931.4052734375,30.03919219970703
16.0390625,931.3963623046875,30.030372619628906
16.0546875,931.3760986328125,30.03515625
16.0703125,931.2296142578125,30.032943725585938
16.0859375,931.4407348632812,30.02044677734375
16.1015625,931.2603149414062,30.024124145507812
16.1171875,931.2381591796875,30.027809143066406
16.1328125,931.1881103515625,30.022293090820312
16.1484375,931.1965942382812,30.024124145507812
16.1640625,931.1669921875,30.01678466796875
16.1796875,931.1414794921875,30.023757934570312
16.1953125,931.1184692382812,30.024124145507812
16.2109375,931.1087036132812,30.027435302734375
16.2265625,931.1121826171875,30.0380859375
16.2421875,931.1301879882812,30.03221893310547
16.2578125,931.110107421875,30.03221893310547
16.2734375,931.0991821289062,30.032943725585938
16.2890625,931.1150512695312,30.037353515625
16.3046875,931.0979614257812,30.037353515625
16.3203125,931.0772705078125,30.041038513183594
16.3359375,931.0994262695312,30.045074462890625
16.3515625,931.1066284179688,30.044700622558594
16.3671875,931.0955810546875,30.02044677734375
16.3828125,931.097412109375,30.026702880859375
16.3984375,931.094970703125,30.027809143066406
16.4140625,931.096923828125,30.01898956298828
16.4296875,931.0901489257812,30.034423828125
16.4453125,931.0763549804688,30.027061462402344
16.4609375,931.0823974609375,30.033676147460938
16.4765625,931.0737915039062,30.025962829589844
16.4921875,931.0657348632812,30.034423828125
16.5078125,931.0587158203125,30.01678466796875
16.5234375,931.0618286132812,30.025962829589844
16.5390625,931.0530395507812,30.034423828125
16.5546875,931.0709228515625,30.01751708984375
16.5703125,931.0789794921875,30.023399353027344
16.5859375,931.075927734375,30.008697509765625
16.6015625,931.0628662109375,30.005760192871094
16.6171875,931.0668334960938,30.00318145751953
16.6328125,931.0569458007812,30.012733459472656
16.6484375,931.0597534179688,29.997299194335938
16.6640625,931.0532836914062,29.98371124267578
16.6796875,931.0537109375,29.997299194335938
16.6953125,931.061767578125,29.994735717773438
16.7109375,931.05859375,30.00135040283203
16.7265625,931.0391235351562,29.98186492919922
16.7421875,931.0706787109375,30.00318145751953
16.7578125,931.0545043945312,29.988479614257812
16.7734375,931.05615234375,29.995468139648438
16.7890625,931.0458374023438,29.992530822753906
16.8046875,931.0473022460938,29.988479614257812
16.8203125,931.0366821289062,29.978553771972656
16.8359375,931.036865234375,29.98554229736328
16.8515625,931.0606079101562,29.990325927734375
16.8671875,931.0550537109375,29.98371124267578
16.8828125,931.0330810546875,29.9998779296875
16.8984375,931.0480346679688,29.98186492919922
16.9140625,931.0372314453125,30.00318145751953
16.9296875,931.0392456054688,29.993255615234375
16.9453125,931.0341186523438,29.98113250732422
16.9609375,931.0206909179688,29.975616455078125
16.9765625,931.0293579101562,29.991058349609375
16.9921875,931.0338134765625,29.98150634765625
17.0078125,931.0444946289062,29.970840454101562
17.0234375,931.0319213867188,29.989219665527344
17.0390625,931.0336303710938,29.97930145263672
17.0546875,931.0460815429688,29.98333740234375
17.0703125,931.0464477539062,29.972686767578125
17.0859375,931.029052734375,29.975990295410156
17.1015625,931.0324096679688,29.971206665039062
17.1171875,931.0319213867188,29.972312927246094
17.1328125,931.0289916992188,29.976722717285156
17.1484375,931.0257568359375,29.972312927246094
17.1640625,931.031982421875,29.975990295410156
17.1796875,931.0184936523438,29.972686767578125
17.1953125,931.01513671875,29.98627471923828
17.2109375,931.021240234375,29.975990295410156
17.2265625,931.0294189453125,29.967529296875
17.2421875,931.0242919921875,29.96790313720703
17.2578125,931.0316162109375,29.975250244140625
17.2734375,931.0184326171875,29.96863555908203
17.2890625,931.0274047851562,29.975990295410156
17.3046875,931.0324096679688,29.975990295410156
17.3203125,931.0142211914062,29.964599609375
17.3359375,931.017333984375,29.96790313720703
17.3515625,931.0177001953125,29.962020874023438
17.3671875,930.9989013671875,29.978927612304688
17.3828125,931.0145263671875,29.968276977539062
17.3984375,931.0103759765625,29.958351135253906
17.4140625,931.012451171875,29.962387084960938
17.4296875,931.0188598632812,29.9638671875
17.4453125,931.01904296875,29.962020874023438
17.4609375,931.008544921875,29.967529296875
17.4765625,931.0067138671875,29.968276977539062
17.4921875,930.9994506835938,29.969375610351562
17.5078125,931.0147705078125,29.975990295410156
17.5234375,931.0099487304688,29.975990295410156
17.5390625,931.0877075195312,29.968276977539062
17.5546875,931.1853637695312,29.957611083984375
17.5703125,931.3544311523438,29.968276977539062
17.5859375,931.4970092773438,29.964599609375
17.6015625,931.6746826171875,29.955406188964844
17.6171875,932.0023193359375,29.950637817382812
17.6328125,932.2950439453125,29.953567504882812
17.6484375,932.1351318359375,29.96863555908203
17.6640625,932.2999267578125,29.957977294921875
17.6796875,933.9158325195312,29.96790313720703
17.6953125,933.2587280273438,29.96607208251953
17.7109375,933.7643432617188,29.971939086914062
17.7265625,932.6898803710938,29.989952087402344
17.7421875,932.5120239257812,29.98333740234375
17.7578125,932.3759765625,29.989219665527344
17.7734375,931.975830078125,29.9991455078125
17.7890625,931.681640625,29.98516845703125
17.8046875,932.4071655273438,29.978927612304688
17.8203125,932.3536987304688,29.98296356201172
17.8359375,932.200439453125,29.98627471923828
17.8515625,932.1923217773438,29.98627471923828
17.8671875,932.5134887695312,29.9998779296875
17.8828125,932.3538818359375,29.994735717773438
17.8984375,932.0595703125,29.993988037109375
17.9140625,931.983642578125,29.990325927734375
17.9296875,932.241943359375,29.997299194335938
17.9453125,932.167236328125,30.00135040283203
17.9609375,932.3759155273438,29.997299194335938
17.9765625,932.0658569335938,29.988479614257812
17.9921875,932.140380859375,30.00244903564453
18.0078125,932.2412109375,30.005760192871094
18.0234375,932.3629760742188,29.993255615234375
18.0390625,932.5123901367188,30.013832092285156
18.0546875,932.2872314453125,30.005760192871094
18.0703125,932.335693359375,30.009796142578125
18.0859375,932.421630859375,30.014205932617188
18.1015625,932.2015991210938,30.005760192871094
18.1171875,932.6568603515625,30.024124145507812
18.1328125,932.3999633789062,30.025962829589844
18.1484375,932.4754638671875,30.025962829589844
18.1640625,932.0650024414062,30.01751708984375
18.1796875,932.2068481445312,30.025230407714844
18.1953125,932.0825805664062,30.0369873046875
18.2109375,932.1183471679688,30.032943725585938
18.2265625,932.2564086914062,30.03221893310547
18.2421875,931.85302734375,30.045074462890625
18.2578125,932.0949096679688,30.048011779785156
18.2734375,932.5025024414062,30.01971435546875
18.2890625,931.7674560546875,30.037353515625
18.3046875,931.9866333007812,30.05609893798828
18.3203125,931.9349975585938,30.05095672607422
18.3359375,932.14208984375,30.05536651611328
18.3515625,931.9385986328125,30.061981201171875
18.3671875,931.8287353515625,30.062713623046875
18.3828125,931.6769409179688,30.074844360351562
18.3984375,931.8778686523438,30.074111938476562
18.4140625,931.7921752929688,30.065292358398438
18.4296875,931.790771484375,30.067123413085938
18.4453125,931.7708129882812,30.065292358398438
18.4609375,931.6351928710938,30.076316833496094
18.4765625,931.6460571289062,30.072265625
18.4921875,931.5520629882812,30.07300567626953
18.5078125,931.4598388671875,30.0726318359375
18.5234375,931.5017700195312,30.074111938476562
18.5390625,931.4240112304688,30.083663940429688
18.5546875,931.3837280273438,30.066749572753906
18.5703125,931.4295043945312,30.09064483642578
18.5859375,931.5781860351562,30.079978942871094
18.6015625,931.3110961914062,30.081825256347656
18.6171875,931.303955078125,30.08807373046875
18.6328125,931.401123046875,30.081825256347656
18.6484375,931.3458251953125,30.096519470214844
18.6640625,931.300537109375,30.083663940429688
18.6796875,931.2604370117188,30.097991943359375
18.6953125,931.2691040039062,30.10460662841797
18.7109375,931.2101440429688,30.096519470214844
18.7265625,931.1534423828125,30.094314575195312
18.7421875,931.1266479492188,30.08954620361328
18.7578125,931.1292114257812,30.08879852294922
18.7734375,931.11083984375,30.09064483642578
18.7890625,931.1079711914062,30.095787048339844
18.8046875,931.0841064453125,30.081825256347656
18.8203125,931.0991821289062,30.094314575195312
18.8359375,931.0822143554688,30.096519470214844
18.8515625,931.0792846679688,30.09064483642578
18.8671875,931.0836791992188,30.08807373046875
18.8828125,931.0767211914062,30.079978942871094
18.8984375,931.0680541992188,30.08807373046875
18.9140625,931.0816040039062,30.081825256347656
18.9296875,931.0767822265625,30.07006072998047
18.9453125,931.0701293945312,30.076675415039062
18.9609375,931.0664672851562,30.06932830810547
18.9765625,931.0700073242188,30.048385620117188
18.9921875,931.0679321289062,30.057571411132812
19.0078125,931.074951171875,30.058677673339844
19.0234375,931.0598754882812,30.05206298828125
19.0390625,931.0745239257812,30.048385620117188
19.0546875,931.0552368164062,30.048385620117188
19.0703125,931.0479736328125,30.050216674804688
19.0859375,931.0548095703125,30.0369873046875
19.1015625,931.0426635742188,30.05206298828125
19.1171875,931.0556640625,30.05095672607422
19.1328125,931.0530395507812,30.041397094726562
19.1484375,931.0552368164062,30.048011779785156
19.1640625,931.0558471679688,30.028533935546875
19.1796875,931.0460205078125,30.045074462890625
19.1953125,931.0634155273438,30.03221893310547
19.2109375,931.04638671875,30.03221893310547
19.2265625,931.0542602539062,30.037353515625
19.2421875,931.0352783203125,30.044342041015625
19.2578125,931.0548706054688,30.0380859375
19.2734375,931.0451049804688,30.029266357421875
19.2890625,931.0405883789062,30.014205932617188
19.3046875,931.0555419921875,30.02044677734375
19.3203125,931.0531005859375,30.027061462402344
19.3359375,931.0440673828125,30.012374877929688
19.3515625,931.0553588867188,30.024124145507812
19.3671875,931.0340576171875,30.01751708984375
19.3828125,931.0650024414062,30.023399353027344
19.3984375,931.048583984375,30.013473510742188
19.4140625,931.0444946289062,30.014205932617188
19.4296875,931.0221557617188,30.031112670898438
19.4453125,931.0419921875,30.008697509765625
19.4609375,931.0355834960938,29.9998779296875
19.4765625,931.0164794921875,30.01567840576172
19.4921875,931.0289916992188,30.008697509765625
19.5078125,931.0355834960938,30.006118774414062
19.5234375,931.0213623046875,30.014205932617188
19.5390625,931.0330810546875,30.022293090820312
19.5546875,931.02294921875,30.013832092285156
19.5703125,931.0385131835938,30.01678466796875
19.5859375,931.0236206054688,29.9998779296875
19.6015625,931.03466796875,30.00501251220703
19.6171875,931.0321655273438,30.013832092285156
19.6328125,931.0238647460938,30.00060272216797
19.6484375,931.032958984375,29.997299194335938
19.6640625,931.0204467773438,29.997299194335938
19.6796875,931.022216796875,29.988479614257812
19.6953125,931.0184326171875,29.993988037109375
19.7109375,931.0341796875,29.988121032714844
19.7265625,931.030517578125,29.992156982421875
19.7421875,931.0333862304688,29.996192932128906
19.7578125,931.0313110351562,30.0020751953125
19.7734375,931.0276489257812,29.998397827148438
19.7890625,931.0218505859375,29.988479614257812
19.8046875,931.0239868164062,29.990325927734375
19.8203125,931.0289916992188,30.00318145751953
19.8359375,931.0210571289062,29.98516845703125
19.8515625,931.0108642578125,29.990684509277344
19.8671875,931.0186767578125,29.994361877441406
19.8828125,931.0104370117188,29.970840454101562
19.8984375,931.0319213867188,29.978553771972656
19.9140625,931.0204467773438,29.991058349609375
19.9296875,931.0186767578125,29.98627471923828
19.9453125,931.0194091796875,29.975990295410156
19.9609375,931.0275268554688,29.989952087402344
19.9765625,931.0198364257812,29.993255615234375
19.9921875,931.0341186523438,29.977828979492188
20.0078125,931.0186767578125,29.993629455566406
20.0234375,931.01708984375,29.98296356201172
20.0390625,931.0160522460938,29.98296356201172
20.0546875,931.0148315429688,29.98627471923828
20.0703125,931.0084838867188,29.991058349609375
20.0859375,931.0198974609375,29.978927612304688
20.1015625,931.0187377929688,29.98443603515625
20.1171875,931.019287109375,29.988479614257812
20.1328125,931.0087280273438,29.992156982421875
20.1484375,931.0115356445312,29.996192932128906
20.1640625,931.0106201171875,29.976348876953125
20.1796875,931.007568359375,29.992530822753906
20.1953125,931.0018310546875,29.98113250732422
20.2109375,931.0188598632812,29.98040008544922
20.2265625,930.9951171875,29.988121032714844
20.2421875,931.015380859375,29.988479614257812
20.2578125,931.00146484375,29.98296356201172
20.2734375,931.0026245117188,29.991058349609375
20.2890625,931.016845703125,29.988121032714844
20.3046875,931.0044555664062,29.9998779296875
20.3203125,931.0055541992188,29.978553771972656
20.3359375,931.0114135742188,29.990325927734375
20.3515625,931.015625,29.978553771972656
20.3671875,930.9791259765625,29.992530822753906
20.3828125,931.0170288085938,29.98260498046875
20.3984375,931.1058959960938,29.988121032714844
20.4140625,931.1885986328125,29.988121032714844
20.4296875,931.3817138671875,29.98333740234375
20.4453125,931.5416259765625,29.990684509277344
20.4609375,931.8496704101562,29.996566772460938
20.4765625,932.2887573242188,29.978927612304688
20.4921875,932.5928955078125,29.991058349609375
20.5078125,931.7621459960938,29.98371124267578
20.5234375,932.5636596679688,29.978553771972656
20.5390625,932.3887939453125,29.990325927734375
20.5546875,932.7651977539062,29.98296356201172
20.5703125,932.3953857421875,29.990325927734375
20.5859375,933.0503540039062,29.98040008544922
20.6015625,933.1051635742188,29.993255615234375
20.6171875,933.4826049804688,29.993255615234375
20.6328125,932.593017578125,29.98371124267578
20.6484375,932.8645629882812,29.990325927734375
20.6640625,932.7731323242188,29.995468139648438
20.6796875,932.2435913085938,29.991424560546875
20.6953125,931.6796875,29.988479614257812
20.7109375,932.6423950195312,29.993255615234375
20.7265625,932.7944946289062,29.993988037109375
20.7421875,933.0330810546875,29.993988037109375
20.7578125,933.1878662109375,30.00135040283203
20.7734375,932.0140380859375,29.9998779296875
20.7890625,932.0552368164062,30.005760192871094
20.8046875,931.8864135742188,30.00501251220703
20.8203125,932.75927734375,30.005760192871094
20.8359375,933.0646362304688,30.024856567382812
20.8515625,932.3533325195312,30.01678466796875
20.8671875,932.330078125,30.027061462402344
20.8828125,933.0709228515625,30.01751708984375
20.8984375,932.323486328125,30.014205932617188
20.9140625,932.9076538085938,30.01751708984375
20.9296875,932.5772705078125,30.024124145507812
20.9453125,932.8455200195312,30.03221893310547
20.9609375,932.7406616210938,30.02155303955078
20.9765625,932.1969604492188,30.044342041015625
20.9921875,932.6532592773438,30.025962829589844
21.0078125,932.34912109375,30.03919219970703
21.0234375,932.6987915039062,30.045074462890625
21.0390625,932.6321411132812,30.051315307617188
21.0546875,932.3741455078125,30.05389404296875
21.0703125,932.381591796875,30.058677673339844
21.0859375,932.8768310546875,30.05242156982422
21.1015625,932.7785034179688,30.063812255859375
21.1171875,932.4955444335938,30.0697021484375
21.1328125,932.7492065429688,30.063812255859375
21.1484375,932.811767578125,30.081825256347656
21.1640625,932.3309936523438,30.09064483642578
21.1796875,932.2510986328125,30.084762573242188
21.1953125,932.7251586914062,30.09064483642578
21.2109375,932.5648803710938,30.097991943359375
21.2265625,932.5850830078125,30.10387420654297
21.2421875,933.0802612304688,30.108642578125
21.2578125,932.344482421875,30.112693786621094
21.2734375,932.9177856445312,30.115257263183594
21.2890625,932.272216796875,30.12335205078125
21.3046875,932.1875,30.12482452392578
21.3203125,932.5609130859375,30.1431884765625
21.3359375,932.3872680664062,30.146499633789062
21.3515625,932.3026123046875,30.152740478515625
21.3671875,932.3141479492188,30.15679168701172
21.3828125,932.0989379882812,30.165237426757812
21.3984375,932.1532592773438,30.167816162109375
21.4140625,932.2779541015625,30.180679321289062
21.4296875,931.8833618164062,30.17589569091797
21.4453125,932.0625610351562,30.17516326904297
21.4609375,932.0109252929688,30.171859741210938
21.4765625,931.9547729492188,30.188392639160156
21.4921875,931.8798217773438,30.19573974609375
21.5078125,931.7779541015625,30.201622009277344
21.5234375,931.7487182617188,30.200149536132812
21.5390625,931.7157592773438,30.210067749023438
21.5546875,931.6778564453125,30.20861053466797
21.5703125,931.6157836914062,30.215225219726562
21.5859375,931.4876098632812,30.21337890625
21.6015625,931.6477661132812,30.227706909179688
21.6171875,931.478515625,30.243141174316406
21.6328125,931.3675537109375,30.238372802734375
21.6484375,931.3853759765625,30.236900329589844
21.6640625,931.3396606445312,30.241683959960938
21.6796875,931.2775268554688,30.233596801757812
21.6953125,931.232421875,30.233596801757812
21.7109375,931.3260498046875,30.241310119628906
21.7265625,931.1741943359375,30.24755096435547
21.7421875,931.1590576171875,30.255645751953125
21.7578125,931.1519165039062,30.251602172851562
21.7734375,931.1376342773438,30.245346069335938
21.7890625,931.1278686523438,30.253433227539062
21.8046875,931.1280517578125,30.255645751953125
21.8203125,931.1325073242188,30.253433227539062
21.8359375,931.1195678710938,30.249755859375
21.8515625,931.11669921875,30.26593780517578
21.8671875,931.1195068359375,30.254165649414062
21.8828125,931.1153564453125,30.251602172851562
21.8984375,931.0980224609375,30.258216857910156
21.9140625,931.1011352539062,30.262252807617188
21.9296875,931.095458984375,30.253807067871094
21.9453125,931.0977172851562,30.24939727783203
21.9609375,931.1021118164062,30.245346069335938
21.9765625,931.0974731445312,30.24388885498047
21.9921875,931.0821533203125,30.2479248046875
22.0078125,931.0958862304688,30.24571990966797
22.0234375,931.0841064453125,30.238731384277344
22.0390625,931.0821533203125,30.243141174316406
22.0546875,931.0868530273438,30.237632751464844
22.0703125,931.0723876953125,30.240203857421875
22.0859375,931.0823364257812,30.234695434570312
22.1015625,931.0612182617188,30.226974487304688
22.1171875,931.0840454101562,30.222564697265625
22.1328125,931.0575561523438,30.21485137939453
22.1484375,931.067138671875,30.222938537597656
22.1640625,931.0697631835938,30.216323852539062
22.1796875,931.0690307617188,30.219261169433594
22.1953125,931.0694580078125,30.207138061523438
22.2109375,931.06640625,30.19647979736328
22.2265625,931.0653686523438,30.19573974609375
22.2421875,931.0549926757812,30.21044158935547
22.2578125,931.0746459960938,30.19904327392578
22.2734375,931.058349609375,30.19280242919922
22.2890625,931.0504760742188,30.188018798828125
22.3046875,931.0499877929688,30.185455322265625
22.3203125,931.0405883789062,30.184715270996094
22.3359375,931.0569458007812,30.180679321289062
22.3515625,931.0565185546875,30.164512634277344
22.3671875,931.0506591796875,30.17699432373047
22.3828125,931.0542602539062,30.182510375976562
22.3984375,931.0536499023438,30.15972900390625
22.4140625,931.0380859375,30.164512634277344
22.4296875,931.047607421875,30.15752410888672
22.4453125,931.048095703125,30.16010284423828
22.4609375,931.04296875,30.146873474121094
22.4765625,931.0460205078125,30.145401000976562
22.4921875,931.0305786132812,30.133644104003906
22.5078125,931.0501098632812,30.141357421875
22.5234375,931.034423828125,30.12371826171875
22.5390625,931.0394897460938,30.114158630371094
22.5546875,931.0336303710938,30.133644104003906
22.5703125,931.0477294921875,30.13988494873047
22.5859375,931.04833984375,30.127029418945312
22.6015625,931.030029296875,30.133644104003906
22.6171875,931.0155029296875,30.12151336669922
22.6328125,931.0391845703125,30.116004943847656
22.6484375,931.04296875,30.12482452392578
22.6640625,931.0255737304688,30.133644104003906
22.6796875,931.0355224609375,30.111595153808594
22.6953125,931.0425415039062,30.118942260742188
22.7109375,931.0280151367188,30.104232788085938
22.7265625,931.03271484375,30.11084747314453
22.7421875,931.0382080078125,30.1060791015625
22.7578125,931.0128784179688,30.10828399658203
22.7734375,931.0379638671875,30.111221313476562
22.7890625,931.0133666992188,30.102401733398438
22.8046875,931.044677734375,30.092849731445312
22.8203125,931.0115356445312,30.103134155273438
22.8359375,931.0198974609375,30.10498046875
22.8515625,931.01513671875,30.114158630371094
22.8671875,931.0062866210938,30.09137725830078
22.8828125,931.0059204101562,30.097991943359375
22.8984375,931.0078125,30.10460662841797
22.9140625,931.0071411132812,30.084762573242188
22.9296875,931.0563354492188,30.094314575195312
22.9453125,931.212890625,30.074111938476562
22.9609375,931.4581298828125,30.081825256347656
22.9765625,931.500732421875,30.084762573242188
22.9921875,931.7379760742188,30.096519470214844
23.0078125,931.8301391601562,30.076316833496094
23.0234375,932.2042236328125,30.0697021484375
23.0390625,932.1791381835938,30.079254150390625
23.0546875,932.70458984375,30.081825256347656
23.0703125,932.6331787109375,30.079978942871094
23.0859375,933.100341796875,30.079978942871094
23.1015625,933.2999877929688,30.084762573242188
23.1171875,933.9808959960938,30.081825256347656
23.1328125,934.0466918945312,30.081825256347656
23.1484375,933.3953857421875,30.081825256347656
23.1640625,933.10302734375,30.079254150390625
23.1796875,933.8263549804688,30.08879852294922
23.1953125,933.3912353515625,30.08734130859375
23.2109375,933.6088256835938,30.09064483642578
23.2265625,933.4375610351562,30.081825256347656
23.2421875,933.56640625,30.081825256347656
23.2578125,932.3170166015625,30.094314575195312
23.2734375,932.6381225585938,30.08734130859375
23.2890625,932.5809326171875,30.08879852294922
23.3046875,932.8214721679688,30.08954620361328
23.3203125,932.8251953125,30.100196838378906
23.3359375,933.76708984375,30.09137725830078
23.3515625,934.421142578125,30.096160888671875
23.3671875,934.4725341796875,30.114158630371094
23.3828125,932.6758422851562,30.100196838378906
23.3984375,933.1204223632812,30.097618103027344
23.4140625,933.5322265625,30.1060791015625
23.4296875,933.7125854492188,30.111221313476562
23.4453125,932.8661499023438,30.12297821044922
23.4609375,933.5159301757812,30.115257263183594
23.4765625,933.4307861328125,30.12628173828125
23.4921875,933.2012939453125,30.131797790527344
23.5078125,934.1128540039062,30.13988494873047
23.5234375,933.517578125,30.133644104003906
23.5390625,933.5836791992188,30.144668579101562
23.5546875,932.8377685546875,30.141357421875
23.5703125,933.0018310546875,30.153488159179688
23.5859375,933.1925048828125,30.155319213867188
23.6015625,933.355224609375,30.139511108398438
23.6171875,932.9010009765625,30.157150268554688
23.6328125,933.2346801757812,30.165237426757812
23.6484375,933.396240234375,30.163406372070312
23.6640625,933.3693237304688,30.17333221435547
23.6796875,932.8988037109375,30.174057006835938
23.6953125,933.057861328125,30.17884063720703
23.7109375,932.9806518554688,30.19500732421875
23.7265625,932.9015502929688,30.183982849121094
23.7421875,933.0121459960938,30.201995849609375
23.7578125,932.6868286132812,30.201248168945312
23.7734375,932.8585205078125,30.204559326171875
23.7890625,932.99169921875,30.215225219726562
23.8046875,932.8598022460938,30.210067749023438
23.8203125,932.5309448242188,30.218528747558594
23.8359375,932.73583984375,30.218528747558594
23.8515625,933.0343627929688,30.217056274414062
23.8671875,932.553466796875,30.223670959472656
23.8828125,932.5990600585938,30.223670959472656
23.8984375,932.3872680664062,30.22845458984375
23.9140625,932.1223754882812,30.23322296142578
23.9296875,932.0475463867188,30.239105224609375
23.9453125,932.1895751953125,30.2490234375
23.9609375,932.171142578125,30.24571990966797
23.9765625,931.8999633789062,30.23249053955078
23.9921875,932.0813598632812,30.252708435058594
24.0078125,931.8089599609375,30.2471923828125
24.0234375,931.7118530273438,30.256370544433594
24.0390625,931.90771484375,30.255645751953125
24.0546875,932.0236206054688,30.253067016601562
24.0703125,931.6704711914062,30.260055541992188
24.0859375,931.6280517578125,30.262252807617188
24.1015625,931.6088256835938,30.268142700195312
24.1171875,931.493408203125,30.26409149169922
24.1328125,931.4881591796875,30.258216857910156
24.1484375,931.3958129882812,30.28173065185547
24.1640625,931.4132690429688,30.289085388183594
24.1796875,931.3405151367188,30.275115966796875
24.1953125,931.265625,30.275115966796875
24.2109375,931.2182006835938,30.271072387695312
24.2265625,931.1909790039062,30.292022705078125
24.2421875,931.1353759765625,30.2850341796875
24.2578125,931.096435546875,30.2843017578125
24.2734375,931.1085205078125,30.275856018066406
24.2890625,931.1065673828125,30.2843017578125
24.3046875,931.0841674804688,30.28357696533203
24.3203125,931.0963134765625,30.273284912109375
24.3359375,931.0770874023438,30.296432495117188
24.3515625,931.0799560546875,30.272178649902344
24.3671875,931.0848999023438,30.288345336914062
24.3828125,931.0895385742188,30.272178649902344
24.3984375,931.0728149414062,30.272552490234375
24.4140625,931.0654296875,30.26666259765625
24.4296875,931.0692138671875,30.273284912109375
24.4453125,931.0740356445312,30.269973754882812
24.4609375,931.0645751953125,30.275482177734375
24.4765625,931.072998046875,30.255645751953125
24.4921875,931.0637817382812,30.258216857910156
24.5078125,931.0731811523438,30.269973754882812
24.5234375,931.0724487304688,30.269241333007812
24.5390625,931.0620727539062,30.25196075439453
24.5546875,931.0938720703125,30.239479064941406
24.5703125,931.0877685546875,30.24939727783203
24.5859375,931.0831909179688,30.255645751953125
24.6015625,931.0880737304688,30.24755096435547
24.6171875,931.0661010742188,30.244613647460938
24.6328125,931.0932006835938,30.227706909179688
24.6484375,931.0653686523438,30.226974487304688
24.6640625,931.0653076171875,30.225502014160156
