# Time (seconds),Pressure,Temp
0.0078125,957.5376586914062,28.286300659179688
0.0234375,957.576171875,28.294387817382812
0.0390625,957.55615234375,28.295120239257812
0.0546875,957.5562133789062,28.299530029296875
0.0703125,957.5619506835938,28.30467987060547
0.0859375,957.5737915039062,28.298065185546875
0.1015625,957.5625,28.29180908203125
0.1171875,957.564208984375,28.295860290527344
0.1328125,957.5651245117188,28.299171447753906
0.1484375,957.5559692382812,28.30541229248047
0.1640625,957.5768432617188,28.297325134277344
0.1796875,957.5587768554688,28.301734924316406
0.1953125,957.5657348632812,28.308349609375
0.2109375,957.5783081054688,28.312026977539062
0.2265625,957.552490234375,28.299171447753906
0.2421875,957.5655517578125,28.29291534423828
0.2578125,957.5553588867188,28.304306030273438
0.2734375,957.5452270507812,28.296592712402344
0.2890625,957.5556640625,28.297325134277344
0.3046875,957.5581665039062,28.295486450195312
0.3203125,957.552001953125,28.296592712402344
0.3359375,957.5431518554688,28.296218872070312
0.3515625,957.5617065429688,28.301002502441406
0.3671875,957.560302734375,28.300628662109375
0.3828125,957.5513916015625,28.3076171875
0.3984375,957.552001953125,28.300270080566406
0.4140625,957.5518798828125,28.296592712402344
0.4296875,957.5729370117188,28.29107666015625
0.4453125,957.5646362304688,28.296966552734375
0.4609375,957.5623779296875,28.294761657714844
0.4765625,957.5472412109375,28.30541229248047
0.4921875,957.5631713867188,28.315704345703125
0.5078125,957.5576171875,28.315704345703125
0.5234375,957.5618286132812,28.298065185546875
0.5390625,957.5403442382812,28.295860290527344
0.5546875,957.5478515625,28.29291534423828
0.5703125,957.5619506835938,28.29107666015625
0.5859375,957.5438232421875,28.298423767089844
0.6015625,957.5452270507812,28.299171447753906
0.6171875,957.5625610351562,28.30908966064453
0.6328125,957.5569458007812,28.29071044921875
0.6484375,957.5486450195312,28.312026977539062
0.6640625,957.5506591796875,28.314605712890625
0.6796875,957.586669921875,28.29107666015625
0.6953125,957.5569458007812,28.316436767578125
0.7109375,957.5558471679688,28.302833557128906
0.7265625,957.5658569335938,28.30541229248047
0.7421875,957.5458984375,28.313858032226562
0.7578125,957.5496826171875,28.301734924316406
0.7734375,957.5651245117188,28.300270080566406
0.7890625,957.5626220703125,28.320472717285156
0.8046875,957.5694580078125,28.301734924316406
0.8203125,957.5657348632812,28.299896240234375
0.8359375,957.5555419921875,28.30541229248047
0.8515625,957.5482788085938,28.308349609375
0.8671875,957.5503540039062,28.29035186767578
0.8828125,957.5396118164062,28.3076171875
0.8984375,957.5633544921875,28.3065185546875
0.9140625,957.5488891601562,28.3076171875
0.9296875,957.5549926757812,28.304306030273438
0.9453125,957.5684204101562,28.308349609375
0.9609375,957.55810546875,28.30908966064453
0.9765625,957.5366821289062,28.310928344726562
0.9921875,957.5744018554688,28.30467987060547
1.0078125,957.5726318359375,28.295486450195312
1.0234375,957.5782470703125,28.302833557128906
1.0390625,957.572998046875,28.315704345703125
1.0546875,957.5636596679688,28.303939819335938
1.0703125,957.5408935546875,28.301002502441406
1.0859375,957.55615234375,28.313858032226562
1.1015625,957.557373046875,28.298423767089844
1.1171875,957.5523071289062,28.301002502441406
1.1328125,957.55859375,28.29071044921875
1.1484375,957.5569458007812,28.308349609375
1.1640625,957.551513671875,28.296592712402344
1.1796875,957.551513671875,28.296966552734375
1.1953125,957.5516357421875,28.302833557128906
1.2109375,957.565185546875,28.296966552734375
1.2265625,957.5492553710938,28.29071044921875
1.2421875,957.5504760742188,28.298065185546875
1.2578125,957.5511474609375,28.296592712402344
1.2734375,957.5569458007812,28.301376342773438
1.2890625,957.5728759765625,28.299171447753906
1.3046875,957.5499877929688,28.300270080566406
1.3203125,957.5513305664062,28.28887939453125
1.3359375,957.554443359375,28.299171447753906
1.3515625,957.5655517578125,28.295120239257812
1.3671875,957.552001953125,28.284835815429688
1.3828125,957.5527954101562,28.286300659179688
1.3984375,957.5529174804688,28.29071044921875
1.4140625,957.5551147460938,28.29107666015625
1.4296875,957.5355224609375,28.284095764160156
1.4453125,957.554443359375,28.299171447753906
1.4609375,957.547607421875,28.293289184570312
1.4765625,957.5548095703125,28.296592712402344
1.4921875,957.5431518554688,28.27527618408203
1.5078125,957.5475463867188,28.29071044921875
1.5234375,957.561767578125,28.294387817382812
1.5390625,957.55078125,28.285194396972656
1.5546875,957.5545043945312,28.2723388671875
1.5703125,957.551513671875,28.279685974121094
1.5859375,957.5480346679688,28.280426025390625
1.6015625,957.5416259765625,28.277847290039062
1.6171875,957.552001953125,28.285568237304688
1.6328125,957.5499267578125,28.297698974609375
1.6484375,957.5480346679688,28.282989501953125
1.6640625,957.5418701171875,28.299171447753906
1.6796875,957.5494384765625,28.285568237304688
1.6953125,957.5612182617188,28.28924560546875
1.7109375,957.5567626953125,28.282989501953125
1.7265625,957.55859375,28.278579711914062
1.7421875,957.5414428710938,28.282989501953125
1.7578125,957.5709838867188,28.281532287597656
1.7734375,957.5481567382812,28.27637481689453
1.7890625,957.563232421875,28.280426025390625
1.8046875,957.5523071289062,28.28924560546875
1.8203125,957.5621948242188,28.279685974121094
1.8359375,957.5653076171875,28.276748657226562
1.8515625,957.5537109375,28.286300659179688
1.8671875,957.5684204101562,28.27454376220703
1.8828125,957.5469970703125,28.280059814453125
1.8984375,957.5463256835938,28.286300659179688
1.9140625,957.561279296875,28.277481079101562
1.9296875,957.5556030273438,28.275650024414062
1.9453125,957.5453491210938,28.275650024414062
1.9609375,957.5602416992188,28.27454376220703
1.9765625,957.5452880859375,28.274917602539062
1.9921875,957.5309448242188,28.287399291992188
2.0078125,957.5470581054688,28.274917602539062
2.0234375,957.5458374023438,28.282989501953125
2.0390625,957.55859375,28.275650024414062
2.0546875,957.5453491210938,28.276748657226562
2.0703125,957.5472412109375,28.274917602539062
2.0859375,957.5631103515625,28.293655395507812
2.1015625,957.5536499023438,28.279685974121094
2.1171875,957.545654296875,28.279685974121094
2.1328125,957.575439453125,28.266098022460938
2.1484375,957.546142578125,28.267929077148438
2.1640625,957.5415649414062,28.27454376220703
2.1796875,957.5570678710938,28.274917602539062
2.1953125,957.5469970703125,28.2716064453125
2.2109375,957.5604248046875,28.274917602539062
2.2265625,957.5607299804688,28.2705078125
2.2421875,957.5584716796875,28.275650024414062
2.2578125,957.5548706054688,28.262786865234375
2.2734375,957.5564575195312,28.262420654296875
2.2890625,957.5648803710938,28.27454376220703
2.3046875,957.5655517578125,28.266098022460938
2.3203125,957.5753173828125,28.266098022460938
2.3359375,957.5479736328125,28.25579833984375
2.3515625,957.5391845703125,28.271240234375
2.3671875,957.554443359375,28.264251708984375
2.3828125,957.5596923828125,28.25617218017578
2.3984375,957.5743408203125,28.25653076171875
2.4140625,957.5391845703125,28.2705078125
2.4296875,957.5745849609375,28.267929077148438
2.4453125,957.5372924804688,28.266830444335938
2.4609375,957.540283203125,28.260581970214844
2.4765625,957.5474243164062,28.276748657226562
2.4921875,957.5472412109375,28.266830444335938
2.5078125,957.5527954101562,28.2723388671875
2.5234375,957.5598754882812,28.2705078125
2.5390625,957.5596923828125,28.267196655273438
2.5546875,957.559326171875,28.274169921875
2.5703125,957.553466796875,28.260581970214844
2.5859375,957.559326171875,28.2723388671875
2.6015625,957.5503540039062,28.27086639404297
2.6171875,957.5703735351562,28.267929077148438
2.6328125,957.5463256835938,28.25653076171875
2.6484375,957.5452270507812,28.261314392089844
2.6640625,957.542724609375,28.276748657226562
2.6796875,957.5537109375,28.25653076171875
2.6953125,957.555908203125,28.261314392089844
2.7109375,957.5647583007812,28.263893127441406
2.7265625,957.5662231445312,28.280059814453125
2.7421875,957.53857421875,28.259109497070312
2.7578125,957.5549926757812,28.259109497070312
2.7734375,957.5454711914062,28.267929077148438
2.7890625,957.5510864257812,28.25176239013672
2.8046875,957.5357666015625,28.259841918945312
2.8203125,957.552001953125,28.259109497070312
2.8359375,957.5394897460938,28.251388549804688
2.8515625,957.552490234375,28.257278442382812
2.8671875,957.5392456054688,28.259841918945312
2.8828125,957.5693359375,28.267929077148438
2.8984375,957.5403442382812,28.251022338867188
2.9140625,957.5386352539062,28.23668670654297
2.9296875,957.5408325195312,28.249557495117188
2.9453125,957.5355224609375,28.25176239013672
2.9609375,957.5387573242188,28.260581970214844
2.9765625,957.5396728515625,28.257278442382812
2.9921875,957.5357666015625,28.263145446777344
3.0078125,957.533935546875,28.263893127441406
3.0234375,957.5399780273438,28.241844177246094
3.0390625,957.532958984375,28.25286865234375
3.0546875,957.5484008789062,28.267929077148438
3.0703125,957.5302124023438,28.257278442382812
3.0859375,957.5344848632812,28.25286865234375
3.1015625,957.5340576171875,28.258377075195312
3.1171875,957.536376953125,28.251388549804688
3.1328125,957.5380859375,28.246978759765625
3.1484375,957.5311279296875,28.240371704101562
3.1640625,957.5346069335938,28.248085021972656
3.1796875,957.5264892578125,28.23779296875
3.1953125,957.5438842773438,28.242202758789062
3.2109375,957.5228881835938,28.25286865234375
3.2265625,957.5388793945312,28.242942810058594
3.2421875,957.5330200195312,28.248085021972656
3.2578125,957.554443359375,28.234481811523438
3.2734375,957.5388793945312,28.231918334960938
3.2890625,957.5361328125,28.229713439941406
3.3046875,957.5299682617188,28.23412322998047
3.3203125,957.5465698242188,28.232650756835938
3.3359375,957.53271484375,28.244407653808594
3.3515625,957.5291137695312,28.233749389648438
3.3671875,957.54052734375,28.244049072265625
3.3828125,957.525390625,28.232650756835938
3.3984375,957.5249633789062,28.244049072265625
3.4140625,957.5486450195312,28.246978759765625
3.4296875,957.5490112304688,28.23779296875
3.4453125,957.5325317382812,28.226409912109375
3.4609375,957.5440673828125,28.222732543945312
3.4765625,957.5328979492188,28.23779296875
3.4921875,957.5325317382812,28.23779296875
3.5078125,957.5528564453125,28.232650756835938
3.5234375,957.561279296875,28.226409912109375
3.5390625,957.5285034179688,28.228240966796875
3.5546875,957.544189453125,28.233749389648438
3.5703125,957.5298461914062,28.227867126464844
3.5859375,957.578125,28.225662231445312
3.6015625,957.58740234375,28.248085021972656
3.6171875,957.5943603515625,28.222732543945312
3.6328125,957.5573120117188,28.231552124023438
3.6484375,957.5718383789062,28.224563598632812
3.6640625,957.5968627929688,28.24109649658203
3.6796875,957.5985107421875,28.227867126464844
3.6953125,957.6435546875,28.228973388671875
3.7109375,957.6639404296875,28.225303649902344
3.7265625,957.6713256835938,28.226409912109375
3.7421875,957.6404418945312,28.23999786376953
3.7578125,957.6543579101562,28.222732543945312
3.7734375,957.71044921875,28.225303649902344
3.7890625,957.6272583007812,28.209503173828125
3.8046875,957.5929565429688,28.222732543945312
3.8203125,957.6312255859375,28.208770751953125
3.8359375,957.6763305664062,28.21904754638672
3.8515625,957.6099243164062,28.204360961914062
3.8671875,957.5692138671875,28.214279174804688
3.8828125,957.6082763671875,28.21868896484375
3.8984375,957.6360473632812,28.2017822265625
3.9140625,957.5510864257812,28.207290649414062
3.9296875,957.643310546875,28.207664489746094
3.9453125,957.6118774414062,28.20398712158203
3.9609375,957.6359252929688,28.209129333496094
3.9765625,957.6649780273438,28.208023071289062
3.9921875,957.6624755859375,28.212074279785156
4.0078125,957.6242065429688,28.22089385986328
4.0234375,957.6978149414062,28.2025146484375
4.0390625,957.6983642578125,28.20325469970703
4.0546875,957.691162109375,28.21832275390625
4.0703125,957.6903686523438,28.208396911621094
4.0859375,957.7113647460938,28.198104858398438
4.1015625,957.6632690429688,28.212432861328125
4.1171875,957.6467895507812,28.20398712158203
4.1328125,957.6721801757812,28.209503173828125
4.1484375,957.7347412109375,28.214637756347656
4.1640625,957.7067260742188,28.207664489746094
4.1796875,957.7149047851562,28.216110229492188
4.1953125,957.7061767578125,28.20398712158203
4.2109375,957.6812133789062,28.22235870361328
4.2265625,957.7604370117188,28.232650756835938
4.2421875,957.6548461914062,28.227142333984375
4.2578125,957.759765625,28.214637756347656
4.2734375,957.7208862304688,28.2359619140625
4.2890625,957.736083984375,28.226409912109375
4.3046875,957.7297973632812,28.225303649902344
4.3203125,957.6701049804688,28.22089385986328
4.3359375,957.6900024414062,28.232650756835938
4.3515625,957.7257690429688,28.229713439941406
4.3671875,957.6997680664062,28.239639282226562
4.3828125,957.6720581054688,28.236328125
4.3984375,957.6831665039062,28.23853302001953
4.4140625,957.6369018554688,28.2381591796875
4.4296875,957.6476440429688,28.2381591796875
4.4453125,957.66015625,28.242568969726562
4.4609375,957.6724853515625,28.23668670654297
4.4765625,957.6331787109375,28.23999786376953
4.4921875,957.6763916015625,28.25396728515625
4.5078125,957.695068359375,28.246612548828125
4.5234375,957.669921875,28.23926544189453
4.5390625,957.6405029296875,28.25579833984375
4.5546875,957.6571044921875,28.244781494140625
4.5703125,957.6744995117188,28.258010864257812
4.5859375,957.7003173828125,28.251388549804688
4.6015625,957.6889038085938,28.25579833984375
4.6171875,957.6732788085938,28.237060546875
4.6328125,957.6766967773438,28.241844177246094
4.6484375,957.6986694335938,28.25469970703125
4.6640625,957.6473999023438,28.25286865234375
4.6796875,957.647216796875,28.244781494140625
4.6953125,957.67919921875,28.23853302001953
4.7109375,957.6416015625,28.25469970703125
4.7265625,957.6605834960938,28.2352294921875
4.7421875,957.6705932617188,28.24109649658203
4.7578125,957.6407470703125,28.232276916503906
4.7734375,957.653564453125,28.23668670654297
4.7890625,957.6486206054688,28.241844177246094
4.8046875,957.6521606445312,28.228973388671875
4.8203125,957.6365966796875,28.22162628173828
4.8359375,957.6143798828125,28.223831176757812
4.8515625,957.62060546875,28.223098754882812
4.8671875,957.6466674804688,28.224563598632812
4.8828125,957.6588134765625,28.21759033203125
4.8984375,957.6449584960938,28.21538543701172
4.9140625,957.6715698242188,28.21942138671875
4.9296875,957.6148071289062,28.22089385986328
4.9453125,957.612548828125,28.222732543945312
4.9609375,957.6329345703125,28.22015380859375
4.9765625,957.6566162109375,28.22089385986328
4.9921875,957.6674194335938,28.222732543945312
5.0078125,957.6424560546875,28.207664489746094
5.0234375,957.6195678710938,28.204360961914062
5.0390625,957.6638793945312,28.22089385986328
5.0546875,957.612548828125,28.207664489746094
5.0703125,957.6207885742188,28.2025146484375
5.0859375,957.645263671875,28.205093383789062
5.1015625,957.6491088867188,28.21538543701172
5.1171875,957.6530151367188,28.186721801757812
5.1328125,957.6275634765625,28.2025146484375
5.1484375,957.6160888671875,28.18561553955078
5.1640625,957.6192016601562,28.207664489746094
5.1796875,957.629638671875,28.194435119628906
5.1953125,957.6534423828125,28.18120574951172
5.2109375,957.6395874023438,28.198104858398438
5.2265625,957.6495971679688,28.205459594726562
5.2421875,957.6383666992188,28.195541381835938
5.2578125,957.6255493164062,28.20398712158203
5.2734375,957.6484375,28.20398712158203
5.2890625,957.6657104492188,28.20398712158203
5.3046875,957.6519165039062,28.19957733154297
5.3203125,957.6538696289062,28.205459594726562
5.3359375,957.6329345703125,28.18487548828125
5.3515625,957.6499633789062,28.195167541503906
5.3671875,957.6350708007812,28.196640014648438
5.3828125,957.6189575195312,28.179000854492188
5.3984375,957.6405029296875,28.191490173339844
5.4140625,957.6591186523438,28.199203491210938
5.4296875,957.6098022460938,28.18010711669922
5.4453125,957.6358642578125,28.18561553955078
5.4609375,957.6608276367188,28.191490173339844
5.4765625,957.640625,28.192962646484375
5.4921875,957.6502685546875,28.193695068359375
5.5078125,957.6533203125,28.177154541015625
5.5234375,957.640380859375,28.188552856445312
5.5390625,957.6384887695312,28.173851013183594
5.5546875,957.6144409179688,28.18376922607422
5.5703125,957.615966796875,28.179733276367188
5.5859375,957.6197509765625,28.18267059326172
5.6015625,957.6182861328125,28.18597412109375
5.6171875,957.619873046875,28.180831909179688
5.6328125,957.61328125,28.192962646484375
5.6484375,957.6114501953125,28.193695068359375
5.6640625,957.606201171875,28.174949645996094
5.6796875,957.6126098632812,28.18304443359375
5.6953125,957.6046142578125,28.18561553955078
5.7109375,957.6024169921875,28.188552856445312
5.7265625,957.6134643554688,28.18561553955078
5.7421875,957.5958862304688,28.18487548828125
5.7578125,957.6083374023438,28.186721801757812
5.7734375,957.6043701171875,28.18267059326172
5.7890625,957.5985717773438,28.176422119140625
5.8046875,957.6021728515625,28.179733276367188
5.8203125,957.5924072265625,28.18193817138672
5.8359375,957.5985107421875,28.18634796142578
5.8515625,957.6030883789062,28.179000854492188
5.8671875,957.5952758789062,28.17053985595703
5.8828125,957.6074829101562,28.167236328125
5.8984375,957.5971069335938,28.18524169921875
5.9140625,957.5929565429688,28.18376922607422
5.9296875,957.6046752929688,28.179733276367188
5.9453125,957.5924072265625,28.172386169433594
5.9609375,957.5927734375,28.180831909179688
5.9765625,957.5912475585938,28.172744750976562
5.9921875,957.5863647460938,28.176055908203125
6.0078125,957.5907592773438,28.177154541015625
6.0234375,957.5867919921875,28.171646118164062
6.0390625,957.5891723632812,28.16356658935547
6.0546875,957.5853881835938,28.171646118164062
6.0703125,957.591552734375,28.17053985595703
6.0859375,957.581298828125,28.176055908203125
6.1015625,957.57763671875,28.159889221191406
6.1171875,957.5850830078125,28.161720275878906
6.1328125,957.5863647460938,28.173851013183594
6.1484375,957.5822143554688,28.171646118164062
6.1640625,957.5789794921875,28.175323486328125
6.1796875,957.5829467773438,28.171287536621094
6.1953125,957.5747680664062,28.163192749023438
6.2109375,957.573974609375,28.176055908203125
6.2265625,957.5728759765625,28.158058166503906
6.2421875,957.5848388671875,28.155105590820312
6.2578125,957.5845947265625,28.16687774658203
6.2734375,957.5725708007812,28.156951904296875
6.2890625,957.564453125,28.173492431640625
6.3046875,957.5864868164062,28.171646118164062
6.3203125,957.5611572265625,28.169082641601562
6.3359375,957.5811767578125,28.16613006591797
6.3515625,957.585693359375,28.1646728515625
6.3671875,957.565185546875,28.156211853027344
6.3828125,957.5631713867188,28.161720275878906
6.3984375,957.572021484375,28.155479431152344
6.4140625,957.5744018554688,28.160263061523438
6.4296875,957.5648193359375,28.154373168945312
6.4453125,957.5676879882812,28.155105590820312
6.4609375,957.5642700195312,28.141876220703125
6.4765625,957.5653686523438,28.15290069580078
6.4921875,957.57958984375,28.142250061035156
6.5078125,957.5701293945312,28.154373168945312
6.5234375,957.5599975585938,28.16246795654297
6.5390625,957.5762939453125,28.1646728515625
6.5546875,957.5723876953125,28.1654052734375
6.5703125,957.5653076171875,28.16429901123047
6.5859375,957.57763671875,28.156211853027344
6.6015625,957.5673828125,28.160621643066406
6.6171875,957.5678100585938,28.14923858642578
6.6328125,957.5707397460938,28.1676025390625
6.6484375,957.5643310546875,28.167236328125
6.6640625,957.5714721679688,28.14813232421875
6.6796875,957.548095703125,28.15069580078125
6.6953125,957.5584716796875,28.1683349609375
6.7109375,957.5656127929688,28.1676025390625
6.7265625,957.5785522460938,28.15106964111328
6.7421875,957.5763549804688,28.172386169433594
6.7578125,957.5648193359375,28.172744750976562
6.7734375,957.5661010742188,28.160621643066406
6.7890625,957.5707397460938,28.161361694335938
6.8046875,957.5595092773438,28.16650390625
6.8203125,957.5553588867188,28.172386169433594
6.8359375,957.5731201171875,28.174591064453125
6.8515625,957.5477905273438,28.172744750976562
6.8671875,957.5737915039062,28.16429901123047
6.8828125,957.5681762695312,28.1646728515625
6.8984375,957.5467529296875,28.161720275878906
6.9140625,957.561279296875,28.155479431152344
6.9296875,957.572021484375,28.172012329101562
6.9453125,957.5648193359375,28.158058166503906
6.9609375,957.5514526367188,28.156211853027344
6.9765625,957.5692138671875,28.172744750976562
6.9921875,957.5661010742188,28.160995483398438
7.0078125,957.5684204101562,28.1676025390625
7.0234375,957.555419921875,28.163925170898438
7.0390625,957.5626831054688,28.161361694335938
7.0546875,957.5524291992188,28.171646118164062
7.0703125,957.5594482421875,28.1676025390625
7.0859375,957.5441284179688,28.175323486328125
7.1015625,957.5478515625,28.175323486328125
7.1171875,957.5620727539062,28.161720275878906
7.1328125,957.5595092773438,28.179733276367188
7.1484375,957.5667724609375,28.1646728515625
7.1640625,957.5670166015625,28.175697326660156
7.1796875,957.5620727539062,28.175323486328125
7.1953125,957.544921875,28.172744750976562
7.2109375,957.5559692382812,28.176055908203125
7.2265625,957.554443359375,28.169082641601562
7.2421875,957.5394897460938,28.16687774658203
7.2578125,957.56005859375,28.155479431152344
7.2734375,957.5511474609375,28.16687774658203
7.2890625,957.56005859375,28.16650390625
7.3046875,957.5612182617188,28.160621643066406
7.3203125,957.5594482421875,28.179000854492188
7.3359375,957.5667114257812,28.1654052734375
7.3515625,957.5439453125,28.159889221191406
7.3671875,957.5587158203125,28.158782958984375
7.3828125,957.5307006835938,28.176422119140625
7.3984375,957.543701171875,28.172744750976562
7.4140625,957.5505981445312,28.161361694335938
7.4296875,957.5679321289062,28.169082641601562
7.4453125,957.5704956054688,28.16503143310547
7.4609375,957.5551147460938,28.156211853027344
7.4765625,957.552490234375,28.16503143310547
7.4921875,957.537841796875,28.16687774658203
7.5078125,957.5440673828125,28.16687774658203
7.5234375,957.56005859375,28.158782958984375
7.5390625,957.5383911132812,28.161720275878906
7.5546875,957.5684814453125,28.16503143310547
7.5703125,957.560546875,28.158782958984375
7.5859375,957.5545043945312,28.158058166503906
7.6015625,957.5592041015625,28.154373168945312
7.6171875,957.5606079101562,28.16356658935547
7.6328125,957.5639038085938,28.1676025390625
7.6484375,957.5601196289062,28.169082641601562
7.6640625,957.5734252929688,28.16687774658203
7.6796875,957.5588989257812,28.175697326660156
7.6953125,957.5651245117188,28.17053985595703
7.7109375,957.5824584960938,28.173492431640625
7.7265625,957.5822143554688,28.173492431640625
7.7421875,957.6030883789062,28.18561553955078
7.7578125,957.5905151367188,28.175323486328125
7.7734375,957.6008911132812,28.196640014648438
7.7890625,957.6130981445312,28.18561553955078
7.8046875,957.60546875,28.186721801757812
7.8203125,957.6049194335938,28.179000854492188
7.8359375,957.6041870117188,28.18193817138672
7.8515625,957.6181640625,28.190383911132812
7.8671875,957.6177978515625,28.18561553955078
7.8828125,957.6281127929688,28.20325469970703
7.8984375,957.6233520507812,28.20471954345703
7.9140625,957.6174926757812,28.194435119628906
7.9296875,957.6283569335938,28.19884490966797
7.9453125,957.6502685546875,28.2017822265625
7.9609375,957.62255859375,28.209129333496094
7.9765625,957.6256713867188,28.22162628173828
7.9921875,957.6322631835938,28.205093383789062
8.0078125,957.6431274414062,28.206924438476562
8.0234375,957.643310546875,28.21794891357422
8.0390625,957.6658325195312,28.22089385986328
8.0546875,957.6524658203125,28.22089385986328
8.0703125,957.6495361328125,28.22089385986328
8.0859375,957.6387329101562,28.22089385986328
8.1015625,957.6471557617188,28.226036071777344
8.1171875,957.65771484375,28.226036071777344
8.1328125,957.6470336914062,28.22089385986328
8.1484375,957.6524658203125,28.233383178710938
8.1640625,957.6543579101562,28.244781494140625
8.1796875,957.661376953125,28.231178283691406
8.1953125,957.6332397460938,28.244407653808594
8.2109375,957.6459350585938,28.240371704101562
8.2265625,957.6448364257812,28.263145446777344
8.2421875,957.6506958007812,28.259109497070312
8.2578125,957.6276245117188,28.25396728515625
8.2734375,957.6700439453125,28.27454376220703
8.2890625,957.6566772460938,28.274169921875
8.3046875,957.653564453125,28.266830444335938
8.3203125,957.6778564453125,28.267929077148438
8.3359375,957.6505737304688,28.278221130371094
8.3515625,957.6683349609375,28.275650024414062
8.3671875,957.6484375,28.285568237304688
8.3828125,957.6404418945312,28.29107666015625
8.3984375,957.6445922851562,28.28594207763672
8.4140625,957.651123046875,28.302833557128906
8.4296875,957.6563720703125,28.299896240234375
8.4453125,957.660888671875,28.29180908203125
8.4609375,957.6517944335938,28.30614471435547
8.4765625,957.6466064453125,28.301734924316406
8.4921875,957.6527709960938,28.30358123779297
8.5078125,957.6571044921875,28.310195922851562
8.5234375,957.6333618164062,28.299896240234375
8.5390625,957.634765625,28.299896240234375
8.5546875,957.6513671875,28.3076171875
8.5703125,957.6331176757812,28.308349609375
8.5859375,957.6599731445312,28.317909240722656
8.6015625,957.6490478515625,28.316810607910156
8.6171875,957.6608276367188,28.33885955810547
8.6328125,957.6361694335938,28.316062927246094
8.6484375,957.6690673828125,28.331138610839844
8.6640625,957.6557006835938,28.319374084472656
8.6796875,957.6551513671875,28.32746124267578
8.6953125,957.6487426757812,28.312026977539062
8.7109375,957.657958984375,28.319747924804688
8.7265625,957.659912109375,28.34252166748047
8.7421875,957.6735229492188,28.328933715820312
8.7578125,957.666748046875,28.34069061279297
8.7734375,957.645263671875,28.3428955078125
8.7890625,957.6515502929688,28.345474243164062
8.8046875,957.6517944335938,28.32598876953125
8.8203125,957.6694946289062,28.346206665039062
8.8359375,957.6596069335938,28.3447265625
8.8515625,957.6552124023438,28.346206665039062
8.8671875,957.663818359375,28.3447265625
8.8828125,957.6373901367188,28.352447509765625
8.8984375,957.6465454101562,28.349884033203125
8.9140625,957.6569213867188,28.35832977294922
8.9296875,957.6596069335938,28.355392456054688
8.9453125,957.6467895507812,28.349884033203125
8.9609375,957.6480102539062,28.356124877929688
8.9765625,957.6528930664062,28.356124877929688
8.9921875,957.6630249023438,28.369728088378906
9.0078125,957.6588745117188,28.36090850830078
9.0234375,957.655029296875,28.37596893310547
9.0390625,957.6594848632812,28.36347198486328
9.0546875,957.6463623046875,28.365676879882812
9.0703125,957.6591186523438,28.363845825195312
9.0859375,957.66015625,28.368980407714844
9.1015625,957.6731567382812,28.367149353027344
9.1171875,957.6538696289062,28.374862670898438
9.1328125,957.672607421875,28.370826721191406
9.1484375,957.6608276367188,28.369354248046875
9.1640625,957.6410522460938,28.37596893310547
9.1796875,957.677490234375,28.370452880859375
9.1953125,957.654296875,28.374862670898438
9.2109375,957.6719970703125,28.380752563476562
9.2265625,957.6689453125,28.37523651123047
9.2421875,957.6636352539062,28.391029357910156
9.2578125,957.6532592773438,28.386993408203125
9.2734375,957.6624755859375,28.38111114501953
9.2890625,957.6547241210938,28.3770751953125
9.3046875,957.6686401367188,28.37523651123047
9.3203125,957.6564331054688,28.387725830078125
9.3359375,957.6630859375,28.402053833007812
9.3515625,957.6639404296875,28.388465881347656
9.3671875,957.6661987304688,28.400222778320312
9.3828125,957.6702880859375,28.387725830078125
9.3984375,957.6488037109375,28.401695251464844
9.4140625,957.6639404296875,28.401695251464844
9.4296875,957.6663208007812,28.404632568359375
9.4453125,957.6624145507812,28.388465881347656
9.4609375,957.6500854492188,28.392501831054688
9.4765625,957.6624145507812,28.410873413085938
9.4921875,957.67138671875,28.404258728027344
9.5078125,957.6802978515625,28.415283203125
9.5234375,957.6807861328125,28.406837463378906
9.5390625,957.666748046875,28.41492462158203
9.5546875,957.6746826171875,28.41124725341797
9.5703125,957.6636352539062,28.41124725341797
9.5859375,957.6541137695312,28.421173095703125
9.6015625,957.6627807617188,28.41124725341797
9.6171875,957.6649169921875,28.422271728515625
9.6328125,957.67138671875,28.424476623535156
9.6484375,957.6649780273438,28.417129516601562
9.6640625,957.6690673828125,28.420799255371094
9.6796875,957.6580200195312,28.421173095703125
9.6953125,957.6724243164062,28.435874938964844
9.7109375,957.6727294921875,28.425949096679688
9.7265625,957.6716918945312,28.42888641357422
9.7421875,957.6588134765625,28.433670043945312
9.7578125,957.6538696289062,28.42999267578125
9.7734375,957.6571044921875,28.43182373046875
9.7890625,957.6478881835938,28.42815399169922
9.8046875,957.6427001953125,28.435501098632812
9.8203125,957.6529541015625,28.44652557373047
9.8359375,957.64990234375,28.441009521484375
9.8515625,957.6499633789062,28.441741943359375
9.8671875,957.6488037109375,28.438438415527344
9.8828125,957.6485595703125,28.438079833984375
9.8984375,957.647216796875,28.436599731445312
9.9140625,957.64599609375,28.42999267578125
9.9296875,957.6476440429688,28.418235778808594
9.9453125,957.6494140625,28.41748809814453
9.9609375,957.6463623046875,28.418235778808594
9.9765625,957.65771484375,28.421539306640625
9.9921875,957.6504516601562,28.416763305664062
10.0078125,957.6434326171875,28.43182373046875
10.0234375,957.6454467773438,28.422271728515625
10.0390625,957.6373291015625,28.42999267578125
10.0546875,957.6476440429688,28.43146514892578
10.0703125,957.641845703125,28.42999267578125
10.0859375,957.6459350585938,28.421539306640625
10.1015625,957.6569213867188,28.419334411621094
10.1171875,957.6513061523438,28.410873413085938
10.1328125,957.6409912109375,28.410873413085938
10.1484375,957.6451416015625,28.417129516601562
10.1640625,957.6505126953125,28.404258728027344
10.1796875,957.6427612304688,28.401695251464844
10.1953125,957.6400756835938,28.404258728027344
10.2109375,957.6451416015625,28.405006408691406
10.2265625,957.6427612304688,28.405006408691406
10.2421875,957.6397705078125,28.401695251464844
10.2578125,957.6431274414062,28.399124145507812
10.2734375,957.6349487304688,28.409774780273438
10.2890625,957.63671875,28.407569885253906
10.3046875,957.6495361328125,28.406463623046875
10.3203125,957.6328125,28.401695251464844
10.3359375,957.6460571289062,28.407943725585938
10.3515625,957.6389770507812,28.391403198242188
10.3671875,957.642578125,28.386993408203125
10.3828125,957.6326293945312,28.404632568359375
10.3984375,957.6463012695312,28.391403198242188
10.4140625,957.64208984375,28.391403198242188
10.4296875,957.6443481445312,28.39543914794922
10.4453125,957.6287231445312,28.37523651123047
10.4609375,957.6373901367188,28.391029357910156
10.4765625,957.624755859375,28.374496459960938
10.4921875,957.6272583007812,28.391029357910156
10.5078125,957.6289672851562,28.37523651123047
10.5234375,957.6273193359375,28.373390197753906
10.5390625,957.627685546875,28.374496459960938
10.5546875,957.6200561523438,28.370086669921875
10.5703125,957.611328125,28.368621826171875
10.5859375,957.6152954101562,28.35980224609375
10.6015625,957.6162109375,28.35906219482422
10.6171875,957.6161499023438,28.357955932617188
10.6328125,957.6190185546875,28.36200714111328
10.6484375,957.6134033203125,28.364944458007812
10.6640625,957.631591796875,28.35943603515625
10.6796875,957.6078491210938,28.35832977294922
10.6953125,957.6060180664062,28.356124877929688
10.7109375,957.6004638671875,28.348037719726562
10.7265625,957.60498046875,28.34252166748047
10.7421875,957.616943359375,28.349884033203125
10.7578125,957.5885009765625,28.334449768066406
10.7734375,957.6024169921875,28.32635498046875
10.7890625,957.6051635742188,28.3421630859375
10.8046875,957.598388671875,28.328933715820312
10.8203125,957.593505859375,28.32708740234375
10.8359375,957.5944213867188,28.319374084472656
10.8515625,957.6021118164062,28.319374084472656
10.8671875,957.6010131835938,28.314964294433594
10.8828125,957.5849609375,28.300270080566406
10.8984375,957.5972290039062,28.315338134765625
10.9140625,957.6005249023438,28.316810607910156
10.9296875,957.5952758789062,28.312026977539062
10.9453125,957.6001586914062,28.30908966064453
10.9609375,957.595703125,28.293655395507812
10.9765625,957.58935546875,28.30799102783203
10.9921875,957.58544921875,28.299171447753906
11.0078125,957.585205078125,28.313858032226562
11.0234375,957.5859985351562,28.29291534423828
11.0390625,957.5880737304688,28.301002502441406
11.0546875,957.595458984375,28.3065185546875
11.0703125,957.6043701171875,28.313858032226562
11.0859375,957.600341796875,28.308349609375
11.1015625,957.6099243164062,28.303939819335938
11.1171875,957.5850830078125,28.300270080566406
11.1328125,957.6019287109375,28.301376342773438
11.1484375,957.5943603515625,28.318641662597656
11.1640625,957.600830078125,28.299896240234375
11.1796875,957.5990600585938,28.294761657714844
11.1953125,957.5985107421875,28.297325134277344
11.2109375,957.6141967773438,28.3065185546875
11.2265625,957.595458984375,28.310195922851562
11.2421875,957.5999755859375,28.3076171875
11.2578125,957.594970703125,28.308349609375
11.2734375,957.600341796875,28.299896240234375
11.2890625,957.6102294921875,28.302108764648438
11.3046875,957.6021728515625,28.30614471435547
11.3203125,957.5960083007812,28.299896240234375
11.3359375,957.6007690429688,28.30467987060547
11.3515625,957.5863037109375,28.302833557128906
11.3671875,957.5993041992188,28.313125610351562
11.3828125,957.600341796875,28.312026977539062
11.3984375,957.609130859375,28.30614471435547
11.4140625,957.5864868164062,28.299896240234375
11.4296875,957.5994873046875,28.29107666015625
11.4453125,957.5778198242188,28.295486450195312
11.4609375,957.5841674804688,28.29401397705078
11.4765625,957.5899658203125,28.296592712402344
11.4921875,957.5938110351562,28.298065185546875
11.5078125,957.5631103515625,28.283363342285156
11.5234375,957.5901489257812,28.286666870117188
11.5390625,957.58984375,28.297325134277344
11.5546875,957.5939331054688,28.293655395507812
11.5703125,957.5966186523438,28.295860290527344
11.5859375,957.5943603515625,28.29145050048828
11.6015625,957.589111328125,28.29145050048828
11.6171875,957.5848999023438,28.29035186767578
11.6328125,957.5908203125,28.300270080566406
11.6484375,957.5817260742188,28.287399291992188
11.6640625,957.5834350585938,28.2734375
11.6796875,957.589111328125,28.28704071044922
11.6953125,957.5773315429688,28.281532287597656
11.7109375,957.59716796875,28.293289184570312
11.7265625,957.591064453125,28.295120239257812
11.7421875,957.5848388671875,28.29071044921875
11.7578125,957.5765991210938,28.287399291992188
11.7734375,957.5673828125,28.286300659179688
11.7890625,957.5809326171875,28.294387817382812
11.8046875,957.5985107421875,28.29107666015625
11.8203125,957.5676879882812,28.29107666015625
11.8359375,957.5855102539062,28.282989501953125
11.8515625,957.5841064453125,28.287399291992188
11.8671875,957.5726928710938,28.282989501953125
11.8828125,957.5758666992188,28.278579711914062
11.8984375,957.5712280273438,28.294387817382812
11.9140625,957.5781860351562,28.282989501953125
11.9296875,957.5794067382812,28.287399291992188
11.9453125,957.5774536132812,28.28850555419922
11.9609375,957.5728149414062,28.286300659179688
11.9765625,957.5773315429688,28.283737182617188
11.9921875,957.59375,28.28924560546875
12.0078125,957.5734252929688,28.277847290039062
12.0234375,957.581298828125,28.277481079101562
12.0390625,957.5711669921875,28.29401397705078
12.0546875,957.578125,28.29107666015625
12.0703125,957.5736694335938,28.279685974121094
12.0859375,957.5719604492188,28.283737182617188
12.1015625,957.5818481445312,28.278579711914062
12.1171875,957.5718383789062,28.276748657226562
12.1328125,957.5692749023438,28.281532287597656
12.1484375,957.5816040039062,28.28594207763672
12.1640625,957.5880126953125,28.282989501953125
12.1796875,957.5770263671875,28.278221130371094
12.1953125,957.5801391601562,28.271240234375
12.2109375,957.5764770507812,28.276748657226562
12.2265625,957.5811767578125,28.282989501953125
12.2421875,957.5715942382812,28.276748657226562
12.2578125,957.5811767578125,28.28997802734375
12.2734375,957.5658569335938,28.274917602539062
12.2890625,957.5762329101562,28.275650024414062
12.3046875,957.5595703125,28.282989501953125
12.3203125,957.580078125,28.269760131835938
12.3359375,957.5637817382812,28.281158447265625
12.3515625,957.5601196289062,28.27454376220703
12.3671875,957.5655517578125,28.2734375
12.3828125,957.580810546875,28.265724182128906
12.3984375,957.5538940429688,28.276748657226562
12.4140625,957.5709838867188,28.274917602539062
12.4296875,957.5595092773438,28.276016235351562
12.4453125,957.5709228515625,28.2723388671875
12.4609375,957.5747680664062,28.282989501953125
12.4765625,957.572265625,28.278953552246094
12.4921875,957.5551147460938,28.282989501953125
12.5078125,957.5715942382812,28.277122497558594
12.5234375,957.5709838867188,28.27271270751953
12.5390625,957.5831298828125,28.280059814453125
12.5546875,957.56005859375,28.284835815429688
12.5703125,957.5807495117188,28.27454376220703
12.5859375,957.5874633789062,28.277847290039062
12.6015625,957.5550537109375,28.280426025390625
12.6171875,957.5654296875,28.267555236816406
12.6328125,957.5731201171875,28.27454376220703
12.6484375,957.6005859375,28.28924560546875
12.6640625,957.5485229492188,28.281158447265625
12.6796875,957.5816040039062,28.2723388671875
12.6953125,957.6074829101562,28.2716064453125
12.7109375,957.6116333007812,28.275650024414062
12.7265625,957.5816040039062,28.27086639404297
12.7421875,957.5709838867188,28.279685974121094
12.7578125,957.6117553710938,28.27454376220703
12.7734375,957.6024169921875,28.274169921875
12.7890625,957.6404418945312,28.281158447265625
12.8046875,957.6184692382812,28.263893127441406
12.8203125,957.5977783203125,28.282257080078125
12.8359375,957.6126098632812,28.276748657226562
12.8515625,957.614501953125,28.283737182617188
12.8671875,957.6158447265625,28.266830444335938
12.8828125,957.6004638671875,28.286300659179688
12.8984375,957.5982055664062,28.258010864257812
12.9140625,957.6275634765625,28.264251708984375
12.9296875,957.5895385742188,28.266098022460938
12.9453125,957.6235961914062,28.257278442382812
12.9609375,957.5905151367188,28.266098022460938
12.9765625,957.6664428710938,28.23853302001953
12.9921875,957.6154174804688,28.262420654296875
13.0078125,957.5857543945312,28.244407653808594
13.0234375,957.5982055664062,28.23999786376953
13.0390625,957.6209716796875,28.24109649658203
13.0546875,957.619873046875,28.23853302001953
13.0703125,957.6583251953125,28.23926544189453
13.0859375,957.610107421875,28.246978759765625
13.1015625,957.6497192382812,28.23853302001953
13.1171875,957.6100463867188,28.22089385986328
13.1328125,957.6328125,28.227142333984375
13.1484375,957.6066284179688,28.226409912109375
13.1640625,957.656005859375,28.22125244140625
13.1796875,957.6113891601562,28.225662231445312
13.1953125,957.6475830078125,28.22089385986328
13.2109375,957.6953735351562,28.225662231445312
13.2265625,957.6911010742188,28.22015380859375
13.2421875,957.6494140625,28.21904754638672
13.2578125,957.621826171875,28.20398712158203
13.2734375,957.6484375,28.208396911621094
13.2890625,957.63037109375,28.208396911621094
13.3046875,957.638671875,28.20398712158203
13.3203125,957.6632690429688,28.211334228515625
13.3359375,957.6145629882812,28.20398712158203
13.3515625,957.6251831054688,28.21794891357422
13.3671875,957.6426391601562,28.2025146484375
13.3828125,957.604736328125,28.20398712158203
13.3984375,957.622802734375,28.198471069335938
13.4140625,957.61865234375,28.199203491210938
13.4296875,957.6187133789062,28.19884490966797
13.4453125,957.6282348632812,28.19957733154297
13.4609375,957.6515502929688,28.20398712158203
13.4765625,957.6221923828125,28.198471069335938
13.4921875,957.6221923828125,28.212074279785156
13.5078125,957.6575317382812,28.20471954345703
13.5234375,957.6525268554688,28.20325469970703
13.5390625,957.663818359375,28.205093383789062
13.5546875,957.7152099609375,28.192230224609375
13.5703125,957.7271118164062,28.190383911132812
13.5859375,957.6434326171875,28.18561553955078
13.6015625,957.6703491210938,28.195167541503906
13.6171875,957.6630249023438,28.191131591796875
13.6328125,957.6173095703125,28.18193817138672
13.6484375,957.657470703125,28.18376922607422
13.6640625,957.7095336914062,28.180831909179688
13.6796875,957.72412109375,28.18817901611328
13.6953125,957.6688842773438,28.169082641601562
13.7109375,957.7021484375,28.18634796142578
13.7265625,957.6800537109375,28.177528381347656
13.7421875,957.7005004882812,28.18451690673828
13.7578125,957.7637939453125,28.181564331054688
13.7734375,957.6848754882812,28.17053985595703
13.7890625,957.7255249023438,28.1676025390625
13.8046875,957.7686767578125,28.176422119140625
13.8203125,957.66943359375,28.18561553955078
13.8359375,957.6805419921875,28.179733276367188
13.8515625,957.7550048828125,28.176055908203125
13.8671875,957.6997680664062,28.178260803222656
13.8828125,957.6702270507812,28.18010711669922
13.8984375,957.744873046875,28.175323486328125
13.9140625,957.814208984375,28.176055908203125
13.9296875,957.7706909179688,28.179000854492188
13.9453125,957.7638549804688,28.172386169433594
13.9609375,957.7530517578125,28.175323486328125
13.9765625,957.7188110351562,28.159515380859375
13.9921875,957.743408203125,28.162094116210938
14.0078125,957.8145751953125,28.1654052734375
14.0234375,957.7208251953125,28.178260803222656
14.0390625,957.7697143554688,28.1676025390625
14.0546875,957.6965942382812,28.172386169433594
14.0703125,957.788818359375,28.172386169433594
14.0859375,957.8108520507812,28.1654052734375
14.1015625,957.7291259765625,28.175323486328125
14.1171875,957.7736206054688,28.158058166503906
14.1328125,957.7396850585938,28.156211853027344
14.1484375,957.7037353515625,28.155479431152344
14.1640625,957.7210083007812,28.158058166503906
14.1796875,957.734375,28.1676025390625
14.1953125,957.7537231445312,28.179000854492188
14.2109375,957.712646484375,28.169082641601562
14.2265625,957.7176513671875,28.172744750976562
14.2421875,957.7715454101562,28.175697326660156
14.2578125,957.6973876953125,28.176055908203125
14.2734375,957.757568359375,28.175323486328125
14.2890625,957.7337036132812,28.179000854492188
14.3046875,957.7567138671875,28.175697326660156
14.3203125,957.7265625,28.181564331054688
14.3359375,957.7587890625,28.186721801757812
14.3515625,957.7693481445312,28.176422119140625
14.3671875,957.8029174804688,28.18561553955078
14.3828125,957.8711547851562,28.181564331054688
14.3984375,957.7706909179688,28.171646118164062
14.4140625,957.935302734375,28.171646118164062
14.4296875,957.8346557617188,28.190757751464844
14.4453125,957.8323974609375,28.18376922607422
14.4609375,957.8286743164062,28.194061279296875
14.4765625,957.76123046875,28.190383911132812
14.4921875,957.79833984375,28.194061279296875
14.5078125,957.7659912109375,28.180831909179688
14.5234375,957.79443359375,28.18304443359375
14.5390625,957.791015625,28.18120574951172
14.5546875,957.825439453125,28.196640014648438
14.5703125,957.81201171875,28.209129333496094
14.5859375,957.80615234375,28.205093383789062
14.6015625,957.8058471679688,28.194435119628906
14.6171875,957.8404541015625,28.20325469970703
14.6328125,957.8246459960938,28.193695068359375
14.6484375,957.8129272460938,28.20215606689453
14.6640625,957.7965698242188,28.199951171875
14.6796875,957.9207763671875,28.22015380859375
14.6953125,957.802490234375,28.204360961914062
14.7109375,957.8062133789062,28.20030975341797
14.7265625,957.7427978515625,28.21538543701172
14.7421875,957.7757568359375,28.22162628173828
14.7578125,957.8092041015625,28.22089385986328
14.7734375,957.7853393554688,28.223831176757812
14.7890625,957.754638671875,28.206924438476562
14.8046875,957.7344970703125,28.215011596679688
14.8203125,957.7198486328125,28.22089385986328
14.8359375,957.7490234375,28.234481811523438
14.8515625,957.6829223632812,28.25469970703125
14.8671875,957.6795654296875,28.233749389648438
14.8828125,957.6739501953125,28.242942810058594
14.8984375,957.6837768554688,28.24109649658203
14.9140625,957.6466674804688,28.237060546875
14.9296875,957.6529541015625,28.245147705078125
14.9453125,957.6537475585938,28.25653076171875
14.9609375,957.6398315429688,28.25579833984375
14.9765625,957.6380004882812,28.251022338867188
14.9921875,957.6447143554688,28.2705078125
15.0078125,957.6376953125,28.261314392089844
15.0234375,957.6458129882812,28.266098022460938
15.0390625,957.6521606445312,28.274169921875
15.0546875,957.63037109375,28.259109497070312
15.0703125,957.62890625,28.27454376220703
15.0859375,957.62451171875,28.2734375
15.1015625,957.6177368164062,28.274169921875
15.1171875,957.6172485351562,28.25396728515625
15.1328125,957.6253662109375,28.258377075195312
15.1484375,957.6072998046875,28.2723388671875
15.1640625,957.6176147460938,28.25322723388672
15.1796875,957.6205444335938,28.2723388671875
15.1953125,957.614013671875,28.267929077148438
15.2109375,957.6142578125,28.274169921875
15.2265625,957.6118774414062,28.245880126953125
15.2421875,957.6078491210938,28.267929077148438
15.2578125,957.6160888671875,28.259109497070312
15.2734375,957.6013793945312,28.251022338867188
15.2890625,957.614990234375,28.25176239013672
15.3046875,957.6085205078125,28.2723388671875
15.3203125,957.6134643554688,28.269760131835938
15.3359375,957.6102294921875,28.264251708984375
15.3515625,957.6007690429688,28.251022338867188
15.3671875,957.6053466796875,28.25469970703125
15.3828125,957.6080932617188,28.252120971679688
15.3984375,957.5947265625,28.25469970703125
15.4140625,957.5962524414062,28.247352600097656
15.4296875,957.6026611328125,28.248817443847656
15.4453125,957.5962524414062,28.259483337402344
15.4609375,957.59912109375,28.25579833984375
15.4765625,957.6058959960938,28.259109497070312
15.4921875,957.5865478515625,28.244781494140625
15.5078125,957.5863037109375,28.24109649658203
15.5234375,957.5799560546875,28.2352294921875
15.5390625,957.5919189453125,28.237060546875
15.5546875,957.5933227539062,28.231918334960938
15.5703125,957.5772705078125,28.231918334960938
15.5859375,957.5885620117188,28.248817443847656
15.6015625,957.5848999023438,28.2352294921875
15.6171875,957.5835571289062,28.231918334960938
15.6328125,957.5767211914062,28.230445861816406
15.6484375,957.5776977539062,28.232276916503906
15.6640625,957.596923828125,28.231178283691406
15.6796875,957.5718383789062,28.233383178710938
15.6953125,957.6036376953125,28.229713439941406
15.7109375,957.5782470703125,28.226036071777344
15.7265625,957.5760498046875,28.222732543945312
15.7421875,957.5763549804688,28.242202758789062
15.7578125,957.5841674804688,28.22125244140625
15.7734375,957.5911254882812,28.228614807128906
15.7890625,957.5745849609375,28.24109649658203
15.8046875,957.5728149414062,28.2388916015625
15.8203125,957.5874633789062,28.233383178710938
15.8359375,957.576904296875,28.22015380859375
15.8515625,957.5665283203125,28.2359619140625
15.8671875,957.5782470703125,28.206192016601562
15.8828125,957.5848388671875,28.22089385986328
15.8984375,957.5739135742188,28.232650756835938
15.9140625,957.5684204101562,28.227142333984375
15.9296875,957.5822143554688,28.22015380859375
15.9453125,957.567138671875,28.22235870361328
15.9609375,957.5912475585938,28.21868896484375
15.9765625,957.575927734375,28.222732543945312
15.9921875,957.55859375,28.227508544921875
16.0078125,957.5703125,28.222000122070312
16.0234375,957.5667724609375,28.22089385986328
16.0390625,957.5708618164062,28.22089385986328
16.0546875,957.5816040039062,28.212074279785156
16.0703125,957.5700073242188,28.214279174804688
16.0859375,957.5725708007812,28.22125244140625
16.1015625,957.5655517578125,28.21759033203125
16.1171875,957.5704956054688,28.214637756347656
16.1328125,957.5714721679688,28.228973388671875
16.1484375,957.5829467773438,28.20325469970703
16.1640625,957.5524291992188,28.211334228515625
16.1796875,957.5728759765625,28.213180541992188
16.1953125,957.5778198242188,28.209503173828125
16.2109375,957.558349609375,28.20581817626953
16.2265625,957.5592651367188,28.19957733154297
16.2421875,957.5586547851562,28.20398712158203
16.2578125,957.569091796875,28.206924438476562
16.2734375,957.5747680664062,28.206924438476562
16.2890625,957.5712280273438,28.21794891357422
16.3046875,957.5782470703125,28.207664489746094
16.3203125,957.5670776367188,28.2025146484375
16.3359375,957.5904541015625,28.207664489746094
16.3515625,957.6314697265625,28.20325469970703
16.3671875,957.6655883789062,28.209503173828125
16.3828125,957.657958984375,28.205093383789062
16.3984375,957.7212524414062,28.213180541992188
16.4140625,957.7047729492188,28.22089385986328
16.4296875,957.7012939453125,28.207664489746094
16.4453125,957.6427612304688,28.20325469970703
16.4609375,957.6781616210938,28.22162628173828
16.4765625,957.747802734375,28.214637756347656
16.4921875,957.6798095703125,28.223098754882812
16.5078125,957.6663818359375,28.204360961914062
16.5234375,957.669921875,28.208770751953125
16.5390625,957.7198486328125,28.208770751953125
16.5546875,957.6923217773438,28.214637756347656
16.5703125,957.7055053710938,28.216110229492188
16.5859375,957.8479614257812,28.227867126464844
16.6015625,957.7782592773438,28.209503173828125
16.6171875,957.7734375,28.21868896484375
16.6328125,957.7344360351562,28.224563598632812
16.6484375,957.6778564453125,28.227142333984375
16.6640625,957.712646484375,28.222732543945312
16.6796875,957.783203125,28.222732543945312
16.6953125,957.6759033203125,28.234481811523438
16.7109375,957.6758422851562,28.231552124023438
16.7265625,957.7321166992188,28.23485565185547
16.7421875,957.6663208007812,28.222732543945312
16.7578125,957.703857421875,28.232650756835938
16.7734375,957.7608642578125,28.225303649902344
16.7890625,957.6486206054688,28.247352600097656
16.8046875,957.6717529296875,28.232650756835938
16.8203125,957.7423706054688,28.23668670654297
16.8359375,957.7487182617188,28.246253967285156
16.8515625,957.69140625,28.237060546875
16.8671875,957.8143310546875,28.232650756835938
16.8828125,957.7978515625,28.23999786376953
16.8984375,957.7037963867188,28.231918334960938
16.9140625,957.7846069335938,28.246253967285156
16.9296875,957.6942749023438,28.23743438720703
16.9453125,957.6796875,28.258010864257812
16.9609375,957.6531982421875,28.249557495117188
16.9765625,957.7607421875,28.25617218017578
16.9921875,957.79833984375,28.25176239013672
17.0078125,957.7734375,28.257278442382812
17.0234375,957.8567504882812,28.25653076171875
17.0390625,957.7257080078125,28.25653076171875
17.0546875,957.7202758789062,28.25653076171875
17.0703125,957.7720947265625,28.259109497070312
17.0859375,957.8837890625,28.268661499023438
17.1015625,957.7328491210938,28.263893127441406
17.1171875,957.7366333007812,28.258010864257812
17.1328125,957.7931518554688,28.269760131835938
17.1484375,957.80029296875,28.276748657226562
17.1640625,957.8242797851562,28.263145446777344
17.1796875,957.7329711914062,28.287399291992188
17.1953125,957.706787109375,28.277847290039062
17.2109375,957.7075805664062,28.280426025390625
17.2265625,957.6364135742188,28.280784606933594
17.2421875,957.7365112304688,28.285568237304688
17.2578125,957.7352294921875,28.278579711914062
17.2734375,957.7487182617188,28.293289184570312
17.2890625,957.70849609375,28.279685974121094
17.3046875,957.7232666015625,28.280426025390625
17.3203125,957.7394409179688,28.281158447265625
17.3359375,957.8145141601562,28.286300659179688
17.3515625,957.6470947265625,28.293289184570312
17.3671875,957.70068359375,28.27527618408203
17.3828125,957.689453125,28.293289184570312
17.3984375,957.6376342773438,28.28924560546875
17.4140625,957.684814453125,28.28704071044922
17.4296875,957.674560546875,28.295860290527344
17.4453125,957.7236328125,28.293289184570312
17.4609375,957.8079223632812,28.29107666015625
17.4765625,957.7977294921875,28.300270080566406
17.4921875,957.706787109375,28.296592712402344
17.5078125,957.8106689453125,28.296218872070312
17.5234375,957.7213745117188,28.298423767089844
17.5390625,957.7733154296875,28.312026977539062
17.5546875,957.6739501953125,28.28704071044922
17.5703125,957.7322387695312,28.3065185546875
17.5859375,957.7335815429688,28.303939819335938
17.6015625,957.7470703125,28.296592712402344
17.6171875,957.7439575195312,28.29291534423828
17.6328125,957.8150634765625,28.308349609375
17.6484375,957.7666015625,28.296592712402344
17.6640625,957.786865234375,28.308349609375
17.6796875,957.7719116210938,28.295486450195312
17.6953125,958.0137329101562,28.296592712402344
17.7109375,957.8471069335938,28.32122039794922
17.7265625,957.8006591796875,28.295486450195312
17.7421875,957.7462158203125,28.299896240234375
17.7578125,957.7706298828125,28.299896240234375
17.7734375,957.8843383789062,28.30541229248047
17.7890625,957.7681274414062,28.3076171875
17.8046875,957.7771606445312,28.302833557128906
17.8203125,957.8148803710938,28.295486450195312
17.8359375,957.8058471679688,28.3076171875
17.8515625,957.8522338867188,28.315704345703125
17.8671875,957.8180541992188,28.310195922851562
17.8828125,957.86865234375,28.32746124267578
17.8984375,957.8692016601562,28.316436767578125
17.9140625,957.8359375,28.319374084472656
17.9296875,957.81005859375,28.319374084472656
17.9453125,957.7701416015625,28.316436767578125
17.9609375,957.73828125,28.32378387451172
17.9765625,957.740234375,28.320472717285156
17.9921875,957.7327270507812,28.319374084472656
18.0078125,957.6962280273438,28.330398559570312
18.0234375,957.6598510742188,28.320472717285156
18.0390625,957.6630249023438,28.334449768066406
18.0546875,957.6630859375,28.32525634765625
18.0703125,957.6521606445312,28.330039978027344
18.0859375,957.6448974609375,28.328933715820312
18.1015625,957.6494140625,28.331138610839844
18.1171875,957.6365966796875,28.33995819091797
18.1328125,957.6499633789062,28.334449768066406
18.1484375,957.6357421875,28.334449768066406
18.1640625,957.6177978515625,28.348037719726562
18.1796875,957.6127319335938,28.335174560546875
18.1953125,957.6382446289062,28.32598876953125
18.2109375,957.6307373046875,28.32635498046875
18.2265625,957.6314086914062,28.335174560546875
18.2421875,957.6173095703125,28.331138610839844
18.2578125,957.6229248046875,28.32231903076172
18.2734375,957.61669921875,28.33885955810547
18.2890625,957.6272583007812,28.316810607910156
18.3046875,957.6119384765625,28.328933715820312
18.3203125,957.6143798828125,28.317909240722656
18.3359375,957.625732421875,28.322677612304688
18.3515625,957.6155395507812,28.314964294433594
18.3671875,957.6219482421875,28.299896240234375
18.3828125,957.606689453125,28.299171447753906
18.3984375,957.6072387695312,28.317169189453125
18.4140625,957.6047973632812,28.310195922851562
18.4296875,957.5982055664062,28.299896240234375
18.4453125,957.6030883789062,28.3087158203125
18.4609375,957.5999145507812,28.3087158203125
18.4765625,957.5962524414062,28.29107666015625
18.4921875,957.5885620117188,28.30358123779297
18.5078125,957.599365234375,28.295486450195312
18.5234375,957.5782470703125,28.3076171875
18.5390625,957.5866088867188,28.30467987060547
18.5546875,957.5994262695312,28.30614471435547
18.5703125,957.5841064453125,28.303939819335938
18.5859375,957.577880859375,28.30467987060547
18.6015625,957.5791015625,28.296218872070312
18.6171875,957.5836791992188,28.295486450195312
18.6328125,957.5985717773438,28.29071044921875
18.6484375,957.5778198242188,28.295486450195312
18.6640625,957.5830078125,28.299171447753906
18.6796875,957.593505859375,28.29180908203125
18.6953125,957.588623046875,28.29145050048828
18.7109375,957.5848999023438,28.294761657714844
18.7265625,957.5841064453125,28.294761657714844
18.7421875,957.5734252929688,28.29180908203125
18.7578125,957.577880859375,28.281158447265625
18.7734375,957.5720825195312,28.283737182617188
18.7890625,957.5723266601562,28.292556762695312
18.8046875,957.5809936523438,28.29071044921875
18.8203125,957.5778198242188,28.287399291992188
18.8359375,957.56201171875,28.275650024414062
18.8515625,957.5595703125,28.277481079101562
18.8671875,957.572265625,28.280784606933594
18.8828125,957.5650024414062,28.283737182617188
18.8984375,957.5801391601562,28.294387817382812
18.9140625,957.573974609375,28.27086639404297
18.9296875,957.58349609375,28.293655395507812
18.9453125,957.5733642578125,28.27637481689453
18.9609375,957.5787963867188,28.282989501953125
18.9765625,957.5841064453125,28.274917602539062
18.9921875,957.5631103515625,28.274917602539062
19.0078125,957.5750732421875,28.2705078125
19.0234375,957.5591430664062,28.259841918945312
19.0390625,957.5746459960938,28.27454376220703
19.0546875,957.5762329101562,28.259841918945312
19.0703125,957.5823974609375,28.274169921875
19.0859375,957.5760498046875,28.266830444335938
19.1015625,957.5778198242188,28.276748657226562
19.1171875,957.5763549804688,28.266830444335938
19.1328125,957.5753784179688,28.2723388671875
19.1484375,957.5658569335938,28.267929077148438
19.1640625,957.5653686523438,28.263893127441406
19.1796875,957.5650634765625,28.269760131835938
19.1953125,957.5804443359375,28.25617218017578
19.2109375,957.5659790039062,28.266098022460938
19.2265625,957.5753173828125,28.267929077148438
19.2421875,957.567138671875,28.260581970214844
19.2578125,957.5694580078125,28.257278442382812
19.2734375,957.5821533203125,28.267929077148438
19.2890625,957.5802612304688,28.263145446777344
19.3046875,957.579833984375,28.274917602539062
19.3203125,957.5785522460938,28.257278442382812
19.3359375,957.5803833007812,28.274917602539062
19.3515625,957.5916748046875,28.269760131835938
19.3671875,957.604248046875,28.257278442382812
19.3828125,957.6089477539062,28.25176239013672
19.3984375,957.6203002929688,28.258377075195312
19.4140625,957.6060791015625,28.2723388671875
19.4296875,957.6289672851562,28.248085021972656
19.4453125,957.6223754882812,28.266098022460938
19.4609375,957.6289672851562,28.27454376220703
19.4765625,957.6358642578125,28.269760131835938
19.4921875,957.6739501953125,28.279685974121094
19.5078125,957.6392211914062,28.274169921875
19.5234375,957.6594848632812,28.274169921875
19.5390625,957.6416015625,28.280426025390625
19.5546875,957.6720581054688,28.28924560546875
19.5703125,957.659912109375,28.274169921875
19.5859375,957.63037109375,28.29145050048828
19.6015625,957.6624145507812,28.297325134277344
19.6171875,957.6559448242188,28.287399291992188
19.6328125,957.6484375,28.298065185546875
19.6484375,957.6685180664062,28.301002502441406
19.6640625,957.706298828125,28.308349609375
19.6796875,957.6646728515625,28.312759399414062
19.6953125,957.7080078125,28.304306030273438
19.7109375,957.680419921875,28.301734924316406
19.7265625,957.6580810546875,28.327835083007812
19.7421875,957.6499633789062,28.32746124267578
19.7578125,957.6744384765625,28.314964294433594
19.7734375,957.664794921875,28.335906982421875
19.7890625,957.6638793945312,28.314964294433594
19.8046875,957.6630249023438,28.330039978027344
19.8203125,957.6847534179688,28.337387084960938
19.8359375,957.6629638671875,28.335906982421875
19.8515625,957.6644897460938,28.33995819091797
19.8671875,957.6505737304688,28.3436279296875
19.8828125,957.6569213867188,28.364212036132812
19.8984375,957.6625366210938,28.36200714111328
19.9140625,957.6658325195312,28.3428955078125
19.9296875,957.6890258789062,28.36163330078125
19.9453125,957.6580810546875,28.365676879882812
19.9609375,957.6865234375,28.36200714111328
19.9765625,957.6831665039062,28.36163330078125
19.9921875,957.6795654296875,28.35943603515625
20.0078125,957.669189453125,28.366775512695312
20.0234375,957.6813354492188,28.363113403320312
20.0390625,957.6637573242188,28.370826721191406
20.0546875,957.6870727539062,28.37523651123047
20.0703125,957.672607421875,28.37523651123047
20.0859375,957.6875,28.391029357910156
20.1015625,957.6891479492188,28.391029357910156
20.1171875,957.687255859375,28.386993408203125
20.1328125,957.6696166992188,28.386993408203125
20.1484375,957.6749877929688,28.384788513183594
20.1640625,957.690185546875,28.388092041015625
20.1796875,957.6785888671875,28.386993408203125
20.1953125,957.6630249023438,28.374496459960938
20.2109375,957.6688842773438,28.389572143554688
20.2265625,957.674560546875,28.39728546142578
20.2421875,957.6897583007812,28.402053833007812
20.2578125,957.6942749023438,28.406105041503906
20.2734375,957.6906127929688,28.408309936523438
20.2890625,957.6800537109375,28.404258728027344
20.3046875,957.6849975585938,28.401695251464844
20.3203125,957.6829223632812,28.41124725341797
20.3359375,957.6749877929688,28.41492462158203
20.3515625,957.6884155273438,28.407211303710938
20.3671875,957.6954345703125,28.424476623535156
20.3828125,957.6763305664062,28.420066833496094
20.3984375,957.6722412109375,28.419334411621094
20.4140625,957.6721801757812,28.419334411621094
20.4296875,957.6834716796875,28.43182373046875
20.4453125,957.6901245117188,28.421539306640625
20.4609375,957.6873168945312,28.436599731445312
20.4765625,957.6650390625,28.437705993652344
20.4921875,957.6746826171875,28.441741943359375
20.5078125,957.6708374023438,28.438438415527344
20.5234375,957.6741333007812,28.442115783691406
20.5390625,957.6942138671875,28.440284729003906
20.5546875,957.6838989257812,28.449462890625
20.5703125,957.668701171875,28.435501098632812
20.5859375,957.672607421875,28.455718994140625
20.6015625,957.6710205078125,28.442115783691406
20.6171875,957.682861328125,28.439910888671875
20.6328125,957.6748046875,28.446151733398438
20.6484375,957.670654296875,28.446151733398438
20.6640625,957.6885986328125,28.458282470703125
20.6796875,957.6856079101562,28.445419311523438
20.6953125,957.670654296875,28.463790893554688
20.7109375,957.6837158203125,28.4476318359375
20.7265625,957.6864013671875,28.458282470703125
20.7421875,957.6683349609375,28.457550048828125
20.7578125,957.6973876953125,28.46453857421875
20.7734375,957.6696166992188,28.458282470703125
20.7890625,957.6856079101562,28.46343231201172
20.8046875,957.6962890625,28.457550048828125
20.8203125,957.6831665039062,28.463790893554688
20.8359375,957.6629638671875,28.457550048828125
20.8515625,957.6724853515625,28.46416473388672
20.8671875,957.6605834960938,28.473358154296875
20.8828125,957.662109375,28.457550048828125
20.8984375,957.6504516601562,28.468948364257812
20.9140625,957.6616821289062,28.463058471679688
20.9296875,957.6604614257812,28.472984313964844
20.9453125,957.661376953125,28.457550048828125
20.9609375,957.6504516601562,28.458282470703125
20.9765625,957.6624145507812,28.471511840820312
20.9921875,957.6458129882812,28.463790893554688
21.0078125,957.6658935546875,28.470779418945312
21.0234375,957.6517944335938,28.46674346923828
21.0390625,957.6536254882812,28.46636962890625
21.0546875,957.6465454101562,28.47040557861328
21.0703125,957.6528930664062,28.46453857421875
21.0859375,957.6367797851562,28.476661682128906
21.1015625,957.637939453125,28.469680786132812
21.1171875,957.6516723632812,28.474090576171875
21.1328125,957.652099609375,28.453514099121094
21.1484375,957.6404418945312,28.46563720703125
21.1640625,957.6404418945312,28.457550048828125
21.1796875,957.6295166015625,28.460487365722656
21.1953125,957.6387329101562,28.461227416992188
21.2109375,957.626953125,28.458282470703125
21.2265625,957.6361694335938,28.457550048828125
21.2421875,957.6396484375,28.458282470703125
21.2578125,957.6320190429688,28.447998046875
21.2734375,957.6290893554688,28.452041625976562
21.2890625,957.6403198242188,28.437332153320312
21.3046875,957.6329345703125,28.442115783691406
21.3203125,957.642333984375,28.457176208496094
21.3359375,957.6408081054688,28.449462890625
21.3515625,957.6192016601562,28.441383361816406
21.3671875,957.6524047851562,28.442115783691406
21.3828125,957.6429443359375,28.4498291015625
21.3984375,957.634765625,28.43329620361328
21.4140625,957.6378784179688,28.438079833984375
21.4296875,957.6424560546875,28.433670043945312
21.4453125,957.6265258789062,28.438079833984375
21.4609375,957.6359252929688,28.42999267578125
21.4765625,957.6321411132812,28.43182373046875
21.4921875,957.6264038085938,28.42999267578125
21.5078125,957.6244506835938,28.41565704345703
21.5234375,957.624755859375,28.41124725341797
21.5390625,957.634521484375,28.419334411621094
21.5546875,957.6251220703125,28.41748809814453
21.5703125,957.6278686523438,28.41307830810547
21.5859375,957.619140625,28.41124725341797
21.6015625,957.610595703125,28.41162109375
21.6171875,957.6106567382812,28.415283203125
21.6328125,957.6217041015625,28.404632568359375
21.6484375,957.6135864257812,28.406105041503906
21.6640625,957.612548828125,28.41307830810547
21.6796875,957.6060791015625,28.41124725341797
21.6953125,957.6058349609375,28.401695251464844
21.7109375,957.60498046875,28.408668518066406
21.7265625,957.6091918945312,28.391403198242188
21.7421875,957.6092529296875,28.400596618652344
