# Time (seconds),Pressure,Temp
0.0078125,952.7384033203125,26.781829833984375
0.0234375,952.7543334960938,26.786239624023438
0.0390625,952.74169921875,26.782928466796875
0.0546875,952.7455444335938,26.78917694091797
0.0703125,952.740234375,26.776687622070312
0.0859375,952.7353515625,26.786239624023438
0.1015625,952.7608642578125,26.779624938964844
0.1171875,952.7553100585938,26.794326782226562
0.1328125,952.755615234375,26.776687622070312
0.1484375,952.74609375,26.784767150878906
0.1640625,952.7487182617188,26.784408569335938
0.1796875,952.7659912109375,26.799468994140625
0.1953125,952.7471923828125,26.79468536376953
0.2109375,952.7442626953125,26.784767150878906
0.2265625,952.7384643554688,26.78955078125
0.2421875,952.760498046875,26.79212188720703
0.2578125,952.7463989257812,26.78955078125
0.2734375,952.75390625,26.784767150878906
0.2890625,952.7545776367188,26.793960571289062
0.3046875,952.7525634765625,26.79027557373047
0.3203125,952.7564086914062,26.784034729003906
0.3359375,952.7431640625,26.786239624023438
0.3515625,952.7399291992188,26.777793884277344
0.3671875,952.7569580078125,26.79027557373047
0.3828125,952.7473754882812,26.79027557373047
0.3984375,952.7564086914062,26.78955078125
0.4140625,952.7479248046875,26.788818359375
0.4296875,952.7610473632812,26.784034729003906
0.4453125,952.7420043945312,26.796531677246094
0.4609375,952.7570190429688,26.78844451904297
0.4765625,952.7550048828125,26.785865783691406
0.4921875,952.7559204101562,26.785865783691406
0.5078125,952.75,26.78917694091797
0.5234375,952.7520751953125,26.782562255859375
0.5390625,952.7485961914062,26.79468536376953
0.5546875,952.7544555664062,26.776687622070312
0.5703125,952.74609375,26.788070678710938
0.5859375,952.760986328125,26.788818359375
0.6015625,952.7532348632812,26.79027557373047
0.6171875,952.7533569335938,26.788818359375
0.6328125,952.7503051757812,26.796531677246094
0.6484375,952.7486572265625,26.78955078125
0.6640625,952.7479248046875,26.795791625976562
0.6796875,952.7408447265625,26.784034729003906
0.6953125,952.7473754882812,26.7913818359375
0.7109375,952.7481689453125,26.784408569335938
0.7265625,952.746826171875,26.78917694091797
0.7421875,952.747314453125,26.79358673095703
0.7578125,952.7543334960938,26.787338256835938
0.7734375,952.75732421875,26.79102325439453
0.7890625,952.7511596679688,26.79027557373047
0.8046875,952.7473754882812,26.785865783691406
0.8203125,952.7547607421875,26.79468536376953
0.8359375,952.7526245117188,26.79468536376953
0.8515625,952.7550659179688,26.793228149414062
0.8671875,952.7537231445312,26.796531677246094
0.8828125,952.7545776367188,26.795791625976562
0.8984375,952.7467651367188,26.801300048828125
0.9140625,952.7449951171875,26.799842834472656
0.9296875,952.7590942382812,26.79027557373047
0.9453125,952.7372436523438,26.793228149414062
0.9609375,952.7495727539062,26.798736572265625
0.9765625,952.7572631835938,26.810867309570312
0.9921875,952.744140625,26.795059204101562
1.0078125,952.7479248046875,26.79468536376953
1.0234375,952.7478637695312,26.801300048828125
1.0390625,952.7533569335938,26.801300048828125
1.0546875,952.7665405273438,26.78955078125
1.0703125,952.7461547851562,26.801300048828125
1.0859375,952.7485961914062,26.78955078125
1.1015625,952.7532348632812,26.80608367919922
1.1171875,952.747802734375,26.796531677246094
1.1328125,952.7528076171875,26.80902099609375
1.1484375,952.749267578125,26.793228149414062
1.1640625,952.7340698242188,26.79248046875
1.1796875,952.7410888671875,26.79212188720703
1.1953125,952.7470092773438,26.795791625976562
1.2109375,952.7485961914062,26.799468994140625
1.2265625,952.7590942382812,26.80902099609375
1.2421875,952.7426147460938,26.798736572265625
1.2578125,952.74169921875,26.80425262451172
1.2734375,952.7428588867188,26.81232452392578
1.2890625,952.737060546875,26.79248046875
1.3046875,952.7476196289062,26.796531677246094
1.3203125,952.7498779296875,26.7913818359375
1.3359375,952.73388671875,26.780357360839844
1.3515625,952.7554321289062,26.795059204101562
1.3671875,952.7467651367188,26.79285430908203
1.3828125,952.7369384765625,26.800567626953125
1.3984375,952.7575073242188,26.798736572265625
1.4140625,952.7542724609375,26.800201416015625
1.4296875,952.7483520507812,26.803146362304688
1.4453125,952.7421875,26.804977416992188
1.4609375,952.7477416992188,26.79468536376953
1.4765625,952.7412109375,26.81049346923828
1.4921875,952.7584228515625,26.816375732421875
1.5078125,952.743408203125,26.80902099609375
1.5234375,952.7487182617188,26.80902099609375
1.5390625,952.7415161132812,26.812698364257812
1.5546875,952.7495727539062,26.802780151367188
1.5703125,952.7505493164062,26.80718994140625
1.5859375,952.741943359375,26.80681610107422
1.6015625,952.7431030273438,26.818580627441406
1.6171875,952.74365234375,26.80718994140625
1.6328125,952.7491455078125,26.80866241455078
1.6484375,952.7426147460938,26.80976104736328
1.6640625,952.7416381835938,26.80718994140625
1.6796875,952.7581176757812,26.816734313964844
1.6953125,952.7559814453125,26.80866241455078
1.7109375,952.7415161132812,26.80535125732422
1.7265625,952.732177734375,26.80866241455078
1.7421875,952.7481079101562,26.80902099609375
1.7578125,952.7337036132812,26.80902099609375
1.7734375,952.7462768554688,26.80425262451172
1.7890625,952.7422485351562,26.800201416015625
1.8046875,952.7543334960938,26.812698364257812
1.8203125,952.7418823242188,26.835479736328125
1.8359375,952.7459106445312,26.798370361328125
1.8515625,952.7422485351562,26.80791473388672
1.8671875,952.7492065429688,26.814529418945312
1.8828125,952.7420043945312,26.815277099609375
1.8984375,952.7421875,26.813796997070312
1.9140625,952.7545776367188,26.814170837402344
1.9296875,952.736083984375,26.820045471191406
1.9453125,952.749267578125,26.813072204589844
1.9609375,952.7562866210938,26.8270263671875
1.9765625,952.7510986328125,26.82740020751953
1.9921875,952.7404174804688,26.825927734375
2.0078125,952.7509155273438,26.8248291015625
2.0234375,952.74609375,26.82299041748047
2.0390625,952.7596435546875,26.810867309570312
2.0546875,952.7542724609375,26.818580627441406
2.0703125,952.7520751953125,26.813430786132812
2.0859375,952.741943359375,26.815635681152344
2.1015625,952.75,26.813072204589844
2.1171875,952.7485961914062,26.80718994140625
2.1328125,952.7413330078125,26.82555389404297
2.1484375,952.7509155273438,26.820045471191406
2.1640625,952.7355346679688,26.80902099609375
2.1796875,952.7456665039062,26.816009521484375
2.1953125,952.743408203125,26.810867309570312
2.2109375,952.7482299804688,26.811965942382812
2.2265625,952.7430419921875,26.812698364257812
2.2421875,952.7430419921875,26.80681610107422
2.2578125,952.7335815429688,26.818580627441406
2.2734375,952.7406616210938,26.82555389404297
2.2890625,952.7509155273438,26.813072204589844
2.3046875,952.7329711914062,26.81011962890625
2.3203125,952.7427978515625,26.820045471191406
2.3359375,952.7438354492188,26.810867309570312
2.3515625,952.7392578125,26.80608367919922
2.3671875,952.7352905273438,26.80866241455078
2.3828125,952.749267578125,26.811965942382812
2.3984375,952.7418823242188,26.80681610107422
2.4140625,952.7360229492188,26.81049346923828
2.4296875,952.7494506835938,26.81011962890625
2.4453125,952.7326049804688,26.802047729492188
2.4609375,952.733642578125,26.811599731445312
2.4765625,952.7250366210938,26.811599731445312
2.4921875,952.7561645507812,26.818206787109375
2.5078125,952.7501831054688,26.810867309570312
2.5234375,952.7399291992188,26.81049346923828
2.5390625,952.7512817382812,26.80425262451172
2.5546875,952.75537109375,26.814529418945312
2.5703125,952.7420043945312,26.80791473388672
2.5859375,952.7528076171875,26.80608367919922
2.6015625,952.7670288085938,26.82299041748047
2.6171875,952.7781982421875,26.80718994140625
2.6328125,952.7801513671875,26.810867309570312
2.6484375,952.7739868164062,26.811599731445312
2.6640625,952.7561645507812,26.81049346923828
2.6796875,952.7769165039062,26.80718994140625
2.6953125,952.78857421875,26.820045471191406
2.7109375,952.7887573242188,26.810867309570312
2.7265625,952.7769165039062,26.80535125732422
2.7421875,952.7781982421875,26.815277099609375
2.7578125,952.7726440429688,26.80866241455078
2.7734375,952.778564453125,26.80902099609375
2.7890625,952.8030395507812,26.80791473388672
2.8046875,952.798828125,26.820045471191406
2.8203125,952.7952880859375,26.80608367919922
2.8359375,952.782470703125,26.815635681152344
2.8515625,952.8109741210938,26.810867309570312
2.8671875,952.7727661132812,26.80608367919922
2.8828125,952.8034057617188,26.800201416015625
2.8984375,952.8040161132812,26.81122589111328
2.9140625,952.7985229492188,26.817481994628906
2.9296875,952.803955078125,26.80535125732422
2.9453125,952.7824096679688,26.800567626953125
2.9609375,952.8077392578125,26.80608367919922
2.9765625,952.7908325195312,26.811965942382812
2.9921875,952.8052978515625,26.799468994140625
3.0078125,952.7974243164062,26.795791625976562
3.0234375,952.7999877929688,26.79468536376953
3.0390625,952.8088989257812,26.799468994140625
3.0546875,952.8182373046875,26.796531677246094
3.0703125,952.77490234375,26.79212188720703
3.0859375,952.7900390625,26.796531677246094
3.1015625,952.802490234375,26.796531677246094
3.1171875,952.7933959960938,26.79212188720703
3.1328125,952.7930297851562,26.79212188720703
3.1484375,952.7960205078125,26.79027557373047
3.1640625,952.8012084960938,26.784034729003906
3.1796875,952.8228149414062,26.79027557373047
3.1953125,952.8143310546875,26.799468994140625
3.2109375,952.8182373046875,26.779624938964844
3.2265625,952.8049926757812,26.779624938964844
3.2421875,952.7947998046875,26.781829833984375
3.2578125,952.7789916992188,26.794326782226562
3.2734375,952.7932739257812,26.784034729003906
3.2890625,952.792236328125,26.778518676757812
3.3046875,952.7964477539062,26.777793884277344
3.3203125,952.7886352539062,26.777793884277344
3.3359375,952.7904663085938,26.782203674316406
3.3515625,952.7891235351562,26.777793884277344
3.3671875,952.7855834960938,26.764564514160156
3.3828125,952.7813720703125,26.77374267578125
3.3984375,952.7947998046875,26.77191162109375
3.4140625,952.7946166992188,26.79468536376953
3.4296875,952.7974853515625,26.782928466796875
3.4453125,952.7849731445312,26.781455993652344
3.4609375,952.7896118164062,26.776687622070312
3.4765625,952.7914428710938,26.776687622070312
3.4921875,952.7855224609375,26.767501831054688
3.5078125,952.7900390625,26.79468536376953
3.5234375,952.790283203125,26.77191162109375
3.5390625,952.7695922851562,26.781455993652344
3.5546875,952.7799682617188,26.781097412109375
3.5703125,952.7919311523438,26.768600463867188
3.5859375,952.7817993164062,26.797637939453125
3.6015625,952.786376953125,26.767501831054688
3.6171875,952.7816772460938,26.777793884277344
3.6328125,952.7772216796875,26.77191162109375
3.6484375,952.7725830078125,26.77153778076172
3.6640625,952.7849731445312,26.763458251953125
3.6796875,952.772216796875,26.781097412109375
3.6953125,952.7698364257812,26.77338409423828
3.7109375,952.7840576171875,26.760513305664062
3.7265625,952.7534790039062,26.767868041992188
3.7421875,952.78466796875,26.764923095703125
3.7578125,952.7723999023438,26.765663146972656
3.7734375,952.7725830078125,26.766021728515625
3.7890625,952.7785034179688,26.765289306640625
3.8046875,952.7682495117188,26.757949829101562
3.8203125,952.7777099609375,26.75684356689453
3.8359375,952.7608642578125,26.781097412109375
3.8515625,952.7740478515625,26.768600463867188
3.8671875,952.7727661132812,26.764564514160156
3.8828125,952.7723999023438,26.767127990722656
3.8984375,952.7695922851562,26.767868041992188
3.9140625,952.7684936523438,26.767868041992188
3.9296875,952.7684936523438,26.758682250976562
3.9453125,952.7676391601562,26.767868041992188
3.9609375,952.7559814453125,26.77191162109375
3.9765625,952.7857055664062,26.77374267578125
3.9921875,952.7697143554688,26.775588989257812
4.0078125,952.769287109375,26.767868041992188
4.0234375,952.772705078125,26.777793884277344
4.0390625,952.7640991210938,26.77191162109375
4.0546875,952.7731323242188,26.764190673828125
4.0703125,952.7633666992188,26.768600463867188
4.0859375,952.7685546875,26.77521514892578
4.1015625,952.7703857421875,26.767868041992188
4.1171875,952.7733154296875,26.77374267578125
4.1328125,952.7660522460938,26.785507202148438
4.1484375,952.770263671875,26.781455993652344
4.1640625,952.7692260742188,26.763458251953125
4.1796875,952.7782592773438,26.768600463867188
4.1953125,952.7942504882812,26.763458251953125
4.2109375,952.8045043945312,26.77594757080078
4.2265625,952.8094482421875,26.77191162109375
4.2421875,952.8090209960938,26.77191162109375
4.2578125,952.816162109375,26.764564514160156
4.2734375,952.7938842773438,26.77191162109375
4.2890625,952.8329467773438,26.770431518554688
4.3046875,952.8153686523438,26.785507202148438
4.3203125,952.8103637695312,26.767868041992188
4.3359375,952.8295288085938,26.77484130859375
4.3515625,952.809814453125,26.765663146972656
4.3671875,952.8059692382812,26.757949829101562
4.3828125,952.7999267578125,26.781097412109375
4.3984375,952.8176879882812,26.783660888671875
4.4140625,952.8059692382812,26.77521514892578
4.4296875,952.7943725585938,26.781455993652344
4.4453125,952.818359375,26.760879516601562
4.4609375,952.8001098632812,26.767127990722656
4.4765625,952.822265625,26.77153778076172
4.4921875,952.8119506835938,26.76897430419922
4.5078125,952.809814453125,26.767127990722656
4.5234375,952.7988891601562,26.779251098632812
4.5390625,952.802001953125,26.77484130859375
4.5546875,952.7824096679688,26.766021728515625
4.5703125,952.8036499023438,26.767868041992188
4.5859375,952.8175048828125,26.781097412109375
4.6015625,952.7997436523438,26.77007293701172
4.6171875,952.7819213867188,26.766021728515625
4.6328125,952.81201171875,26.77191162109375
4.6484375,952.806640625,26.764564514160156
4.6640625,952.805908203125,26.77007293701172
4.6796875,952.8178100585938,26.758682250976562
4.6953125,952.8052978515625,26.760154724121094
4.7109375,952.805419921875,26.77191162109375
4.7265625,952.8095703125,26.760879516601562
4.7421875,952.7935180664062,26.766395568847656
4.7578125,952.794677734375,26.760513305664062
4.7734375,952.8006591796875,26.775588989257812
4.7890625,952.7997436523438,26.76897430419922
4.8046875,952.8026123046875,26.77007293701172
4.8203125,952.7908325195312,26.764923095703125
4.8359375,952.789794921875,26.75830841064453
4.8515625,952.7932739257812,26.769332885742188
4.8671875,952.8009643554688,26.758682250976562
4.8828125,952.7999877929688,26.760879516601562
4.8984375,952.7935180664062,26.75830841064453
4.9140625,952.8052978515625,26.7535400390625
4.9296875,952.7891845703125,26.764923095703125
4.9453125,952.8011474609375,26.746551513671875
4.9609375,952.7915649414062,26.7542724609375
4.9765625,952.8108520507812,26.746177673339844
4.9921875,952.7796020507812,26.7564697265625
5.0078125,952.7942504882812,26.752792358398438
5.0234375,952.7938842773438,26.749130249023438
5.0390625,952.7970581054688,26.7572021484375
5.0546875,952.7943725585938,26.7572021484375
5.0703125,952.7805786132812,26.760879516601562
5.0859375,952.7899169921875,26.754638671875
5.1015625,952.7887573242188,26.75243377685547
5.1171875,952.78857421875,26.75830841064453
5.1328125,952.7825317382812,26.7572021484375
5.1484375,952.7764892578125,26.75574493408203
5.1640625,952.7709350585938,26.759048461914062
5.1796875,952.7932739257812,26.75537109375
5.1953125,952.7893676757812,26.7535400390625
5.2109375,952.7802734375,26.741409301757812
5.2265625,952.7791137695312,26.735153198242188
5.2421875,952.76953125,26.743972778320312
5.2578125,952.7882690429688,26.73699951171875
5.2734375,952.7756958007812,26.75133514404297
5.2890625,952.7759399414062,26.743972778320312
5.3046875,952.7697143554688,26.743972778320312
5.3203125,952.7793579101562,26.760154724121094
5.3359375,952.7767944335938,26.75830841064453
5.3515625,952.7717895507812,26.742515563964844
5.3671875,952.7767944335938,26.752059936523438
5.3828125,952.7760009765625,26.742515563964844
5.3984375,952.776123046875,26.759048461914062
5.4140625,952.7651977539062,26.73956298828125
5.4296875,952.7759399414062,26.730743408203125
5.4453125,952.7684326171875,26.728179931640625
5.4609375,952.768798828125,26.740310668945312
5.4765625,952.76513671875,26.750961303710938
5.4921875,952.7662353515625,26.743972778320312
5.5078125,952.765625,26.73846435546875
5.5234375,952.7589721679688,26.743972778320312
5.5390625,952.7752075195312,26.7564697265625
5.5546875,952.7637939453125,26.752792358398438
5.5703125,952.76171875,26.7535400390625
5.5859375,952.7713012695312,26.746925354003906
5.6015625,952.7658081054688,26.747650146484375
5.6171875,952.7766723632812,26.75133514404297
5.6328125,952.7603149414062,26.745819091796875
5.6484375,952.766357421875,26.741409301757812
5.6640625,952.7659301757812,26.73810577392578
5.6796875,952.7715454101562,26.745819091796875
5.6953125,952.7598266601562,26.743972778320312
5.7109375,952.7752075195312,26.75830841064453
5.7265625,952.7717895507812,26.743972778320312
5.7421875,952.7752075195312,26.73735809326172
5.7578125,952.770263671875,26.752059936523438
5.7734375,952.7802124023438,26.746925354003906
5.7890625,952.776611328125,26.745819091796875
5.8046875,952.7944946289062,26.75830841064453
5.8203125,952.814208984375,26.745452880859375
5.8359375,952.8212280273438,26.743972778320312
5.8515625,952.809814453125,26.748382568359375
5.8671875,952.7916870117188,26.752059936523438
5.8828125,952.8130493164062,26.75830841064453
5.8984375,952.8118286132812,26.752059936523438
5.9140625,952.8411254882812,26.740310668945312
5.9296875,952.806396484375,26.75537109375
5.9453125,952.8109130859375,26.756103515625
5.9609375,952.8079223632812,26.752059936523438
5.9765625,952.8219604492188,26.760154724121094
5.9921875,952.8209838867188,26.75830841064453
6.0078125,952.8136596679688,26.7572021484375
6.0234375,952.8087158203125,26.75830841064453
6.0390625,952.7868041992188,26.746925354003906
6.0546875,952.8011474609375,26.75830841064453
6.0703125,952.8028564453125,26.752792358398438
6.0859375,952.7926635742188,26.747650146484375
6.1015625,952.7982788085938,26.763458251953125
6.1171875,952.8134765625,26.748756408691406
6.1328125,952.8228759765625,26.75133514404297
6.1484375,952.8045654296875,26.7572021484375
6.1640625,952.8038940429688,26.748382568359375
6.1796875,952.8108520507812,26.749130249023438
6.1953125,952.8043823242188,26.75574493408203
6.2109375,952.80859375,26.742515563964844
6.2265625,952.8299560546875,26.75574493408203
6.2421875,952.8204956054688,26.743972778320312
6.2578125,952.80810546875,26.743972778320312
6.2734375,952.8200073242188,26.752792358398438
6.2890625,952.8178100585938,26.743972778320312
6.3046875,952.8158569335938,26.743972778320312
6.3203125,952.8140258789062,26.752059936523438
6.3359375,952.829833984375,26.748382568359375
6.3515625,952.8323364257812,26.743972778320312
6.3671875,952.8421020507812,26.743972778320312
6.3828125,952.8397216796875,26.742141723632812
6.3984375,952.828125,26.747650146484375
6.4140625,952.8346557617188,26.72412872314453
6.4296875,952.8693237304688,26.746925354003906
6.4453125,952.8800659179688,26.740310668945312
6.4609375,952.8309326171875,26.73552703857422
6.4765625,952.8358154296875,26.752059936523438
6.4921875,952.8345336914062,26.750961303710938
6.5078125,952.8421630859375,26.754638671875
6.5234375,952.84130859375,26.73993682861328
6.5390625,952.8255004882812,26.752059936523438
6.5546875,952.8154296875,26.731849670410156
6.5703125,952.8373413085938,26.740310668945312
6.5859375,952.8004760742188,26.73956298828125
6.6015625,952.8076171875,26.732589721679688
6.6171875,952.7943725585938,26.743972778320312
6.6328125,952.8038940429688,26.73552703857422
6.6484375,952.8030395507812,26.73590087890625
6.6640625,952.791015625,26.741409301757812
6.6796875,952.8012084960938,26.742874145507812
6.6953125,952.8013305664062,26.728912353515625
6.7109375,952.8052978515625,26.728179931640625
6.7265625,952.8010864257812,26.730010986328125
6.7421875,952.8059692382812,26.732948303222656
6.7578125,952.796142578125,26.73735809326172
6.7734375,952.796630859375,26.73735809326172
6.7890625,952.7960205078125,26.73699951171875
6.8046875,952.78466796875,26.72119140625
6.8203125,952.801513671875,26.73552703857422
6.8359375,952.7904663085938,26.74066925048828
6.8515625,952.781982421875,26.73552703857422
6.8671875,952.7957763671875,26.740310668945312
6.8828125,952.7872924804688,26.728912353515625
6.8984375,952.7868041992188,26.728912353515625
6.9140625,952.7784423828125,26.728912353515625
6.9296875,952.7688598632812,26.725234985351562
6.9453125,952.7775268554688,26.728179931640625
6.9609375,952.768798828125,26.730743408203125
6.9765625,952.7750854492188,26.728179931640625
6.9921875,952.7866821289062,26.730010986328125
7.0078125,952.7809448242188,26.73699951171875
7.0234375,952.764892578125,26.73369598388672
7.0390625,952.7752685546875,26.73369598388672
7.0546875,952.7699584960938,26.740310668945312
7.0703125,952.7819213867188,26.73699951171875
7.0859375,952.7661743164062,26.728912353515625
7.1015625,952.7623291015625,26.725234985351562
7.1171875,952.7745361328125,26.728912353515625
7.1328125,952.7748413085938,26.732589721679688
7.1484375,952.769287109375,26.728179931640625
7.1640625,952.7777709960938,26.72156524658203
7.1796875,952.7716674804688,26.728179931640625
7.1953125,952.7747192382812,26.725975036621094
7.2109375,952.7835083007812,26.728912353515625
7.2265625,952.7562866210938,26.728912353515625
7.2421875,952.7623291015625,26.72156524658203
7.2578125,952.7632446289062,26.743972778320312
7.2734375,952.782958984375,26.73883056640625
7.2890625,952.8505249023438,26.746925354003906
7.3046875,952.8214721679688,26.743972778320312
7.3203125,952.9036254882812,26.728912353515625
7.3359375,952.8519897460938,26.728912353515625
7.3515625,952.9715576171875,26.73773193359375
7.3671875,952.9168701171875,26.728912353515625
7.3828125,952.9715576171875,26.740310668945312
7.3984375,952.9498901367188,26.728912353515625
7.4140625,952.8794555664062,26.732948303222656
7.4296875,952.8684692382812,26.72046661376953
7.4453125,952.9329223632812,26.740310668945312
7.4609375,952.9367065429688,26.73699951171875
7.4765625,952.9202880859375,26.727081298828125
7.4921875,952.9330444335938,26.732589721679688
7.5078125,952.8995971679688,26.73735809326172
7.5234375,952.8438110351562,26.75133514404297
7.5390625,952.9043579101562,26.746925354003906
7.5546875,952.8800659179688,26.732948303222656
7.5703125,952.8744506835938,26.730743408203125
7.5859375,952.8592529296875,26.75499725341797
7.6015625,952.8832397460938,26.743240356445312
7.6171875,952.8444213867188,26.742515563964844
7.6328125,952.8348388671875,26.752059936523438
7.6484375,952.884765625,26.752059936523438
7.6640625,952.83935546875,26.752059936523438
7.6796875,952.83935546875,26.752059936523438
7.6953125,952.8345336914062,26.75133514404297
7.7109375,952.8392944335938,26.742515563964844
7.7265625,952.8365478515625,26.75243377685547
7.7421875,952.8452758789062,26.752059936523438
7.7578125,952.8704223632812,26.7542724609375
7.7734375,952.8723754882812,26.763816833496094
7.7890625,952.8338623046875,26.77191162109375
7.8046875,952.842529296875,26.767501831054688
7.8203125,952.8384399414062,26.77007293701172
7.8359375,952.8613891601562,26.767868041992188
7.8515625,952.8497924804688,26.77117919921875
7.8671875,952.837646484375,26.777420043945312
7.8828125,952.8717651367188,26.78955078125
7.8984375,952.849609375,26.775588989257812
7.9140625,952.8368530273438,26.767868041992188
7.9296875,952.8737182617188,26.775588989257812
7.9453125,952.8416137695312,26.776687622070312
7.9609375,952.8458862304688,26.781829833984375
7.9765625,952.8327026367188,26.77227783203125
7.9921875,952.8388671875,26.782928466796875
8.0078125,952.8388061523438,26.77191162109375
8.0234375,952.8340454101562,26.764564514160156
8.0390625,952.8262329101562,26.7913818359375
8.0546875,952.8193359375,26.760879516601562
8.0703125,952.826904296875,26.77191162109375
8.0859375,952.8239135742188,26.77374267578125
8.1015625,952.8695068359375,26.775588989257812
8.1171875,952.82373046875,26.77191162109375
8.1328125,952.8167724609375,26.77484130859375
8.1484375,952.8361206054688,26.777793884277344
8.1640625,952.843017578125,26.778152465820312
8.1796875,952.8275756835938,26.783660888671875
8.1953125,952.8179321289062,26.78955078125
8.2109375,952.8441772460938,26.783660888671875
8.2265625,952.8323364257812,26.781829833984375
8.2421875,952.8320922851562,26.777793884277344
8.2578125,952.8262939453125,26.779624938964844
8.2734375,952.823486328125,26.779624938964844
8.2890625,952.8240966796875,26.779624938964844
8.3046875,952.8324584960938,26.782562255859375
8.3203125,952.8351440429688,26.7899169921875
8.3359375,952.8287353515625,26.794326782226562
8.3515625,952.826171875,26.782562255859375
8.3671875,952.822021484375,26.784408569335938
8.3828125,952.8299560546875,26.778518676757812
8.3984375,952.8263549804688,26.785865783691406
8.4140625,952.831298828125,26.784034729003906
8.4296875,952.8005981445312,26.79027557373047
8.4453125,952.8221435546875,26.781829833984375
8.4609375,952.8178100585938,26.77153778076172
8.4765625,952.8148803710938,26.77484130859375
8.4921875,952.822998046875,26.787338256835938
8.5078125,952.8170776367188,26.781455993652344
8.5234375,952.8104248046875,26.779251098632812
8.5390625,952.8186645507812,26.77704620361328
8.5546875,952.8184204101562,26.776687622070312
8.5703125,952.8095092773438,26.77410888671875
8.5859375,952.8157348632812,26.781097412109375
8.6015625,952.8110961914062,26.779624938964844
8.6171875,952.810302734375,26.781097412109375
8.6328125,952.8104248046875,26.77484130859375
8.6484375,952.8069458007812,26.782928466796875
8.6640625,952.8184814453125,26.780357360839844
8.6796875,952.8134155273438,26.79468536376953
8.6953125,952.8148193359375,26.787338256835938
8.7109375,952.8117065429688,26.802780151367188
8.7265625,952.8120727539062,26.78955078125
8.7421875,952.808349609375,26.79027557373047
8.7578125,952.7969970703125,26.777793884277344
8.7734375,952.8018798828125,26.779624938964844
8.7890625,952.8001098632812,26.78661346435547
8.8046875,952.8008422851562,26.776687622070312
8.8203125,952.795654296875,26.786239624023438
8.8359375,952.7996826171875,26.77484130859375
8.8515625,952.7913208007812,26.784408569335938
8.8671875,952.78515625,26.782203674316406
8.8828125,952.7891235351562,26.781829833984375
8.8984375,952.796875,26.780731201171875
8.9140625,952.7919311523438,26.767868041992188
8.9296875,952.81640625,26.782562255859375
8.9453125,952.81787109375,26.782203674316406
8.9609375,952.811767578125,26.77227783203125
8.9765625,952.8299560546875,26.79027557373047
8.9921875,952.845458984375,26.783660888671875
9.0078125,952.8705444335938,26.779998779296875
9.0234375,952.858154296875,26.77374267578125
9.0390625,952.9705200195312,26.781455993652344
9.0546875,952.8720703125,26.781829833984375
9.0703125,952.8727416992188,26.79358673095703
9.0859375,952.87451171875,26.784767150878906
9.1015625,952.901123046875,26.7913818359375
9.1171875,952.9012451171875,26.79027557373047
9.1328125,952.8741455078125,26.79212188720703
9.1484375,952.8833618164062,26.788818359375
9.1640625,952.8674926757812,26.794326782226562
9.1796875,952.8715209960938,26.79027557373047
9.1953125,952.8878784179688,26.796531677246094
9.2109375,952.8478393554688,26.79027557373047
9.2265625,952.8490600585938,26.78844451904297
9.2421875,952.9008178710938,26.795791625976562
9.2578125,952.8597412109375,26.798736572265625
9.2734375,952.8558959960938,26.784034729003906
9.2890625,952.8616333007812,26.79468536376953
9.3046875,952.848876953125,26.799468994140625
9.3203125,952.8499755859375,26.798736572265625
9.3359375,952.8696899414062,26.793228149414062
9.3515625,952.8804321289062,26.798370361328125
9.3671875,952.8797607421875,26.803504943847656
9.3828125,952.8563232421875,26.796890258789062
9.3984375,952.8778076171875,26.793228149414062
9.4140625,952.8762817382812,26.784767150878906
9.4296875,952.8736572265625,26.788070678710938
9.4453125,952.8452758789062,26.79212188720703
9.4609375,952.8522338867188,26.79212188720703
9.4765625,952.847412109375,26.78955078125
9.4921875,952.84716796875,26.78955078125
9.5078125,952.8519897460938,26.79027557373047
9.5234375,952.848388671875,26.784034729003906
9.5390625,952.837646484375,26.795791625976562
9.5546875,952.8363647460938,26.796531677246094
9.5703125,952.8419189453125,26.79285430908203
9.5859375,952.8834228515625,26.798736572265625
9.6015625,952.8421630859375,26.780357360839844
9.6171875,952.8558349609375,26.782562255859375
9.6328125,952.8734130859375,26.79212188720703
9.6484375,952.8516235351562,26.784767150878906
9.6640625,952.8765258789062,26.788070678710938
9.6796875,952.8471069335938,26.788818359375
9.6953125,952.8381958007812,26.779624938964844
9.7109375,952.84326171875,26.779624938964844
9.7265625,952.8294067382812,26.78917694091797
9.7421875,952.829833984375,26.776687622070312
9.7578125,952.8292236328125,26.785865783691406
9.7734375,952.8438720703125,26.779624938964844
9.7890625,952.8384399414062,26.782203674316406
9.8046875,952.84765625,26.785140991210938
9.8203125,952.8719482421875,26.78661346435547
9.8359375,952.8576049804688,26.788070678710938
9.8515625,952.8572387695312,26.781097412109375
9.8671875,952.8446044921875,26.77191162109375
9.8828125,952.856201171875,26.784408569335938
9.8984375,952.8753662109375,26.786239624023438
9.9140625,952.8648071289062,26.781097412109375
9.9296875,952.8781127929688,26.778518676757812
9.9453125,952.8927001953125,26.77594757080078
9.9609375,952.9025268554688,26.77521514892578
9.9765625,952.8684692382812,26.77374267578125
9.9921875,952.855224609375,26.779251098632812
10.0078125,952.8408203125,26.782562255859375
10.0234375,952.8351440429688,26.78661346435547
10.0390625,952.837890625,26.79027557373047
10.0546875,952.828125,26.786239624023438
10.0703125,952.8265380859375,26.788818359375
10.0859375,952.8268432617188,26.779251098632812
10.1015625,952.8287963867188,26.782928466796875
10.1171875,952.8214111328125,26.781829833984375
10.1328125,952.8440551757812,26.78955078125
10.1484375,952.840576171875,26.77338409423828
10.1640625,952.8389892578125,26.781829833984375
10.1796875,952.8045654296875,26.779624938964844
10.1953125,952.8145141601562,26.778892517089844
10.2109375,952.8287963867188,26.781455993652344
10.2265625,952.8104248046875,26.776687622070312
10.2421875,952.8399658203125,26.779251098632812
10.2578125,952.8168334960938,26.77191162109375
10.2734375,952.8228149414062,26.779624938964844
10.2890625,952.8097534179688,26.776687622070312
10.3046875,952.8130493164062,26.765663146972656
10.3203125,952.81201171875,26.783660888671875
10.3359375,952.8209228515625,26.77301025390625
10.3515625,952.8156127929688,26.76897430419922
10.3671875,952.815185546875,26.77521514892578
10.3828125,952.7979736328125,26.767868041992188
10.3984375,952.7905883789062,26.782928466796875
10.4140625,952.8088989257812,26.77007293701172
10.4296875,952.8004760742188,26.77007293701172
10.4453125,952.790283203125,26.77227783203125
10.4609375,952.8048095703125,26.77191162109375
10.4765625,952.7994384765625,26.77374267578125
10.4921875,952.8008422851562,26.77007293701172
10.5078125,952.7938842773438,26.781455993652344
10.5234375,952.7931518554688,26.781097412109375
10.5390625,952.8063354492188,26.764923095703125
10.5546875,952.7938842773438,26.757949829101562
10.5703125,952.7931518554688,26.77007293701172
10.5859375,952.7908325195312,26.77191162109375
10.6015625,952.8018798828125,26.781829833984375
10.6171875,952.8003540039062,26.77374267578125
10.6328125,952.7852783203125,26.766021728515625
10.6484375,952.800048828125,26.77521514892578
10.6640625,952.7782592773438,26.756103515625
10.6796875,952.7882690429688,26.77338409423828
10.6953125,952.7822265625,26.776321411132812
10.7109375,952.7843627929688,26.763458251953125
10.7265625,952.7901611328125,26.781097412109375
10.7421875,952.7889404296875,26.767868041992188
10.7578125,952.7989501953125,26.759780883789062
10.7734375,952.7809448242188,26.760154724121094
10.7890625,952.781005859375,26.77007293701172
10.8046875,952.7908325195312,26.767868041992188
10.8203125,952.7786254882812,26.784408569335938
10.8359375,952.7833251953125,26.77007293701172
10.8515625,952.7765502929688,26.77227783203125
10.8671875,952.7821655273438,26.77007293701172
10.8828125,952.7819213867188,26.77374267578125
10.8984375,952.7823486328125,26.765663146972656
10.9140625,952.7904663085938,26.778152465820312
10.9296875,952.7797241210938,26.764190673828125
10.9453125,952.7938232421875,26.77191162109375
10.9609375,952.7910766601562,26.77227783203125
10.9765625,952.7880859375,26.77338409423828
10.9921875,952.7840576171875,26.779998779296875
11.0078125,952.780517578125,26.776321411132812
11.0234375,952.7813110351562,26.77484130859375
11.0390625,952.7860107421875,26.781455993652344
11.0546875,952.7645263671875,26.77484130859375
11.0703125,952.7781982421875,26.77521514892578
11.0859375,952.7824096679688,26.781455993652344
11.1015625,952.7740478515625,26.77191162109375
11.1171875,952.7952270507812,26.77410888671875
11.1328125,952.7823486328125,26.776687622070312
11.1484375,952.7830810546875,26.784408569335938
11.1640625,952.8006591796875,26.769332885742188
11.1796875,952.806396484375,26.77374267578125
11.1953125,952.8240966796875,26.77410888671875
11.2109375,952.815185546875,26.781455993652344
11.2265625,952.838623046875,26.787338256835938
11.2421875,952.8314819335938,26.77191162109375
11.2578125,952.84130859375,26.77521514892578
11.2734375,952.8446044921875,26.781097412109375
11.2890625,952.8224487304688,26.781455993652344
11.3046875,952.8642578125,26.78955078125
11.3203125,952.8489379882812,26.781455993652344
11.3359375,952.8434448242188,26.77374267578125
11.3515625,952.8564453125,26.781455993652344
11.3671875,952.8488159179688,26.77484130859375
11.3828125,952.853515625,26.78955078125
11.3984375,952.87890625,26.786239624023438
11.4140625,952.9102172851562,26.781455993652344
11.4296875,952.8750610351562,26.77374267578125
11.4453125,952.8755493164062,26.77484130859375
11.4609375,952.88037109375,26.77374267578125
11.4765625,952.8743286132812,26.77191162109375
11.4921875,952.845458984375,26.77191162109375
11.5078125,952.8753051757812,26.77191162109375
11.5234375,952.8681640625,26.760154724121094
11.5390625,952.885498046875,26.781097412109375
11.5546875,952.8541259765625,26.779251098632812
11.5703125,952.8778686523438,26.767127990722656
11.5859375,952.8365478515625,26.77191162109375
11.6015625,952.857421875,26.760879516601562
11.6171875,952.8521118164062,26.77191162109375
11.6328125,952.8741455078125,26.77227783203125
11.6484375,952.8693237304688,26.77484130859375
11.6640625,952.8583374023438,26.767868041992188
11.6796875,952.855224609375,26.784408569335938
11.6953125,952.8753662109375,26.77191162109375
11.7109375,952.89208984375,26.768226623535156
11.7265625,952.8821411132812,26.77080535888672
11.7421875,952.8375854492188,26.75830841064453
11.7578125,952.8770141601562,26.760513305664062
11.7734375,952.8681640625,26.768600463867188
11.7890625,952.8571166992188,26.77191162109375
11.8046875,952.8723754882812,26.767868041992188
11.8203125,952.8737182617188,26.7542724609375
11.8359375,952.8795776367188,26.763458251953125
11.8515625,952.8446044921875,26.767868041992188
11.8671875,952.8778686523438,26.767501831054688
11.8828125,952.8497924804688,26.77594757080078
11.8984375,952.8566284179688,26.77374267578125
11.9140625,952.845703125,26.768600463867188
11.9296875,952.8421630859375,26.763458251953125
11.9453125,952.8577880859375,26.781829833984375
11.9609375,952.8422241210938,26.77007293701172
11.9765625,952.8399658203125,26.778152465820312
11.9921875,952.8359375,26.77117919921875
12.0078125,952.8424072265625,26.781829833984375
12.0234375,952.8327026367188,26.77338409423828
12.0390625,952.8318481445312,26.766021728515625
12.0546875,952.8305053710938,26.767127990722656
12.0703125,952.8323974609375,26.77374267578125
12.0859375,952.8235473632812,26.768600463867188
12.1015625,952.8109741210938,26.778892517089844
12.1171875,952.8258666992188,26.77374267578125
12.1328125,952.8092041015625,26.764923095703125
12.1484375,952.8130493164062,26.77191162109375
12.1640625,952.8358154296875,26.779624938964844
12.1796875,952.8175048828125,26.783660888671875
12.1953125,952.8221435546875,26.767868041992188
12.2109375,952.831298828125,26.77080535888672
12.2265625,952.835693359375,26.781455993652344
12.2421875,952.8326416015625,26.781829833984375
12.2578125,952.8309326171875,26.767868041992188
12.2734375,952.80859375,26.77227783203125
12.2890625,952.8203735351562,26.77484130859375
12.3046875,952.8218383789062,26.760879516601562
12.3203125,952.834716796875,26.77153778076172
12.3359375,952.8268432617188,26.767868041992188
12.3515625,952.81640625,26.77117919921875
12.3671875,952.821533203125,26.767868041992188
12.3828125,952.8438720703125,26.77007293701172
12.3984375,952.8159790039062,26.770431518554688
12.4140625,952.8441162109375,26.77374267578125
12.4296875,952.8211669921875,26.778152465820312
12.4453125,952.816162109375,26.77153778076172
12.4609375,952.8226928710938,26.779251098632812
12.4765625,952.8162231445312,26.781097412109375
12.4921875,952.8110961914062,26.77227783203125
12.5078125,952.8167724609375,26.764923095703125
12.5234375,952.8119506835938,26.767501831054688
12.5390625,952.80859375,26.77007293701172
12.5546875,952.798095703125,26.775588989257812
12.5703125,952.8111572265625,26.779251098632812
12.5859375,952.8073120117188,26.79102325439453
12.6015625,952.8084716796875,26.77521514892578
12.6171875,952.8110961914062,26.777420043945312
12.6328125,952.7999877929688,26.782928466796875
12.6484375,952.7969360351562,26.767868041992188
12.6640625,952.8073120117188,26.783660888671875
12.6796875,952.8005981445312,26.767868041992188
12.6953125,952.7947998046875,26.775588989257812
12.7109375,952.7997436523438,26.767127990722656
12.7265625,952.7774047851562,26.77704620361328
12.7421875,952.795654296875,26.777793884277344
12.7578125,952.803466796875,26.784034729003906
12.7734375,952.7994384765625,26.781829833984375
12.7890625,952.8165283203125,26.776687622070312
12.8046875,952.7999267578125,26.781097412109375
12.8203125,952.8117065429688,26.77227783203125
12.8359375,952.8053588867188,26.776687622070312
12.8515625,952.8184204101562,26.777793884277344
12.8671875,952.8328857421875,26.781455993652344
12.8828125,952.8075561523438,26.776687622070312
12.8984375,952.8387451171875,26.784408569335938
12.9140625,952.8173828125,26.776687622070312
12.9296875,952.8267822265625,26.781829833984375
12.9453125,952.8541870117188,26.778152465820312
12.9609375,952.831787109375,26.777793884277344
12.9765625,952.8345947265625,26.785865783691406
12.9921875,952.8426513671875,26.785140991210938
13.0078125,952.8516235351562,26.77153778076172
13.0234375,952.8441772460938,26.778518676757812
13.0390625,952.8831787109375,26.782562255859375
13.0546875,952.8644409179688,26.799468994140625
13.0703125,952.876953125,26.780357360839844
13.0859375,952.8504638671875,26.785507202148438
13.1015625,952.8695068359375,26.788070678710938
13.1171875,952.8547973632812,26.77374267578125
13.1328125,952.8743286132812,26.787338256835938
13.1484375,952.9395751953125,26.77374267578125
13.1640625,952.8264770507812,26.787338256835938
13.1796875,952.854736328125,26.7913818359375
13.1953125,952.8402099609375,26.788070678710938
13.2109375,952.8583984375,26.780357360839844
13.2265625,952.8540649414062,26.782928466796875
13.2421875,952.8572998046875,26.762718200683594
13.2578125,952.9054565429688,26.781455993652344
13.2734375,952.8434448242188,26.77191162109375
13.2890625,952.831787109375,26.767868041992188
13.3046875,952.8372192382812,26.77374267578125
13.3203125,952.8468017578125,26.77227783203125
13.3359375,952.8580322265625,26.779624938964844
13.3515625,952.8760986328125,26.767868041992188
13.3671875,952.865966796875,26.764190673828125
13.3828125,952.8458251953125,26.77374267578125
13.3984375,952.8468017578125,26.77484130859375
13.4140625,952.8792114257812,26.763458251953125
13.4296875,952.8403930664062,26.778152465820312
13.4453125,952.8383178710938,26.757949829101562
13.4609375,952.8363037109375,26.756103515625
13.4765625,952.8402709960938,26.764923095703125
13.4921875,952.8304443359375,26.750961303710938
13.5078125,952.8451538085938,26.767868041992188
13.5234375,952.8569946289062,26.763458251953125
13.5390625,952.8463745117188,26.765663146972656
13.5546875,952.8741455078125,26.776687622070312
13.5703125,952.8369140625,26.765289306640625
13.5859375,952.8370361328125,26.761611938476562
13.6015625,952.83544921875,26.757949829101562
13.6171875,952.8279418945312,26.766021728515625
13.6328125,952.84375,26.761611938476562
13.6484375,952.8384399414062,26.75684356689453
13.6640625,952.8260498046875,26.761611938476562
13.6796875,952.836669921875,26.761611938476562
13.6953125,952.83544921875,26.764923095703125
13.7109375,952.8513793945312,26.767868041992188
13.7265625,952.8491821289062,26.75830841064453
13.7421875,952.8423461914062,26.752792358398438
13.7578125,952.8357543945312,26.75537109375
13.7734375,952.8438110351562,26.7535400390625
13.7890625,952.8322143554688,26.7564697265625
13.8046875,952.8390502929688,26.75830841064453
13.8203125,952.8267822265625,26.760154724121094
13.8359375,952.8365478515625,26.763458251953125
13.8515625,952.8165283203125,26.75537109375
13.8671875,952.8348388671875,26.754638671875
13.8828125,952.8323364257812,26.762718200683594
13.8984375,952.8319091796875,26.763458251953125
13.9140625,952.809326171875,26.756103515625
13.9296875,952.8259887695312,26.75243377685547
13.9453125,952.8292236328125,26.75537109375
13.9609375,952.8330078125,26.757949829101562
13.9765625,952.8248901367188,26.7572021484375
13.9921875,952.8153076171875,26.760879516601562
14.0078125,952.8180541992188,26.767868041992188
14.0234375,952.8097534179688,26.75243377685547
14.0390625,952.8351440429688,26.759048461914062
14.0546875,952.8280029296875,26.762718200683594
14.0703125,952.8200073242188,26.767868041992188
14.0859375,952.8097534179688,26.758682250976562
14.1015625,952.814208984375,26.761985778808594
14.1171875,952.8319091796875,26.764923095703125
14.1328125,952.805908203125,26.765289306640625
14.1484375,952.8322143554688,26.764190673828125
14.1640625,952.8231201171875,26.760513305664062
14.1796875,952.8215942382812,26.75830841064453
14.1953125,952.8244018554688,26.75574493408203
14.2109375,952.80859375,26.760154724121094
14.2265625,952.8192138671875,26.762718200683594
14.2421875,952.8248291015625,26.757949829101562
14.2578125,952.7986450195312,26.767501831054688
14.2734375,952.8121948242188,26.757949829101562
14.2890625,952.7992553710938,26.77007293701172
14.3046875,952.7950439453125,26.75537109375
14.3203125,952.799560546875,26.75684356689453
14.3359375,952.8020629882812,26.75243377685547
14.3515625,952.795654296875,26.761253356933594
14.3671875,952.79833984375,26.760154724121094
14.3828125,952.8001098632812,26.764564514160156
14.3984375,952.8077392578125,26.75537109375
14.4140625,952.78466796875,26.756103515625
14.4296875,952.7911987304688,26.75830841064453
14.4453125,952.7999877929688,26.761253356933594
14.4609375,952.79833984375,26.7535400390625
14.4765625,952.8024291992188,26.75830841064453
14.4921875,952.792724609375,26.758682250976562
14.5078125,952.7891845703125,26.762718200683594
14.5234375,952.782958984375,26.762718200683594
14.5390625,952.7936401367188,26.761253356933594
14.5546875,952.794189453125,26.764923095703125
14.5703125,952.779052734375,26.763458251953125
14.5859375,952.7962036132812,26.752059936523438
14.6015625,952.7926635742188,26.75243377685547
14.6171875,952.7771606445312,26.75684356689453
14.6328125,952.793701171875,26.762718200683594
14.6484375,952.8056640625,26.752059936523438
14.6640625,952.7717895507812,26.761611938476562
14.6796875,952.7899780273438,26.7572021484375
14.6953125,952.7890625,26.7535400390625
14.7109375,952.7886352539062,26.760879516601562
14.7265625,952.7935180664062,26.75830841064453
14.7421875,952.8172607421875,26.748023986816406
14.7578125,952.8114013671875,26.743972778320312
14.7734375,952.82421875,26.745452880859375
14.7890625,952.8195190429688,26.751693725585938
14.8046875,952.8434448242188,26.743972778320312
14.8203125,952.8343505859375,26.742515563964844
14.8359375,952.8072509765625,26.745452880859375
14.8515625,952.8714599609375,26.75574493408203
14.8671875,952.8324584960938,26.747650146484375
14.8828125,952.8192138671875,26.75133514404297
14.8984375,952.8732299804688,26.741409301757812
14.9140625,952.8519897460938,26.747650146484375
14.9296875,952.8388671875,26.75133514404297
14.9453125,952.8482666015625,26.759048461914062
14.9609375,952.8489379882812,26.7535400390625
14.9765625,952.8388061523438,26.745819091796875
14.9921875,952.8452758789062,26.740310668945312
15.0078125,952.8279418945312,26.73883056640625
15.0234375,952.8338012695312,26.74066925048828
15.0390625,952.8333129882812,26.75830841064453
15.0546875,952.8441162109375,26.759048461914062
15.0703125,952.8650512695312,26.752059936523438
15.0859375,952.8363037109375,26.7564697265625
15.1015625,952.8223266601562,26.7564697265625
15.1171875,952.828857421875,26.759048461914062
15.1328125,952.83935546875,26.746925354003906
15.1484375,952.843017578125,26.750587463378906
15.1640625,952.8349609375,26.752792358398438
15.1796875,952.8387451171875,26.75574493408203
15.1953125,952.8187255859375,26.752059936523438
15.2109375,952.8292236328125,26.747650146484375
15.2265625,952.850830078125,26.756103515625
15.2421875,952.836669921875,26.742141723632812
15.2578125,952.8490600585938,26.749488830566406
15.2734375,952.8450317382812,26.759048461914062
15.2890625,952.8165893554688,26.75574493408203
15.3046875,952.8324584960938,26.756103515625
15.3203125,952.8385009765625,26.7564697265625
15.3359375,952.8491821289062,26.749130249023438
15.3515625,952.8287963867188,26.757949829101562
15.3671875,952.864990234375,26.75830841064453
15.3828125,952.8412475585938,26.75243377685547
15.3984375,952.8333129882812,26.744346618652344
15.4140625,952.844482421875,26.749130249023438
15.4296875,952.83544921875,26.746925354003906
15.4453125,952.8088989257812,26.75830841064453
15.4609375,952.8549194335938,26.743972778320312
15.4765625,952.8343505859375,26.743972778320312
15.4921875,952.8475341796875,26.751693725585938
15.5078125,952.84521484375,26.752792358398438
15.5234375,952.8280029296875,26.747650146484375
15.5390625,952.8305053710938,26.7564697265625
15.5546875,952.8427124023438,26.75499725341797
15.5703125,952.8240966796875,26.73699951171875
15.5859375,952.86474609375,26.745819091796875
15.6015625,952.8578491210938,26.745819091796875
15.6171875,952.8422241210938,26.747650146484375
15.6328125,952.8419189453125,26.752059936523438
15.6484375,952.8602905273438,26.75830841064453
15.6640625,952.851318359375,26.745079040527344
15.6796875,952.8350830078125,26.746925354003906
15.6953125,952.8256225585938,26.746551513671875
15.7109375,952.8363037109375,26.745819091796875
15.7265625,952.8303833007812,26.760154724121094
15.7421875,952.8413696289062,26.73735809326172
15.7578125,952.8115234375,26.752059936523438
15.7734375,952.824951171875,26.73590087890625
15.7890625,952.8131713867188,26.748382568359375
15.8046875,952.8192138671875,26.745819091796875
15.8203125,952.814208984375,26.752059936523438
15.8359375,952.8292236328125,26.743972778320312
15.8515625,952.8200073242188,26.752059936523438
15.8671875,952.8267822265625,26.752059936523438
15.8828125,952.8219604492188,26.742515563964844
15.8984375,952.8287963867188,26.743614196777344
15.9140625,952.821044921875,26.752059936523438
15.9296875,952.8148193359375,26.74066925048828
15.9453125,952.8190307617188,26.747650146484375
15.9609375,952.8143310546875,26.743972778320312
15.9765625,952.8140258789062,26.73883056640625
15.9921875,952.8201293945312,26.743240356445312
16.0078125,952.8330078125,26.73993682861328
16.0234375,952.8285522460938,26.751693725585938
16.0390625,952.8147583007812,26.74066925048828
16.0546875,952.8064575195312,26.743972778320312
16.0703125,952.809814453125,26.73810577392578
16.0859375,952.8068237304688,26.745452880859375
16.1015625,952.8099975585938,26.745079040527344
16.1171875,952.8099975585938,26.745819091796875
16.1328125,952.8040161132812,26.745452880859375
16.1484375,952.7967529296875,26.752059936523438
16.1640625,952.798095703125,26.73663330078125
16.1796875,952.806640625,26.749130249023438
16.1953125,952.7953491210938,26.74066925048828
16.2109375,952.7951049804688,26.759048461914062
16.2265625,952.811279296875,26.73810577392578
16.2421875,952.8032836914062,26.754638671875
16.2578125,952.8108520507812,26.73552703857422
16.2734375,952.7874145507812,26.741043090820312
16.2890625,952.7897338867188,26.741409301757812
16.3046875,952.8024291992188,26.730010986328125
16.3203125,952.7952880859375,26.746925354003906
16.3359375,952.7933349609375,26.754638671875
16.3515625,952.7922973632812,26.740310668945312
16.3671875,952.784912109375,26.74066925048828
16.3828125,952.7849731445312,26.741043090820312
16.3984375,952.78857421875,26.73846435546875
16.4140625,952.7918701171875,26.741043090820312
16.4296875,952.791015625,26.73699951171875
16.4453125,952.7954711914062,26.74066925048828
16.4609375,952.7921752929688,26.73735809326172
16.4765625,952.7786254882812,26.73590087890625
16.4921875,952.7916259765625,26.74066925048828
16.5078125,952.8070678710938,26.743972778320312
16.5234375,952.809814453125,26.741043090820312
16.5390625,952.8196411132812,26.747650146484375
16.5546875,952.8131713867188,26.752059936523438
16.5703125,952.8159790039062,26.748756408691406
16.5859375,952.8240356445312,26.748756408691406
16.6015625,952.8335571289062,26.746925354003906
16.6171875,952.835205078125,26.7572021484375
16.6328125,952.8265991210938,26.745079040527344
16.6484375,952.8313598632812,26.752792358398438
16.6640625,952.8214721679688,26.75537109375
16.6796875,952.839599609375,26.742515563964844
16.6953125,952.84375,26.75499725341797
16.7109375,952.8180541992188,26.744346618652344
16.7265625,952.8379516601562,26.743972778320312
16.7421875,952.817626953125,26.760154724121094
16.7578125,952.8287963867188,26.743240356445312
16.7734375,952.8438110351562,26.75537109375
16.7890625,952.8312377929688,26.760154724121094
16.8046875,952.8245849609375,26.757949829101562
16.8203125,952.8207397460938,26.748382568359375
16.8359375,952.8317260742188,26.77007293701172
16.8515625,952.8214111328125,26.764923095703125
16.8671875,952.8184814453125,26.760154724121094
16.8828125,952.8251342773438,26.750587463378906
16.8984375,952.8433227539062,26.7564697265625
16.9140625,952.845703125,26.7535400390625
16.9296875,952.83349609375,26.75757598876953
16.9453125,952.8248901367188,26.763458251953125
16.9609375,952.8344116210938,26.7572021484375
16.9765625,952.8403930664062,26.761253356933594
16.9921875,952.8223266601562,26.767127990722656
17.0078125,952.837158203125,26.756103515625
17.0234375,952.8361206054688,26.7542724609375
17.0390625,952.8388671875,26.75243377685547
17.0546875,952.8309936523438,26.77484130859375
17.0703125,952.8343505859375,26.757949829101562
17.0859375,952.8309326171875,26.749130249023438
17.1015625,952.8287963867188,26.745452880859375
17.1171875,952.8291015625,26.7542724609375
17.1328125,952.8305053710938,26.750228881835938
17.1484375,952.8421020507812,26.746925354003906
17.1640625,952.8250732421875,26.748382568359375
17.1796875,952.8317260742188,26.747283935546875
17.1953125,952.8441162109375,26.743972778320312
17.2109375,952.841552734375,26.743972778320312
17.2265625,952.846923828125,26.740310668945312
17.2421875,952.8428955078125,26.759780883789062
17.2578125,952.8239135742188,26.742141723632812
17.2734375,952.8358154296875,26.73846435546875
17.2890625,952.8289794921875,26.747650146484375
17.3046875,952.8262939453125,26.74066925048828
17.3203125,952.8286743164062,26.760154724121094
17.3359375,952.8299560546875,26.748023986816406
17.3515625,952.8234252929688,26.7535400390625
17.3671875,952.8292846679688,26.756103515625
17.3828125,952.8361206054688,26.747650146484375
17.3984375,952.829345703125,26.75830841064453
17.4140625,952.822021484375,26.748756408691406
17.4296875,952.83544921875,26.748382568359375
17.4453125,952.8358154296875,26.745819091796875
17.4609375,952.8662109375,26.760154724121094
17.4765625,952.8341674804688,26.752059936523438
17.4921875,952.8357543945312,26.75243377685547
17.5078125,952.8423461914062,26.762718200683594
17.5234375,952.8367919921875,26.763458251953125
17.5390625,952.825439453125,26.73920440673828
17.5546875,952.8356323242188,26.751693725585938
17.5703125,952.8338012695312,26.7535400390625
17.5859375,952.8298950195312,26.752792358398438
17.6015625,952.8441162109375,26.752059936523438
17.6171875,952.8225708007812,26.746925354003906
17.6328125,952.8237915039062,26.75830841064453
17.6484375,952.8208618164062,26.757949829101562
17.6640625,952.8189697265625,26.7542724609375
17.6796875,952.8281860351562,26.751693725585938
17.6953125,952.8242797851562,26.75574493408203
17.7109375,952.8253784179688,26.762718200683594
17.7265625,952.8259887695312,26.7535400390625
17.7421875,952.8286743164062,26.762718200683594
17.7578125,952.8278198242188,26.760879516601562
17.7734375,952.8257446289062,26.757949829101562
17.7890625,952.8123168945312,26.760879516601562
17.8046875,952.8042602539062,26.768600463867188
17.8203125,952.809814453125,26.760154724121094
17.8359375,952.8059692382812,26.75830841064453
17.8515625,952.7993774414062,26.769332885742188
17.8671875,952.8153076171875,26.761253356933594
17.8828125,952.8084716796875,26.764564514160156
17.8984375,952.808349609375,26.760154724121094
17.9140625,952.8143310546875,26.749488830566406
17.9296875,952.8068237304688,26.760513305664062
17.9453125,952.8114624023438,26.7535400390625
17.9609375,952.7994384765625,26.757949829101562
17.9765625,952.8165283203125,26.760513305664062
17.9921875,952.7994995117188,26.761611938476562
18.0078125,952.8056030273438,26.75830841064453
18.0234375,952.80224609375,26.752792358398438
18.0390625,952.7974853515625,26.752059936523438
18.0546875,952.7891235351562,26.749130249023438
18.0703125,952.791748046875,26.752059936523438
18.0859375,952.7974853515625,26.7564697265625
18.1015625,952.7865600585938,26.7535400390625
18.1171875,952.8017578125,26.749130249023438
18.1328125,952.8084716796875,26.740310668945312
18.1484375,952.784912109375,26.752059936523438
18.1640625,952.8046875,26.754638671875
18.1796875,952.7928466796875,26.745079040527344
18.1953125,952.7919311523438,26.750961303710938
18.2109375,952.79248046875,26.761985778808594
18.2265625,952.7942504882812,26.743972778320312
18.2421875,952.7811279296875,26.743972778320312
18.2578125,952.7918701171875,26.752059936523438
18.2734375,952.7891235351562,26.761611938476562
18.2890625,952.8056030273438,26.75499725341797
18.3046875,952.8049926757812,26.762718200683594
18.3203125,952.8056640625,26.7564697265625
18.3359375,952.8109741210938,26.752059936523438
18.3515625,952.8184204101562,26.75537109375
18.3671875,952.8253173828125,26.760879516601562
18.3828125,952.8281860351562,26.765663146972656
18.3984375,952.8346557617188,26.7572021484375
18.4140625,952.8302001953125,26.760879516601562
18.4296875,952.8156127929688,26.760513305664062
18.4453125,952.8329467773438,26.760879516601562
18.4609375,952.8359375,26.764923095703125
18.4765625,952.8418579101562,26.75537109375
18.4921875,952.8366088867188,26.760513305664062
18.5078125,952.8287963867188,26.764923095703125
18.5234375,952.8363647460938,26.767868041992188
18.5390625,952.8204956054688,26.751693725585938
18.5546875,952.8129272460938,26.761985778808594
18.5703125,952.8355102539062,26.757949829101562
18.5859375,952.8267211914062,26.764923095703125
18.6015625,952.8418579101562,26.77007293701172
18.6171875,952.8338623046875,26.77007293701172
18.6328125,952.8482666015625,26.764564514160156
18.6484375,952.833984375,26.77191162109375
18.6640625,952.845458984375,26.763458251953125
18.6796875,952.8809814453125,26.77191162109375
18.6953125,952.8521118164062,26.767868041992188
18.7109375,952.855224609375,26.764190673828125
18.7265625,952.8440551757812,26.760879516601562
18.7421875,952.8370971679688,26.77007293701172
18.7578125,952.8267822265625,26.765663146972656
18.7734375,952.86279296875,26.768600463867188
18.7890625,952.8463134765625,26.760154724121094
18.8046875,952.8443603515625,26.77227783203125
18.8203125,952.8634033203125,26.77153778076172
18.8359375,952.8317260742188,26.77153778076172
18.8515625,952.8370361328125,26.77227783203125
18.8671875,952.8604736328125,26.77374267578125
18.8828125,952.87255859375,26.77191162109375
18.8984375,952.8639526367188,26.77227783203125
18.9140625,952.8430786132812,26.76897430419922
18.9296875,952.8499145507812,26.77191162109375
18.9453125,952.8628540039062,26.77191162109375
18.9609375,952.8502807617188,26.784034729003906
18.9765625,952.84130859375,26.785507202148438
18.9921875,952.8479614257812,26.775588989257812
19.0078125,952.8458251953125,26.781455993652344
19.0234375,952.8434448242188,26.781455993652344
19.0390625,952.8421630859375,26.77374267578125
19.0546875,952.837890625,26.77153778076172
19.0703125,952.8298950195312,26.776687622070312
19.0859375,952.854248046875,26.77374267578125
19.1015625,952.8414916992188,26.781097412109375
19.1171875,952.84521484375,26.785140991210938
19.1328125,952.8384399414062,26.776687622070312
19.1484375,952.8321533203125,26.77374267578125
19.1640625,952.8342895507812,26.775588989257812
19.1796875,952.8434448242188,26.77484130859375
19.1953125,952.8606567382812,26.775588989257812
19.2109375,952.8505859375,26.77227783203125
19.2265625,952.8401489257812,26.77410888671875
19.2421875,952.8319091796875,26.77374267578125
19.2578125,952.8564453125,26.770431518554688
19.2734375,952.8512573242188,26.783660888671875
19.2890625,952.8502197265625,26.775588989257812
19.3046875,952.8380737304688,26.77117919921875
19.3203125,952.8250732421875,26.778518676757812
19.3359375,952.8432006835938,26.764923095703125
19.3515625,952.8310546875,26.767868041992188
19.3671875,952.8211669921875,26.77227783203125
19.3828125,952.842529296875,26.77374267578125
19.3984375,952.8253784179688,26.77191162109375
19.4140625,952.8150024414062,26.778152465820312
19.4296875,952.8323974609375,26.781829833984375
19.4453125,952.8099975585938,26.783660888671875
19.4609375,952.8388671875,26.777793884277344
19.4765625,952.8142700195312,26.781455993652344
19.4921875,952.8272705078125,26.784034729003906
19.5078125,952.8329467773438,26.778152465820312
19.5234375,952.8335571289062,26.77227783203125
19.5390625,952.8305053710938,26.77117919921875
19.5546875,952.819091796875,26.77007293701172
19.5703125,952.81005859375,26.765663146972656
19.5859375,952.8370971679688,26.763458251953125
19.6015625,952.830810546875,26.77227783203125
19.6171875,952.828125,26.759780883789062
19.6328125,952.8250732421875,26.77374267578125
19.6484375,952.82177734375,26.765663146972656
19.6640625,952.837646484375,26.757949829101562
19.6796875,952.8255004882812,26.767868041992188
19.6953125,952.823486328125,26.754638671875
19.7109375,952.8221435546875,26.77007293701172
19.7265625,952.829833984375,26.768600463867188
19.7421875,952.8164672851562,26.758682250976562
19.7578125,952.811279296875,26.764923095703125
19.7734375,952.8095092773438,26.767501831054688
19.7890625,952.8038330078125,26.764564514160156
19.8046875,952.8052978515625,26.77191162109375
19.8203125,952.806640625,26.77704620361328
19.8359375,952.8070678710938,26.752792358398438
19.8515625,952.7969360351562,26.759048461914062
19.8671875,952.7993774414062,26.75830841064453
19.8828125,952.80224609375,26.761611938476562
19.8984375,952.7971801757812,26.749488830566406
19.9140625,952.7984008789062,26.756103515625
19.9296875,952.8079223632812,26.759048461914062
19.9453125,952.798095703125,26.745452880859375
19.9609375,952.8099975585938,26.7542724609375
19.9765625,952.7941284179688,26.75243377685547
19.9921875,952.7861328125,26.7542724609375
20.0078125,952.8048095703125,26.75574493408203
20.0234375,952.79248046875,26.759048461914062
20.0390625,952.7999877929688,26.75574493408203
20.0546875,952.7990112304688,26.756103515625
20.0703125,952.81396484375,26.752792358398438
20.0859375,952.7861328125,26.7542724609375
20.1015625,952.797607421875,26.758682250976562
20.1171875,952.7837524414062,26.75243377685547
20.1328125,952.784912109375,26.75830841064453
20.1484375,952.7932739257812,26.7572021484375
20.1640625,952.7930908203125,26.767868041992188
20.1796875,952.7876586914062,26.767868041992188
20.1953125,952.8097534179688,26.766769409179688
20.2109375,952.8173828125,26.763458251953125
20.2265625,952.8218383789062,26.762718200683594
20.2421875,952.8319091796875,26.762718200683594
20.2578125,952.8158569335938,26.7542724609375
20.2734375,952.8407592773438,26.760879516601562
20.2890625,952.8592529296875,26.760154724121094
20.3046875,952.856201171875,26.764190673828125
20.3203125,952.843505859375,26.75684356689453
20.3359375,952.8397216796875,26.760513305664062
20.3515625,952.8508911132812,26.7564697265625
20.3671875,952.8450317382812,26.747650146484375
20.3828125,952.8370971679688,26.77007293701172
20.3984375,952.8369140625,26.75830841064453
20.4140625,952.8734130859375,26.77374267578125
20.4296875,952.8414916992188,26.766395568847656
20.4453125,952.8820190429688,26.764923095703125
20.4609375,952.8717041015625,26.770431518554688
20.4765625,952.8631591796875,26.77374267578125
20.4921875,952.8384399414062,26.77374267578125
20.5078125,952.8384399414062,26.77191162109375
20.5234375,952.8628540039062,26.77227783203125
20.5390625,952.8634033203125,26.77117919921875
20.5546875,952.8412475585938,26.784034729003906
20.5703125,952.8424682617188,26.77484130859375
20.5859375,952.8475341796875,26.775588989257812
20.6015625,952.8560180664062,26.77521514892578
20.6171875,952.8756103515625,26.767868041992188
20.6328125,952.852783203125,26.768600463867188
20.6484375,952.846923828125,26.780357360839844
20.6640625,952.8402709960938,26.766021728515625
20.6796875,952.8400268554688,26.77007293701172
20.6953125,952.8585205078125,26.77191162109375
20.7109375,952.85498046875,26.764923095703125
20.7265625,952.8717041015625,26.786239624023438
20.7421875,952.8695678710938,26.77484130859375
20.7578125,952.86669921875,26.77117919921875
20.7734375,952.8370361328125,26.77374267578125
20.7890625,952.8533935546875,26.77191162109375
20.8046875,952.8663940429688,26.77191162109375
20.8203125,952.8502807617188,26.784408569335938
20.8359375,952.8460693359375,26.77191162109375
20.8515625,952.8544311523438,26.781829833984375
20.8671875,952.8590698242188,26.767868041992188
20.8828125,952.8653564453125,26.782928466796875
20.8984375,952.8447265625,26.787338256835938
20.9140625,952.8720703125,26.767868041992188
20.9296875,952.8450317382812,26.764564514160156
20.9453125,952.8674926757812,26.77191162109375
20.9609375,952.8436279296875,26.764564514160156
20.9765625,952.87646484375,26.783660888671875
20.9921875,952.8466186523438,26.775588989257812
21.0078125,952.8380737304688,26.77007293701172
21.0234375,952.8452758789062,26.77374267578125
21.0390625,952.8666381835938,26.764190673828125
21.0546875,952.8471069335938,26.77191162109375
21.0703125,952.8472290039062,26.77191162109375
21.0859375,952.8395385742188,26.768600463867188
21.1015625,952.8439331054688,26.77191162109375
21.1171875,952.8364868164062,26.77374267578125
21.1328125,952.8342895507812,26.787338256835938
21.1484375,952.849365234375,26.767868041992188
21.1640625,952.8318481445312,26.77374267578125
21.1796875,952.844482421875,26.783660888671875
21.1953125,952.8274536132812,26.785507202148438
21.2109375,952.8331298828125,26.775588989257812
21.2265625,952.8224487304688,26.77374267578125
21.2421875,952.8427124023438,26.775588989257812
21.2578125,952.8302612304688,26.77227783203125
21.2734375,952.8287353515625,26.784408569335938
21.2890625,952.8299560546875,26.767868041992188
21.3046875,952.825927734375,26.782562255859375
21.3203125,952.827392578125,26.77227783203125
21.3359375,952.831787109375,26.77338409423828
21.3515625,952.830078125,26.77374267578125
21.3671875,952.8372192382812,26.77153778076172
21.3828125,952.8136596679688,26.781455993652344
21.3984375,952.830810546875,26.77594757080078
21.4140625,952.8273315429688,26.77594757080078
21.4296875,952.8399047851562,26.77191162109375
21.4453125,952.8192138671875,26.776687622070312
21.4609375,952.8458862304688,26.778892517089844
21.4765625,952.8186645507812,26.779624938964844
21.4921875,952.8306884765625,26.77374267578125
21.5078125,952.818115234375,26.785507202148438
21.5234375,952.8162841796875,26.77374267578125
21.5390625,952.8396606445312,26.77484130859375
21.5546875,952.8194580078125,26.77153778076172
21.5703125,952.8107299804688,26.77191162109375
21.5859375,952.8228149414062,26.778152465820312
21.6015625,952.8126220703125,26.77191162109375
21.6171875,952.8090209960938,26.787338256835938
21.6328125,952.8182373046875,26.781829833984375
21.6484375,952.8165283203125,26.77374267578125
21.6640625,952.8128051757812,26.781097412109375
21.6796875,952.827880859375,26.77374267578125
21.6953125,952.8162841796875,26.781829833984375
21.7109375,952.8076171875,26.767127990722656
21.7265625,952.8240356445312,26.781829833984375
21.7421875,952.8178100585938,26.77227783203125
21.7578125,952.8179321289062,26.763458251953125
21.7734375,952.7991943359375,26.77227783203125
21.7890625,952.8179321289062,26.77374267578125
21.8046875,952.8103637695312,26.766021728515625
21.8203125,952.8059692382812,26.77374267578125
21.8359375,952.8134155273438,26.77191162109375
21.8515625,952.7982788085938,26.767868041992188
21.8671875,952.7960815429688,26.77007293701172
21.8828125,952.80224609375,26.766021728515625
21.8984375,952.797607421875,26.77374267578125
21.9140625,952.7954711914062,26.77191162109375
21.9296875,952.806640625,26.77227783203125
21.9453125,952.7994384765625,26.77227783203125
21.9609375,952.7863159179688,26.759780883789062
21.9765625,952.800048828125,26.77227783203125
21.9921875,952.7910766601562,26.775588989257812
22.0078125,952.7913818359375,26.784408569335938
22.0234375,952.807861328125,26.77191162109375
22.0390625,952.813720703125,26.765663146972656
22.0546875,952.8095703125,26.758682250976562
22.0703125,952.8309936523438,26.764564514160156
22.0859375,952.7987060546875,26.764923095703125
22.1015625,952.8351440429688,26.781097412109375
22.1171875,952.8289794921875,26.77374267578125
22.1328125,952.8450317382812,26.785507202148438
22.1484375,952.831298828125,26.77227783203125
22.1640625,952.842529296875,26.784408569335938
22.1796875,952.8694458007812,26.77227783203125
22.1953125,952.8245239257812,26.779624938964844
22.2109375,952.8419799804688,26.77227783203125
22.2265625,952.8723754882812,26.794326782226562
22.2421875,952.843505859375,26.784408569335938
22.2578125,952.87060546875,26.77374267578125
22.2734375,952.8497924804688,26.77374267578125
22.2890625,952.837890625,26.784408569335938
22.3046875,952.87841796875,26.793228149414062
22.3203125,952.8553466796875,26.7899169921875
22.3359375,952.8543701171875,26.781829833984375
22.3515625,952.8422241210938,26.78917694091797
22.3671875,952.841796875,26.779624938964844
22.3828125,952.852783203125,26.784034729003906
22.3984375,952.8448486328125,26.781829833984375
22.4140625,952.841064453125,26.783660888671875
22.4296875,952.821533203125,26.784767150878906
22.4453125,952.8515625,26.778152465820312
22.4609375,952.8432006835938,26.784767150878906
22.4765625,952.8515625,26.788818359375
22.4921875,952.819091796875,26.7899169921875
22.5078125,952.8472290039062,26.7906494140625
22.5234375,952.8432006835938,26.79468536376953
22.5390625,952.8631591796875,26.77521514892578
22.5546875,952.8457641601562,26.798370361328125
22.5703125,952.8408203125,26.79027557373047
22.5859375,952.8364868164062,26.784767150878906
22.6015625,952.8502807617188,26.784767150878906
22.6171875,952.8407592773438,26.78661346435547
22.6328125,952.8546752929688,26.782203674316406
22.6484375,952.846435546875,26.79027557373047
22.6640625,952.8681640625,26.788818359375
22.6796875,952.8740234375,26.784767150878906
22.6953125,952.8478393554688,26.780357360839844
22.7109375,952.8558349609375,26.784034729003906
22.7265625,952.8477783203125,26.794326782226562
22.7421875,952.8590698242188,26.78955078125
22.7578125,952.8429565429688,26.788818359375
22.7734375,952.8460083007812,26.788818359375
22.7890625,952.841796875,26.78917694091797
22.8046875,952.84716796875,26.78955078125
22.8203125,952.8357543945312,26.801673889160156
22.8359375,952.8232421875,26.795791625976562
22.8515625,952.8388061523438,26.788070678710938
22.8671875,952.8452758789062,26.788818359375
22.8828125,952.856689453125,26.782562255859375
22.8984375,952.8524780273438,26.796531677246094
22.9140625,952.8388671875,26.782562255859375
22.9296875,952.8244018554688,26.784767150878906
22.9453125,952.8312377929688,26.795059204101562
22.9609375,952.8309936523438,26.787338256835938
22.9765625,952.8326416015625,26.781829833984375
22.9921875,952.843505859375,26.78955078125
23.0078125,952.8441772460938,26.79027557373047
23.0234375,952.8472290039062,26.784767150878906
23.0390625,952.8413696289062,26.781829833984375
23.0546875,952.8471069335938,26.776687622070312
23.0703125,952.8429565429688,26.780357360839844
23.0859375,952.8385009765625,26.79027557373047
23.1015625,952.8395385742188,26.794326782226562
23.1171875,952.8333129882812,26.784767150878906
23.1328125,952.8234252929688,26.776687622070312
23.1484375,952.8471069335938,26.78917694091797
23.1640625,952.8357543945312,26.795059204101562
23.1796875,952.832763671875,26.78917694091797
23.1953125,952.8441772460938,26.79212188720703
23.2109375,952.8450317382812,26.788818359375
23.2265625,952.841796875,26.79248046875
23.2421875,952.8361206054688,26.793228149414062
23.2578125,952.8350830078125,26.779251098632812
23.2734375,952.8384399414062,26.784034729003906
23.2890625,952.845458984375,26.784034729003906
23.3046875,952.8382568359375,26.79027557373047
23.3203125,952.82568359375,26.784767150878906
23.3359375,952.8281860351562,26.795059204101562
23.3515625,952.8286743164062,26.78917694091797
23.3671875,952.832763671875,26.793960571289062
23.3828125,952.8051147460938,26.80608367919922
23.3984375,952.8291015625,26.80608367919922
23.4140625,952.8123779296875,26.785865783691406
23.4296875,952.8192749023438,26.778518676757812
23.4453125,952.81201171875,26.79027557373047
23.4609375,952.802490234375,26.797637939453125
23.4765625,952.8175048828125,26.785507202148438
23.4921875,952.8115234375,26.784034729003906
23.5078125,952.8078002929688,26.780357360839844
23.5234375,952.8026123046875,26.788818359375
23.5390625,952.8226318359375,26.79468536376953
23.5546875,952.8231811523438,26.79027557373047
23.5703125,952.7982788085938,26.798736572265625
23.5859375,952.8181762695312,26.779624938964844
23.6015625,952.7947998046875,26.788818359375
23.6171875,952.8172607421875,26.77484130859375
23.6328125,952.8069458007812,26.779998779296875
23.6484375,952.82177734375,26.79248046875
23.6640625,952.8086547851562,26.788818359375
23.6796875,952.8118286132812,26.788818359375
23.6953125,952.7957763671875,26.79358673095703
23.7109375,952.8034057617188,26.779624938964844
23.7265625,952.8001098632812,26.780357360839844
23.7421875,952.8002319335938,26.781455993652344
23.7578125,952.80029296875,26.785507202148438
23.7734375,952.8079223632812,26.79468536376953
23.7890625,952.8016357421875,26.784767150878906
23.8046875,952.807861328125,26.793228149414062
23.8203125,952.8034057617188,26.781455993652344
23.8359375,952.7919311523438,26.788070678710938
23.8515625,952.7962036132812,26.77484130859375
23.8671875,952.8069458007812,26.785865783691406
23.8828125,952.7958984375,26.79027557373047
23.8984375,952.8114013671875,26.777793884277344
23.9140625,952.8101196289062,26.780357360839844
23.9296875,952.8175659179688,26.79027557373047
23.9453125,952.8203735351562,26.783660888671875
23.9609375,952.8382568359375,26.784767150878906
23.9765625,952.8330078125,26.784034729003906
23.9921875,952.8394165039062,26.787338256835938
24.0078125,952.8356323242188,26.779624938964844
24.0234375,952.821044921875,26.776687622070312
24.0390625,952.8477172851562,26.780357360839844
24.0546875,952.8433227539062,26.780357360839844
24.0703125,952.8731689453125,26.780357360839844
24.0859375,952.8594360351562,26.794326782226562
24.1015625,952.8656005859375,26.782203674316406
24.1171875,952.8338623046875,26.791748046875
24.1328125,952.859375,26.78661346435547
24.1484375,952.8786010742188,26.784767150878906
24.1640625,952.8359375,26.799468994140625
24.1796875,952.8471069335938,26.788818359375
24.1953125,952.84716796875,26.795791625976562
24.2109375,952.8502197265625,26.80608367919922
24.2265625,952.8446655273438,26.793960571289062
24.2421875,952.8446655273438,26.784767150878906
24.2578125,952.8395385742188,26.788818359375
24.2734375,952.8441772460938,26.798736572265625
24.2890625,952.8289794921875,26.798736572265625
24.3046875,952.836669921875,26.793960571289062
24.3203125,952.8391723632812,26.786972045898438
24.3359375,952.8403930664062,26.804977416992188
24.3515625,952.8446044921875,26.799468994140625
24.3671875,952.8471069335938,26.80791473388672
24.3828125,952.8352661132812,26.786239624023438
24.3984375,952.8457641601562,26.795059204101562
24.4140625,952.841796875,26.79027557373047
24.4296875,952.831787109375,26.80535125732422
24.4453125,952.8469848632812,26.795791625976562
24.4609375,952.8448486328125,26.798736572265625
24.4765625,952.8349609375,26.804977416992188
24.4921875,952.8373413085938,26.80791473388672
24.5078125,952.8448486328125,26.798736572265625
24.5234375,952.841552734375,26.80535125732422
24.5390625,952.8535766601562,26.795791625976562
24.5546875,952.8448486328125,26.799468994140625
24.5703125,952.8560180664062,26.80902099609375
24.5859375,952.8508911132812,26.801300048828125
24.6015625,952.8411254882812,26.80718994140625
24.6171875,952.8477783203125,26.810867309570312
24.6328125,952.8433227539062,26.80608367919922
24.6484375,952.8446655273438,26.799468994140625
24.6640625,952.8404541015625,26.798736572265625
24.6796875,952.846923828125,26.80425262451172
24.6953125,952.8372192382812,26.82299041748047
24.7109375,952.8433227539062,26.80902099609375
24.7265625,952.8432006835938,26.80608367919922
24.7421875,952.8505859375,26.793228149414062
24.7578125,952.8416137695312,26.784767150878906
24.7734375,952.8527221679688,26.80608367919922
24.7890625,952.8291015625,26.80718994140625
24.8046875,952.8363647460938,26.7913818359375
24.8203125,952.8390502929688,26.80425262451172
24.8359375,952.8557739257812,26.80535125732422
24.8515625,952.849365234375,26.81049346923828
24.8671875,952.8493041992188,26.793960571289062
24.8828125,952.8284912109375,26.810867309570312
24.8984375,952.8463134765625,26.812698364257812
24.9140625,952.82373046875,26.79468536376953
24.9296875,952.833984375,26.804977416992188
24.9453125,952.8206787109375,26.818580627441406
24.9609375,952.8345947265625,26.816734313964844
24.9765625,952.8206176757812,26.804977416992188
24.9921875,952.8487548828125,26.80791473388672
25.0078125,952.83349609375,26.798736572265625
25.0234375,952.8397216796875,26.800941467285156
25.0390625,952.8267822265625,26.799468994140625
25.0546875,952.8147583007812,26.80608367919922
25.0703125,952.8363037109375,26.799468994140625
25.0859375,952.8248901367188,26.80718994140625
25.1015625,952.8292846679688,26.80902099609375
25.1171875,952.8245849609375,26.79027557373047
25.1328125,952.8388671875,26.800567626953125
25.1484375,952.819580078125,26.802406311035156
25.1640625,952.8329467773438,26.80718994140625
25.1796875,952.8268432617188,26.81011962890625
25.1953125,952.8318481445312,26.80425262451172
25.2109375,952.82421875,26.801300048828125
25.2265625,952.8226318359375,26.793228149414062
25.2421875,952.8248901367188,26.78955078125
25.2578125,952.8118286132812,26.795791625976562
25.2734375,952.8161010742188,26.795791625976562
25.2890625,952.8173217773438,26.79027557373047
25.3046875,952.8185424804688,26.80425262451172
25.3203125,952.809814453125,26.80902099609375
25.3359375,952.8294067382812,26.80535125732422
25.3515625,952.8153076171875,26.81049346923828
25.3671875,952.82177734375,26.799468994140625
25.3828125,952.8021850585938,26.803504943847656
25.3984375,952.8097534179688,26.79468536376953
25.4140625,952.8130493164062,26.80425262451172
25.4296875,952.8175659179688,26.80718994140625
25.4453125,952.7987060546875,26.800567626953125
25.4609375,952.8064575195312,26.80718994140625
25.4765625,952.81005859375,26.80902099609375
25.4921875,952.8131713867188,26.795791625976562
25.5078125,952.7975463867188,26.80535125732422
25.5234375,952.7985229492188,26.802047729492188
25.5390625,952.80419921875,26.80608367919922
25.5546875,952.8076171875,26.799468994140625
25.5703125,952.809326171875,26.79102325439453
25.5859375,952.805419921875,26.788818359375
25.6015625,952.78076171875,26.798736572265625
25.6171875,952.8068237304688,26.798370361328125
25.6328125,952.796630859375,26.800941467285156
25.6484375,952.8095092773438,26.7913818359375
25.6640625,952.7930297851562,26.798736572265625
25.6796875,952.8033447265625,26.795791625976562
25.6953125,952.8016967773438,26.800567626953125
25.7109375,952.7974853515625,26.80866241455078
25.7265625,952.80078125,26.802406311035156
25.7421875,952.8024291992188,26.80718994140625
25.7578125,952.8201904296875,26.801673889160156
25.7734375,952.8262939453125,26.80681610107422
25.7890625,952.8256225585938,26.80425262451172
25.8046875,952.8235473632812,26.799468994140625
25.8203125,952.85302734375,26.80535125732422
25.8359375,952.8338012695312,26.801300048828125
25.8515625,952.8298950195312,26.80535125732422
25.8671875,952.8505249023438,26.799468994140625
25.8828125,952.8428955078125,26.79468536376953
25.8984375,952.83935546875,26.802406311035156
25.9140625,952.8485107421875,26.798736572265625
25.9296875,952.8397216796875,26.798370361328125
25.9453125,952.8276977539062,26.80902099609375
25.9609375,952.8432006835938,26.798736572265625
25.9765625,952.8439331054688,26.802047729492188
25.9921875,952.8310546875,26.797637939453125
26.0078125,952.8658447265625,26.811965942382812
26.0234375,952.870361328125,26.80608367919922
26.0390625,952.8345336914062,26.800201416015625
26.0546875,952.8751220703125,26.804977416992188
26.0703125,952.8487548828125,26.80718994140625
26.0859375,952.872802734375,26.798736572265625
26.1015625,952.8558959960938,26.80718994140625
26.1171875,952.872802734375,26.815635681152344
26.1328125,952.8486328125,26.810867309570312
26.1484375,952.8402709960938,26.818580627441406
26.1640625,952.8441162109375,26.80791473388672
26.1796875,952.8538208007812,26.820045471191406
26.1953125,952.8460693359375,26.82299041748047
26.2109375,952.8397216796875,26.819686889648438
26.2265625,952.8502197265625,26.816375732421875
26.2421875,952.8331298828125,26.817481994628906
26.2578125,952.8458251953125,26.8251953125
26.2734375,952.8375854492188,26.819313049316406
26.2890625,952.8519287109375,26.80791473388672
26.3046875,952.8759155273438,26.837326049804688
26.3203125,952.866943359375,26.833648681640625
26.3359375,952.8455810546875,26.833648681640625
26.3515625,952.8563842773438,26.819686889648438
26.3671875,952.8502197265625,26.833648681640625
26.3828125,952.8516235351562,26.838058471679688
26.3984375,952.843017578125,26.836219787597656
26.4140625,952.8595581054688,26.819686889648438
26.4296875,952.8472290039062,26.80791473388672
26.4453125,952.84130859375,26.838058471679688
26.4609375,952.8538208007812,26.833648681640625
26.4765625,952.8533325195312,26.82555389404297
26.4921875,952.8448486328125,26.829605102539062
26.5078125,952.8314819335938,26.82372283935547
26.5234375,952.8428955078125,26.822616577148438
26.5390625,952.8396606445312,26.82813262939453
26.5546875,952.845703125,26.829605102539062
26.5703125,952.8565673828125,26.830711364746094
26.5859375,952.8471069335938,26.840255737304688
26.6015625,952.8385009765625,26.82996368408203
26.6171875,952.8512573242188,26.837326049804688
26.6328125,952.8405151367188,26.832916259765625
26.6484375,952.8515625,26.833648681640625
26.6640625,952.8438110351562,26.832542419433594
26.6796875,952.8514404296875,26.813430786132812
26.6953125,952.8441772460938,26.8270263671875
26.7109375,952.8574829101562,26.82886505126953
26.7265625,952.8468627929688,26.838783264160156
26.7421875,952.8442993164062,26.836219787597656
26.7578125,952.848876953125,26.84539794921875
26.7734375,952.8723754882812,26.84394073486328
26.7890625,952.8394165039062,26.830711364746094
26.8046875,952.8471069335938,26.84319305419922
26.8203125,952.8458862304688,26.832168579101562
26.8359375,952.8441772460938,26.831436157226562
26.8515625,952.8297729492188,26.836219787597656
26.8671875,952.83154296875,26.836219787597656
26.8828125,952.8380737304688,26.834373474121094
26.8984375,952.8439331054688,26.837326049804688
26.9140625,952.8316040039062,26.833648681640625
26.9296875,952.8390502929688,26.822616577148438
26.9453125,952.8319091796875,26.84356689453125
26.9609375,952.8501586914062,26.853485107421875
26.9765625,952.8410034179688,26.84062957763672
26.9921875,952.83203125,26.84062957763672
27.0078125,952.8348999023438,26.832916259765625
27.0234375,952.8228149414062,26.84062957763672
27.0390625,952.8338012695312,26.83953094482422
27.0546875,952.8366088867188,26.84429931640625
27.0703125,952.83349609375,26.837326049804688
27.0859375,952.8364868164062,26.829238891601562
27.1015625,952.8224487304688,26.836219787597656
27.1171875,952.8130493164062,26.84429931640625
27.1328125,952.8341064453125,26.838783264160156
27.1484375,952.8245849609375,26.850914001464844
27.1640625,952.8180541992188,26.855323791503906
27.1796875,952.8250732421875,26.836578369140625
27.1953125,952.8165893554688,26.849807739257812
27.2109375,952.8173217773438,26.839889526367188
27.2265625,952.8223266601562,26.83953094482422
27.2421875,952.8175048828125,26.846878051757812
27.2578125,952.8206787109375,26.846878051757812
27.2734375,952.817626953125,26.84503936767578
27.2890625,952.8341064453125,26.836219787597656
27.3046875,952.8148193359375,26.83953094482422
27.3203125,952.813232421875,26.846878051757812
27.3359375,952.8140258789062,26.832916259765625
27.3515625,952.7970581054688,26.840988159179688
27.3671875,952.8074951171875,26.840255737304688
27.3828125,952.8103637695312,26.82996368408203
27.3984375,952.7963256835938,26.839889526367188
27.4140625,952.8026123046875,26.82886505126953
27.4296875,952.796630859375,26.832168579101562
27.4453125,952.800537109375,26.82630157470703
27.4609375,952.7844848632812,26.8248291015625
27.4765625,952.7957763671875,26.8248291015625
27.4921875,952.7874145507812,26.819686889648438
27.5078125,952.784423828125,26.819686889648438
27.5234375,952.7808227539062,26.814903259277344
27.5390625,952.7922973632812,26.82555389404297
27.5546875,952.7933959960938,26.8248291015625
27.5703125,952.7843627929688,26.833648681640625
27.5859375,952.7918701171875,26.815277099609375
27.6015625,952.7893676757812,26.820045471191406
27.6171875,952.8119506835938,26.82813262939453
27.6328125,952.8020629882812,26.833648681640625
27.6484375,952.80078125,26.8248291015625
27.6640625,952.8118286132812,26.82740020751953
27.6796875,952.818115234375,26.82996368408203
27.6953125,952.8123779296875,26.830711364746094
27.7109375,952.8291015625,26.840255737304688
27.7265625,952.8390502929688,26.84356689453125
27.7421875,952.8173217773438,26.840988159179688
27.7578125,952.8158569335938,26.82630157470703
27.7734375,952.829345703125,26.820045471191406
27.7890625,952.8412475585938,26.833648681640625
27.8046875,952.8228759765625,26.819686889648438
27.8203125,952.8490600585938,26.817481994628906
27.8359375,952.8368530273438,26.82630157470703
27.8515625,952.8317260742188,26.833648681640625
27.8671875,952.8306884765625,26.820045471191406
27.8828125,952.84912109375,26.82555389404297
27.8984375,952.8173217773438,26.833648681640625
27.9140625,952.8516235351562,26.82630157470703
27.9296875,952.8311767578125,26.82813262939453
27.9453125,952.8433227539062,26.82740020751953
27.9609375,952.8426513671875,26.829605102539062
27.9765625,952.84521484375,26.833648681640625
27.9921875,952.8563842773438,26.820045471191406
28.0078125,952.8406982421875,26.823348999023438
28.0234375,952.839111328125,26.819686889648438
28.0390625,952.8400268554688,26.835479736328125
28.0546875,952.8265991210938,26.819686889648438
28.0703125,952.837646484375,26.831069946289062
28.0859375,952.832763671875,26.834373474121094
28.1015625,952.8361206054688,26.834373474121094
28.1171875,952.82958984375,26.833648681640625
28.1328125,952.8432006835938,26.822616577148438
28.1484375,952.8307495117188,26.836219787597656
28.1640625,952.8284912109375,26.822250366210938
28.1796875,952.8427124023438,26.830337524414062
28.1953125,952.8375854492188,26.840255737304688
28.2109375,952.837890625,26.836219787597656
28.2265625,952.848876953125,26.840255737304688
28.2421875,952.8455810546875,26.832542419433594
28.2578125,952.8299560546875,26.834373474121094
28.2734375,952.8379516601562,26.82630157470703
28.2890625,952.8257446289062,26.825927734375
28.3046875,952.8496704101562,26.833648681640625
28.3203125,952.8336791992188,26.838783264160156
28.3359375,952.8294067382812,26.838424682617188
28.3515625,952.8395385742188,26.837326049804688
28.3671875,952.8244018554688,26.837326049804688
28.3828125,952.8382568359375,26.840255737304688
28.3984375,952.8480224609375,26.833648681640625
28.4140625,952.8486328125,26.834373474121094
28.4296875,952.8463134765625,26.836578369140625
28.4453125,952.8441162109375,26.836952209472656
28.4609375,952.8452758789062,26.832916259765625
28.4765625,952.8270263671875,26.834373474121094
28.4921875,952.82958984375,26.833648681640625
28.5078125,952.8295288085938,26.825927734375
28.5234375,952.8304443359375,26.834373474121094
28.5390625,952.839111328125,26.846878051757812
28.5546875,952.8271484375,26.835479736328125
28.5703125,952.8505859375,26.822250366210938
28.5859375,952.844482421875,26.836952209472656
28.6015625,952.8333129882812,26.840255737304688
28.6171875,952.8157348632812,26.82996368408203
28.6328125,952.8284912109375,26.819686889648438
28.6484375,952.828125,26.82813262939453
28.6640625,952.8355102539062,26.815635681152344
28.6796875,952.8270874023438,26.82189178466797
28.6953125,952.8265380859375,26.816734313964844
28.7109375,952.8194580078125,26.816734313964844
28.7265625,952.8313598632812,26.82630157470703
28.7421875,952.8233642578125,26.835479736328125
28.7578125,952.8111572265625,26.834373474121094
28.7734375,952.83203125,26.833648681640625
28.7890625,952.815673828125,26.830711364746094
28.8046875,952.8123779296875,26.810867309570312
28.8203125,952.8187866210938,26.833648681640625
28.8359375,952.8126831054688,26.82996368408203
28.8515625,952.8153686523438,26.829605102539062
28.8671875,952.803955078125,26.834373474121094
28.8828125,952.8194580078125,26.80866241455078
28.8984375,952.8215942382812,26.82299041748047
28.9140625,952.8158569335938,26.819686889648438
28.9296875,952.811279296875,26.82740020751953
28.9453125,952.8067626953125,26.812698364257812
28.9609375,952.7908325195312,26.819686889648438
28.9765625,952.7993774414062,26.829605102539062
28.9921875,952.8224487304688,26.82555389404297
29.0078125,952.8148803710938,26.815635681152344
29.0234375,952.8134155273438,26.80791473388672
29.0390625,952.8029174804688,26.821144104003906
29.0546875,952.79296875,26.819686889648438
29.0703125,952.7957763671875,26.813430786132812
29.0859375,952.783203125,26.815635681152344
29.1015625,952.815673828125,26.816375732421875
29.1171875,952.79248046875,26.80718994140625
29.1328125,952.7944946289062,26.80902099609375
29.1484375,952.794677734375,26.821517944335938
29.1640625,952.8120727539062,26.818206787109375
29.1796875,952.7837524414062,26.8248291015625
29.1953125,952.8070678710938,26.810867309570312
29.2109375,952.8038940429688,26.816734313964844
29.2265625,952.802734375,26.818580627441406
29.2421875,952.7885131835938,26.814903259277344
29.2578125,952.8072509765625,26.812698364257812
29.2734375,952.7890625,26.80425262451172
29.2890625,952.7919311523438,26.816375732421875
29.3046875,952.7953491210938,26.80976104736328
29.3203125,952.7828979492188,26.833648681640625
29.3359375,952.7827758789062,26.819686889648438
29.3515625,952.7993774414062,26.80866241455078
29.3671875,952.78271484375,26.82299041748047
29.3828125,952.790771484375,26.822250366210938
29.3984375,952.7840576171875,26.833648681640625
29.4140625,952.7852172851562,26.82299041748047
29.4296875,952.80029296875,26.813430786132812
29.4453125,952.776611328125,26.833648681640625
29.4609375,952.794189453125,26.825927734375
29.4765625,952.7778930664062,26.80791473388672
29.4921875,952.7857055664062,26.825927734375
29.5078125,952.8047485351562,26.819686889648438
29.5234375,952.7957763671875,26.82299041748047
29.5390625,952.7925415039062,26.833648681640625
29.5546875,952.8175048828125,26.829605102539062
29.5703125,952.8128662109375,26.82813262939453
29.5859375,952.8104248046875,26.829605102539062
29.6015625,952.8284301757812,26.8270263671875
29.6171875,952.8299560546875,26.830711364746094
29.6328125,952.827392578125,26.810867309570312
29.6484375,952.8200073242188,26.811599731445312
29.6640625,952.8218383789062,26.830711364746094
29.6796875,952.798583984375,26.822616577148438
29.6953125,952.8151245117188,26.833648681640625
29.7109375,952.8091430664062,26.82630157470703
29.7265625,952.83349609375,26.82445526123047
29.7421875,952.8201293945312,26.829238891601562
29.7578125,952.8434448242188,26.836219787597656
29.7734375,952.8507080078125,26.835121154785156
29.7890625,952.8402709960938,26.80902099609375
29.8046875,952.8287963867188,26.82189178466797
29.8203125,952.8348999023438,26.82299041748047
29.8359375,952.8265991210938,26.830711364746094
29.8515625,952.8357543945312,26.834373474121094
29.8671875,952.8433227539062,26.84246826171875
29.8828125,952.8273315429688,26.82299041748047
29.8984375,952.8516845703125,26.82555389404297
29.9140625,952.8316040039062,26.833648681640625
29.9296875,952.8324584960938,26.815635681152344
29.9453125,952.8689575195312,26.84429931640625
29.9609375,952.8412475585938,26.833648681640625
29.9765625,952.837890625,26.832542419433594
29.9921875,952.831787109375,26.832168579101562
30.0078125,952.840576171875,26.84356689453125
30.0234375,952.8382568359375,26.849075317382812
30.0390625,952.84716796875,26.84503936767578
30.0546875,952.87060546875,26.849807739257812
30.0703125,952.857421875,26.853858947753906
30.0859375,952.876220703125,26.834747314453125
30.1015625,952.8582763671875,26.836952209472656
30.1171875,952.8697509765625,26.84503936767578
30.1328125,952.8497314453125,26.84466552734375
30.1484375,952.8466796875,26.846878051757812
30.1640625,952.8642578125,26.846145629882812
30.1796875,952.8856811523438,26.840255737304688
30.1953125,952.8599853515625,26.84394073486328
30.2109375,952.8543701171875,26.851287841796875
30.2265625,952.8658447265625,26.846878051757812
30.2421875,952.8637084960938,26.854217529296875
30.2578125,952.8583984375,26.852760314941406
30.2734375,952.8486328125,26.849807739257812
30.2890625,952.8441772460938,26.850181579589844
30.3046875,952.8532104492188,26.850555419921875
30.3203125,952.8610229492188,26.852012634277344
30.3359375,952.8790893554688,26.850181579589844
30.3515625,952.857421875,26.838783264160156
30.3671875,952.8510131835938,26.847244262695312
30.3828125,952.8756103515625,26.849807739257812
30.3984375,952.8770751953125,26.850555419921875
30.4140625,952.8831176757812,26.856422424316406
30.4296875,952.877685546875,26.849449157714844
30.4453125,952.8501586914062,26.856422424316406
30.4609375,952.9064331054688,26.863037109375
30.4765625,952.882568359375,26.854217529296875
30.4921875,952.8865356445312,26.853858947753906
30.5078125,952.8853149414062,26.8612060546875
30.5234375,952.8770751953125,26.850914001464844
30.5390625,952.8812866210938,26.860107421875
30.5546875,952.8558959960938,26.865615844726562
30.5703125,952.8845825195312,26.86157989501953
30.5859375,952.8901977539062,26.851287841796875
30.6015625,952.8771362304688,26.865615844726562
30.6171875,952.8642578125,26.863037109375
30.6328125,952.8622436523438,26.86157989501953
30.6484375,952.8596801757812,26.85973358154297
30.6640625,952.8427734375,26.876266479492188
30.6796875,952.8480224609375,26.86157989501953
30.6953125,952.8441772460938,26.868553161621094
30.7109375,952.8400268554688,26.88067626953125
30.7265625,952.8424682617188,26.871124267578125
30.7421875,952.83740234375,26.884353637695312
30.7578125,952.8488159179688,26.87957763671875
30.7734375,952.840576171875,26.882156372070312
30.7890625,952.8438110351562,26.867088317871094
30.8046875,952.8423461914062,26.88031768798828
30.8203125,952.8418579101562,26.876266479492188
30.8359375,952.8414916992188,26.875167846679688
30.8515625,952.8281860351562,26.883255004882812
30.8671875,952.8397216796875,26.868553161621094
30.8828125,952.8526611328125,26.87994384765625
30.8984375,952.843017578125,26.884353637695312
30.9140625,952.8296508789062,26.887290954589844
30.9296875,952.8228149414062,26.87774658203125
30.9453125,952.8380126953125,26.884353637695312
30.9609375,952.827880859375,26.884727478027344
30.9765625,952.8441162109375,26.892074584960938
30.9921875,952.8286743164062,26.887290954589844
31.0078125,952.82763671875,26.883255004882812
31.0234375,952.833740234375,26.902366638183594
31.0390625,952.8309326171875,26.89501190185547
31.0546875,952.8223266601562,26.891342163085938
31.0703125,952.8279418945312,26.890243530273438
31.0859375,952.8111572265625,26.87737274169922
31.1015625,952.8236694335938,26.883987426757812
31.1171875,952.8176879882812,26.883628845214844
31.1328125,952.8248291015625,26.883628845214844
31.1484375,952.8063354492188,26.889137268066406
31.1640625,952.8110961914062,26.884353637695312
31.1796875,952.8153076171875,26.883628845214844
31.1953125,952.7908325195312,26.892074584960938
31.2109375,952.8184814453125,26.8953857421875
31.2265625,952.8032836914062,26.884353637695312
31.2421875,952.7991943359375,26.897216796875
31.2578125,952.811279296875,26.881423950195312
31.2734375,952.8186645507812,26.892807006835938
31.2890625,952.8072509765625,26.884353637695312
31.3046875,952.796142578125,26.868194580078125
31.3203125,952.8047485351562,26.87701416015625
31.3359375,952.7901611328125,26.874435424804688
31.3515625,952.80419921875,26.883628845214844
31.3671875,952.8021850585938,26.867446899414062
31.3828125,952.8035888671875,26.884353637695312
31.3984375,952.809326171875,26.881423950195312
31.4140625,952.8013305664062,26.868553161621094
31.4296875,952.79833984375,26.86157989501953
31.4453125,952.791015625,26.8612060546875
31.4609375,952.7969360351562,26.86157989501953
31.4765625,952.7939453125,26.884353637695312
31.4921875,952.810546875,26.868553161621094
31.5078125,952.8162231445312,26.87737274169922
31.5234375,952.8098754882812,26.87847137451172
