# Time (seconds),Pressure,Temp
0.0078125,953.0845947265625,27.736549377441406
0.0234375,953.13232421875,27.740585327148438
0.0390625,953.1405029296875,27.748306274414062
0.0546875,953.1334838867188,27.74536895751953
0.0703125,953.1434326171875,27.735443115234375
0.0859375,953.1322631835938,27.72662353515625
0.1015625,953.1397705078125,27.735816955566406
0.1171875,953.1537475585938,27.738754272460938
0.1328125,953.1493530273438,27.722946166992188
0.1484375,953.1298217773438,27.72552490234375
0.1640625,953.1408081054688,27.737281799316406
0.1796875,953.135986328125,27.749046325683594
0.1953125,953.1378173828125,27.739486694335938
0.2109375,953.1445922851562,27.731765747070312
0.2265625,953.1270751953125,27.737281799316406
0.2421875,953.1408081054688,27.730308532714844
0.2578125,953.1412963867188,27.738754272460938
0.2734375,953.1451416015625,27.734344482421875
0.2890625,953.1393432617188,27.74720001220703
0.3046875,953.1417846679688,27.733245849609375
0.3203125,953.1289672851562,27.731407165527344
0.3359375,953.1329956054688,27.750152587890625
0.3515625,953.1319580078125,27.750152587890625
0.3671875,953.1432495117188,27.734344482421875
0.3828125,953.1393432617188,27.731033325195312
0.3984375,953.1401977539062,27.732513427734375
0.4140625,953.1392211914062,27.743896484375
0.4296875,953.1365966796875,27.738380432128906
0.4453125,953.1265258789062,27.740585327148438
0.4609375,953.1358642578125,27.740585327148438
0.4765625,953.134033203125,27.742431640625
0.4921875,953.1323852539062,27.74095916748047
0.5078125,953.1442260742188,27.743896484375
0.5234375,953.1365966796875,27.738754272460938
0.5390625,953.1295776367188,27.732872009277344
0.5546875,953.135498046875,27.733612060546875
0.5703125,953.1362915039062,27.72662353515625
0.5859375,953.123046875,27.729934692382812
0.6015625,953.141845703125,27.736175537109375
0.6171875,953.133544921875,27.73912811279297
0.6328125,953.1367797851562,27.738754272460938
0.6484375,953.1326293945312,27.746475219726562
0.6640625,953.1500854492188,27.739852905273438
0.6796875,953.1339721679688,27.7442626953125
0.6953125,953.121826171875,27.739852905273438
0.7109375,953.1339721679688,27.738380432128906
0.7265625,953.1295166015625,27.742431640625
0.7421875,953.1329345703125,27.738754272460938
0.7578125,953.1295776367188,27.736549377441406
0.7734375,953.13232421875,27.719284057617188
0.7890625,953.1336669921875,27.732872009277344
0.8046875,953.1385498046875,27.735816955566406
0.8203125,953.1322631835938,27.7413330078125
0.8359375,953.1442260742188,27.732139587402344
0.8515625,953.12890625,27.740585327148438
0.8671875,953.1399536132812,27.731033325195312
0.8828125,953.1300659179688,27.728103637695312
0.8984375,953.1357421875,27.732872009277344
0.9140625,953.1289672851562,27.735443115234375
0.9296875,953.1448364257812,27.739486694335938
0.9453125,953.1385498046875,27.730308532714844
0.9609375,953.1376953125,27.731407165527344
0.9765625,953.1443481445312,27.740585327148438
0.9921875,953.1411743164062,27.735443115234375
1.0078125,953.1388549804688,27.737281799316406
1.0234375,953.135986328125,27.7449951171875
1.0390625,953.134521484375,27.745742797851562
1.0546875,953.1422729492188,27.738754272460938
1.0703125,953.130859375,27.72662353515625
1.0859375,953.1427612304688,27.73912811279297
1.1015625,953.1339111328125,27.734344482421875
1.1171875,953.1435546875,27.742431640625
1.1328125,953.1300048828125,27.733970642089844
1.1484375,953.1356811523438,27.736549377441406
1.1640625,953.14013671875,27.737281799316406
1.1796875,953.1365966796875,27.739852905273438
1.1953125,953.1404418945312,27.72846221923828
1.2109375,953.1172485351562,27.731407165527344
1.2265625,953.135986328125,27.732872009277344
1.2421875,953.1176147460938,27.735443115234375
1.2578125,953.136474609375,27.739852905273438
1.2734375,953.1351318359375,27.740585327148438
1.2890625,953.1364135742188,27.72625732421875
1.3046875,953.135498046875,27.719642639160156
1.3203125,953.1473999023438,27.72772979736328
1.3359375,953.129638671875,27.74720001220703
1.3515625,953.1370239257812,27.735443115234375
1.3671875,953.1281127929688,27.72735595703125
1.3828125,953.1356811523438,27.740585327148438
1.3984375,953.154296875,27.734344482421875
1.4140625,953.1697998046875,27.7420654296875
1.4296875,953.1848754882812,27.735076904296875
1.4453125,953.1560668945312,27.739852905273438
1.4609375,953.161376953125,27.7449951171875
1.4765625,953.1678466796875,27.735443115234375
1.4921875,953.177734375,27.747573852539062
1.5078125,953.212890625,27.7449951171875
1.5234375,953.2103881835938,27.738754272460938
1.5390625,953.2049560546875,27.732872009277344
1.5546875,953.1840209960938,27.740585327148438
1.5703125,953.2075805664062,27.747573852539062
1.5859375,953.280517578125,27.754188537597656
1.6015625,953.2637939453125,27.763381958007812
1.6171875,953.2545776367188,27.765586853027344
1.6328125,953.2816772460938,27.77623748779297
1.6484375,953.2516479492188,27.784324645996094
1.6640625,953.280029296875,27.799392700195312
1.6796875,953.2731323242188,27.80011749267578
1.6953125,953.2958984375,27.8148193359375
1.7109375,953.2584838867188,27.83319091796875
1.7265625,953.2620239257812,27.818130493164062
1.7421875,953.2467651367188,27.840179443359375
1.7578125,953.3242797851562,27.852676391601562
1.7734375,953.2843627929688,27.88024139404297
1.7890625,953.2799072265625,27.873985290527344
1.8046875,953.2643432617188,27.892364501953125
1.8203125,953.2828979492188,27.906700134277344
1.8359375,953.2747192382812,27.925437927246094
1.8515625,953.2939453125,27.933517456054688
1.8671875,953.2958984375,27.947486877441406
1.8828125,953.3141479492188,27.97064208984375
1.8984375,953.312255859375,27.977981567382812
1.9140625,953.320068359375,27.997459411621094
1.9296875,953.3292236328125,28.00775146484375
1.9453125,953.3326416015625,28.011428833007812
1.9609375,953.3005981445312,28.01178741455078
1.9765625,953.2935791015625,28.030899047851562
1.9921875,953.287109375,28.04265594482422
2.0078125,953.2924194335938,28.06214141845703
2.0234375,953.3140258789062,28.081985473632812
2.0390625,953.275390625,28.091163635253906
2.0546875,953.2972412109375,28.105499267578125
2.0703125,953.3165893554688,28.116165161132812
2.0859375,953.3116455078125,28.126815795898438
2.1015625,953.3126831054688,28.140419006347656
2.1171875,953.2854614257812,28.15069580078125
2.1328125,953.2989501953125,28.161361694335938
2.1484375,953.3370971679688,28.177154541015625
2.1640625,953.2967529296875,28.199951171875
2.1796875,953.3283081054688,28.194435119628906
2.1953125,953.322998046875,28.209503173828125
2.2109375,953.305419921875,28.228973388671875
2.2265625,953.3162841796875,28.23668670654297
2.2421875,953.2913208007812,28.23853302001953
2.2578125,953.290283203125,28.266098022460938
2.2734375,953.2972412109375,28.275650024414062
2.2890625,953.2892456054688,28.28924560546875
2.3046875,953.3306274414062,28.29107666015625
2.3203125,953.2662963867188,28.295486450195312
2.3359375,953.270263671875,28.310195922851562
2.3515625,953.2955932617188,28.332977294921875
2.3671875,953.2740478515625,28.334449768066406
2.3828125,953.2741088867188,28.350982666015625
2.3984375,953.265625,28.369354248046875
2.4140625,953.2633666992188,28.38111114501953
2.4296875,953.2680053710938,28.382957458496094
2.4453125,953.2545166015625,28.39691162109375
2.4609375,953.2504272460938,28.401695251464844
2.4765625,953.2688598632812,28.403533935546875
2.4921875,953.24755859375,28.401321411132812
2.5078125,953.2562255859375,28.405006408691406
2.5234375,953.2506713867188,28.41565704345703
2.5390625,953.2744140625,28.41124725341797
2.5546875,953.2673950195312,28.415283203125
2.5703125,953.2504272460938,28.416763305664062
2.5859375,953.244140625,28.4127197265625
2.6015625,953.2573852539062,28.41492462158203
2.6171875,953.2564697265625,28.410873413085938
2.6328125,953.2500610351562,28.41124725341797
2.6484375,953.2380981445312,28.415283203125
2.6640625,953.251708984375,28.401695251464844
2.6796875,953.2407836914062,28.401695251464844
2.6953125,953.2503662109375,28.400222778320312
2.7109375,953.2621459960938,28.391029357910156
2.7265625,953.2504272460938,28.391029357910156
2.7421875,953.273193359375,28.386619567871094
2.7578125,953.2470092773438,28.371559143066406
2.7734375,953.25927734375,28.35980224609375
2.7890625,953.2473754882812,28.368621826171875
2.8046875,953.2637939453125,28.357955932617188
2.8203125,953.2471923828125,28.345474243164062
2.8359375,953.2567138671875,28.349884033203125
2.8515625,953.2463989257812,28.321945190429688
2.8671875,953.263427734375,28.32635498046875
2.8828125,953.270263671875,28.32342529296875
2.8984375,953.2360229492188,28.314231872558594
2.9140625,953.24169921875,28.299896240234375
2.9296875,953.2413940429688,28.298797607421875
2.9453125,953.2562866210938,28.29218292236328
2.9609375,953.2621459960938,28.286666870117188
2.9765625,953.2550659179688,28.28594207763672
2.9921875,953.239990234375,28.266830444335938
3.0078125,953.244140625,28.25653076171875
3.0234375,953.2424926757812,28.25579833984375
3.0390625,953.23046875,28.246253967285156
3.0546875,953.2486572265625,28.23999786376953
3.0703125,953.2570190429688,28.226036071777344
3.0859375,953.2525634765625,28.222000122070312
3.1015625,953.2504272460938,28.208770751953125
3.1171875,953.2479248046875,28.210975646972656
3.1328125,953.24755859375,28.20030975341797
3.1484375,953.2542724609375,28.19884490966797
3.1640625,953.2540893554688,28.195541381835938
3.1796875,953.2435913085938,28.18708038330078
3.1953125,953.25,28.1683349609375
3.2109375,953.2504272460938,28.172744750976562
3.2265625,953.2438354492188,28.163925170898438
3.2421875,953.2506713867188,28.154373168945312
3.2578125,953.252685546875,28.154373168945312
3.2734375,953.2455444335938,28.14886474609375
3.2890625,953.2413940429688,28.13526153564453
3.3046875,953.247802734375,28.126083374023438
3.3203125,953.2439575195312,28.11541748046875
3.3359375,953.2531127929688,28.11579132080078
3.3515625,953.2525024414062,28.108078002929688
3.3671875,953.2409057617188,28.103294372558594
3.3828125,953.251220703125,28.09447479248047
3.3984375,953.2144165039062,28.090805053710938
3.4140625,953.2326049804688,28.069114685058594
3.4296875,953.2567749023438,28.07978057861328
3.4453125,953.2363891601562,28.069862365722656
3.4609375,953.2634887695312,28.074630737304688
3.4765625,953.2448120117188,28.066551208496094
3.4921875,953.2440185546875,28.048912048339844
3.5078125,953.2391967773438,28.056991577148438
3.5234375,953.2466430664062,28.0599365234375
3.5390625,953.2517700195312,28.0614013671875
3.5546875,953.2386474609375,28.04523468017578
3.5703125,953.237060546875,28.050018310546875
3.5859375,953.2645263671875,28.031272888183594
3.6015625,953.2357788085938,28.031272888183594
3.6171875,953.2650756835938,28.02576446533203
3.6328125,953.2410888671875,28.00995635986328
3.6484375,953.289794921875,28.017303466796875
3.6640625,953.297607421875,28.004440307617188
3.6796875,953.2778930664062,28.00848388671875
3.6953125,953.274658203125,28.00592041015625
3.7109375,953.315673828125,27.986434936523438
3.7265625,953.2682495117188,27.995994567871094
3.7421875,953.3182373046875,27.9901123046875
3.7578125,953.2854614257812,27.96843719482422
3.7734375,953.2832641601562,27.96953582763672
3.7890625,953.2667236328125,27.967330932617188
3.8046875,953.2550659179688,27.959243774414062
3.8203125,953.3140258789062,27.951522827148438
3.8359375,953.2910766601562,27.961822509765625
3.8515625,953.260498046875,27.961074829101562
3.8671875,953.2866821289062,27.951156616210938
3.8828125,953.2882080078125,27.95189666748047
3.8984375,953.2911987304688,27.9530029296875
3.9140625,953.3020629882812,27.942337036132812
3.9296875,953.2621459960938,27.93829345703125
3.9453125,953.2766723632812,27.94013214111328
3.9609375,953.2960205078125,27.946014404296875
3.9765625,953.3341674804688,27.945640563964844
3.9921875,953.4071044921875,27.944183349609375
4.0078125,953.3197631835938,27.943809509277344
4.0234375,953.279052734375,27.932785034179688
4.0390625,953.306640625,27.9566650390625
4.0546875,953.3251342773438,27.93902587890625
4.0703125,953.3257446289062,27.94013214111328
4.0859375,953.3348388671875,27.939773559570312
4.1015625,953.3384399414062,27.943809509277344
4.1171875,953.2682495117188,27.943435668945312
4.1328125,953.303466796875,27.942337036132812
4.1484375,953.3159790039062,27.946746826171875
4.1640625,953.2799682617188,27.933517456054688
4.1796875,953.3019409179688,27.93609619140625
4.1953125,953.2871704101562,27.940872192382812
4.2109375,953.2824096679688,27.93498992919922
4.2265625,953.3056030273438,27.940872192382812
4.2421875,953.2852783203125,27.942337036132812
4.2578125,953.3212890625,27.93609619140625
4.2734375,953.2716674804688,27.93866729736328
4.2890625,953.2933959960938,27.95520782470703
4.3046875,953.2891235351562,27.93682098388672
4.3203125,953.3004760742188,27.946014404296875
4.3359375,953.3067016601562,27.94013214111328
4.3515625,953.2745361328125,27.946014404296875
4.3671875,953.2876586914062,27.940505981445312
4.3828125,953.2620239257812,27.93792724609375
4.3984375,953.2886352539062,27.945640563964844
4.4140625,953.2720336914062,27.949325561523438
4.4296875,953.2868041992188,27.942337036132812
4.4453125,953.3159790039062,27.952255249023438
4.4609375,953.2726440429688,27.95703887939453
4.4765625,953.3323364257812,27.952255249023438
4.4921875,953.3008422851562,27.945640563964844
4.5078125,953.2780151367188,27.949325561523438
4.5234375,953.2664794921875,27.949325561523438
4.5390625,953.2772216796875,27.949325561523438
4.5546875,953.2754516601562,27.968063354492188
4.5703125,953.2479248046875,27.958511352539062
4.5859375,953.2578125,27.949325561523438
4.6015625,953.2556762695312,27.948951721191406
4.6171875,953.237060546875,27.957412719726562
4.6328125,953.2469482421875,27.961074829101562
4.6484375,953.2317504882812,27.982025146484375
4.6640625,953.2470092773438,27.959243774414062
4.6796875,953.264404296875,27.962181091308594
4.6953125,953.233642578125,27.97209930419922
4.7109375,953.2560424804688,27.97541046142578
4.7265625,953.2384643554688,27.97209930419922
4.7421875,953.2626953125,27.977981567382812
4.7578125,953.239990234375,27.982025146484375
4.7734375,953.2463989257812,27.97209930419922
4.7890625,953.2567138671875,27.964027404785156
4.8046875,953.2374267578125,27.979087829589844
4.8203125,953.2388916015625,27.979087829589844
4.8359375,953.2364501953125,27.97209930419922
4.8515625,953.2316284179688,27.980194091796875
4.8671875,953.2389526367188,27.968063354492188
4.8828125,953.228271484375,27.97650909423828
4.8984375,953.2386474609375,27.97394561767578
4.9140625,953.22998046875,27.964027404785156
4.9296875,953.2266235351562,27.97430419921875
4.9453125,953.2593383789062,27.96953582763672
4.9609375,953.238037109375,27.965484619140625
4.9765625,953.2381591796875,27.97394561767578
4.9921875,953.2348022460938,27.97430419921875
5.0078125,953.2450561523438,27.97430419921875
5.0234375,953.2384033203125,27.97247314453125
5.0390625,953.2286987304688,27.949325561523438
5.0546875,953.2072143554688,27.961074829101562
5.0703125,953.226318359375,27.959617614746094
5.0859375,953.2357788085938,27.962554931640625
5.1015625,953.2355346679688,27.961074829101562
5.1171875,953.2066040039062,27.946014404296875
5.1328125,953.235595703125,27.947486877441406
5.1484375,953.2357788085938,27.940505981445312
5.1640625,953.2255249023438,27.949325561523438
5.1796875,953.2216186523438,27.943435668945312
5.1953125,953.2048950195312,27.945640563964844
5.2109375,953.206298828125,27.940872192382812
5.2265625,953.2291870117188,27.93609619140625
5.2421875,953.1975708007812,27.93939971923828
5.2578125,953.2296752929688,27.942337036132812
5.2734375,953.2208862304688,27.944183349609375
5.2890625,953.231201171875,27.933517456054688
5.3046875,953.230224609375,27.93646240234375
5.3203125,953.202392578125,27.926544189453125
5.3359375,953.2294311523438,27.930206298828125
5.3515625,953.20654296875,27.93792724609375
5.3671875,953.2174682617188,27.934616088867188
5.3828125,953.2315673828125,27.923965454101562
5.3984375,953.2101440429688,27.929847717285156
5.4140625,953.216064453125,27.930953979492188
5.4296875,953.204833984375,27.926544189453125
5.4453125,953.201904296875,27.914047241210938
5.4609375,953.2188110351562,27.914772033691406
5.4765625,953.2091674804688,27.914772033691406
5.4921875,953.2252807617188,27.91551971435547
5.5078125,953.220703125,27.913314819335938
5.5234375,953.2138671875,27.915145874023438
5.5390625,953.2247924804688,27.913314819335938
5.5546875,953.2037353515625,27.915878295898438
5.5703125,953.2296752929688,27.914772033691406
5.5859375,953.2647705078125,27.910003662109375
5.6015625,953.2481689453125,27.905593872070312
5.6171875,953.3655395507812,27.908531188964844
5.6328125,953.396240234375,27.913673400878906
5.6484375,953.372802734375,27.913673400878906
5.6640625,953.2933349609375,27.912208557128906
5.6796875,953.3870239257812,27.914047241210938
5.6953125,953.37060546875,27.931312561035156
5.7109375,953.5084838867188,27.92249298095703
5.7265625,953.4609985351562,27.925437927246094
5.7421875,953.5132446289062,27.926544189453125
5.7578125,953.4046020507812,27.929847717285156
5.7734375,953.3756713867188,27.94123077392578
5.7890625,953.3988647460938,27.93682098388672
5.8046875,953.426513671875,27.934616088867188
5.8203125,953.3868408203125,27.949325561523438
5.8359375,953.3423461914062,27.9537353515625
5.8515625,953.37451171875,27.958145141601562
5.8671875,953.4125366210938,27.97247314453125
5.8828125,953.3422241210938,27.97209930419922
5.8984375,953.3189086914062,27.99231719970703
5.9140625,953.423095703125,27.998199462890625
5.9296875,953.2933959960938,28.00922393798828
5.9453125,953.3577880859375,28.00922393798828
5.9609375,953.3458251953125,28.020248413085938
5.9765625,953.2835693359375,28.031272888183594
5.9921875,953.293701171875,28.04302978515625
6.0078125,953.2894897460938,28.0614013671875
6.0234375,953.2481689453125,28.065452575683594
6.0390625,953.2833251953125,28.06214141845703
6.0546875,953.2943725585938,28.080886840820312
6.0703125,953.2501220703125,28.07757568359375
6.0859375,953.2742919921875,28.083450317382812
6.1015625,953.294677734375,28.09521484375
6.1171875,953.2671508789062,28.08234405517578
6.1328125,953.2766723632812,28.091163635253906
6.1484375,953.3092041015625,28.103668212890625
6.1640625,953.2684936523438,28.107345581054688
6.1796875,953.3388671875,28.103668212890625
6.1953125,953.318115234375,28.108802795410156
6.2109375,953.235595703125,28.116165161132812
6.2265625,953.3045043945312,28.123504638671875
6.2421875,953.33154296875,28.123138427734375
6.2578125,953.2765502929688,28.134536743164062
6.2734375,953.2680053710938,28.13343048095703
6.2890625,953.2446899414062,28.125343322753906
6.3046875,953.2677612304688,28.13343048095703
6.3203125,953.232177734375,28.143722534179688
6.3359375,953.2791137695312,28.13416290283203
6.3515625,953.2799682617188,28.14665985107422
6.3671875,953.2872314453125,28.144454956054688
6.3828125,953.2487182617188,28.161361694335938
6.3984375,953.2713012695312,28.153648376464844
6.4140625,953.2950439453125,28.155479431152344
6.4296875,953.2946166992188,28.1654052734375
6.4453125,953.2508544921875,28.154373168945312
6.4609375,953.2275390625,28.158058166503906
6.4765625,953.3009033203125,28.179000854492188
6.4921875,953.2874755859375,28.167236328125
6.5078125,953.2821044921875,28.176422119140625
6.5234375,953.2794189453125,28.17053985595703
6.5390625,953.275146484375,28.176055908203125
6.5546875,953.2595825195312,28.18193817138672
6.5703125,953.285888671875,28.18561553955078
6.5859375,953.298828125,28.18376922607422
6.6015625,953.3112182617188,28.188926696777344
6.6171875,953.2860107421875,28.191864013671875
6.6328125,953.27734375,28.18193817138672
6.6484375,953.2835083007812,28.196640014648438
6.6640625,953.2843627929688,28.192230224609375
6.6796875,953.2576904296875,28.207664489746094
6.6953125,953.2579956054688,28.20398712158203
6.7109375,953.2755737304688,28.19774627685547
6.7265625,953.2498168945312,28.20325469970703
6.7421875,953.2688598632812,28.192962646484375
6.7578125,953.2505493164062,28.20140838623047
6.7734375,953.260986328125,28.20581817626953
6.7890625,953.253662109375,28.191490173339844
6.8046875,953.2671508789062,28.195541381835938
6.8203125,953.2508544921875,28.194793701171875
6.8359375,953.253662109375,28.202880859375
6.8515625,953.2610473632812,28.198471069335938
6.8671875,953.2540283203125,28.196998596191406
6.8828125,953.2509765625,28.208396911621094
6.8984375,953.26171875,28.198471069335938
6.9140625,953.23193359375,28.20581817626953
6.9296875,953.2255249023438,28.191131591796875
6.9453125,953.2503662109375,28.198471069335938
6.9609375,953.248046875,28.192962646484375
6.9765625,953.2457885742188,28.18487548828125
6.9921875,953.255126953125,28.187454223632812
7.0078125,953.2529296875,28.190757751464844
7.0234375,953.2353515625,28.18267059326172
7.0390625,953.2357788085938,28.194793701171875
7.0546875,953.2434692382812,28.18561553955078
7.0703125,953.2444458007812,28.173118591308594
7.0859375,953.2395629882812,28.176055908203125
7.1015625,953.309814453125,28.072067260742188
7.1171875,953.3521118164062,28.07793426513672
7.1328125,953.3204345703125,28.073898315429688
7.1484375,953.42578125,28.071319580078125
7.1640625,953.2719116210938,28.082717895507812
7.1796875,953.308349609375,28.091537475585938
7.1953125,953.3056640625,28.093368530273438
7.2109375,953.2711791992188,28.083450317382812
7.2265625,953.2803955078125,28.085655212402344
7.2421875,953.2799072265625,28.098526000976562
7.2578125,953.3374633789062,28.09447479248047
7.2734375,953.271240234375,28.100357055664062
7.2890625,953.3638916015625,28.0966796875
7.3046875,953.2894287109375,28.089332580566406
7.3203125,953.3209228515625,28.0941162109375
7.3359375,953.308349609375,28.110275268554688
7.3515625,953.3565673828125,28.108802795410156
7.3671875,953.29833984375,28.108444213867188
7.3828125,953.272705078125,28.11358642578125
7.3984375,953.3502807617188,28.118728637695312
7.4140625,953.3692626953125,28.116897583007812
7.4296875,953.4002075195312,28.106971740722656
7.4453125,953.3298950195312,28.126083374023438
7.4609375,953.3084716796875,28.13416290283203
7.4765625,953.28125,28.136009216308594
7.4921875,953.31005859375,28.134536743164062
7.5078125,953.3182373046875,28.140777587890625
7.5234375,953.28662109375,28.142623901367188
7.5390625,953.2849731445312,28.141517639160156
7.5546875,953.2861328125,28.140045166015625
7.5703125,953.2757568359375,28.134536743164062
7.5859375,953.28125,28.14813232421875
7.6015625,953.2999267578125,28.142623901367188
7.6171875,953.322021484375,28.140419006347656
7.6328125,953.3069458007812,28.15180206298828
7.6484375,953.2918701171875,28.155105590820312
7.6640625,953.3071899414062,28.162826538085938
7.6796875,953.264892578125,28.174591064453125
7.6953125,953.2738647460938,28.172386169433594
7.7109375,953.2789916992188,28.16356658935547
7.7265625,953.248779296875,28.16650390625
7.7421875,953.2521362304688,28.160995483398438
7.7578125,953.2444458007812,28.179733276367188
7.7734375,953.2516479492188,28.176422119140625
7.7890625,953.265625,28.173492431640625
7.8046875,953.2486572265625,28.175323486328125
7.8203125,953.2584228515625,28.179733276367188
7.8359375,953.248046875,28.187454223632812
7.8515625,953.2362060546875,28.193695068359375
7.8671875,953.245849609375,28.172012329101562
7.8828125,953.2508544921875,28.18634796142578
7.8984375,953.2205810546875,28.175323486328125
7.9140625,953.2464599609375,28.175697326660156
7.9296875,953.2356567382812,28.170181274414062
7.9453125,953.236328125,28.171287536621094
7.9609375,953.2335205078125,28.175323486328125
7.9765625,953.2266845703125,28.16356658935547
7.9921875,953.2159423828125,28.16687774658203
8.0078125,953.2132568359375,28.163192749023438
8.0234375,953.2247924804688,28.163925170898438
8.0390625,953.2100830078125,28.158416748046875
8.0546875,953.2142944335938,28.153274536132812
8.0703125,953.2179565429688,28.17053985595703
8.0859375,953.2100830078125,28.160263061523438
8.1015625,953.2145385742188,28.139671325683594
8.1171875,953.2166137695312,28.15106964111328
8.1328125,953.2313842773438,28.152542114257812
8.1484375,953.2130737304688,28.14996337890625
8.1640625,953.2020263671875,28.154373168945312
8.1796875,953.218017578125,28.156211853027344
8.1953125,953.2163696289062,28.143722534179688
8.2109375,953.2073974609375,28.141517639160156
8.2265625,953.2233276367188,28.141517639160156
8.2421875,953.207763671875,28.13416290283203
8.2578125,953.2119140625,28.137840270996094
8.2734375,953.2176513671875,28.140777587890625
8.2890625,953.1945190429688,28.118728637695312
8.3046875,953.2073364257812,28.11431884765625
8.3203125,953.2044067382812,28.116165161132812
8.3359375,953.2112426757812,28.13416290283203
8.3515625,953.2202758789062,28.126083374023438
8.3671875,953.208740234375,28.116165161132812
8.3828125,953.2112426757812,28.105499267578125
8.3984375,953.210205078125,28.11541748046875
8.4140625,953.21240234375,28.0966796875
8.4296875,953.2021484375,28.11248779296875
8.4453125,953.2108154296875,28.11431884765625
8.4609375,953.2037963867188,28.116897583007812
8.4765625,953.1939697265625,28.11175537109375
8.4921875,953.196533203125,28.118370056152344
8.5078125,953.2061767578125,28.106597900390625
8.5234375,953.1978149414062,28.117996215820312
8.5390625,953.2048950195312,28.09741973876953
8.5546875,953.2052001953125,28.087501525878906
8.5703125,953.1940307617188,28.09888458251953
8.5859375,953.2042236328125,28.09300994873047
8.6015625,953.204833984375,28.0977783203125
8.6171875,953.1920776367188,28.086029052734375
8.6328125,953.210693359375,28.08124542236328
8.6484375,953.201171875,28.09447479248047
8.6640625,953.2024536132812,28.0966796875
8.6796875,953.197998046875,28.08234405517578
8.6953125,953.1905517578125,28.08234405517578
8.7109375,953.1953735351562,28.090805053710938
8.7265625,953.1920166015625,28.087127685546875
8.7421875,953.2030029296875,28.07940673828125
8.7578125,953.190185546875,28.07940673828125
8.7734375,953.1837158203125,28.08013916015625
8.7890625,953.1962890625,28.084190368652344
8.8046875,953.200927734375,28.069114685058594
8.8203125,953.2084350585938,28.081619262695312
8.8359375,953.2999267578125,28.08234405517578
8.8515625,953.2814331054688,28.07537078857422
8.8671875,953.178466796875,28.07978057861328
8.8828125,953.2303466796875,28.090065002441406
8.8984375,953.2821655273438,28.07978057861328
8.9140625,953.2758178710938,28.086029052734375
8.9296875,953.322998046875,28.08124542236328
8.9453125,953.2484130859375,28.081619262695312
8.9609375,953.3046875,28.07978057861328
8.9765625,953.3343505859375,28.08124542236328
8.9921875,953.3176879882812,28.074630737304688
9.0078125,953.274658203125,28.098526000976562
9.0234375,953.3350830078125,28.0966796875
9.0390625,953.25,28.08124542236328
9.0546875,953.2693481445312,28.093368530273438
9.0703125,953.30224609375,28.091537475585938
9.0859375,953.3862915039062,28.102188110351562
9.1015625,953.24755859375,28.09557342529297
9.1171875,953.27490234375,28.091163635253906
9.1328125,953.2955322265625,28.0941162109375
9.1484375,953.37646484375,28.102188110351562
9.1640625,953.322265625,28.0970458984375
9.1796875,953.3247680664062,28.11175537109375
9.1953125,953.2777709960938,28.0977783203125
9.2109375,953.2703857421875,28.11358642578125
9.2265625,953.3173828125,28.116165161132812
9.2421875,953.3289794921875,28.123504638671875
9.2578125,953.2819213867188,28.120574951171875
9.2734375,953.3048706054688,28.118728637695312
9.2890625,953.3363647460938,28.127548217773438
9.3046875,953.331298828125,28.126083374023438
9.3203125,953.3389892578125,28.126815795898438
9.3359375,953.2487182617188,28.14813232421875
9.3515625,953.2891235351562,28.144081115722656
9.3671875,953.3162231445312,28.143722534179688
9.3828125,953.2994995117188,28.152542114257812
9.3984375,953.2919311523438,28.14813232421875
9.4140625,953.3016967773438,28.155105590820312
9.4296875,953.3310546875,28.151443481445312
9.4453125,953.2882690429688,28.155479431152344
9.4609375,953.2921752929688,28.161720275878906
9.4765625,953.3095703125,28.173851013183594
9.4921875,953.3317260742188,28.173492431640625
9.5078125,953.307861328125,28.171646118164062
9.5234375,953.333251953125,28.161720275878906
9.5390625,953.306640625,28.178260803222656
9.5546875,953.3931274414062,28.16687774658203
9.5703125,953.3161010742188,28.175697326660156
9.5859375,953.3104248046875,28.1676025390625
9.6015625,953.3412475585938,28.177154541015625
9.6171875,953.3733520507812,28.18304443359375
9.6328125,953.4019165039062,28.194793701171875
9.6484375,953.2853393554688,28.179733276367188
9.6640625,953.364013671875,28.190025329589844
9.6796875,953.3087768554688,28.172012329101562
9.6953125,953.3237915039062,28.192230224609375
9.7109375,953.2922973632812,28.194061279296875
9.7265625,953.3529663085938,28.197372436523438
9.7421875,953.340576171875,28.19774627685547
9.7578125,953.2802734375,28.20398712158203
9.7734375,953.3006591796875,28.212074279785156
9.7890625,953.2853393554688,28.206192016601562
9.8046875,953.2805786132812,28.192962646484375
9.8203125,953.251708984375,28.20215606689453
9.8359375,953.2610473632812,28.2025146484375
9.8515625,953.2437133789062,28.195167541503906
9.8671875,953.2369995117188,28.206192016601562
9.8828125,953.2548217773438,28.213912963867188
9.8984375,953.2478637695312,28.20325469970703
9.9140625,953.240234375,28.18597412109375
9.9296875,953.222412109375,28.206192016601562
9.9453125,953.251220703125,28.206192016601562
9.9609375,953.2434692382812,28.207664489746094
9.9765625,953.2490234375,28.20325469970703
9.9921875,953.2426147460938,28.208396911621094
10.0078125,953.2431640625,28.206565856933594
10.0234375,953.2406005859375,28.204360961914062
10.0390625,953.23193359375,28.2025146484375
10.0546875,953.2257690429688,28.20398712158203
10.0703125,953.2277221679688,28.20215606689453
10.0859375,953.2210083007812,28.20361328125
10.1015625,953.2318725585938,28.198471069335938
10.1171875,953.2288818359375,28.214637756347656
10.1328125,953.2305908203125,28.197372436523438
10.1484375,953.220458984375,28.190757751464844
10.1640625,953.2318725585938,28.206565856933594
10.1796875,953.23583984375,28.189285278320312
10.1953125,953.239990234375,28.18376922607422
10.2109375,953.2227783203125,28.194435119628906
10.2265625,953.2178955078125,28.2025146484375
10.2421875,953.2293701171875,28.18561553955078
10.2578125,953.2163696289062,28.20471954345703
10.2734375,953.2294921875,28.18817901611328
10.2890625,953.2291870117188,28.195899963378906
10.3046875,953.2244873046875,28.18708038330078
10.3203125,953.2152709960938,28.18010711669922
10.3359375,953.2218017578125,28.190025329589844
10.3515625,953.21435546875,28.179000854492188
10.3671875,953.2109375,28.18817901611328
10.3828125,953.2117919921875,28.180831909179688
10.3984375,953.2200317382812,28.18267059326172
10.4140625,953.213623046875,28.17053985595703
10.4296875,953.2022705078125,28.18451690673828
10.4453125,953.220458984375,28.179000854492188
10.4609375,953.2157592773438,28.172386169433594
10.4765625,953.210205078125,28.173492431640625
10.4921875,953.2073974609375,28.172386169433594
10.5078125,953.2114868164062,28.16246795654297
10.5234375,953.2091674804688,28.156211853027344
10.5390625,953.2176513671875,28.16687774658203
10.5546875,953.201904296875,28.163925170898438
10.5703125,953.2076416015625,28.15069580078125
10.5859375,953.1973266601562,28.151443481445312
10.6015625,953.2034301757812,28.153274536132812
10.6171875,953.2077026367188,28.158416748046875
10.6328125,953.208251953125,28.14886474609375
10.6484375,953.2072143554688,28.14813232421875
10.6640625,953.2000732421875,28.153648376464844
10.6796875,953.1975708007812,28.15069580078125
10.6953125,953.2135009765625,28.140777587890625
10.7109375,953.2113037109375,28.155105590820312
10.7265625,953.2180786132812,28.144454956054688
10.7421875,953.2074584960938,28.139671325683594
10.7578125,953.2022705078125,28.152542114257812
10.7734375,953.2118530273438,28.141517639160156
10.7890625,953.2095947265625,28.144454956054688
10.8046875,953.2026977539062,28.143722534179688
10.8203125,953.20263671875,28.144454956054688
10.8359375,953.1954956054688,28.14886474609375
10.8515625,953.1869506835938,28.15069580078125
10.8671875,953.2003173828125,28.12718963623047
10.8828125,953.2159423828125,28.140419006347656
10.8984375,953.2190551757812,28.124237060546875
10.9140625,953.2090454101562,28.130126953125
10.9296875,953.1982421875,28.140777587890625
10.9453125,953.2550048828125,28.13343048095703
10.9609375,953.2386474609375,28.12718963623047
10.9765625,953.2864379882812,28.136009216308594
10.9921875,953.2174072265625,28.123878479003906
11.0078125,953.3243408203125,28.126815795898438
11.0234375,953.2487182617188,28.144454956054688
11.0390625,953.3550415039062,28.13526153564453
11.0546875,953.2705078125,28.14776611328125
11.0703125,953.2999267578125,28.141876220703125
11.0859375,953.2628173828125,28.143722534179688
11.1015625,953.2564086914062,28.153648376464844
11.1171875,953.3733520507812,28.142623901367188
11.1328125,953.369873046875,28.14849090576172
11.1484375,953.2802124023438,28.140777587890625
11.1640625,953.3195190429688,28.142250061035156
11.1796875,953.3309936523438,28.151443481445312
11.1953125,953.41796875,28.163192749023438
11.2109375,953.3683471679688,28.161720275878906
11.2265625,953.3185424804688,28.169082641601562
11.2421875,953.3408203125,28.159515380859375
11.2578125,953.3148193359375,28.16687774658203
11.2734375,953.2969970703125,28.1676025390625
11.2890625,953.3645629882812,28.16650390625
11.3046875,953.337646484375,28.175323486328125
11.3203125,953.3319091796875,28.171287536621094
11.3359375,953.311767578125,28.172012329101562
11.3515625,953.3751831054688,28.18193817138672
11.3671875,953.3014526367188,28.18634796142578
11.3828125,953.2720336914062,28.204360961914062
11.3984375,953.3048706054688,28.192962646484375
11.4140625,953.4537353515625,28.192962646484375
11.4296875,953.3150634765625,28.195899963378906
11.4453125,953.2651977539062,28.20030975341797
11.4609375,953.3349609375,28.191864013671875
11.4765625,953.2713012695312,28.206924438476562
11.4921875,953.3087158203125,28.207664489746094
11.5078125,953.290283203125,28.214637756347656
11.5234375,953.3477172851562,28.206924438476562
11.5390625,953.282470703125,28.20325469970703
11.5546875,953.289794921875,28.213180541992188
11.5703125,953.3594970703125,28.213180541992188
11.5859375,953.3225708007812,28.225303649902344
11.6015625,953.3224487304688,28.231918334960938
11.6171875,953.295654296875,28.225662231445312
11.6328125,953.3709106445312,28.227142333984375
11.6484375,953.3078002929688,28.241844177246094
11.6640625,953.3229370117188,28.248085021972656
11.6796875,953.3463134765625,28.241844177246094
11.6953125,953.2810668945312,28.25579833984375
11.7109375,953.2919921875,28.25579833984375
11.7265625,953.3471069335938,28.248085021972656
11.7421875,953.2889404296875,28.25322723388672
11.7578125,953.3056030273438,28.266098022460938
11.7734375,953.2721557617188,28.259483337402344
11.7890625,953.2583618164062,28.262420654296875
11.8046875,953.2681884765625,28.2723388671875
11.8203125,953.275146484375,28.276748657226562
11.8359375,953.2606811523438,28.267929077148438
11.8515625,953.2609252929688,28.274169921875
11.8671875,953.2681884765625,28.267929077148438
11.8828125,953.2609252929688,28.27454376220703
11.8984375,953.2508544921875,28.276748657226562
11.9140625,953.2606811523438,28.28924560546875
11.9296875,953.2326049804688,28.274169921875
11.9453125,953.2562255859375,28.280059814453125
11.9609375,953.2244873046875,28.278579711914062
11.9765625,953.2339477539062,28.274917602539062
11.9921875,953.247314453125,28.2716064453125
12.0078125,953.227783203125,28.283363342285156
12.0234375,953.2319946289062,28.276748657226562
12.0390625,953.2366943359375,28.274169921875
12.0546875,953.2251586914062,28.274917602539062
12.0703125,953.220458984375,28.258377075195312
12.0859375,953.2348022460938,28.263145446777344
12.1015625,953.2300415039062,28.269760131835938
12.1171875,953.2151489257812,28.258010864257812
12.1328125,953.2348022460938,28.266098022460938
12.1484375,953.2272338867188,28.266098022460938
12.1640625,953.2321166992188,28.262420654296875
12.1796875,953.234130859375,28.259109497070312
12.1953125,953.2283935546875,28.266098022460938
12.2109375,953.2344970703125,28.266098022460938
12.2265625,953.2314453125,28.25286865234375
12.2421875,953.2271728515625,28.258010864257812
12.2578125,953.2252807617188,28.251388549804688
12.2734375,953.2133178710938,28.247352600097656
12.2890625,953.2098999023438,28.257278442382812
12.3046875,953.2138671875,28.232650756835938
12.3203125,953.225830078125,28.226036071777344
12.3359375,953.2232666015625,28.23999786376953
12.3515625,953.2193603515625,28.244781494140625
12.3671875,953.2036743164062,28.24109649658203
12.3828125,953.2169799804688,28.23302459716797
12.3984375,953.2174682617188,28.22015380859375
12.4140625,953.215576171875,28.22089385986328
12.4296875,953.1983642578125,28.213912963867188
12.4453125,953.2137451171875,28.214279174804688
12.4609375,953.2030029296875,28.20398712158203
12.4765625,953.1978759765625,28.20325469970703
12.4921875,953.1971435546875,28.19884490966797
12.5078125,953.1996459960938,28.20325469970703
12.5234375,953.2025756835938,28.20325469970703
12.5390625,953.2139892578125,28.198104858398438
12.5546875,953.1965942382812,28.18487548828125
12.5703125,953.2054443359375,28.212074279785156
12.5859375,953.1992797851562,28.205459594726562
12.6015625,953.19140625,28.20325469970703
12.6171875,953.2055053710938,28.19957733154297
12.6328125,953.20703125,28.208396911621094
12.6484375,953.180419921875,28.21904754638672
12.6640625,953.1915283203125,28.19774627685547
12.6796875,953.1918334960938,28.20398712158203
12.6953125,953.197265625,28.20325469970703
12.7109375,953.2044067382812,28.206924438476562
12.7265625,953.2017211914062,28.18597412109375
12.7421875,953.2026977539062,28.196273803710938
12.7578125,953.1702270507812,28.18597412109375
12.7734375,953.2056884765625,28.179359436035156
12.7890625,953.1912231445312,28.202880859375
12.8046875,953.1900024414062,28.190025329589844
12.8203125,953.2352905273438,28.191131591796875
12.8359375,953.2587280273438,28.176422119140625
12.8515625,953.2596435546875,28.18561553955078
12.8671875,953.2564086914062,28.190757751464844
12.8828125,953.2868041992188,28.181564331054688
12.8984375,953.3026123046875,28.179000854492188
12.9140625,953.3388671875,28.18376922607422
12.9296875,953.3446655273438,28.196640014648438
12.9453125,953.3142700195312,28.191864013671875
12.9609375,953.2940673828125,28.18451690673828
12.9765625,953.415283203125,28.192230224609375
12.9921875,953.37841796875,28.197372436523438
13.0078125,953.364501953125,28.18451690673828
13.0234375,953.4439697265625,28.202880859375
13.0390625,953.4057006835938,28.19774627685547
13.0546875,953.387939453125,28.191131591796875
13.0703125,953.364501953125,28.206924438476562
13.0859375,953.400146484375,28.20325469970703
13.1015625,953.2940673828125,28.2017822265625
13.1171875,953.2967529296875,28.20325469970703
13.1328125,953.3878784179688,28.22089385986328
13.1484375,953.5211791992188,28.22089385986328
13.1640625,953.3513793945312,28.21794891357422
13.1796875,953.4878540039062,28.23779296875
13.1953125,953.3536376953125,28.227867126464844
13.2109375,953.374755859375,28.233383178710938
13.2265625,953.4506225585938,28.25066375732422
13.2421875,953.4571533203125,28.25469970703125
13.2578125,953.370849609375,28.25322723388672
13.2734375,953.3665161132812,28.25469970703125
13.2890625,953.4526977539062,28.25322723388672
13.3046875,953.4251098632812,28.257278442382812
13.3203125,953.3483276367188,28.269760131835938
13.3359375,953.3741455078125,28.275650024414062
13.3515625,953.4034423828125,28.28924560546875
13.3671875,953.3551635742188,28.278579711914062
13.3828125,953.3905029296875,28.280426025390625
13.3984375,953.3734130859375,28.282257080078125
13.4140625,953.4046630859375,28.29071044921875
13.4296875,953.3935546875,28.299896240234375
13.4453125,953.4345092773438,28.29145050048828
13.4609375,953.3236694335938,28.299171447753906
13.4765625,953.4296875,28.317535400390625
13.4921875,953.4141845703125,28.3087158203125
13.5078125,953.3828125,28.310195922851562
13.5234375,953.3714599609375,28.3087158203125
13.5390625,953.3934936523438,28.316436767578125
13.5546875,953.40380859375,28.314964294433594
13.5703125,953.392333984375,28.330039978027344
13.5859375,953.4010620117188,28.32708740234375
13.6015625,953.363037109375,28.32708740234375
13.6171875,953.4078979492188,28.352088928222656
13.6328125,953.3284301757812,28.3436279296875
13.6484375,953.3390502929688,28.336654663085938
13.6640625,953.2977294921875,28.3436279296875
13.6796875,953.3115234375,28.35980224609375
13.6953125,953.2808227539062,28.36200714111328
13.7109375,953.3055419921875,28.363845825195312
13.7265625,953.2871704101562,28.373390197753906
13.7421875,953.2713623046875,28.367523193359375
13.7578125,953.278564453125,28.364944458007812
13.7734375,953.2748413085938,28.373390197753906
13.7890625,953.2726440429688,28.374496459960938
13.8046875,953.272705078125,28.391029357910156
13.8203125,953.2553100585938,28.37523651123047
13.8359375,953.2745971679688,28.374496459960938
13.8515625,953.2500610351562,28.388465881347656
13.8671875,953.2573852539062,28.385894775390625
13.8828125,953.267333984375,28.387725830078125
13.8984375,953.2716674804688,28.386993408203125
13.9140625,953.2500610351562,28.388465881347656
13.9296875,953.255615234375,28.388465881347656
13.9453125,953.2501831054688,28.391403198242188
13.9609375,953.2481079101562,28.391029357910156
13.9765625,953.2498779296875,28.388465881347656
13.9921875,953.2346801757812,28.405006408691406
14.0078125,953.2464599609375,28.402053833007812
14.0234375,953.2515258789062,28.388092041015625
14.0390625,953.2470703125,28.410873413085938
14.0546875,953.2500610351562,28.386993408203125
14.0703125,953.2207641601562,28.39398193359375
14.0859375,953.2483520507812,28.384788513183594
14.1015625,953.2306518554688,28.391403198242188
14.1171875,953.2367553710938,28.389572143554688
14.1328125,953.2311401367188,28.37523651123047
14.1484375,953.2405395507812,28.368621826171875
14.1640625,953.2489013671875,28.370452880859375
14.1796875,953.2388916015625,28.374862670898438
14.1953125,953.2411499023438,28.381484985351562
14.2109375,953.2428588867188,28.35759735107422
14.2265625,953.2387084960938,28.372665405273438
14.2421875,953.2300415039062,28.370826721191406
14.2578125,953.2406616210938,28.36163330078125
14.2734375,953.2325439453125,28.35870361328125
14.2890625,953.2490234375,28.357955932617188
14.3046875,953.2363891601562,28.355392456054688
14.3203125,953.2403564453125,28.36200714111328
14.3359375,953.2386474609375,28.36200714111328
14.3515625,953.219482421875,28.354652404785156
14.3671875,953.2289428710938,28.34142303466797
14.3828125,953.2353515625,28.335174560546875
14.3984375,953.2216186523438,28.33885955810547
14.4140625,953.2225341796875,28.3447265625
14.4296875,953.2266845703125,28.32635498046875
14.4453125,953.2189331054688,28.317535400390625
14.4609375,953.2138671875,28.32672882080078
14.4765625,953.2208251953125,28.312026977539062
14.4921875,953.2294921875,28.316810607910156
14.5078125,953.2216186523438,28.318267822265625
14.5234375,953.2127075195312,28.310928344726562
14.5390625,953.2263793945312,28.30467987060547
14.5546875,953.2113647460938,28.3057861328125
14.5703125,953.2055053710938,28.3076171875
14.5859375,953.2147216796875,28.30467987060547
14.6015625,953.2084350585938,28.293655395507812
14.6171875,953.2061767578125,28.296592712402344
14.6328125,953.2106323242188,28.296218872070312
14.6484375,953.200439453125,28.296218872070312
14.6640625,953.197998046875,28.295120239257812
14.6796875,953.2015380859375,28.303207397460938
14.6953125,953.2053833007812,28.296592712402344
14.7109375,953.1962280273438,28.29291534423828
14.7265625,953.2138061523438,28.29145050048828
14.7421875,953.1974487304688,28.304306030273438
14.7578125,953.2030029296875,28.274169921875
14.7734375,953.2012329101562,28.28594207763672
14.7890625,953.1880493164062,28.281158447265625
14.8046875,953.2120971679688,28.286300659179688
14.8203125,953.2054443359375,28.277481079101562
14.8359375,953.1997680664062,28.2705078125
14.8515625,953.2122192382812,28.259109497070312
14.8671875,953.2074584960938,28.261314392089844
14.8828125,953.1915893554688,28.269760131835938
14.8984375,953.1864624023438,28.25653076171875
14.9140625,953.1982421875,28.26830291748047
14.9296875,953.2138061523438,28.267929077148438
14.9453125,953.1808471679688,28.2723388671875
14.9609375,953.2255859375,28.25617218017578
14.9765625,953.255615234375,28.266830444335938
14.9921875,953.2596435546875,28.262420654296875
15.0078125,953.314208984375,28.25653076171875
15.0234375,953.3184204101562,28.25579833984375
15.0390625,953.3602294921875,28.243675231933594
15.0546875,953.3350830078125,28.258377075195312
15.0703125,953.349609375,28.257278442382812
15.0859375,953.3883666992188,28.25653076171875
15.1015625,953.426513671875,28.25066375732422
15.1171875,953.3399658203125,28.263893127441406
15.1328125,953.3192138671875,28.258010864257812
15.1484375,953.3806762695312,28.274169921875
15.1640625,953.3494262695312,28.25507354736328
15.1796875,953.42529296875,28.2705078125
15.1953125,953.3388671875,28.258010864257812
15.2109375,953.3472290039062,28.266830444335938
15.2265625,953.320068359375,28.274917602539062
15.2421875,953.3119506835938,28.269760131835938
15.2578125,953.3317260742188,28.263893127441406
15.2734375,953.2922973632812,28.262420654296875
15.2890625,953.3614501953125,28.269760131835938
15.3046875,953.3519897460938,28.263893127441406
15.3203125,953.34130859375,28.267929077148438
15.3359375,953.3583984375,28.274169921875
15.3515625,953.3566284179688,28.274917602539062
15.3671875,953.3991088867188,28.282989501953125
15.3828125,953.4202270507812,28.279327392578125
15.3984375,953.3529663085938,28.269760131835938
15.4140625,953.3555908203125,28.277481079101562
15.4296875,953.3898315429688,28.277481079101562
15.4453125,953.379638671875,28.281158447265625
15.4609375,953.3125610351562,28.279685974121094
15.4765625,953.298583984375,28.293289184570312
15.4921875,953.2646484375,28.278579711914062
15.5078125,953.373779296875,28.299896240234375
15.5234375,953.3591918945312,28.294761657714844
15.5390625,953.3281860351562,28.294387817382812
15.5546875,953.3383178710938,28.293655395507812
15.5703125,953.3107299804688,28.293655395507812
15.5859375,953.3818359375,28.295486450195312
15.6015625,953.271484375,28.300270080566406
15.6171875,953.3490600585938,28.299171447753906
15.6328125,953.3196411132812,28.28777313232422
15.6484375,953.2928466796875,28.294387817382812
15.6640625,953.306640625,28.30799102783203
15.6796875,953.350341796875,28.297325134277344
15.6953125,953.381591796875,28.303939819335938
15.7109375,953.272216796875,28.29180908203125
15.7265625,953.2615356445312,28.299171447753906
15.7421875,953.292724609375,28.316436767578125
15.7578125,953.319580078125,28.298423767089844
15.7734375,953.3297729492188,28.3057861328125
15.7890625,953.2677001953125,28.317535400390625
15.8046875,953.2994384765625,28.304306030273438
15.8203125,953.2987060546875,28.301734924316406
15.8359375,953.2756958007812,28.301734924316406
15.8515625,953.2614135742188,28.32342529296875
15.8671875,953.2646484375,28.314964294433594
15.8828125,953.2603149414062,28.331138610839844
15.8984375,953.2708129882812,28.310195922851562
15.9140625,953.2346801757812,28.32342529296875
15.9296875,953.2437133789062,28.315704345703125
15.9453125,953.2495727539062,28.32672882080078
15.9609375,953.236328125,28.317909240722656
15.9765625,953.248046875,28.319374084472656
15.9921875,953.2416381835938,28.321945190429688
16.0078125,953.2347412109375,28.319015502929688
16.0234375,953.2409057617188,28.32672882080078
16.0390625,953.2410888671875,28.319374084472656
16.0546875,953.2302856445312,28.333702087402344
16.0703125,953.2369995117188,28.32746124267578
16.0859375,953.2322387695312,28.310195922851562
16.1015625,953.229248046875,28.314964294433594
16.1171875,953.2417602539062,28.316810607910156
16.1328125,953.2406616210938,28.30467987060547
16.1484375,953.2322998046875,28.317909240722656
16.1640625,953.2246704101562,28.321578979492188
16.1796875,953.2257080078125,28.331138610839844
16.1953125,953.2374267578125,28.314964294433594
16.2109375,953.2357788085938,28.3094482421875
16.2265625,953.2130737304688,28.313125610351562
16.2421875,953.2122192382812,28.312026977539062
16.2578125,953.2132568359375,28.3087158203125
16.2734375,953.2303466796875,28.318267822265625
16.2890625,953.219970703125,28.315704345703125
16.3046875,953.2125854492188,28.301002502441406
16.3203125,953.211669921875,28.313858032226562
16.3359375,953.2224731445312,28.308349609375
16.3515625,953.216552734375,28.313858032226562
16.3671875,953.2332763671875,28.310195922851562
16.3828125,953.2130737304688,28.295486450195312
16.3984375,953.2164916992188,28.300270080566406
16.4140625,953.2120971679688,28.298797607421875
16.4296875,953.2138671875,28.301734924316406
16.4453125,953.2009887695312,28.29107666015625
16.4609375,953.1998901367188,28.285194396972656
16.4765625,953.2041015625,28.297325134277344
16.4921875,953.2017211914062,28.294387817382812
16.5078125,953.21044921875,28.28594207763672
16.5234375,953.2053833007812,28.295120239257812
16.5390625,953.2075805664062,28.2705078125
16.5546875,953.2020874023438,28.28594207763672
16.5703125,953.2005004882812,28.282989501953125
16.5859375,953.2092895507812,28.277481079101562
16.6015625,953.1954956054688,28.27381134033203
16.6171875,953.2042236328125,28.274917602539062
16.6328125,953.1959228515625,28.27454376220703
16.6484375,953.1959228515625,28.264251708984375
16.6640625,953.182861328125,28.282989501953125
16.6796875,953.1990966796875,28.274917602539062
16.6953125,953.2156982421875,28.269760131835938
16.7109375,953.198974609375,28.266098022460938
16.7265625,953.2034301757812,28.263893127441406
16.7421875,953.1942138671875,28.266830444335938
16.7578125,953.2023315429688,28.25653076171875
16.7734375,953.2036743164062,28.2723388671875
16.7890625,953.202880859375,28.263893127441406
16.8046875,953.2049560546875,28.274917602539062
16.8203125,953.2000732421875,28.262420654296875
16.8359375,953.1989135742188,28.267929077148438
16.8515625,953.2221069335938,28.25579833984375
16.8671875,953.2006225585938,28.260581970214844
16.8828125,953.1915283203125,28.250289916992188
16.8984375,953.1928100585938,28.25176239013672
16.9140625,953.2133178710938,28.251388549804688
16.9296875,953.19482421875,28.25653076171875
16.9453125,953.2006225585938,28.248085021972656
16.9609375,953.205810546875,28.233383178710938
16.9765625,953.1978149414062,28.252120971679688
16.9921875,953.2103881835938,28.246253967285156
17.0078125,953.248046875,28.264251708984375
17.0234375,953.2486572265625,28.241470336914062
17.0390625,953.2936401367188,28.251022338867188
17.0546875,953.2491455078125,28.247352600097656
17.0703125,953.3390502929688,28.25286865234375
17.0859375,953.3018798828125,28.243675231933594
17.1015625,953.3553466796875,28.248817443847656
17.1171875,953.3463745117188,28.25469970703125
17.1328125,953.397705078125,28.25543212890625
17.1484375,953.3589477539062,28.251022338867188
17.1640625,953.3340454101562,28.25653076171875
17.1796875,953.2836303710938,28.259483337402344
17.1953125,953.3539428710938,28.246253967285156
17.2109375,953.40771484375,28.25617218017578
17.2265625,953.4091796875,28.25579833984375
17.2421875,953.3895263671875,28.25653076171875
17.2578125,953.3775634765625,28.249557495117188
17.2734375,953.4193725585938,28.258010864257812
17.2890625,953.3477783203125,28.251388549804688
17.3046875,953.4266967773438,28.259109497070312
17.3203125,953.347412109375,28.25286865234375
17.3359375,953.4035034179688,28.259109497070312
17.3515625,953.3168334960938,28.25617218017578
17.3671875,953.3667602539062,28.27086639404297
17.3828125,953.2994995117188,28.258377075195312
17.3984375,953.3005981445312,28.2716064453125
17.4140625,953.3055419921875,28.276748657226562
17.4296875,953.4560546875,28.267929077148438
17.4453125,953.3176879882812,28.27454376220703
17.4609375,953.298095703125,28.28924560546875
17.4765625,953.3820190429688,28.277481079101562
17.4921875,953.3665161132812,28.294387817382812
17.5078125,953.2940673828125,28.276748657226562
17.5234375,953.3365478515625,28.286300659179688
17.5390625,953.343505859375,28.280784606933594
17.5546875,953.3209228515625,28.294761657714844
17.5703125,953.3478393554688,28.285568237304688
17.5859375,953.3565673828125,28.287399291992188
17.6015625,953.313720703125,28.301002502441406
17.6171875,953.3443603515625,28.295860290527344
17.6328125,953.3814697265625,28.296218872070312
17.6484375,953.3349609375,28.293655395507812
17.6640625,953.3555297851562,28.298065185546875
17.6796875,953.3602294921875,28.30358123779297
17.6953125,953.3660888671875,28.29107666015625
17.7109375,953.3630981445312,28.308349609375
17.7265625,953.3211669921875,28.3057861328125
17.7421875,953.3203125,28.303939819335938
17.7578125,953.354736328125,28.304306030273438
17.7734375,953.2628173828125,28.312026977539062
17.7890625,953.3101196289062,28.322677612304688
17.8046875,953.3363037109375,28.32525634765625
17.8203125,953.3312377929688,28.314964294433594
17.8359375,953.3033447265625,28.331138610839844
17.8515625,953.3258666992188,28.335906982421875
17.8671875,953.3059692382812,28.345474243164062
17.8828125,953.2716674804688,28.33995819091797
17.8984375,953.3273315429688,28.337753295898438
17.9140625,953.2660522460938,28.34252166748047
17.9296875,953.2738037109375,28.34252166748047
17.9453125,953.2379760742188,28.337753295898438
17.9609375,953.234375,28.355026245117188
17.9765625,953.2438354492188,28.346206665039062
17.9921875,953.24609375,28.346206665039062
18.0078125,953.2329711914062,28.36200714111328
18.0234375,953.2319946289062,28.34252166748047
18.0390625,953.227783203125,28.35906219482422
18.0546875,953.22998046875,28.34252166748047
18.0703125,953.2325439453125,28.346206665039062
18.0859375,953.2274780273438,28.346206665039062
18.1015625,953.2274780273438,28.3428955078125
18.1171875,953.2289428710938,28.352088928222656
18.1328125,953.22802734375,28.348037719726562
18.1484375,953.2216796875,28.348037719726562
18.1640625,953.2199096679688,28.331138610839844
18.1796875,953.2266235351562,28.3436279296875
18.1953125,953.2207641601562,28.34436798095703
18.2109375,953.236328125,28.352088928222656
18.2265625,953.2233276367188,28.335174560546875
18.2421875,953.215576171875,28.34069061279297
18.2578125,953.2286376953125,28.338485717773438
18.2734375,953.2219848632812,28.348037719726562
18.2890625,953.2103881835938,28.33885955810547
18.3046875,953.2147216796875,28.339584350585938
18.3203125,953.2154541015625,28.331138610839844
18.3359375,953.2146606445312,28.338111877441406
18.3515625,953.2159423828125,28.32708740234375
18.3671875,953.213623046875,28.331138610839844
18.3828125,953.208740234375,28.314964294433594
18.3984375,953.213623046875,28.328933715820312
18.4140625,953.2144165039062,28.327835083007812
18.4296875,953.19873046875,28.3087158203125
18.4453125,953.2149047851562,28.312026977539062
18.4609375,953.203125,28.32231903076172
18.4765625,953.2030029296875,28.314231872558594
18.4921875,953.197998046875,28.319374084472656
18.5078125,953.212890625,28.30908966064453
18.5234375,953.1968383789062,28.310195922851562
18.5390625,953.1993408203125,28.308349609375
18.5546875,953.2057495117188,28.312759399414062
18.5703125,953.1978759765625,28.299896240234375
18.5859375,953.201904296875,28.310195922851562
18.6015625,953.2077026367188,28.313125610351562
18.6171875,953.2081298828125,28.30541229248047
18.6328125,953.2073364257812,28.29218292236328
18.6484375,953.1987915039062,28.295486450195312
18.6640625,953.206298828125,28.299171447753906
18.6796875,953.1839599609375,28.301002502441406
18.6953125,953.185302734375,28.284835815429688
18.7109375,953.1981201171875,28.303939819335938
18.7265625,953.1837768554688,28.29071044921875
18.7421875,953.39599609375,28.410873413085938
18.7578125,953.3773193359375,28.422271728515625
18.7734375,953.4197387695312,28.42999267578125
18.7890625,953.3911743164062,28.436599731445312
18.8046875,953.3756713867188,28.438438415527344
18.8203125,953.3114013671875,28.437332153320312
18.8359375,953.3878173828125,28.439178466796875
18.8515625,953.2922973632812,28.439910888671875
18.8671875,953.3885498046875,28.45276641845703
18.8828125,953.3379516601562,28.457550048828125
18.8984375,953.3306274414062,28.46453857421875
18.9140625,953.339599609375,28.457176208496094
18.9296875,953.2863159179688,28.46233367919922
18.9453125,953.2802124023438,28.460128784179688
18.9609375,953.2495727539062,28.470779418945312
18.9765625,953.2571411132812,28.47040557861328
18.9921875,953.2582397460938,28.47997283935547
19.0078125,953.2532348632812,28.474090576171875
19.0234375,953.240234375,28.475563049316406
19.0390625,953.2373046875,28.478500366210938
19.0546875,953.2454223632812,28.478866577148438
19.0703125,953.239990234375,28.476287841796875
19.0859375,953.2469482421875,28.48180389404297
19.1015625,953.2409057617188,28.48253631591797
19.1171875,953.2362060546875,28.4847412109375
19.1328125,953.23046875,28.47997283935547
19.1484375,953.2371826171875,28.47997283935547
19.1640625,953.225830078125,28.46233367919922
19.1796875,953.2360229492188,28.463058471679688
19.1953125,953.217529296875,28.460487365722656
19.2109375,953.216064453125,28.460861206054688
19.2265625,953.2179565429688,28.46710205078125
19.2421875,953.2233276367188,28.457176208496094
19.2578125,953.2116088867188,28.460487365722656
19.2734375,953.2113037109375,28.456817626953125
19.2890625,953.2324829101562,28.44910430908203
19.3046875,953.2269287109375,28.44725799560547
19.3203125,953.2130126953125,28.457176208496094
19.3359375,953.2134399414062,28.443946838378906
19.3515625,953.2091064453125,28.440643310546875
19.3671875,953.2034301757812,28.436233520507812
19.3828125,953.2029418945312,28.435501098632812
19.3984375,953.208251953125,28.435874938964844
19.4140625,953.2029418945312,28.42999267578125
19.4296875,953.2052612304688,28.42999267578125
19.4453125,953.2046508789062,28.423744201660156
19.4609375,953.2046508789062,28.438079833984375
19.4765625,953.2132568359375,28.42999267578125
19.4921875,953.2010498046875,28.408668518066406
19.5078125,953.2061767578125,28.407211303710938
19.5234375,953.2001342773438,28.41124725341797
19.5390625,953.1981201171875,28.408668518066406
19.5546875,953.2025756835938,28.408309936523438
19.5703125,953.182861328125,28.41492462158203
19.5859375,953.2152099609375,28.405006408691406
19.6015625,953.2028198242188,28.408309936523438
19.6171875,953.1953735351562,28.410873413085938
19.6328125,953.2088012695312,28.41492462158203
19.6484375,953.1852416992188,28.39728546142578
19.6640625,953.2092895507812,28.391403198242188
19.6796875,953.1942749023438,28.403533935546875
19.6953125,953.1979370117188,28.401695251464844
19.7109375,953.196533203125,28.401695251464844
19.7265625,953.1983642578125,28.391403198242188
19.7421875,953.190673828125,28.39543914794922
19.7578125,953.201904296875,28.392501831054688
19.7734375,953.2039794921875,28.388465881347656
19.7890625,953.1964721679688,28.392501831054688
19.8046875,953.1962280273438,28.388092041015625
19.8203125,953.1856079101562,28.392501831054688
19.8359375,953.1973876953125,28.400222778320312
19.8515625,953.1837768554688,28.391029357910156
19.8671875,953.2098388671875,28.387725830078125
19.8828125,953.1926879882812,28.390304565429688
19.8984375,953.189453125,28.391403198242188
19.9140625,953.203857421875,28.388092041015625
19.9296875,953.2470703125,28.387725830078125
19.9453125,953.2548828125,28.374862670898438
19.9609375,953.3098754882812,28.391029357910156
19.9765625,953.3771362304688,28.38220977783203
19.9921875,953.3936767578125,28.374496459960938
20.0078125,953.395263671875,28.374496459960938
20.0234375,953.315673828125,28.387367248535156
20.0390625,953.346923828125,28.37523651123047
20.0546875,953.3307495117188,28.367523193359375
20.0703125,953.441162109375,28.370826721191406
20.0859375,953.3585205078125,28.35906219482422
20.1015625,953.3776245117188,28.373390197753906
20.1171875,953.5003051757812,28.367149353027344
20.1328125,953.3885498046875,28.388465881347656
20.1484375,953.4086303710938,28.363113403320312
20.1640625,953.3714599609375,28.384788513183594
20.1796875,953.4440307617188,28.391029357910156
20.1953125,953.3402099609375,28.391029357910156
20.2109375,953.4943237304688,28.37854766845703
20.2265625,953.4392700195312,28.37779998779297
20.2421875,953.4075317382812,28.37596893310547
20.2578125,953.419921875,28.388092041015625
20.2734375,953.3553466796875,28.388092041015625
20.2890625,953.4114379882812,28.392501831054688
20.3046875,953.3126831054688,28.401695251464844
20.3203125,953.4852294921875,28.410873413085938
20.3359375,953.4861450195312,28.41492462158203
20.3515625,953.4422607421875,28.405006408691406
20.3671875,953.4652099609375,28.41307830810547
20.3828125,953.3195190429688,28.41565704345703
20.3984375,953.3646850585938,28.421173095703125
20.4140625,953.3496704101562,28.421539306640625
20.4296875,953.4322509765625,28.42815399169922
20.4453125,953.448974609375,28.419334411621094
20.4609375,953.3745727539062,28.420066833496094
20.4765625,953.4224853515625,28.438079833984375
20.4921875,953.5181274414062,28.442115783691406
20.5078125,953.391845703125,28.442115783691406
20.5234375,953.4575805664062,28.453514099121094
20.5390625,953.4533081054688,28.453514099121094
20.5546875,953.3971557617188,28.45093536376953
20.5703125,953.4518432617188,28.474815368652344
20.5859375,953.425537109375,28.460487365722656
20.6015625,953.4916381835938,28.475189208984375
20.6171875,953.40771484375,28.474456787109375
20.6328125,953.4118041992188,28.478500366210938
20.6484375,953.5394287109375,28.47997283935547
20.6640625,953.3578491210938,28.492828369140625
20.6796875,953.4751586914062,28.495407104492188
20.6953125,953.2667846679688,28.47997283935547
20.7109375,953.4224853515625,28.489151000976562
20.7265625,953.3724975585938,28.506431579589844
20.7421875,953.3653564453125,28.509368896484375
20.7578125,953.44091796875,28.505325317382812
20.7734375,953.3712158203125,28.522598266601562
20.7890625,953.3448486328125,28.52149200439453
20.8046875,953.2891845703125,28.51966094970703
20.8203125,953.3086547851562,28.528480529785156
20.8359375,953.2849731445312,28.51966094970703
20.8515625,953.2799682617188,28.532516479492188
20.8671875,953.2860717773438,28.527374267578125
20.8828125,953.2609252929688,28.531417846679688
20.8984375,953.2512817382812,28.545013427734375
20.9140625,953.258544921875,28.55236053466797
20.9296875,953.2545166015625,28.551254272460938
20.9453125,953.2658081054688,28.5556640625
20.9609375,953.2482299804688,28.546119689941406
20.9765625,953.234130859375,28.551986694335938
20.9921875,953.2305908203125,28.560073852539062
21.0078125,953.2403564453125,28.544273376464844
21.0234375,953.235107421875,28.55309295654297
21.0390625,953.241455078125,28.547950744628906
21.0546875,953.230224609375,28.545372009277344
21.0703125,953.2412109375,28.55493927001953
21.0859375,953.2332763671875,28.53875732421875
21.1015625,953.2208862304688,28.53875732421875
21.1171875,953.2244873046875,28.545372009277344
21.1328125,953.2095336914062,28.533248901367188
21.1484375,953.2166748046875,28.527374267578125
21.1640625,953.22216796875,28.52332305908203
21.1796875,953.214599609375,28.525169372558594
21.1953125,953.2261352539062,28.524795532226562
21.2109375,953.2099609375,28.53472137451172
21.2265625,953.2150268554688,28.52332305908203
21.2421875,953.2218017578125,28.516708374023438
21.2578125,953.2132568359375,28.516708374023438
21.2734375,953.2109375,28.513404846191406
21.2890625,953.213623046875,28.513404846191406
21.3046875,953.210693359375,28.522598266601562
21.3203125,953.2145385742188,28.50568389892578
21.3359375,953.2200317382812,28.504226684570312
21.3515625,953.2144165039062,28.505325317382812
21.3671875,953.212158203125,28.50312042236328
21.3828125,953.204833984375,28.489151000976562
21.3984375,953.192626953125,28.489891052246094
21.4140625,953.20703125,28.490623474121094
21.4296875,953.2113037109375,28.495407104492188
21.4453125,953.2189331054688,28.480697631835938
21.4609375,953.1935424804688,28.489891052246094
21.4765625,953.2076416015625,28.492828369140625
21.4921875,953.2109985351562,28.47997283935547
21.5078125,953.2012329101562,28.48438262939453
21.5234375,953.192138671875,28.47997283935547
21.5390625,953.2030029296875,28.47997283935547
21.5546875,953.1898803710938,28.472251892089844
21.5703125,953.1951904296875,28.473358154296875
21.5859375,953.1898803710938,28.46233367919922
21.6015625,953.1815185546875,28.47040557861328
21.6171875,953.200927734375,28.477767944335938
21.6328125,953.2053833007812,28.457550048828125
21.6484375,953.1883544921875,28.457550048828125
21.6640625,953.2033081054688,28.451309204101562
21.6796875,953.1876831054688,28.4476318359375
21.6953125,953.1873779296875,28.445419311523438
21.7109375,953.1865234375,28.451309204101562
21.7265625,953.1990356445312,28.446151733398438
21.7421875,953.1788330078125,28.443946838378906
21.7578125,953.1900024414062,28.439910888671875
21.7734375,953.1865234375,28.453514099121094
21.7890625,953.1969604492188,28.436233520507812
21.8046875,953.1712036132812,28.44873046875
21.8203125,953.1915893554688,28.446151733398438
21.8359375,953.1853637695312,28.453514099121094
21.8515625,953.2017211914062,28.44579315185547
21.8671875,953.2068481445312,28.439910888671875
21.8828125,953.2247924804688,28.453140258789062
21.8984375,953.3080444335938,28.441741943359375
21.9140625,953.2794189453125,28.438079833984375
21.9296875,953.4750366210938,28.43218994140625
21.9453125,953.4786987304688,28.43182373046875
21.9609375,953.3704223632812,28.438438415527344
21.9765625,953.4291381835938,28.433670043945312
21.9921875,953.6383666992188,28.436599731445312
22.0078125,953.5114135742188,28.447998046875
22.0234375,953.517333984375,28.437332153320312
22.0390625,953.5187377929688,28.441383361816406
22.0546875,953.3474731445312,28.439910888671875
22.0703125,953.6849975585938,28.445053100585938
22.0859375,953.513427734375,28.44579315185547
22.1015625,953.4513549804688,28.445053100585938
22.1171875,953.6049194335938,28.457176208496094
22.1328125,953.625732421875,28.455345153808594
22.1484375,953.44091796875,28.4476318359375
22.1640625,953.4951171875,28.458282470703125
22.1796875,953.4872436523438,28.473358154296875
22.1953125,953.4827880859375,28.470779418945312
22.2109375,953.52734375,28.47997283935547
22.2265625,953.40576171875,28.478126525878906
22.2421875,953.4844360351562,28.476661682128906
22.2578125,953.51953125,28.478126525878906
22.2734375,953.4366455078125,28.496505737304688
22.2890625,953.4946899414062,28.47997283935547
22.3046875,953.4673461914062,28.490623474121094
22.3203125,953.45458984375,28.496505737304688
22.3359375,953.528076171875,28.508995056152344
22.3515625,953.5245971679688,28.508262634277344
22.3671875,953.4796752929688,28.515975952148438
22.3828125,953.4015502929688,28.524070739746094
22.3984375,953.4524536132812,28.511199951171875
22.4140625,953.4913330078125,28.524429321289062
22.4296875,953.496826171875,28.526275634765625
22.4453125,953.5238647460938,28.531417846679688
22.4609375,953.5637817382812,28.52332305908203
22.4765625,953.4249877929688,28.542808532714844
22.4921875,953.4435424804688,28.542068481445312
22.5078125,953.5123291015625,28.53730010986328
22.5234375,953.4418334960938,28.5556640625
22.5390625,953.4634399414062,28.55309295654297
22.5546875,953.5265502929688,28.558975219726562
22.5703125,953.4930419921875,28.56999969482422
22.5859375,953.4833984375,28.55236053466797
22.6015625,953.52880859375,28.564483642578125
22.6171875,953.3854370117188,28.577713012695312
22.6328125,953.447021484375,28.563758850097656
22.6484375,953.3507080078125,28.576988220214844
22.6640625,953.3807373046875,28.57330322265625
22.6796875,953.4221801757812,28.584701538085938
22.6953125,953.3228149414062,28.584701538085938
22.7109375,953.4088745117188,28.582855224609375
22.7265625,953.4631958007812,28.585433959960938
22.7421875,953.440673828125,28.584701538085938
22.7578125,953.3856201171875,28.59021759033203
22.7734375,953.3795776367188,28.58580780029297
22.7890625,953.3187255859375,28.603073120117188
22.8046875,953.376708984375,28.60344696044922
22.8203125,953.3617553710938,28.617774963378906
22.8359375,953.3770141601562,28.617774963378906
22.8515625,953.3589477539062,28.62732696533203
22.8671875,953.3109130859375,28.631736755371094
22.8828125,953.2928466796875,28.62291717529297
22.8984375,953.2782592773438,28.6258544921875
22.9140625,953.2677001953125,28.6258544921875
22.9296875,953.262939453125,28.633941650390625
22.9453125,953.2584228515625,28.6243896484375
22.9609375,953.2442626953125,28.636878967285156
22.9765625,953.240234375,28.64238739013672
22.9921875,953.2359008789062,28.64238739013672
23.0078125,953.2407836914062,28.64055633544922
23.0234375,953.2434692382812,28.64238739013672
23.0390625,953.2288208007812,28.632469177246094
23.0546875,953.227783203125,28.632469177246094
23.0703125,953.2439575195312,28.62291717529297
23.0859375,953.2369995117188,28.636878967285156
23.1015625,953.239013671875,28.629905700683594
23.1171875,953.22998046875,28.62915802001953
23.1328125,953.2333984375,28.6258544921875
23.1484375,953.2330932617188,28.6243896484375
23.1640625,953.2330322265625,28.627700805664062
23.1796875,953.2249145507812,28.617774963378906
23.1953125,953.223876953125,28.612266540527344
23.2109375,953.2275390625,28.61042022705078
23.2265625,953.2333374023438,28.60821533203125
23.2421875,953.2272338867188,28.60710906982422
23.2578125,953.233642578125,28.61042022705078
23.2734375,953.2202758789062,28.61042022705078
23.2890625,953.2274169921875,28.5909423828125
23.3046875,953.228515625,28.603805541992188
23.3203125,953.2267456054688,28.602699279785156
23.3359375,953.2254638671875,28.602699279785156
23.3515625,953.2164916992188,28.5880126953125
23.3671875,953.216796875,28.590576171875
23.3828125,953.2098388671875,28.582855224609375
23.3984375,953.2120971679688,28.57367706298828
23.4140625,953.2189331054688,28.577346801757812
23.4296875,953.2001953125,28.57330322265625
23.4453125,953.2123413085938,28.577346801757812
23.4609375,953.1984252929688,28.577713012695312
23.4765625,953.2157592773438,28.576614379882812
23.4921875,953.2198486328125,28.57220458984375
23.5078125,953.2109985351562,28.568893432617188
23.5234375,953.2047729492188,28.57514190673828
23.5390625,953.2042236328125,28.562286376953125
23.5546875,953.1981201171875,28.559349060058594
23.5703125,953.1995849609375,28.560073852539062
23.5859375,953.1996459960938,28.564483642578125
23.6015625,953.2061767578125,28.55236053466797
23.6171875,953.1989135742188,28.547950744628906
23.6328125,953.2122192382812,28.551254272460938
23.6484375,953.204833984375,28.546119689941406
23.6640625,953.203125,28.531417846679688
23.6796875,953.20703125,28.542434692382812
23.6953125,953.1979370117188,28.53472137451172
23.7109375,953.2001342773438,28.53509521484375
23.7265625,953.2001953125,28.527374267578125
23.7421875,953.1953125,28.526275634765625
23.7578125,953.1934204101562,28.526275634765625
23.7734375,953.1962890625,28.525169372558594
23.7890625,953.1932373046875,28.531784057617188
23.8046875,953.210693359375,28.52332305908203
23.8203125,953.1948852539062,28.52001953125
23.8359375,953.2095336914062,28.51966094970703
23.8515625,953.208251953125,28.511199951171875
23.8671875,953.2265625,28.526275634765625
23.8828125,953.2913818359375,28.516708374023438
23.8984375,953.2886352539062,28.50568389892578
23.9140625,953.40234375,28.529205322265625
23.9296875,953.525390625,28.525169372558594
23.9453125,953.4765625,28.509735107421875
23.9609375,953.5765991210938,28.51708221435547
23.9765625,953.4650268554688,28.516708374023438
23.9921875,953.5665283203125,28.5211181640625
24.0078125,953.3805541992188,28.524429321289062
24.0234375,953.4478149414062,28.526275634765625
24.0390625,953.4150390625,28.51966094970703
24.0546875,953.4814453125,28.514877319335938
24.0703125,953.666748046875,28.524070739746094
24.0859375,953.4835815429688,28.539505004882812
24.1015625,953.3549194335938,28.524070739746094
24.1171875,953.414794921875,28.53730010986328
24.1328125,953.5464477539062,28.545745849609375
24.1484375,953.538330078125,28.53472137451172
24.1640625,953.4846801757812,28.545013427734375
24.1796875,953.49169921875,28.558242797851562
24.1953125,953.4038696289062,28.549423217773438
24.2109375,953.3910522460938,28.564483642578125
24.2265625,953.4493408203125,28.562652587890625
24.2421875,953.44140625,28.564483642578125
24.2578125,953.4959716796875,28.57330322265625
24.2734375,953.6265258789062,28.564483642578125
24.2890625,953.4799194335938,28.57330322265625
24.3046875,953.5393676757812,28.583229064941406
24.3203125,953.5438842773438,28.580291748046875
24.3359375,953.5346069335938,28.583961486816406
24.3515625,953.5504760742188,28.582122802734375
24.3671875,953.423583984375,28.597190856933594
24.3828125,953.4950561523438,28.600135803222656
24.3984375,953.5031127929688,28.602699279785156
24.4140625,953.5003662109375,28.60748291015625
24.4296875,953.4835815429688,28.60344696044922
24.4453125,953.6080322265625,28.62291717529297
24.4609375,953.5447998046875,28.629531860351562
24.4765625,953.4785766601562,28.626953125
24.4921875,953.4280395507812,28.627700805664062
24.5078125,953.4256591796875,28.64238739013672
24.5234375,953.611328125,28.646072387695312
24.5390625,953.3821411132812,28.6593017578125
24.5546875,953.5436401367188,28.663711547851562
24.5703125,953.4556274414062,28.650482177734375
24.5859375,953.4542846679688,28.663711547851562
24.6015625,953.3839111328125,28.668121337890625
24.6171875,953.419677734375,28.667015075683594
24.6328125,953.4845581054688,28.670318603515625
24.6484375,953.3594970703125,28.674362182617188
24.6640625,953.3287353515625,28.685028076171875
24.6796875,953.3829956054688,28.67951202392578
24.6953125,953.4188842773438,28.671051025390625
24.7109375,953.3331909179688,28.683547973632812
24.7265625,953.3218383789062,28.683547973632812
24.7421875,953.2843017578125,28.681716918945312
24.7578125,953.2769165039062,28.682449340820312
24.7734375,953.2601928710938,28.685386657714844
24.7890625,953.260498046875,28.693099975585938
24.8046875,953.234375,28.686126708984375
24.8203125,953.2504272460938,28.697509765625
24.8359375,953.2515258789062,28.69715118408203
24.8515625,953.2449951171875,28.69420623779297
24.8671875,953.2459106445312,28.69420623779297
24.8828125,953.2531127929688,28.691268920898438
24.8984375,953.2395629882812,28.682449340820312
24.9140625,953.2447509765625,28.683547973632812
24.9296875,953.24609375,28.689796447753906
24.9453125,953.2352905273438,28.687957763671875
24.9609375,953.244140625,28.686126708984375
24.9765625,953.248046875,28.682449340820312
24.9921875,953.2447509765625,28.686126708984375
25.0078125,953.249267578125,28.685760498046875
25.0234375,953.2431640625,28.681716918945312
25.0390625,953.2327270507812,28.671424865722656
25.0546875,953.229248046875,28.67877197265625
25.0703125,953.2383422851562,28.671798706054688
25.0859375,953.2424926757812,28.682449340820312
25.1015625,953.2405395507812,28.664077758789062
25.1171875,953.2428588867188,28.664810180664062
25.1328125,953.242919921875,28.67803955078125
25.1484375,953.2269897460938,28.667015075683594
25.1640625,953.2413940429688,28.672157287597656
25.1796875,953.2365112304688,28.667015075683594
25.1953125,953.2431030273438,28.65892791748047
25.2109375,953.2363891601562,28.66443634033203
25.2265625,953.2302856445312,28.66443634033203
25.2421875,953.2344970703125,28.656723022460938
25.2578125,953.2391967773438,28.654159545898438
25.2734375,953.22216796875,28.64679718017578
25.2890625,953.223876953125,28.647544860839844
25.3046875,953.2340698242188,28.66187286376953
25.3203125,953.2283325195312,28.649749755859375
25.3359375,953.2229614257812,28.655990600585938
25.3515625,953.2349243164062,28.6593017578125
25.3671875,953.2196655273438,28.64496612548828
25.3828125,953.2224731445312,28.635040283203125
25.3984375,953.210205078125,28.64238739013672
25.4140625,953.2222290039062,28.63872528076172
25.4296875,953.2332763671875,28.64423370361328
25.4453125,953.2236328125,28.632110595703125
25.4609375,953.217529296875,28.632469177246094
25.4765625,953.2182006835938,28.623291015625
25.4921875,953.2059326171875,28.637619018554688
25.5078125,953.3280029296875,28.69164276123047
25.5234375,953.4415893554688,28.683921813964844
25.5390625,953.3541870117188,28.687957763671875
25.5546875,953.4024658203125,28.701187133789062
25.5703125,953.3325805664062,28.69715118408203
25.5859375,953.3544311523438,28.71221923828125
25.6015625,953.4197998046875,28.71148681640625
25.6171875,953.3576049804688,28.703025817871094
25.6328125,953.3609008789062,28.71148681640625
25.6484375,953.408935546875,28.715896606445312
25.6640625,953.3305053710938,28.722869873046875
25.6796875,953.3240356445312,28.71221923828125
25.6953125,953.30859375,28.715896606445312
25.7109375,953.3059692382812,28.721405029296875
25.7265625,953.2754516601562,28.725448608398438
25.7421875,953.2716674804688,28.726547241210938
25.7578125,953.2651977539062,28.7298583984375
25.7734375,953.2547607421875,28.731689453125
25.7890625,953.2508544921875,28.7298583984375
25.8046875,953.251220703125,28.735366821289062
25.8203125,953.248779296875,28.723236083984375
25.8359375,953.2487182617188,28.722511291503906
25.8515625,953.2486572265625,28.725814819335938
25.8671875,953.253173828125,28.72801971435547
25.8828125,953.2492065429688,28.722869873046875
25.8984375,953.2469482421875,28.719932556152344
25.9140625,953.2423706054688,28.726173400878906
25.9296875,953.2328491210938,28.7298583984375
25.9453125,953.232177734375,28.72801971435547
25.9609375,953.2305908203125,28.719200134277344
25.9765625,953.229248046875,28.72801971435547
25.9921875,953.2348022460938,28.719200134277344
26.0078125,953.2250366210938,28.710739135742188
26.0234375,953.2176513671875,28.704124450683594
26.0390625,953.2265625,28.701560974121094
26.0546875,953.218505859375,28.69715118408203
26.0703125,953.2145385742188,28.69274139404297
26.0859375,953.2271728515625,28.69347381591797
26.1015625,953.21826171875,28.689796447753906
26.1171875,953.2251586914062,28.69420623779297
26.1328125,953.2171630859375,28.687232971191406
26.1484375,953.2098999023438,28.671051025390625
26.1640625,953.1998901367188,28.664077758789062
26.1796875,953.2088012695312,28.668121337890625
26.1953125,953.2026977539062,28.667388916015625
26.2109375,953.2055053710938,28.669593811035156
26.2265625,953.2093505859375,28.66443634033203
26.2421875,953.192626953125,28.649002075195312
26.2578125,953.2067260742188,28.6614990234375
26.2734375,953.1935424804688,28.664810180664062
26.2890625,953.197021484375,28.650848388671875
26.3046875,953.1883544921875,28.663711547851562
26.3203125,953.1939086914062,28.663711547851562
26.3359375,953.1945190429688,28.64569854736328
26.3515625,953.1920166015625,28.65746307373047
26.3671875,953.2009887695312,28.64679718017578
26.3828125,953.1951904296875,28.64496612548828
26.3984375,953.2052001953125,28.632843017578125
26.4140625,953.1937866210938,28.64238739013672
26.4296875,953.1875610351562,28.64238739013672
26.4453125,953.1875610351562,28.649749755859375
26.4609375,953.188232421875,28.64569854736328
26.4765625,953.1878051757812,28.629905700683594
26.4921875,953.1737060546875,28.621444702148438
26.5078125,953.1854248046875,28.626953125
26.5234375,953.1740112304688,28.621444702148438
26.5390625,953.1950073242188,28.616676330566406
26.5546875,953.1873779296875,28.616676330566406
26.5703125,953.1849975585938,28.62291717529297
26.5859375,953.1766357421875,28.599037170410156
26.6015625,953.1926879882812,28.60344696044922
26.6171875,953.1716918945312,28.60344696044922
26.6328125,953.1878662109375,28.603073120117188
26.6484375,953.1818237304688,28.602699279785156
26.6640625,953.1764526367188,28.603073120117188
26.6796875,953.1931762695312,28.599037170410156
26.6953125,953.1712036132812,28.594627380371094
26.7109375,953.1869506835938,28.600868225097656
26.7265625,953.1929321289062,28.5916748046875
26.7421875,953.2470703125,28.586532592773438
26.7578125,953.3212280273438,28.589111328125
26.7734375,953.2264404296875,28.579925537109375
26.7890625,953.2661743164062,28.59387969970703
26.8046875,953.4445190429688,28.579925537109375
26.8203125,953.3917846679688,28.577346801757812
26.8359375,953.40576171875,28.57330322265625
26.8515625,953.3271484375,28.579551696777344
26.8671875,953.3295288085938,28.580291748046875
26.8828125,953.3600463867188,28.584701538085938
26.8984375,953.2755737304688,28.585433959960938
26.9140625,953.2404174804688,28.583229064941406
26.9296875,953.3424682617188,28.583229064941406
26.9453125,953.31982421875,28.584701538085938
26.9609375,953.3091430664062,28.582855224609375
26.9765625,953.3173217773438,28.580291748046875
26.9921875,953.3146362304688,28.5909423828125
27.0078125,953.3432006835938,28.583961486816406
27.0234375,953.2880859375,28.584701538085938
27.0390625,953.2744140625,28.597190856933594
27.0546875,953.3223266601562,28.59278106689453
27.0703125,953.429443359375,28.597190856933594
27.0859375,953.3013916015625,28.5909423828125
27.1015625,953.3353881835938,28.583961486816406
27.1171875,953.4088134765625,28.600135803222656
27.1328125,953.3250732421875,28.595352172851562
27.1484375,953.3998413085938,28.599395751953125
27.1640625,953.537109375,28.601600646972656
27.1796875,953.2682495117188,28.597190856933594
27.1953125,953.344970703125,28.603073120117188
27.2109375,953.4317016601562,28.597190856933594
27.2265625,953.3683471679688,28.618507385253906
27.2421875,953.3232421875,28.616676330566406
27.2578125,953.3851928710938,28.595352172851562
27.2734375,953.3555908203125,28.61042022705078
27.2890625,953.3457641601562,28.618507385253906
27.3046875,953.4033203125,28.601600646972656
27.3203125,953.4112548828125,28.61042022705078
27.3359375,953.3505249023438,28.613365173339844
27.3515625,953.2964477539062,28.60638427734375
27.3671875,953.3494262695312,28.61042022705078
27.3828125,953.3056640625,28.616676330566406
27.3984375,953.33203125,28.627700805664062
27.4140625,953.3474731445312,28.618881225585938
27.4296875,953.3524780273438,28.629905700683594
27.4453125,953.3279418945312,28.635040283203125
27.4609375,953.3362426757812,28.62474822998047
27.4765625,953.2952270507812,28.6258544921875
27.4921875,953.3388671875,28.64055633544922
27.5078125,953.4037475585938,28.632843017578125
27.5234375,953.3282470703125,28.634315490722656
27.5390625,953.2871704101562,28.623291015625
27.5546875,953.303955078125,28.64128875732422
27.5703125,953.3231811523438,28.649749755859375
27.5859375,953.2969970703125,28.64679718017578
27.6015625,953.272216796875,28.64569854736328
27.6171875,953.2679443359375,28.66443634033203
27.6328125,953.2589721679688,28.64496612548828
27.6484375,953.245849609375,28.66333770751953
27.6640625,953.2542114257812,28.6585693359375
27.6796875,953.2465209960938,28.663711547851562
27.6953125,953.2470703125,28.65746307373047
27.7109375,953.2506103515625,28.665184020996094
27.7265625,953.2483520507812,28.65819549560547
27.7421875,953.2314453125,28.66333770751953
27.7578125,953.2398071289062,28.6614990234375
27.7734375,953.2509765625,28.667388916015625
27.7890625,953.2402954101562,28.663711547851562
27.8046875,953.2302856445312,28.654159545898438
27.8203125,953.2359008789062,28.664077758789062
27.8359375,953.2481689453125,28.6611328125
27.8515625,953.23779296875,28.66187286376953
27.8671875,953.2277221679688,28.66443634033203
27.8828125,953.2392578125,28.6611328125
27.8984375,953.2354736328125,28.663711547851562
27.9140625,953.2255859375,28.6593017578125
27.9296875,953.23828125,28.648643493652344
27.9453125,953.2210693359375,28.647544860839844
27.9609375,953.2340698242188,28.646438598632812
27.9765625,953.2327270507812,28.647544860839844
27.9921875,953.23828125,28.647544860839844
28.0078125,953.2352905273438,28.640182495117188
28.0234375,953.221923828125,28.64496612548828
28.0390625,953.220703125,28.64423370361328
28.0546875,953.2169799804688,28.63872528076172
28.0703125,953.2230834960938,28.64679718017578
28.0859375,953.192138671875,28.637977600097656
28.1015625,953.2073974609375,28.64423370361328
28.1171875,953.222412109375,28.64423370361328
28.1328125,953.2265625,28.64496612548828
28.1484375,953.2081298828125,28.637977600097656
28.1640625,953.2116088867188,28.634315490722656
28.1796875,953.2196044921875,28.630264282226562
28.1953125,953.2251586914062,28.633209228515625
28.2109375,953.2296142578125,28.62659454345703
28.2265625,953.2205810546875,28.64202880859375
28.2421875,953.207763671875,28.634315490722656
28.2578125,953.2046508789062,28.636146545410156
28.2734375,953.2216186523438,28.619613647460938
28.2890625,953.2055053710938,28.62549591064453
28.3046875,953.2193603515625,28.6258544921875
28.3203125,953.2247314453125,28.629905700683594
28.3359375,953.2137451171875,28.627700805664062
28.3515625,953.2213134765625,28.628433227539062
28.3671875,953.2034912109375,28.627700805664062
28.3828125,953.216552734375,28.614097595214844
28.3984375,953.217529296875,28.6243896484375
28.4140625,953.2138061523438,28.6258544921875
28.4296875,953.219970703125,28.62218475341797
28.4453125,953.2099609375,28.623291015625
28.4609375,953.216064453125,28.621444702148438
28.4765625,953.2135009765625,28.6258544921875
28.4921875,953.2061767578125,28.62291717529297
28.5078125,953.218505859375,28.611892700195312
28.5234375,953.2096557617188,28.62732696533203
28.5390625,953.2052001953125,28.60895538330078
28.5546875,953.2026977539062,28.60858154296875
28.5703125,953.2135009765625,28.60344696044922
28.5859375,953.192626953125,28.616676330566406
28.6015625,953.2070922851562,28.602699279785156
28.6171875,953.2026977539062,28.602699279785156
28.6328125,953.2020874023438,28.598289489746094
28.6484375,953.2005004882812,28.601974487304688
28.6640625,953.2194213867188,28.596832275390625
28.6796875,953.2864379882812,28.598663330078125
28.6953125,953.3290405273438,28.602699279785156
28.7109375,953.499755859375,28.604904174804688
28.7265625,953.3870239257812,28.583961486816406
28.7421875,953.4955444335938,28.597190856933594
28.7578125,953.5667724609375,28.586532592773438
28.7734375,953.8161010742188,28.583961486816406
28.7890625,953.7267456054688,28.600868225097656
28.8046875,953.7439575195312,28.614830017089844
28.8203125,953.641357421875,28.616676330566406
28.8359375,953.5609130859375,28.61042022705078
28.8515625,953.6008911132812,28.604904174804688
28.8671875,953.4074096679688,28.600868225097656
28.8828125,953.5084838867188,28.619979858398438
28.8984375,953.4632568359375,28.61042022705078
28.9140625,953.5250854492188,28.62291717529297
28.9296875,953.5364379882812,28.63872528076172
28.9453125,953.5499877929688,28.62915802001953
28.9609375,953.5382690429688,28.634315490722656
28.9765625,953.630859375,28.652679443359375
28.9921875,953.7855834960938,28.635040283203125
29.0078125,953.4989013671875,28.632843017578125
29.0234375,953.5338745117188,28.647544860839844
29.0390625,953.6708984375,28.653411865234375
29.0546875,953.5885009765625,28.668121337890625
29.0703125,953.7076416015625,28.665542602539062
29.0859375,953.7791137695312,28.665542602539062
29.1015625,953.5909423828125,28.668846130371094
29.1171875,953.4328002929688,28.672531127929688
29.1328125,953.5341186523438,28.689796447753906
29.1484375,953.749267578125,28.688331604003906
29.1640625,953.6361694335938,28.689796447753906
29.1796875,953.6172485351562,28.707809448242188
29.1953125,953.6919555664062,28.71479034423828
29.2109375,953.5467529296875,28.71221923828125
29.2265625,953.4813842773438,28.728378295898438
29.2421875,953.64013671875,28.72801971435547
29.2578125,953.4708862304688,28.7320556640625
29.2734375,953.5233154296875,28.744186401367188
29.2890625,953.6315307617188,28.744918823242188
29.3046875,953.5353393554688,28.753379821777344
29.3203125,953.7322387695312,28.788284301757812
29.3359375,953.5965576171875,28.775787353515625
29.3515625,953.5450439453125,28.775787353515625
29.3671875,953.57373046875,28.804824829101562
29.3828125,953.5447998046875,28.811805725097656
29.3984375,953.421875,28.81915283203125
29.4140625,953.4853515625,28.834213256835938
29.4296875,953.5107421875,28.833114624023438
29.4453125,953.4132690429688,28.832008361816406
29.4609375,953.4652099609375,28.842300415039062
29.4765625,953.4620361328125,28.85405731201172
29.4921875,953.5335693359375,28.867286682128906
29.5078125,953.3563232421875,28.865455627441406
29.5234375,953.4415283203125,28.874649047851562
29.5390625,953.4806518554688,28.88750457763672
29.5546875,953.4365234375,28.894851684570312
29.5703125,953.4055786132812,28.903671264648438
29.5859375,953.3826293945312,28.914337158203125
29.6015625,953.3029174804688,28.915435791015625
29.6171875,953.3102416992188,28.917999267578125
29.6328125,953.2794189453125,28.937118530273438
29.6484375,953.2914428710938,28.9415283203125
29.6640625,953.2745971679688,28.953277587890625
29.6796875,953.26318359375,28.954025268554688
29.6953125,953.2745971679688,28.94189453125
29.7109375,953.2633666992188,28.955123901367188
29.7265625,953.2526245117188,28.954383850097656
29.7421875,953.2514038085938,28.954383850097656
29.7578125,953.253173828125,28.950714111328125
29.7734375,953.2539672851562,28.9444580078125
29.7890625,953.2515258789062,28.952178955078125
29.8046875,953.2642822265625,28.95806121826172
29.8203125,953.2505493164062,28.945205688476562
29.8359375,953.2557373046875,28.937118530273438
29.8515625,953.2579345703125,28.948867797851562
29.8671875,953.2537841796875,28.930130004882812
29.8828125,953.2601928710938,28.928298950195312
29.8984375,953.2421875,28.917999267578125
29.9140625,953.2465209960938,28.90955352783203
29.9296875,953.2551879882812,28.9073486328125
29.9453125,953.2526245117188,28.900733947753906
29.9609375,953.2365112304688,28.884925842285156
29.9765625,953.2444458007812,28.884201049804688
29.9921875,953.2431030273438,28.879417419433594
30.0078125,953.2373046875,28.87059783935547
30.0234375,953.23046875,28.8739013671875
30.0390625,953.2421875,28.863250732421875
30.0546875,953.2369384765625,28.85590362548828
30.0703125,953.2402954101562,28.85333251953125
30.0859375,953.2521362304688,28.85295867919922
30.1015625,953.2430419921875,28.843406677246094
30.1171875,953.2456665039062,28.840103149414062
30.1328125,953.2400512695312,28.840103149414062
30.1484375,953.245361328125,28.8367919921875
30.1640625,953.2384033203125,28.827598571777344
30.1796875,953.237548828125,28.82135772705078
30.1953125,953.244140625,28.821731567382812
30.2109375,953.235107421875,28.827598571777344
30.2265625,953.2417602539062,28.81915283203125
30.2421875,953.2396850585938,28.81915283203125
30.2578125,953.2378540039062,28.81732177734375
30.2734375,953.2322998046875,28.81915283203125
30.2890625,953.2378540039062,28.81915283203125
30.3046875,953.2553100585938,28.806297302246094
30.3203125,953.2354736328125,28.789382934570312
30.3359375,953.238037109375,28.789382934570312
30.3515625,953.2409057617188,28.790863037109375
30.3671875,953.2453002929688,28.775787353515625
30.3828125,953.2420043945312,28.759994506835938
30.3984375,953.2135009765625,28.775787353515625
30.4140625,953.2389526367188,28.761825561523438
30.4296875,953.2406005859375,28.751907348632812
30.4453125,953.2372436523438,28.74565887451172
30.4609375,953.232421875,28.74897003173828
30.4765625,953.2333984375,28.75263214111328
30.4921875,953.2313232421875,28.760353088378906
30.5078125,953.2405395507812,28.739402770996094
30.5234375,953.2156982421875,28.727645874023438
30.5390625,953.2252807617188,28.739402770996094
30.5546875,953.2216186523438,28.74639129638672
30.5703125,953.2384643554688,28.735366821289062
30.5859375,953.235595703125,28.722869873046875
30.6015625,953.23974609375,28.722511291503906
30.6171875,953.2307739257812,28.722869873046875
30.6328125,953.2271728515625,28.722869873046875
30.6484375,953.2385864257812,28.71148681640625
30.6640625,953.2631225585938,28.719200134277344
30.6796875,953.3410034179688,28.71479034423828
30.6953125,953.4385986328125,28.703025817871094
30.7109375,953.4906005859375,28.703399658203125
30.7265625,953.487060546875,28.708175659179688
30.7421875,953.2843017578125,28.707077026367188
30.7578125,953.44677734375,28.703025817871094
30.7734375,953.4864501953125,28.686859130859375
30.7890625,953.6329956054688,28.705596923828125
30.8046875,953.31396484375,28.704498291015625
30.8203125,953.71240234375,28.708175659179688
30.8359375,953.6530151367188,28.701919555664062
30.8515625,953.5592041015625,28.69715118408203
30.8671875,953.6525268554688,28.708175659179688
30.8828125,953.447998046875,28.69715118408203
30.8984375,953.4661254882812,28.715896606445312
30.9140625,953.2838745117188,28.719932556152344
30.9296875,953.5220947265625,28.71479034423828
30.9453125,953.3751831054688,28.708908081054688
30.9609375,953.522216796875,28.72801971435547
30.9765625,953.4661254882812,28.7298583984375
30.9921875,953.5267944335938,28.7298583984375
31.0078125,953.5440673828125,28.73242950439453
31.0234375,953.46240234375,28.739402770996094
31.0390625,953.37109375,28.74565887451172
31.0546875,953.41357421875,28.753379821777344
31.0703125,953.3408203125,28.774322509765625
31.0859375,953.3255004882812,28.76329803466797
31.1015625,953.271240234375,28.7655029296875
31.1171875,953.3245849609375,28.776153564453125
31.1328125,953.3095703125,28.773956298828125
31.1484375,953.2854614257812,28.76476287841797
31.1640625,953.2630004882812,28.774681091308594
31.1796875,953.2490234375,28.770645141601562
