# Time (seconds),Pressure,Temp
0.0078125,957.5592041015625,28.687957763671875
0.0234375,957.5530395507812,28.692367553710938
0.0390625,957.5487060546875,28.69715118408203
0.0546875,957.5467529296875,28.69715118408203
0.0703125,957.5586547851562,28.697509765625
0.0859375,957.5587158203125,28.69715118408203
0.1015625,957.5574951171875,28.701560974121094
0.1171875,957.5734252929688,28.69420623779297
0.1328125,957.5631713867188,28.693099975585938
0.1484375,957.567138671875,28.701187133789062
0.1640625,957.5637817382812,28.69715118408203
0.1796875,957.5658569335938,28.702667236328125
0.1953125,957.5616455078125,28.701187133789062
0.2109375,957.5614624023438,28.703025817871094
0.2265625,957.5485229492188,28.705230712890625
0.2421875,957.5558471679688,28.69347381591797
0.2578125,957.5672607421875,28.693099975585938
0.2734375,957.5444946289062,28.692367553710938
0.2890625,957.5540161132812,28.687957763671875
0.3046875,957.5452270507812,28.69715118408203
0.3203125,957.5479736328125,28.707809448242188
0.3359375,957.5597534179688,28.69715118408203
0.3515625,957.552734375,28.69715118408203
0.3671875,957.5360717773438,28.69715118408203
0.3828125,957.5569458007812,28.701187133789062
0.3984375,957.5559692382812,28.69861602783203
0.4140625,957.5546875,28.708908081054688
0.4296875,957.5490112304688,28.698989868164062
0.4453125,957.5635986328125,28.710739135742188
0.4609375,957.55224609375,28.700820922851562
0.4765625,957.5537109375,28.683921813964844
0.4921875,957.560302734375,28.69677734375
0.5078125,957.5478515625,28.704872131347656
0.5234375,957.5552978515625,28.709640502929688
0.5390625,957.5491333007812,28.701919555664062
0.5546875,957.5686645507812,28.69715118408203
0.5703125,957.567626953125,28.701187133789062
0.5859375,957.541748046875,28.710006713867188
0.6015625,957.5557861328125,28.701560974121094
0.6171875,957.5596923828125,28.701919555664062
0.6328125,957.549560546875,28.708908081054688
0.6484375,957.5747680664062,28.71221923828125
0.6640625,957.5494384765625,28.707077026367188
0.6796875,957.555419921875,28.701187133789062
0.6953125,957.56201171875,28.69420623779297
0.7109375,957.5589599609375,28.707077026367188
0.7265625,957.5537109375,28.708908081054688
0.7421875,957.5545043945312,28.701187133789062
0.7578125,957.541748046875,28.6964111328125
0.7734375,957.5347290039062,28.71184539794922
0.7890625,957.5648193359375,28.69347381591797
0.8046875,957.5439453125,28.697509765625
0.8203125,957.559814453125,28.69384765625
0.8359375,957.5565185546875,28.697509765625
0.8515625,957.5550537109375,28.701919555664062
0.8671875,957.557861328125,28.707809448242188
0.8828125,957.5418701171875,28.708175659179688
0.8984375,957.5597534179688,28.701919555664062
0.9140625,957.5639038085938,28.69605255126953
0.9296875,957.554443359375,28.708175659179688
0.9453125,957.5657348632812,28.708534240722656
0.9609375,957.5425415039062,28.701560974121094
0.9765625,957.5573120117188,28.701187133789062
0.9921875,957.5477294921875,28.71479034423828
1.0078125,957.5478515625,28.707809448242188
1.0234375,957.5556030273438,28.700462341308594
1.0390625,957.56201171875,28.703025817871094
1.0546875,957.5497436523438,28.69715118408203
1.0703125,957.5574951171875,28.69347381591797
1.0859375,957.52734375,28.700462341308594
1.1015625,957.5559692382812,28.6964111328125
1.1171875,957.5556030273438,28.69715118408203
1.1328125,957.57177734375,28.701187133789062
1.1484375,957.5291748046875,28.71552276611328
1.1640625,957.5574951171875,28.701187133789062
1.1796875,957.5595703125,28.701560974121094
1.1953125,957.5376586914062,28.688331604003906
1.2109375,957.5518798828125,28.69420623779297
1.2265625,957.5518798828125,28.687957763671875
1.2421875,957.5482788085938,28.69164276123047
1.2578125,957.5462036132812,28.701187133789062
1.2734375,957.5327758789062,28.701919555664062
1.2890625,957.5543823242188,28.701187133789062
1.3046875,957.5590209960938,28.701919555664062
1.3203125,957.557861328125,28.69420623779297
1.3359375,957.5673217773438,28.71258544921875
1.3515625,957.5762329101562,28.683921813964844
1.3671875,957.5347290039062,28.688331604003906
1.3828125,957.5482788085938,28.697509765625
1.3984375,957.5687866210938,28.692367553710938
1.4140625,957.5570068359375,28.674728393554688
1.4296875,957.5552368164062,28.683547973632812
1.4453125,957.5543823242188,28.67913818359375
1.4609375,957.559814453125,28.683921813964844
1.4765625,957.5335083007812,28.686126708984375
1.4921875,957.545654296875,28.69420623779297
1.5078125,957.5452880859375,28.687957763671875
1.5234375,957.5458374023438,28.67913818359375
1.5390625,957.559814453125,28.680618286132812
1.5546875,957.5307006835938,28.693099975585938
1.5703125,957.5582885742188,28.692367553710938
1.5859375,957.5444946289062,28.683547973632812
1.6015625,957.532958984375,28.687957763671875
1.6171875,957.5338745117188,28.681716918945312
1.6328125,957.5374755859375,28.687957763671875
1.6484375,957.5648803710938,28.69384765625
1.6640625,957.5457763671875,28.691268920898438
1.6796875,957.5514526367188,28.67913818359375
1.6953125,957.5556640625,28.692367553710938
1.7109375,957.5582885742188,28.692367553710938
1.7265625,957.55224609375,28.69605255126953
1.7421875,957.5573120117188,28.683921813964844
1.7578125,957.5513916015625,28.689796447753906
1.7734375,957.5484008789062,28.686126708984375
1.7890625,957.5545654296875,28.69420623779297
1.8046875,957.5578002929688,28.682449340820312
1.8203125,957.587646484375,28.69164276123047
1.8359375,957.595703125,28.687591552734375
1.8515625,957.588623046875,28.688331604003906
1.8671875,957.5958862304688,28.687957763671875
1.8828125,957.6119995117188,28.683921813964844
1.8984375,957.619873046875,28.674728393554688
1.9140625,957.6315307617188,28.687957763671875
1.9296875,957.7031860351562,28.683547973632812
1.9453125,957.6920166015625,28.674728393554688
1.9609375,957.6987915039062,28.683547973632812
1.9765625,957.6585693359375,28.665184020996094
1.9921875,957.812255859375,28.67841339111328
2.0078125,957.7444458007812,28.67400360107422
2.0234375,957.6934204101562,28.67583465576172
2.0390625,957.6906127929688,28.66260528564453
2.0546875,957.7470092773438,28.666641235351562
2.0703125,957.722412109375,28.6611328125
2.0859375,957.7416381835938,28.66260528564453
2.1015625,957.7083129882812,28.657821655273438
2.1171875,957.7466430664062,28.650482177734375
2.1328125,957.6868286132812,28.64166259765625
2.1484375,957.6812133789062,28.646438598632812
2.1640625,957.663818359375,28.64128875732422
2.1796875,957.5900268554688,28.636520385742188
2.1953125,957.6903076171875,28.6251220703125
2.2109375,957.7081909179688,28.6258544921875
2.2265625,957.7177734375,28.61042022705078
2.2421875,957.6060180664062,28.62291717529297
2.2578125,957.6066284179688,28.603073120117188
2.2734375,957.6292114257812,28.595726013183594
2.2890625,957.6152954101562,28.603073120117188
2.3046875,957.6286010742188,28.589111328125
2.3203125,957.6784057617188,28.583229064941406
2.3359375,957.60693359375,28.5880126953125
2.3515625,957.607421875,28.563758850097656
2.3671875,957.6253051757812,28.57330322265625
2.3828125,957.65185546875,28.563758850097656
2.3984375,957.6109008789062,28.5556640625
2.4140625,957.6239013671875,28.558242797851562
2.4296875,957.6329956054688,28.542434692382812
2.4453125,957.6171875,28.548683166503906
2.4609375,957.6033935546875,28.545013427734375
2.4765625,957.6270141601562,28.527374267578125
2.4921875,957.6574096679688,28.531417846679688
2.5078125,957.6434936523438,28.52332305908203
2.5234375,957.692138671875,28.525169372558594
2.5390625,957.642333984375,28.50238037109375
2.5546875,957.6685180664062,28.50568389892578
2.5703125,957.6320190429688,28.506431579589844
2.5859375,957.6552734375,28.497970581054688
2.6015625,957.6895751953125,28.49981689453125
2.6171875,957.7904663085938,28.50274658203125
2.6328125,957.6197509765625,28.48694610595703
2.6484375,957.6329956054688,28.492828369140625
2.6640625,957.7075805664062,28.47997283935547
2.6796875,957.6638793945312,28.47040557861328
2.6953125,957.6909790039062,28.460487365722656
2.7109375,957.6738891601562,28.460128784179688
2.7265625,957.6410522460938,28.454238891601562
2.7421875,957.6410522460938,28.457550048828125
2.7578125,957.5729370117188,28.44873046875
2.7734375,957.6471557617188,28.44835662841797
2.7890625,957.6942138671875,28.44469451904297
2.8046875,957.7908935546875,28.439910888671875
2.8203125,957.755859375,28.423744201660156
2.8359375,957.7470703125,28.42815399169922
2.8515625,957.695068359375,28.423744201660156
2.8671875,957.7113647460938,28.422645568847656
2.8828125,957.710693359375,28.418594360351562
2.8984375,957.6900024414062,28.41162109375
2.9140625,957.7369995117188,28.415283203125
2.9296875,957.7540283203125,28.415283203125
2.9453125,957.7313842773438,28.392501831054688
2.9609375,957.7594604492188,28.40941619873047
2.9765625,957.6831665039062,28.388465881347656
2.9921875,957.7852783203125,28.392501831054688
3.0078125,957.7648315429688,28.39177703857422
3.0234375,957.7863159179688,28.378173828125
3.0390625,957.7294921875,28.387725830078125
3.0546875,957.732177734375,28.391029357910156
3.0703125,957.6807861328125,28.3792724609375
3.0859375,957.7247924804688,28.37523651123047
3.1015625,957.6636352539062,28.372665405273438
3.1171875,957.6866455078125,28.367149353027344
3.1328125,957.7176513671875,28.371559143066406
3.1484375,957.71875,28.351715087890625
3.1640625,957.7483520507812,28.369354248046875
3.1796875,957.721435546875,28.365676879882812
3.1953125,957.6918334960938,28.36090850830078
3.2109375,957.6663818359375,28.348403930664062
3.2265625,957.690185546875,28.33995819091797
3.2421875,957.7500610351562,28.339218139648438
3.2578125,957.7262573242188,28.314964294433594
3.2734375,957.7177734375,28.32708740234375
3.2890625,957.6820678710938,28.335174560546875
3.3046875,957.7012939453125,28.32598876953125
3.3203125,957.7177124023438,28.3087158203125
3.3359375,957.7464599609375,28.32746124267578
3.3515625,957.7030029296875,28.32378387451172
3.3671875,957.6728515625,28.3087158203125
3.3828125,957.962646484375,28.3087158203125
3.3984375,957.8201904296875,28.299896240234375
3.4140625,957.7091674804688,28.295486450195312
3.4296875,957.7492065429688,28.313858032226562
3.4453125,957.6801147460938,28.299530029296875
3.4609375,957.70849609375,28.302833557128906
3.4765625,957.7374267578125,28.295120239257812
3.4921875,957.7081298828125,28.299171447753906
3.5078125,957.6334228515625,28.29035186767578
3.5234375,957.6820068359375,28.275650024414062
3.5390625,957.7322998046875,28.297325134277344
3.5546875,957.7827758789062,28.28594207763672
3.5703125,957.7559814453125,28.279685974121094
3.5859375,957.6981811523438,28.263893127441406
3.6015625,957.6680908203125,28.271240234375
3.6171875,957.71826171875,28.263893127441406
3.6328125,957.7997436523438,28.259109497070312
3.6484375,957.705078125,28.259109497070312
3.6640625,957.712890625,28.269027709960938
3.6796875,957.691162109375,28.260581970214844
3.6953125,957.694580078125,28.25322723388672
3.7109375,957.6819458007812,28.262420654296875
3.7265625,957.66796875,28.251022338867188
3.7421875,957.7185668945312,28.25249481201172
3.7578125,957.7467651367188,28.262420654296875
3.7734375,957.67919921875,28.257278442382812
3.7890625,957.7282104492188,28.244407653808594
3.8046875,957.73583984375,28.251388549804688
3.8203125,957.662109375,28.237060546875
3.8359375,957.6766967773438,28.23668670654297
3.8515625,957.861328125,28.257278442382812
3.8671875,957.7674560546875,28.24109649658203
3.8828125,957.677734375,28.227142333984375
3.8984375,957.7156982421875,28.233383178710938
3.9140625,957.6692504882812,28.229339599609375
3.9296875,957.7283325195312,28.22125244140625
3.9453125,957.7091064453125,28.231552124023438
3.9609375,957.6713256835938,28.226409912109375
3.9765625,957.6643676757812,28.225303649902344
3.9921875,957.6397705078125,28.227142333984375
4.0078125,957.6674194335938,28.22089385986328
4.0234375,957.6156005859375,28.228240966796875
4.0390625,957.8009643554688,28.22089385986328
4.0546875,957.6596069335938,28.213912963867188
4.0703125,957.6517944335938,28.22089385986328
4.0859375,957.6495361328125,28.21942138671875
4.1015625,957.6666259765625,28.21794891357422
4.1171875,957.6401977539062,28.2025146484375
4.1328125,957.6326904296875,28.22015380859375
4.1484375,957.6290893554688,28.21794891357422
4.1640625,957.6133422851562,28.207664489746094
4.1796875,957.623779296875,28.20325469970703
4.1953125,957.6292114257812,28.20325469970703
4.2109375,957.6095581054688,28.2025146484375
4.2265625,957.6005249023438,28.204360961914062
4.2421875,957.6126098632812,28.212806701660156
4.2578125,957.6117553710938,28.18487548828125
4.2734375,957.5987548828125,28.195899963378906
4.2890625,957.596923828125,28.199951171875
4.3046875,957.5890502929688,28.207290649414062
4.3203125,957.5950317382812,28.190025329589844
4.3359375,957.6028442382812,28.2010498046875
4.3515625,957.5921020507812,28.20140838623047
4.3671875,957.58740234375,28.20068359375
4.3828125,957.5938720703125,28.206924438476562
4.3984375,957.5921020507812,28.20068359375
4.4140625,957.59326171875,28.19774627685547
4.4296875,957.6085205078125,28.206565856933594
4.4453125,957.5962524414062,28.188552856445312
4.4609375,957.5919799804688,28.2025146484375
4.4765625,957.6035766601562,28.192230224609375
4.4921875,957.5883178710938,28.204360961914062
4.5078125,957.5858154296875,28.20215606689453
4.5234375,957.6060180664062,28.19774627685547
4.5390625,957.5745239257812,28.2017822265625
4.5546875,957.5850830078125,28.197372436523438
4.5703125,957.5737915039062,28.2025146484375
4.5859375,957.5975341796875,28.2017822265625
4.6015625,957.57373046875,28.210601806640625
4.6171875,957.5901489257812,28.206924438476562
4.6328125,957.5855102539062,28.2017822265625
4.6484375,957.5742797851562,28.20398712158203
4.6640625,957.5745239257812,28.20581817626953
4.6796875,957.5896606445312,28.214637756347656
4.6953125,957.6017456054688,28.209503173828125
4.7109375,957.5821533203125,28.198104858398438
4.7265625,957.5840454101562,28.20361328125
4.7421875,957.5714721679688,28.20325469970703
4.7578125,957.5690307617188,28.22089385986328
4.7734375,957.6000366210938,28.224929809570312
4.7890625,957.5771484375,28.21904754638672
4.8046875,957.5736694335938,28.227142333984375
4.8203125,957.5785522460938,28.21832275390625
4.8359375,957.575927734375,28.22015380859375
4.8515625,957.5523071289062,28.234481811523438
4.8671875,957.5918579101562,28.227867126464844
4.8828125,957.5792236328125,28.23668670654297
4.8984375,957.587890625,28.226036071777344
4.9140625,957.5946044921875,28.227142333984375
4.9296875,957.566162109375,28.231552124023438
4.9453125,957.5718383789062,28.247352600097656
4.9609375,957.5889892578125,28.226036071777344
4.9765625,957.5760498046875,28.23779296875
4.9921875,957.5712890625,28.232650756835938
5.0078125,957.5553588867188,28.251388549804688
5.0234375,957.5673828125,28.244781494140625
5.0390625,957.5802612304688,28.244407653808594
5.0546875,957.5731811523438,28.25653076171875
5.0703125,957.5851440429688,28.247352600097656
5.0859375,957.5770263671875,28.251022338867188
5.1015625,957.5941162109375,28.261314392089844
5.1171875,957.5927734375,28.244781494140625
5.1328125,957.591064453125,28.258377075195312
5.1484375,957.578125,28.251022338867188
5.1640625,957.5737915039062,28.25322723388672
5.1796875,957.568115234375,28.266098022460938
5.1953125,957.565185546875,28.25469970703125
5.2109375,957.5740966796875,28.264251708984375
5.2265625,957.5751342773438,28.260581970214844
5.2421875,957.5747680664062,28.25249481201172
5.2578125,957.5787963867188,28.25249481201172
5.2734375,957.5770263671875,28.25176239013672
5.2890625,957.5726928710938,28.274917602539062
5.3046875,957.566162109375,28.2723388671875
5.3203125,957.5795288085938,28.262786865234375
5.3359375,957.5707397460938,28.269027709960938
5.3515625,957.5708618164062,28.274917602539062
5.3671875,957.5595092773438,28.28924560546875
5.3828125,957.5562133789062,28.287399291992188
5.3984375,957.5774536132812,28.27637481689453
5.4140625,957.5662841796875,28.292556762695312
5.4296875,957.561279296875,28.278953552246094
5.4453125,957.5538940429688,28.285568237304688
5.4609375,957.5820922851562,28.279685974121094
5.4765625,957.583251953125,28.293289184570312
5.4921875,957.5732421875,28.278579711914062
5.5078125,957.5718383789062,28.293289184570312
5.5234375,957.561279296875,28.29107666015625
5.5390625,957.5826416015625,28.29107666015625
5.5546875,957.56591796875,28.297325134277344
5.5703125,957.5784301757812,28.28887939453125
5.5859375,957.5609130859375,28.295120239257812
5.6015625,957.5782470703125,28.3057861328125
5.6171875,957.5792236328125,28.293289184570312
5.6328125,957.5732421875,28.300270080566406
5.6484375,957.563232421875,28.295486450195312
5.6640625,957.581298828125,28.316810607910156
5.6796875,957.5650024414062,28.29401397705078
5.6953125,957.5726928710938,28.294761657714844
5.7109375,957.5829467773438,28.302833557128906
5.7265625,957.5735473632812,28.303939819335938
5.7421875,957.5838623046875,28.287399291992188
5.7578125,957.56201171875,28.301002502441406
5.7734375,957.5692749023438,28.294761657714844
5.7890625,957.5781860351562,28.313858032226562
5.8046875,957.5700073242188,28.317535400390625
5.8203125,957.5673828125,28.30467987060547
5.8359375,957.5661010742188,28.302833557128906
5.8515625,957.5735473632812,28.30908966064453
5.8671875,957.5712890625,28.295120239257812
5.8828125,957.5615234375,28.316062927246094
5.8984375,957.5791015625,28.3087158203125
5.9140625,957.5735473632812,28.3087158203125
5.9296875,957.5748291015625,28.315704345703125
5.9453125,957.5665283203125,28.32746124267578
5.9609375,957.5630493164062,28.318267822265625
5.9765625,957.5721435546875,28.310195922851562
5.9921875,957.583251953125,28.319747924804688
6.0078125,957.575927734375,28.316436767578125
6.0234375,957.5529174804688,28.310195922851562
6.0390625,957.5587768554688,28.314964294433594
6.0546875,957.5587768554688,28.312026977539062
6.0703125,957.5607299804688,28.29218292236328
6.0859375,957.564208984375,28.3076171875
6.1015625,957.55810546875,28.304306030273438
6.1171875,957.5577392578125,28.314231872558594
6.1328125,957.567626953125,28.310195922851562
6.1484375,957.56005859375,28.314964294433594
6.1640625,957.5748291015625,28.313499450683594
6.1796875,957.5753173828125,28.32305145263672
6.1953125,957.5672607421875,28.3094482421875
6.2109375,957.569580078125,28.313858032226562
6.2265625,957.56396484375,28.330039978027344
6.2421875,957.5650634765625,28.330039978027344
6.2578125,957.5596923828125,28.314964294433594
6.2734375,957.5670776367188,28.32598876953125
6.2890625,957.5658569335938,28.317535400390625
6.3046875,957.5531005859375,28.3087158203125
6.3203125,957.5634765625,28.330398559570312
6.3359375,957.5751953125,28.319374084472656
6.3515625,957.5700073242188,28.317909240722656
6.3671875,957.5667724609375,28.310195922851562
6.3828125,957.56005859375,28.32452392578125
6.3984375,957.5673828125,28.32342529296875
6.4140625,957.5643310546875,28.32672882080078
6.4296875,957.5557861328125,28.319374084472656
6.4453125,957.5514526367188,28.321578979492188
6.4609375,957.5581665039062,28.317909240722656
6.4765625,957.56201171875,28.32635498046875
6.4921875,957.5658569335938,28.32708740234375
6.5078125,957.55224609375,28.330398559570312
6.5234375,957.563232421875,28.319015502929688
6.5390625,957.5519409179688,28.330039978027344
6.5546875,957.5590209960938,28.317535400390625
6.5703125,957.5584106445312,28.328933715820312
6.5859375,957.5559692382812,28.330039978027344
6.6015625,957.565673828125,28.32452392578125
6.6171875,957.5608520507812,28.32635498046875
6.6328125,957.5586547851562,28.338111877441406
6.6484375,957.5516357421875,28.330039978027344
6.6640625,957.5525512695312,28.329666137695312
6.6796875,957.56787109375,28.32231903076172
6.6953125,957.5577392578125,28.333343505859375
6.7109375,957.546875,28.322677612304688
6.7265625,957.5708618164062,28.335174560546875
6.7421875,957.5595092773438,28.32598876953125
6.7578125,957.5503540039062,28.32708740234375
6.7734375,957.5569458007812,28.331138610839844
6.7890625,957.5466918945312,28.3428955078125
6.8046875,957.5633544921875,28.32708740234375
6.8203125,957.5569458007812,28.330764770507812
6.8359375,957.5817260742188,28.34583282470703
6.8515625,957.577880859375,28.339218139648438
6.8671875,957.6064453125,28.355392456054688
6.8828125,957.5770874023438,28.348037719726562
6.8984375,957.5531005859375,28.3436279296875
6.9140625,957.6200561523438,28.339218139648438
6.9296875,957.596923828125,28.338485717773438
6.9453125,957.5885009765625,28.3421630859375
6.9609375,957.6025390625,28.33995819091797
6.9765625,957.6172485351562,28.32598876953125
6.9921875,957.6134033203125,28.32746124267578
7.0078125,957.5254516601562,28.34252166748047
7.0234375,957.5949096679688,28.33995819091797
7.0390625,957.60302734375,28.32452392578125
7.0546875,957.61328125,28.335906982421875
7.0703125,957.5911254882812,28.32672882080078
7.0859375,957.5491943359375,28.32819366455078
7.1015625,957.6143798828125,28.32708740234375
7.1171875,957.6248779296875,28.331138610839844
7.1328125,957.5866088867188,28.32305145263672
7.1484375,957.5923461914062,28.328933715820312
7.1640625,957.5874633789062,28.312026977539062
7.1796875,957.587646484375,28.312759399414062
7.1953125,957.5645141601562,28.314964294433594
7.2109375,957.630859375,28.312026977539062
7.2265625,957.6007080078125,28.310195922851562
7.2421875,957.6261596679688,28.3087158203125
7.2578125,957.6111450195312,28.313858032226562
7.2734375,957.552001953125,28.3057861328125
7.2890625,957.6024780273438,28.301002502441406
7.3046875,957.6032104492188,28.296592712402344
7.3203125,957.6158447265625,28.294761657714844
7.3359375,957.5721435546875,28.295486450195312
7.3515625,957.6295166015625,28.297325134277344
7.3671875,957.6069946289062,28.27527618408203
7.3828125,957.6328125,28.29107666015625
7.3984375,957.6272583007812,28.274917602539062
7.4140625,957.5833129882812,28.278579711914062
7.4296875,957.5921020507812,28.283363342285156
7.4453125,957.5388793945312,28.279685974121094
7.4609375,957.5867919921875,28.267929077148438
7.4765625,957.632080078125,28.27381134033203
7.4921875,957.5922241210938,28.274917602539062
7.5078125,957.5619506835938,28.274917602539062
7.5234375,957.558349609375,28.264251708984375
7.5390625,957.5751342773438,28.266098022460938
7.5546875,957.614013671875,28.269027709960938
7.5703125,957.58154296875,28.2716064453125
7.5859375,957.5592041015625,28.249916076660156
7.6015625,957.6279296875,28.25579833984375
7.6171875,957.5773315429688,28.25469970703125
7.6328125,957.5896606445312,28.251022338867188
7.6484375,957.5952758789062,28.251388549804688
7.6640625,957.5941772460938,28.242942810058594
7.6796875,957.6194458007812,28.232650756835938
7.6953125,957.5874633789062,28.229713439941406
7.7109375,957.616943359375,28.2359619140625
7.7265625,957.6038208007812,28.232650756835938
7.7421875,957.6060180664062,28.224563598632812
7.7578125,957.591552734375,28.226409912109375
7.7734375,957.6119384765625,28.207664489746094
7.7890625,957.5927734375,28.214279174804688
7.8046875,957.6058959960938,28.214279174804688
7.8203125,957.6100463867188,28.20325469970703
7.8359375,957.5947265625,28.198471069335938
7.8515625,957.5924072265625,28.195899963378906
7.8671875,957.5796508789062,28.211334228515625
7.8828125,957.6055908203125,28.209503173828125
7.8984375,957.5911254882812,28.199203491210938
7.9140625,957.5806274414062,28.212806701660156
7.9296875,957.6206665039062,28.20581817626953
7.9453125,957.594970703125,28.214637756347656
7.9609375,957.6119384765625,28.199951171875
7.9765625,957.624755859375,28.208396911621094
7.9921875,957.6024169921875,28.194435119628906
8.0078125,957.6194458007812,28.190383911132812
8.0234375,957.5707397460938,28.18524169921875
8.0390625,957.6089477539062,28.20215606689453
8.0546875,957.6232299804688,28.188552856445312
8.0703125,957.6295166015625,28.18376922607422
8.0859375,957.6046752929688,28.192230224609375
8.1015625,957.6192626953125,28.196273803710938
8.1171875,957.602294921875,28.186721801757812
8.1328125,957.6002197265625,28.18634796142578
8.1484375,957.6180419921875,28.179733276367188
8.1640625,957.6180419921875,28.18561553955078
8.1796875,957.6119995117188,28.174591064453125
8.1953125,957.6245727539062,28.18561553955078
8.2109375,957.6465454101562,28.179359436035156
8.2265625,957.5809936523438,28.18267059326172
8.2421875,957.6438598632812,28.187454223632812
8.2578125,957.6157836914062,28.171646118164062
8.2734375,957.6571044921875,28.171287536621094
8.2890625,957.6075439453125,28.17053985595703
8.3046875,957.6128540039062,28.181564331054688
8.3203125,957.608642578125,28.179733276367188
8.3359375,957.6085205078125,28.179000854492188
8.3515625,957.6036376953125,28.1683349609375
8.3671875,957.6478881835938,28.16503143310547
8.3828125,957.6152954101562,28.16687774658203
8.3984375,957.6142578125,28.17053985595703
8.4140625,957.5997314453125,28.16687774658203
8.4296875,957.6459350585938,28.17053985595703
8.4453125,957.6128540039062,28.159889221191406
8.4609375,957.615966796875,28.163925170898438
8.4765625,957.5919799804688,28.155105590820312
8.4921875,957.6434936523438,28.153648376464844
8.5078125,957.615966796875,28.156211853027344
8.5234375,957.6215209960938,28.154373168945312
8.5390625,957.603515625,28.16503143310547
8.5546875,957.6010131835938,28.155105590820312
8.5703125,957.6214599609375,28.153648376464844
8.5859375,957.6505126953125,28.155105590820312
8.6015625,957.6149291992188,28.14592742919922
8.6171875,957.6616821289062,28.140777587890625
8.6328125,957.6593627929688,28.14886474609375
8.6484375,957.6035766601562,28.140777587890625
8.6640625,957.6200561523438,28.140777587890625
8.6796875,957.6116943359375,28.14813232421875
8.6953125,957.6368408203125,28.141517639160156
8.7109375,957.6171875,28.14996337890625
8.7265625,957.6382446289062,28.15290069580078
8.7421875,957.6272583007812,28.144081115722656
8.7578125,957.64599609375,28.140777587890625
8.7734375,957.623046875,28.136367797851562
8.7890625,957.6267700195312,28.14592742919922
8.8046875,957.64208984375,28.16503143310547
8.8203125,957.6337890625,28.15290069580078
8.8359375,957.6320190429688,28.144454956054688
8.8515625,957.6287231445312,28.14592742919922
8.8671875,957.6438598632812,28.142982482910156
8.8828125,957.63818359375,28.14665985107422
8.8984375,957.632568359375,28.127914428710938
8.9140625,957.623046875,28.136009216308594
8.9296875,957.6356811523438,28.145553588867188
8.9453125,957.6323852539062,28.140419006347656
8.9609375,957.630126953125,28.140419006347656
8.9765625,957.624755859375,28.126815795898438
8.9921875,957.61865234375,28.13416290283203
9.0078125,957.6158447265625,28.12718963623047
9.0234375,957.6276245117188,28.123504638671875
9.0390625,957.6171875,28.120574951171875
9.0546875,957.6239624023438,28.13343048095703
9.0703125,957.6181640625,28.12718963623047
9.0859375,957.6110229492188,28.143722534179688
9.1015625,957.6227416992188,28.140777587890625
9.1171875,957.6092529296875,28.13416290283203
9.1328125,957.6063232421875,28.136734008789062
9.1484375,957.6035766601562,28.140777587890625
9.1640625,957.6075439453125,28.13343048095703
9.1796875,957.5996704101562,28.123138427734375
9.1953125,957.5938720703125,28.1319580078125
9.2109375,957.6030883789062,28.12718963623047
9.2265625,957.5966186523438,28.126815795898438
9.2421875,957.6078491210938,28.121307373046875
9.2578125,957.6072998046875,28.123138427734375
9.2734375,957.6099243164062,28.12828826904297
9.2890625,957.5872192382812,28.126083374023438
9.3046875,957.5929565429688,28.124984741210938
9.3203125,957.585693359375,28.117996215820312
9.3359375,957.59521484375,28.118370056152344
9.3515625,957.604736328125,28.12718963623047
9.3671875,957.60498046875,28.11541748046875
9.3828125,957.580078125,28.12718963623047
9.3984375,957.593017578125,28.12828826904297
9.4140625,957.5955200195312,28.126083374023438
9.4296875,957.6001586914062,28.122406005859375
9.4453125,957.5877685546875,28.123504638671875
9.4609375,957.5962524414062,28.11175537109375
9.4765625,957.585693359375,28.134536743164062
9.4921875,957.5991821289062,28.126815795898438
9.5078125,957.5929565429688,28.12718963623047
9.5234375,957.587158203125,28.140777587890625
9.5390625,957.5885009765625,28.141876220703125
9.5546875,957.5885620117188,28.13416290283203
9.5703125,957.59375,28.137840270996094
9.5859375,957.5834350585938,28.141517639160156
9.6015625,957.5968627929688,28.124984741210938
9.6171875,957.5958251953125,28.128646850585938
9.6328125,957.5985717773438,28.12718963623047
9.6484375,957.587158203125,28.13343048095703
9.6640625,957.5949096679688,28.126815795898438
9.6796875,957.5960083007812,28.127914428710938
9.6953125,957.5859985351562,28.12718963623047
9.7109375,957.5985107421875,28.12718963623047
9.7265625,957.59130859375,28.133804321289062
9.7421875,957.5919189453125,28.143722534179688
9.7578125,957.5994262695312,28.141876220703125
9.7734375,957.583251953125,28.141876220703125
9.7890625,957.5867919921875,28.13343048095703
9.8046875,957.5787963867188,28.126083374023438
9.8203125,957.5822143554688,28.139671325683594
9.8359375,957.5794067382812,28.140777587890625
9.8515625,957.583740234375,28.144454956054688
9.8671875,957.5840454101562,28.14813232421875
9.8828125,957.5850830078125,28.13343048095703
9.8984375,957.59912109375,28.14813232421875
9.9140625,957.5850830078125,28.143722534179688
9.9296875,957.5834350585938,28.143722534179688
9.9453125,957.5977172851562,28.143722534179688
9.9609375,957.5792236328125,28.141517639160156
9.9765625,957.5861206054688,28.141876220703125
9.9921875,957.5885620117188,28.124610900878906
10.0078125,957.5797729492188,28.142623901367188
10.0234375,957.5845336914062,28.14813232421875
10.0390625,957.5885620117188,28.138214111328125
10.0546875,957.5941162109375,28.141517639160156
10.0703125,957.5784301757812,28.126815795898438
10.0859375,957.5852661132812,28.14592742919922
10.1015625,957.5848388671875,28.14996337890625
10.1171875,957.5708618164062,28.128646850585938
10.1328125,957.5729370117188,28.143722534179688
10.1484375,957.5690307617188,28.143722534179688
10.1640625,957.5786743164062,28.142623901367188
10.1796875,957.5689697265625,28.12718963623047
10.1953125,957.5835571289062,28.143722534179688
10.2109375,957.5655517578125,28.140777587890625
10.2265625,957.565185546875,28.140777587890625
10.2421875,957.5628662109375,28.14996337890625
10.2578125,957.5690307617188,28.154373168945312
10.2734375,957.574951171875,28.145553588867188
10.2890625,957.563232421875,28.14996337890625
10.3046875,957.5792846679688,28.143356323242188
10.3203125,957.5834350585938,28.155105590820312
10.3359375,957.5845947265625,28.14592742919922
10.3515625,957.5819091796875,28.14996337890625
10.3671875,957.5792846679688,28.16246795654297
10.3828125,957.576904296875,28.15290069580078
10.3984375,957.5646362304688,28.155479431152344
10.4140625,957.569580078125,28.15290069580078
10.4296875,957.5771484375,28.163192749023438
10.4453125,957.568115234375,28.153274536132812
10.4609375,957.570068359375,28.157310485839844
10.4765625,957.5775756835938,28.15180206298828
10.4921875,957.5698852539062,28.154747009277344
10.5078125,957.5773315429688,28.14592742919922
10.5234375,957.5633544921875,28.15106964111328
10.5390625,957.5692749023438,28.16503143310547
10.5546875,957.5706176757812,28.163192749023438
10.5703125,957.5650634765625,28.1676025390625
10.5859375,957.5684814453125,28.158058166503906
10.6015625,957.5645141601562,28.1654052734375
10.6171875,957.575439453125,28.156211853027344
10.6328125,957.5643310546875,28.163192749023438
10.6484375,957.5609130859375,28.167236328125
10.6640625,957.5655517578125,28.1654052734375
10.6796875,957.5701293945312,28.173492431640625
10.6953125,957.57568359375,28.158058166503906
10.7109375,957.5717163085938,28.175323486328125
10.7265625,957.572265625,28.163192749023438
10.7421875,957.5484008789062,28.16356658935547
10.7578125,957.5775756835938,28.174591064453125
10.7734375,957.55615234375,28.17053985595703
10.7890625,957.5383911132812,28.154373168945312
10.8046875,957.5689697265625,28.158782958984375
10.8203125,957.5694580078125,28.176055908203125
10.8359375,957.5662841796875,28.158058166503906
10.8515625,957.5430908203125,28.1676025390625
10.8671875,957.555419921875,28.156211853027344
10.8828125,957.5631713867188,28.158782958984375
10.8984375,957.5479736328125,28.160621643066406
10.9140625,957.5725708007812,28.16650390625
10.9296875,957.5654296875,28.1646728515625
10.9453125,957.5682373046875,28.1646728515625
10.9609375,957.5776977539062,28.16356658935547
10.9765625,957.5853881835938,28.169815063476562
10.9921875,957.5764770507812,28.163925170898438
11.0078125,957.5806884765625,28.161720275878906
11.0234375,957.5809936523438,28.16687774658203
11.0390625,957.5820922851562,28.175323486328125
11.0546875,957.6008911132812,28.172012329101562
11.0703125,957.5862426757812,28.176055908203125
11.0859375,957.5764770507812,28.1676025390625
11.1015625,957.5785522460938,28.1654052734375
11.1171875,957.5784301757812,28.163192749023438
11.1328125,957.5883178710938,28.16429901123047
11.1484375,957.6194458007812,28.159515380859375
11.1640625,957.5635986328125,28.14592742919922
11.1796875,957.5961303710938,28.152542114257812
11.1953125,957.6312866210938,28.14886474609375
11.2109375,957.6286010742188,28.14996337890625
11.2265625,957.6066284179688,28.153648376464844
11.2421875,957.6201171875,28.14849090576172
11.2578125,957.5880126953125,28.14813232421875
11.2734375,957.6154174804688,28.15069580078125
11.2890625,957.6300048828125,28.13343048095703
11.3046875,957.5955200195312,28.14776611328125
11.3203125,957.5957641601562,28.13343048095703
11.3359375,957.6294555664062,28.13343048095703
11.3515625,957.6080322265625,28.12718963623047
11.3671875,957.5942993164062,28.127914428710938
11.3828125,957.6241455078125,28.120574951171875
11.3984375,957.6150512695312,28.123878479003906
11.4140625,957.5755004882812,28.119827270507812
11.4296875,957.6102294921875,28.123878479003906
11.4453125,957.6212768554688,28.11541748046875
11.4609375,957.6258544921875,28.119094848632812
11.4765625,957.6107788085938,28.0966796875
11.4921875,957.6329345703125,28.11175537109375
11.5078125,957.6373901367188,28.103668212890625
11.5234375,957.6151123046875,28.102935791015625
11.5390625,957.5901489257812,28.106239318847656
11.5546875,957.6350708007812,28.102188110351562
11.5703125,957.6490478515625,28.092269897460938
11.5859375,957.6176147460938,28.0966796875
11.6015625,957.6329345703125,28.092269897460938
11.6171875,957.602783203125,28.07683563232422
11.6328125,957.5988159179688,28.083091735839844
11.6484375,957.6161499023438,28.083450317382812
11.6640625,957.6459350585938,28.075729370117188
11.6796875,957.586669921875,28.07757568359375
11.6953125,957.6441040039062,28.06214141845703
11.7109375,957.6163940429688,28.067283630371094
11.7265625,957.5870971679688,28.07940673828125
11.7421875,957.622802734375,28.068389892578125
11.7578125,957.6312866210938,28.050750732421875
11.7734375,957.6270751953125,28.073898315429688
11.7890625,957.6389770507812,28.069114685058594
11.8046875,957.623046875,28.055160522460938
11.8203125,957.6144409179688,28.06214141845703
11.8359375,957.6372680664062,28.0606689453125
11.8515625,957.590576171875,28.048912048339844
11.8671875,957.6049194335938,28.04706573486328
11.8828125,957.5963745117188,28.054786682128906
11.8984375,957.64013671875,28.04706573486328
11.9140625,957.6005249023438,28.045608520507812
11.9296875,957.6314697265625,28.04302978515625
11.9453125,957.6245727539062,28.04706573486328
11.9609375,957.6160888671875,28.046340942382812
11.9765625,957.5997924804688,28.046340942382812
11.9921875,957.618896484375,28.04302978515625
12.0078125,957.6323852539062,28.038246154785156
12.0234375,957.6431884765625,28.02942657470703
12.0390625,957.6262817382812,28.035682678222656
12.0546875,957.6435546875,28.030174255371094
12.0703125,957.6078491210938,28.022811889648438
12.0859375,957.6286010742188,28.021713256835938
12.1015625,957.6135864257812,28.019149780273438
12.1171875,957.6275634765625,28.015838623046875
12.1328125,957.6474609375,28.015838623046875
12.1484375,957.6415405273438,28.014366149902344
12.1640625,957.6319580078125,28.010330200195312
12.1796875,957.60107421875,28.012535095214844
12.1953125,957.6204223632812,27.997100830078125
12.2109375,957.614013671875,27.995254516601562
12.2265625,957.625732421875,27.997459411621094
12.2421875,957.6630249023438,27.998931884765625
12.2578125,957.6267700195312,28.00592041015625
12.2734375,957.60546875,28.001869201660156
12.2890625,957.6497192382812,28.018043518066406
12.3046875,957.6471557617188,28.002967834472656
12.3203125,957.6349487304688,27.998199462890625
12.3359375,957.6409912109375,28.011062622070312
12.3515625,957.6309204101562,27.991943359375
12.3671875,957.6112060546875,27.995620727539062
12.3828125,957.6138916015625,27.982025146484375
12.3984375,957.6388549804688,27.987533569335938
12.4140625,957.6459350585938,27.9901123046875
12.4296875,957.5961303710938,27.981666564941406
12.4453125,957.628662109375,27.9893798828125
12.4609375,957.6282348632812,27.9912109375
12.4765625,957.6254272460938,27.986434936523438
12.4921875,957.6290283203125,27.986434936523438
12.5078125,957.6290283203125,27.984970092773438
12.5234375,957.62060546875,27.96843719482422
12.5390625,957.63623046875,27.97357177734375
12.5546875,957.6295776367188,27.977981567382812
12.5703125,957.6098022460938,27.966964721679688
12.5859375,957.6254272460938,27.987533569335938
12.6015625,957.6292724609375,27.96843719482422
12.6171875,957.6273193359375,27.980918884277344
12.6328125,957.618408203125,27.967330932617188
12.6484375,957.623046875,27.977256774902344
12.6640625,957.6150512695312,27.980194091796875
12.6796875,957.6200561523438,27.969894409179688
12.6953125,957.6292724609375,27.97209930419922
12.7109375,957.6276245117188,27.982765197753906
12.7265625,957.6400756835938,27.97394561767578
12.7421875,957.6212768554688,27.964027404785156
12.7578125,957.6130981445312,27.97247314453125
12.7734375,957.6253051757812,27.97394561767578
12.7890625,957.6486206054688,27.97100067138672
12.8046875,957.6317749023438,27.969894409179688
12.8203125,957.6411743164062,27.97394561767578
12.8359375,957.6397705078125,27.967330932617188
12.8515625,957.6534423828125,27.97209930419922
12.8671875,957.63427734375,27.961074829101562
12.8828125,957.6223754882812,27.97430419921875
12.8984375,957.6219482421875,27.97174072265625
12.9140625,957.64013671875,27.964752197265625
12.9296875,957.6406860351562,27.963653564453125
12.9453125,957.6339721679688,27.967330932617188
12.9609375,957.6087036132812,27.964027404785156
12.9765625,957.6275024414062,27.97430419921875
12.9921875,957.6261596679688,27.97247314453125
13.0078125,957.6074829101562,27.961074829101562
13.0234375,957.623046875,27.967330932617188
13.0390625,957.6450805664062,27.97430419921875
13.0546875,957.645751953125,27.962921142578125
13.0703125,957.6392211914062,27.959976196289062
13.0859375,957.6121826171875,27.977981567382812
13.1015625,957.641357421875,27.957412719726562
13.1171875,957.6417236328125,27.965858459472656
13.1328125,957.6264038085938,27.982025146484375
13.1484375,957.6096801757812,27.964385986328125
13.1640625,957.6220703125,27.97430419921875
13.1796875,957.645751953125,27.962181091308594
13.1953125,957.6415405273438,27.97247314453125
13.2109375,957.6188354492188,27.961822509765625
13.2265625,957.6390991210938,27.959243774414062
13.2421875,957.647216796875,27.964027404785156
13.2578125,957.6465454101562,27.97430419921875
13.2734375,957.6470336914062,27.965484619140625
13.2890625,957.649658203125,27.962181091308594
13.3046875,957.6290283203125,27.967689514160156
13.3203125,957.6469116210938,27.967330932617188
13.3359375,957.6749267578125,27.97209930419922
13.3515625,957.6567993164062,27.982025146484375
13.3671875,957.6578979492188,27.97394561767578
13.3828125,957.6486206054688,27.983497619628906
13.3984375,957.6431274414062,27.969161987304688
13.4140625,957.6548461914062,27.995620727539062
13.4296875,957.6448974609375,27.977615356445312
13.4453125,957.6407470703125,27.97430419921875
13.4609375,957.6476440429688,27.97650909423828
13.4765625,957.642333984375,27.97100067138672
13.4921875,957.6442260742188,27.98863983154297
13.5078125,957.6340942382812,27.97541046142578
13.5234375,957.6339721679688,27.97541046142578
13.5390625,957.6280517578125,27.984970092773438
13.5546875,957.6349487304688,27.987533569335938
13.5703125,957.63818359375,27.982025146484375
13.5859375,957.6406860351562,27.986434936523438
13.6015625,957.637451171875,27.980560302734375
13.6171875,957.6326904296875,27.98828125
13.6328125,957.6215209960938,27.9893798828125
13.6484375,957.622314453125,27.97650909423828
13.6640625,957.6281127929688,27.99304962158203
13.6796875,957.6410522460938,28.002967834472656
13.6953125,957.64208984375,27.984230041503906
13.7109375,957.6259155273438,27.984970092773438
13.7265625,957.6265258789062,27.9912109375
13.7421875,957.6295776367188,27.998931884765625
13.7578125,957.6309204101562,28.001869201660156
13.7734375,957.6306762695312,27.995620727539062
13.7890625,957.6276245117188,27.9912109375
13.8046875,957.6236572265625,27.991943359375
13.8203125,957.6303100585938,27.998931884765625
13.8359375,957.604736328125,27.987533569335938
13.8515625,957.6185913085938,27.995620727539062
13.8671875,957.6205444335938,27.995994567871094
13.8828125,957.62890625,28.00775146484375
13.8984375,957.6205444335938,27.995620727539062
13.9140625,957.622314453125,28.001869201660156
13.9296875,957.6104736328125,27.998199462890625
13.9453125,957.604736328125,27.999664306640625
13.9609375,957.611328125,28.01068878173828
13.9765625,957.60888671875,28.001869201660156
13.9921875,957.6116333007812,27.997100830078125
14.0078125,957.6134643554688,27.99304962158203
14.0234375,957.61669921875,28.001869201660156
14.0390625,957.6050415039062,28.001869201660156
14.0546875,957.6211547851562,28.00848388671875
14.0703125,957.6056518554688,28.00775146484375
14.0859375,957.6110229492188,28.00958251953125
14.1015625,957.6301879882812,27.998199462890625
14.1171875,957.6100463867188,27.9893798828125
14.1328125,957.6026611328125,27.986434936523438
14.1484375,957.60107421875,27.998199462890625
14.1640625,957.6112060546875,27.9912109375
14.1796875,957.6080932617188,27.998199462890625
14.1953125,957.610595703125,28.00848388671875
14.2109375,957.6039428710938,28.001869201660156
14.2265625,957.6044311523438,27.99304962158203
14.2421875,957.5958251953125,27.998199462890625
14.2578125,957.5987548828125,27.991943359375
14.2734375,957.5980834960938,27.997459411621094
14.2890625,957.6135864257812,27.9912109375
14.3046875,957.6111450195312,27.987533569335938
14.3203125,957.5994873046875,27.981666564941406
14.3359375,957.58935546875,27.9893798828125
14.3515625,957.59130859375,27.998199462890625
14.3671875,957.604736328125,28.000762939453125
14.3828125,957.5941162109375,27.995620727539062
14.3984375,957.589599609375,28.000762939453125
14.4140625,957.59716796875,28.004440307617188
14.4296875,957.58740234375,27.985702514648438
14.4453125,957.5813598632812,27.992691040039062
14.4609375,957.6041259765625,27.995620727539062
14.4765625,957.5936279296875,28.000762939453125
14.4921875,957.5947265625,27.99304962158203
14.5078125,957.5969848632812,28.002967834472656
14.5234375,957.600341796875,28.004440307617188
14.5390625,957.6053466796875,28.00775146484375
14.5546875,957.5895385742188,27.997459411621094
14.5703125,957.5897216796875,27.991943359375
14.5859375,957.5974731445312,27.998199462890625
14.6015625,957.5903930664062,27.995620727539062
14.6171875,957.5936279296875,27.998931884765625
14.6328125,957.5743408203125,27.9893798828125
14.6484375,957.59130859375,28.001869201660156
14.6640625,957.5865478515625,27.9912109375
14.6796875,957.589111328125,28.020980834960938
14.6953125,957.5866088867188,28.018043518066406
14.7109375,957.591796875,27.98717498779297
14.7265625,957.5922241210938,28.00371551513672
14.7421875,957.6052856445312,28.003341674804688
14.7578125,957.5914916992188,27.998199462890625
14.7734375,957.5826416015625,28.00995635986328
14.7890625,957.5993041992188,28.02391815185547
14.8046875,957.5881958007812,28.001869201660156
14.8203125,957.587158203125,28.000030517578125
14.8359375,957.5952758789062,28.017303466796875
14.8515625,957.585693359375,28.019882202148438
14.8671875,957.5853881835938,27.998931884765625
14.8828125,957.6083374023438,28.000030517578125
14.8984375,957.5745239257812,28.013992309570312
14.9140625,957.5852661132812,28.018043518066406
14.9296875,957.5667724609375,28.015838623046875
14.9453125,957.5938720703125,28.000030517578125
14.9609375,957.5845947265625,28.020980834960938
14.9765625,957.5884399414062,28.019149780273438
14.9921875,957.5924072265625,28.013259887695312
15.0078125,957.6097412109375,28.019882202148438
15.0234375,957.589599609375,28.016197204589844
15.0390625,957.5856323242188,28.018775939941406
15.0546875,957.5858154296875,28.00922393798828
15.0703125,957.570068359375,28.013633728027344
15.0859375,957.584716796875,28.012161254882812
15.1015625,957.5994873046875,28.00481414794922
15.1171875,957.580810546875,28.00848388671875
15.1328125,957.5824584960938,28.019149780273438
15.1484375,957.5877075195312,28.004440307617188
15.1640625,957.577880859375,28.016197204589844
15.1796875,957.5796508789062,28.011062622070312
15.1953125,957.5845336914062,28.012535095214844
15.2109375,957.5787353515625,28.015838623046875
15.2265625,957.5789794921875,28.017303466796875
15.2421875,957.5833129882812,28.019149780273438
15.2578125,957.5805053710938,28.019882202148438
15.2734375,957.5787963867188,28.012893676757812
15.2890625,957.571533203125,28.003341674804688
15.3046875,957.5783081054688,28.02576446533203
15.3203125,957.5675048828125,28.016197204589844
15.3359375,957.576171875,28.020980834960938
15.3515625,957.5843505859375,28.017303466796875
15.3671875,957.5767822265625,27.997459411621094
15.3828125,957.5771484375,28.00848388671875
15.3984375,957.5711669921875,28.001869201660156
15.4140625,957.5782470703125,27.998199462890625
15.4296875,957.5731201171875,28.016197204589844
15.4453125,957.5707397460938,28.018043518066406
15.4609375,957.566162109375,28.018043518066406
15.4765625,957.587646484375,28.01068878173828
15.4921875,957.5725708007812,28.011062622070312
15.5078125,957.5987548828125,28.00922393798828
15.5234375,957.5950317382812,27.998931884765625
15.5390625,957.6058959960938,28.013992309570312
15.5546875,957.6174926757812,28.001869201660156
15.5703125,957.6033325195312,28.001869201660156
15.5859375,957.622314453125,28.00812530517578
15.6015625,957.6510009765625,27.9912109375
15.6171875,957.62841796875,28.00371551513672
15.6328125,957.6802978515625,27.998931884765625
15.6484375,957.6583251953125,28.001869201660156
15.6640625,957.6748046875,28.016197204589844
15.6796875,957.6689453125,28.013992309570312
15.6953125,957.6593017578125,28.019149780273438
15.7109375,957.6818237304688,28.014366149902344
15.7265625,957.693359375,28.016197204589844
15.7421875,957.7124633789062,28.019149780273438
15.7578125,957.7044067382812,28.019149780273438
15.7734375,957.763427734375,28.024658203125
15.7890625,957.8068237304688,28.030174255371094
15.8046875,957.927734375,28.036788940429688
15.8203125,957.880126953125,28.030174255371094
15.8359375,957.9520874023438,28.030532836914062
15.8515625,957.993896484375,28.04450225830078
15.8671875,958.0452880859375,28.048912048339844
15.8828125,958.3214721679688,28.04265594482422
15.8984375,958.1033935546875,28.055160522460938
15.9140625,958.26318359375,28.066551208496094
15.9296875,958.4274291992188,28.068389892578125
15.9453125,958.5264892578125,28.069862365722656
15.9609375,958.496826171875,28.067283630371094
15.9765625,958.403076171875,28.07757568359375
15.9921875,958.20703125,28.086395263671875
16.0078125,958.5270385742188,28.095947265625
16.0234375,958.4083251953125,28.101089477539062
16.0390625,958.3457641601562,28.0970458984375
16.0546875,958.3059692382812,28.105499267578125
16.0703125,958.2467651367188,28.11358642578125
16.0859375,958.292236328125,28.11541748046875
16.1015625,958.397216796875,28.134536743164062
16.1171875,958.39013671875,28.136734008789062
16.1328125,958.1884765625,28.154006958007812
16.1484375,958.1063232421875,28.163192749023438
16.1640625,958.076171875,28.175323486328125
16.1796875,958.0845947265625,28.176055908203125
16.1953125,958.028564453125,28.192962646484375
16.2109375,957.9737548828125,28.20361328125
16.2265625,957.8645629882812,28.207664489746094
16.2421875,957.8656005859375,28.204360961914062
16.2578125,957.8248291015625,28.21904754638672
16.2734375,957.8047485351562,28.22089385986328
16.2890625,957.8466796875,28.229713439941406
16.3046875,957.7450561523438,28.237060546875
16.3203125,957.8185424804688,28.24109649658203
16.3359375,957.8212890625,28.262420654296875
16.3515625,957.7322387695312,28.258377075195312
16.3671875,957.7615966796875,28.25653076171875
16.3828125,957.7394409179688,28.27013397216797
16.3984375,957.679443359375,28.287399291992188
16.4140625,957.7561645507812,28.280426025390625
16.4296875,957.7251586914062,28.29218292236328
16.4453125,957.8680419921875,28.298423767089844
16.4609375,957.7257080078125,28.300270080566406
16.4765625,957.8461303710938,28.294387817382812
16.4921875,957.740234375,28.298423767089844
16.5078125,957.814453125,28.29291534423828
16.5234375,957.7913208007812,28.28997802734375
16.5390625,957.8076171875,28.299171447753906
16.5546875,957.8246459960938,28.318641662597656
16.5703125,957.7372436523438,28.295486450195312
16.5859375,957.7891235351562,28.317909240722656
16.6015625,957.8200073242188,28.304306030273438
16.6171875,957.8150634765625,28.317169189453125
16.6328125,957.7626953125,28.314964294433594
16.6484375,957.7392578125,28.313125610351562
16.6640625,957.7427368164062,28.332977294921875
16.6796875,957.7130737304688,28.32342529296875
16.6953125,957.74365234375,28.335906982421875
16.7109375,957.7288818359375,28.319747924804688
16.7265625,957.7486572265625,28.327835083007812
16.7421875,957.7518310546875,28.32598876953125
16.7578125,957.7081909179688,28.331871032714844
16.7734375,957.72607421875,28.335906982421875
16.7890625,957.7818603515625,28.327835083007812
16.8046875,957.7816162109375,28.348037719726562
16.8203125,957.7914428710938,28.34436798095703
16.8359375,957.7809448242188,28.335174560546875
16.8515625,957.7710571289062,28.335174560546875
16.8671875,957.7799682617188,28.34436798095703
16.8828125,957.7076416015625,28.35759735107422
16.8984375,957.7482299804688,28.354652404785156
16.9140625,957.7426147460938,28.370826721191406
16.9296875,957.7168579101562,28.354293823242188
16.9453125,957.719970703125,28.368255615234375
16.9609375,957.7260131835938,28.364944458007812
16.9765625,957.7620849609375,28.363845825195312
16.9921875,957.6886596679688,28.370826721191406
17.0078125,957.7662963867188,28.37854766845703
17.0234375,957.7265625,28.373390197753906
17.0390625,957.7326049804688,28.368255615234375
17.0546875,957.7946166992188,28.37413787841797
17.0703125,957.7005004882812,28.3770751953125
17.0859375,957.753173828125,28.37964630126953
17.1015625,957.7677001953125,28.37779998779297
17.1171875,957.7699584960938,28.385162353515625
17.1328125,957.7105102539062,28.371559143066406
17.1484375,957.6519165039062,28.458282470703125
17.1640625,957.6535034179688,28.456817626953125
17.1796875,957.6407470703125,28.463058471679688
17.1953125,957.6497192382812,28.456817626953125
17.2109375,957.6604614257812,28.457550048828125
17.2265625,957.6480102539062,28.453514099121094
17.2421875,957.6505737304688,28.4468994140625
17.2578125,957.6397705078125,28.443588256835938
17.2734375,957.6412353515625,28.42999267578125
17.2890625,957.6351318359375,28.437332153320312
17.3046875,957.6371459960938,28.425949096679688
17.3203125,957.6473388671875,28.419334411621094
17.3359375,957.6220703125,28.422271728515625
17.3515625,957.6337280273438,28.420066833496094
17.3671875,957.63232421875,28.42999267578125
17.3828125,957.6328125,28.41382598876953
17.3984375,957.6359252929688,28.405006408691406
17.4140625,957.6392211914062,28.401695251464844
17.4296875,957.6383666992188,28.401321411132812
17.4453125,957.6399536132812,28.39691162109375
17.4609375,957.6317749023438,28.388465881347656
17.4765625,957.6292114257812,28.405006408691406
17.4921875,957.6344604492188,28.39543914794922
17.5078125,957.6298828125,28.387725830078125
17.5234375,957.6321411132812,28.386993408203125
17.5390625,957.6278686523438,28.373390197753906
17.5546875,957.6188354492188,28.365318298339844
17.5703125,957.6197509765625,28.369354248046875
17.5859375,957.6171875,28.369354248046875
17.6015625,957.6279296875,28.372665405273438
17.6171875,957.6216430664062,28.36347198486328
17.6328125,957.6207885742188,28.354293823242188
17.6484375,957.619873046875,28.36163330078125
17.6640625,957.622314453125,28.36090850830078
17.6796875,957.6222534179688,28.351715087890625
17.6953125,957.6286010742188,28.3447265625
17.7109375,957.6278686523438,28.352447509765625
17.7265625,957.6155395507812,28.354293823242188
17.7421875,957.616943359375,28.345474243164062
17.7578125,957.615966796875,28.33995819091797
17.7734375,957.620849609375,28.339584350585938
17.7890625,957.613037109375,28.335906982421875
17.8046875,957.6043701171875,28.320472717285156
17.8203125,957.6152954101562,28.32746124267578
17.8359375,957.6100463867188,28.331138610839844
17.8515625,957.606201171875,28.32708740234375
17.8671875,957.6159057617188,28.319747924804688
17.8828125,957.6038818359375,28.314231872558594
17.8984375,957.6080932617188,28.312759399414062
17.9140625,957.6091918945312,28.319015502929688
17.9296875,957.6217041015625,28.310195922851562
17.9453125,957.6100463867188,28.3057861328125
17.9609375,957.6000366210938,28.308349609375
17.9765625,957.5997924804688,28.296592712402344
17.9921875,957.602783203125,28.293655395507812
18.0078125,957.606689453125,28.302833557128906
18.0234375,957.6105346679688,28.306884765625
18.0390625,957.6050415039062,28.299171447753906
18.0546875,957.610107421875,28.29107666015625
18.0703125,957.589111328125,28.29180908203125
18.0859375,957.6195678710938,28.299171447753906
18.1015625,957.604248046875,28.296218872070312
18.1171875,957.5896606445312,28.298065185546875
18.1328125,957.6077270507812,28.299896240234375
18.1484375,957.6019287109375,28.29401397705078
18.1640625,957.601318359375,28.29035186767578
18.1796875,957.6092529296875,28.286666870117188
18.1953125,957.60888671875,28.298065185546875
18.2109375,957.6029663085938,28.295860290527344
18.2265625,957.5997314453125,28.28997802734375
18.2421875,957.6010131835938,28.282989501953125
18.2578125,957.5973510742188,28.28997802734375
18.2734375,957.6033325195312,28.28924560546875
18.2890625,957.5979614257812,28.29401397705078
18.3046875,957.585205078125,28.276748657226562
18.3203125,957.6007690429688,28.28924560546875
18.3359375,957.5930786132812,28.293289184570312
18.3515625,957.5941162109375,28.286300659179688
18.3671875,957.5958862304688,28.279685974121094
18.3828125,957.60107421875,28.282257080078125
18.3984375,957.5990600585938,28.269760131835938
18.4140625,957.5870361328125,28.27454376220703
18.4296875,957.5994262695312,28.276016235351562
18.4453125,957.5948486328125,28.283363342285156
18.4609375,957.6014404296875,28.2723388671875
18.4765625,957.5914916992188,28.276748657226562
18.4921875,957.5865478515625,28.293289184570312
18.5078125,957.5977172851562,28.2723388671875
18.5234375,957.5819091796875,28.266830444335938
18.5390625,957.591552734375,28.267929077148438
18.5546875,957.5903930664062,28.282989501953125
18.5703125,957.5985107421875,28.267929077148438
18.5859375,957.596923828125,28.276016235351562
18.6015625,957.6174926757812,28.2716064453125
18.6171875,957.6270751953125,28.258010864257812
18.6328125,957.6305541992188,28.2705078125
18.6484375,957.644287109375,28.274169921875
18.6640625,957.6643676757812,28.263893127441406
18.6796875,957.697265625,28.262786865234375
18.6953125,957.70068359375,28.258377075195312
18.7109375,957.6996459960938,28.266098022460938
18.7265625,957.7623901367188,28.266098022460938
18.7421875,957.7367553710938,28.266098022460938
18.7578125,957.8016967773438,28.269760131835938
18.7734375,957.7681274414062,28.277847290039062
18.7890625,957.7921752929688,28.277481079101562
18.8046875,957.8004760742188,28.28924560546875
18.8203125,957.7813720703125,28.278579711914062
18.8359375,957.8154296875,28.296966552734375
18.8515625,957.8042602539062,28.29218292236328
18.8671875,957.7685546875,28.295860290527344
18.8828125,957.7986450195312,28.295486450195312
18.8984375,957.7706909179688,28.317169189453125
18.9140625,957.7620849609375,28.316436767578125
18.9296875,957.8615112304688,28.314964294433594
18.9453125,957.759521484375,28.331871032714844
18.9609375,957.8428955078125,28.335174560546875
18.9765625,957.8359375,28.33885955810547
18.9921875,957.8190307617188,28.349884033203125
19.0078125,957.7379760742188,28.36200714111328
19.0234375,957.835693359375,28.367881774902344
19.0390625,957.9744262695312,28.3792724609375
19.0546875,957.7772216796875,28.370452880859375
19.0703125,957.80615234375,28.389572143554688
19.0859375,957.8438110351562,28.385162353515625
19.1015625,957.7849731445312,28.391029357910156
19.1171875,957.8636474609375,28.39801788330078
19.1328125,957.792236328125,28.39434051513672
19.1484375,957.9437255859375,28.416763305664062
19.1640625,957.7982788085938,28.406837463378906
19.1796875,957.87890625,28.42815399169922
19.1953125,957.8857421875,28.43182373046875
19.2109375,957.8295288085938,28.435874938964844
19.2265625,957.86865234375,28.43035888671875
19.2421875,957.8711547851562,28.451309204101562
19.2578125,957.8123779296875,28.446151733398438
19.2734375,957.9202880859375,28.456817626953125
19.2890625,957.7777709960938,28.473358154296875
19.3046875,957.793701171875,28.46233367919922
19.3203125,957.8700561523438,28.46563720703125
19.3359375,957.8340454101562,28.495407104492188
19.3515625,957.8018798828125,28.475189208984375
19.3671875,957.8571166992188,28.48180389404297
19.3828125,957.8790893554688,28.48438262939453
19.3984375,957.8013916015625,28.496505737304688
19.4140625,957.8920288085938,28.511199951171875
19.4296875,957.803466796875,28.513404846191406
19.4453125,957.8175048828125,28.52332305908203
19.4609375,957.7738037109375,28.511566162109375
19.4765625,957.7547607421875,28.54096221923828
19.4921875,957.8004760742188,28.542068481445312
19.5078125,957.8173828125,28.545372009277344
19.5234375,957.78662109375,28.55493927001953
19.5390625,957.7864379882812,28.562652587890625
19.5546875,957.858642578125,28.56816864013672
19.5703125,957.804443359375,28.561912536621094
19.5859375,957.8323364257812,28.57183074951172
19.6015625,957.7576904296875,28.580291748046875
19.6171875,957.7865600585938,28.57330322265625
19.6328125,957.8507690429688,28.57330322265625
19.6484375,957.7823486328125,28.5880126953125
19.6640625,957.7813720703125,28.598289489746094
19.6796875,957.7721557617188,28.583229064941406
19.6953125,957.7666015625,28.596832275390625
19.7109375,957.7482299804688,28.597190856933594
19.7265625,957.7512817382812,28.602699279785156
19.7421875,957.7672729492188,28.614830017089844
19.7578125,957.7620239257812,28.616676330566406
19.7734375,957.7639770507812,28.61042022705078
19.7890625,957.7752075195312,28.617774963378906
19.8046875,957.7801513671875,28.623291015625
19.8203125,957.755615234375,28.633209228515625
19.8359375,957.78466796875,28.623291015625
19.8515625,957.7568359375,28.64055633544922
19.8671875,957.7455444335938,28.6258544921875
19.8828125,957.7386474609375,28.62549591064453
19.8984375,957.7631225585938,28.64313507080078
19.9140625,957.763671875,28.623291015625
19.9296875,957.7914428710938,28.64569854736328
19.9453125,957.7721557617188,28.663711547851562
19.9609375,957.782958984375,28.650482177734375
19.9765625,957.7684936523438,28.650482177734375
19.9921875,957.76318359375,28.663711547851562
20.0078125,957.7424926757812,28.6614990234375
20.0234375,957.7445068359375,28.674728393554688
20.0390625,957.73583984375,28.665542602539062
20.0546875,957.7682495117188,28.666641235351562
20.0703125,957.7308349609375,28.666641235351562
20.0859375,957.7349853515625,28.666641235351562
20.1015625,957.7486572265625,28.672157287597656
20.1171875,957.7313842773438,28.67583465576172
20.1328125,957.7483520507812,28.674362182617188
20.1484375,957.7327270507812,28.681716918945312
20.1640625,957.7412109375,28.673255920410156
20.1796875,957.7034301757812,28.667388916015625
20.1953125,957.7398071289062,28.670318603515625
20.2109375,957.7222290039062,28.673255920410156
20.2265625,957.7582397460938,28.683547973632812
20.2421875,957.7051391601562,28.67766571044922
20.2578125,957.7116088867188,28.686485290527344
20.2734375,957.6987915039062,28.664077758789062
20.2890625,957.6965942382812,28.671051025390625
20.3046875,957.6973266601562,28.67400360107422
20.3203125,957.6868286132812,28.674728393554688
20.3359375,957.7006225585938,28.685386657714844
20.3515625,957.6736450195312,28.664077758789062
20.3671875,957.6781005859375,28.670318603515625
20.3828125,957.677001953125,28.672157287597656
20.3984375,957.684814453125,28.668487548828125
20.4140625,957.669677734375,28.664077758789062
20.4296875,957.6763916015625,28.664077758789062
20.4453125,957.66796875,28.66333770751953
20.4609375,957.6660766601562,28.655616760253906
20.4765625,957.6702270507812,28.657089233398438
20.4921875,957.6685180664062,28.648643493652344
20.5078125,957.6795654296875,28.64496612548828
20.5234375,957.6744995117188,28.62805938720703
20.5390625,957.65966796875,28.649749755859375
20.5546875,957.6749267578125,28.632469177246094
20.5703125,957.6565551757812,28.64496612548828
20.5859375,957.669677734375,28.627700805664062
20.6015625,957.6655883789062,28.626220703125
20.6171875,957.6607055664062,28.611892700195312
20.6328125,957.6640625,28.61042022705078
20.6484375,957.6657104492188,28.617774963378906
20.6640625,957.6555786132812,28.604904174804688
20.6796875,957.662109375,28.604904174804688
20.6953125,957.6651611328125,28.599037170410156
20.7109375,957.65966796875,28.603073120117188
20.7265625,957.6625366210938,28.58580780029297
20.7421875,957.66552734375,28.580291748046875
20.7578125,957.6626586914062,28.583229064941406
20.7734375,957.656982421875,28.57037353515625
20.7890625,957.6669921875,28.56816864013672
20.8046875,957.6715698242188,28.575881958007812
20.8203125,957.6621704101562,28.57514190673828
20.8359375,957.6603393554688,28.560073852539062
20.8515625,957.6731567382812,28.5556640625
20.8671875,957.6625366210938,28.558242797851562
20.8828125,957.655029296875,28.545013427734375
20.8984375,957.6644897460938,28.547950744628906
20.9140625,957.6635131835938,28.53986358642578
20.9296875,957.6627197265625,28.544273376464844
20.9453125,957.6572265625,28.541709899902344
20.9609375,957.6539916992188,28.527732849121094
20.9765625,957.6627807617188,28.530685424804688
20.9921875,957.661865234375,28.524429321289062
21.0078125,957.6546630859375,28.51966094970703
21.0234375,957.6549072265625,28.516708374023438
21.0390625,957.6759033203125,28.524795532226562
21.0546875,957.6558227539062,28.508262634277344
21.0703125,957.66796875,28.516708374023438
21.0859375,957.6604614257812,28.50385284423828
21.1015625,957.6603393554688,28.50385284423828
21.1171875,957.6716918945312,28.50238037109375
21.1328125,957.6602172851562,28.49944305419922
21.1484375,957.67724609375,28.49944305419922
21.1640625,957.6546020507812,28.49981689453125
21.1796875,957.658203125,28.508636474609375
21.1953125,957.6573486328125,28.498336791992188
21.2109375,957.6586303710938,28.48621368408203
21.2265625,957.65380859375,28.4832763671875
21.2421875,957.6642456054688,28.48438262939453
21.2578125,957.6702880859375,28.46710205078125
21.2734375,957.6632690429688,28.475189208984375
21.2890625,957.6616821289062,28.478126525878906
21.3046875,957.6560668945312,28.477767944335938
21.3203125,957.658935546875,28.478500366210938
21.3359375,957.6507568359375,28.460487365722656
21.3515625,957.6577758789062,28.469680786132812
21.3671875,957.6486206054688,28.46930694580078
21.3828125,957.6498413085938,28.46820068359375
21.3984375,957.6497192382812,28.45093536376953
21.4140625,957.6551513671875,28.443946838378906
21.4296875,957.6531982421875,28.456817626953125
21.4453125,957.64794921875,28.451309204101562
21.4609375,957.6510009765625,28.451309204101562
21.4765625,957.6498413085938,28.456077575683594
21.4921875,957.6484985351562,28.451309204101562
21.5078125,957.6473999023438,28.442489624023438
21.5234375,957.6429443359375,28.441741943359375
21.5390625,957.648193359375,28.43182373046875
21.5546875,957.6430053710938,28.43182373046875
21.5703125,957.6400756835938,28.435501098632812
21.5859375,957.6434326171875,28.437332153320312
21.6015625,957.633544921875,28.45020294189453
21.6171875,957.6348266601562,28.437332153320312
21.6328125,957.6436767578125,28.441741943359375
21.6484375,957.6410522460938,28.424850463867188
21.6640625,957.640625,28.436973571777344
21.6796875,957.6423950195312,28.426307678222656
21.6953125,957.6317749023438,28.434402465820312
21.7109375,957.6332397460938,28.418235778808594
21.7265625,957.631591796875,28.41307830810547
21.7421875,957.6399536132812,28.420066833496094
21.7578125,957.6317749023438,28.42999267578125
21.7734375,957.626708984375,28.419334411621094
21.7890625,957.634033203125,28.403160095214844
21.8046875,957.6336669921875,28.41124725341797
21.8203125,957.6212768554688,28.39728546142578
21.8359375,957.6331176757812,28.410873413085938
21.8515625,957.6309204101562,28.403533935546875
21.8671875,957.6360473632812,28.404258728027344
21.8828125,957.6206665039062,28.390670776367188
21.8984375,957.622802734375,28.401695251464844
21.9140625,957.633544921875,28.401695251464844
21.9296875,957.6293334960938,28.388465881347656
21.9453125,957.6309814453125,28.390304565429688
21.9609375,957.6311645507812,28.39398193359375
21.9765625,957.6137084960938,28.401695251464844
21.9921875,957.633544921875,28.401695251464844
22.0078125,957.6305541992188,28.406463623046875
22.0234375,957.6292114257812,28.391403198242188
22.0390625,957.6295166015625,28.391029357910156
22.0546875,957.6265258789062,28.3770751953125
22.0703125,957.6209106445312,28.38220977783203
22.0859375,957.6280517578125,28.3770751953125
22.1015625,957.6209106445312,28.391029357910156
22.1171875,957.624755859375,28.374496459960938
22.1328125,957.6206665039062,28.391029357910156
22.1484375,957.624755859375,28.385520935058594
22.1640625,957.6128540039062,28.381484985351562
22.1796875,957.626708984375,28.385162353515625
22.1953125,957.6187133789062,28.3770751953125
22.2109375,957.6281127929688,28.370086669921875
22.2265625,957.6195678710938,28.372665405273438
22.2421875,957.6317749023438,28.367523193359375
22.2578125,957.6098022460938,28.372665405273438
22.2734375,957.6115112304688,28.373390197753906
22.2890625,957.6056518554688,28.370826721191406
22.3046875,957.6089477539062,28.363845825195312
22.3203125,957.6082763671875,28.36457061767578
22.3359375,957.6083374023438,28.37744140625
22.3515625,957.6072998046875,28.367149353027344
22.3671875,957.6145629882812,28.365676879882812
22.3828125,957.6167602539062,28.363845825195312
22.3984375,957.6220092773438,28.36457061767578
22.4140625,957.6268310546875,28.370452880859375
22.4296875,957.6060791015625,28.370826721191406
22.4453125,957.6077880859375,28.355026245117188
22.4609375,957.6044311523438,28.368980407714844
22.4765625,957.61474609375,28.365318298339844
22.4921875,957.6055297851562,28.35943603515625
22.5078125,957.6049194335938,28.365318298339844
22.5234375,957.6131591796875,28.364212036132812
22.5390625,957.60546875,28.356124877929688
22.5546875,957.6134643554688,28.36163330078125
22.5703125,957.621826171875,28.370826721191406
22.5859375,957.5958862304688,28.36273956298828
22.6015625,957.5909423828125,28.367523193359375
22.6171875,957.6074829101562,28.365676879882812
22.6328125,957.5882568359375,28.370826721191406
22.6484375,957.5969848632812,28.36163330078125
22.6640625,957.6044921875,28.354293823242188
22.6796875,957.6026611328125,28.351715087890625
22.6953125,957.6041870117188,28.36090850830078
22.7109375,957.6050415039062,28.34436798095703
22.7265625,957.5885009765625,28.356124877929688
22.7421875,957.5914916992188,28.36090850830078
22.7578125,957.6080322265625,28.356124877929688
22.7734375,957.6046142578125,28.368980407714844
22.7890625,957.6124267578125,28.349884033203125
22.8046875,957.6397705078125,28.349884033203125
22.8203125,957.6348876953125,28.346206665039062
22.8359375,957.6267700195312,28.36016082763672
22.8515625,957.6519165039062,28.364944458007812
22.8671875,957.6608276367188,28.349884033203125
22.8828125,957.6992797851562,28.349136352539062
22.8984375,957.6515502929688,28.36457061767578
22.9140625,957.67333984375,28.345474243164062
22.9296875,957.6773071289062,28.348037719726562
22.9453125,957.684814453125,28.367523193359375
22.9609375,957.7074584960938,28.36163330078125
22.9765625,957.7290649414062,28.35870361328125
22.9921875,957.6864624023438,28.364944458007812
23.0078125,957.7294311523438,28.36090850830078
23.0234375,957.714599609375,28.37596893310547
23.0390625,957.718505859375,28.36163330078125
23.0546875,957.7201538085938,28.367523193359375
23.0703125,957.6932373046875,28.39177703857422
23.0859375,957.7630004882812,28.37523651123047
23.1015625,957.7244262695312,28.370452880859375
23.1171875,957.7191772460938,28.38220977783203
23.1328125,957.739990234375,28.387725830078125
23.1484375,957.7101440429688,28.391029357910156
23.1640625,957.7325439453125,28.385520935058594
23.1796875,957.7367553710938,28.391029357910156
23.1953125,957.7373046875,28.400955200195312
23.2109375,957.7317504882812,28.378173828125
23.2265625,957.71630859375,28.374496459960938
23.2421875,957.745849609375,28.401695251464844
23.2578125,957.72412109375,28.403533935546875
23.2734375,957.7201538085938,28.401695251464844
23.2890625,957.7651977539062,28.408309936523438
23.3046875,957.7139892578125,28.41307830810547
23.3203125,957.7448120117188,28.410873413085938
23.3359375,957.7208251953125,28.41492462158203
23.3515625,957.7498168945312,28.407943725585938
23.3671875,957.7485961914062,28.420799255371094
23.3828125,957.7444458007812,28.419334411621094
23.3984375,957.7288208007812,28.42999267578125
23.4140625,957.7297973632812,28.41748809814453
23.4296875,957.7173461914062,28.43109130859375
23.4453125,957.7484741210938,28.438079833984375
23.4609375,957.7521362304688,28.424476623535156
23.4765625,957.7067260742188,28.438079833984375
23.4921875,957.7366333007812,28.441741943359375
23.5078125,957.7477416992188,28.44579315185547
23.5234375,957.700439453125,28.43109130859375
23.5390625,957.712158203125,28.451309204101562
23.5546875,957.719482421875,28.456817626953125
23.5703125,957.771240234375,28.453140258789062
23.5859375,957.7155151367188,28.44579315185547
23.6015625,957.763671875,28.45276641845703
23.6171875,957.7518310546875,28.459381103515625
23.6328125,957.7816162109375,28.446151733398438
23.6484375,957.7225341796875,28.456817626953125
23.6640625,957.7366943359375,28.458282470703125
23.6796875,957.757080078125,28.475189208984375
23.6953125,957.7415161132812,28.457550048828125
23.7109375,957.7374267578125,28.47997283935547
23.7265625,957.763427734375,28.479598999023438
23.7421875,957.7562866210938,28.46857452392578
23.7578125,957.7330322265625,28.480697631835938
23.7734375,957.73974609375,28.477394104003906
23.7890625,957.7339477539062,28.475189208984375
23.8046875,957.7551879882812,28.4847412109375
23.8203125,957.7853393554688,28.489891052246094
23.8359375,957.7352294921875,28.50347900390625
23.8515625,957.7264404296875,28.494659423828125
23.8671875,957.7178955078125,28.47997283935547
23.8828125,957.7360229492188,28.49944305419922
23.8984375,957.7183227539062,28.50568389892578
23.9140625,957.7272338867188,28.505325317382812
23.9296875,957.7487182617188,28.50568389892578
23.9453125,957.7385864257812,28.507888793945312
23.9609375,957.7286376953125,28.51891326904297
23.9765625,957.7285766601562,28.524070739746094
23.9921875,957.7189331054688,28.516708374023438
24.0078125,957.720703125,28.531044006347656
24.0234375,957.7315673828125,28.52075958251953
24.0390625,957.7360229492188,28.51966094970703
24.0546875,957.7442016601562,28.52332305908203
24.0703125,957.8077392578125,28.52332305908203
24.0859375,957.754638671875,28.526275634765625
24.1015625,957.6978149414062,28.516708374023438
24.1171875,957.7802124023438,28.525169372558594
24.1328125,957.7828979492188,28.516708374023438
24.1484375,957.7462158203125,28.528839111328125
24.1640625,957.7420654296875,28.528839111328125
24.1796875,957.7093505859375,28.551254272460938
24.1953125,957.7425537109375,28.546119689941406
24.2109375,957.71044921875,28.53986358642578
24.2265625,957.7068481445312,28.53730010986328
24.2421875,957.7053833007812,28.542068481445312
24.2578125,957.68505859375,28.548324584960938
24.2734375,957.699951171875,28.542068481445312
24.2890625,957.710693359375,28.547950744628906
24.3046875,957.702880859375,28.545013427734375
24.3203125,957.6942749023438,28.55493927001953
24.3359375,957.6905517578125,28.549423217773438
24.3515625,957.6935424804688,28.55419158935547
24.3671875,957.70703125,28.57330322265625
24.3828125,957.7054443359375,28.57073211669922
24.3984375,957.6932373046875,28.560073852539062
24.4140625,957.689208984375,28.558242797851562
24.4296875,957.6818237304688,28.563758850097656
24.4453125,957.6884155273438,28.563011169433594
24.4609375,957.732421875,28.563758850097656
24.4765625,957.7194213867188,28.567420959472656
24.4921875,957.6964721679688,28.57440948486328
24.5078125,957.6887817382812,28.564483642578125
24.5234375,957.6884765625,28.568893432617188
24.5390625,957.6680908203125,28.563758850097656
24.5546875,957.6866455078125,28.55750274658203
24.5703125,957.6937255859375,28.56999969482422
24.5859375,957.6860961914062,28.55493927001953
24.6015625,957.683349609375,28.57257843017578
24.6171875,957.683349609375,28.5556640625
24.6328125,957.6666870117188,28.560073852539062
24.6484375,957.6820678710938,28.56816864013672
24.6640625,957.6727294921875,28.5538330078125
24.6796875,957.6658935546875,28.576988220214844
24.6953125,957.6795654296875,28.565589904785156
24.7109375,957.6808471679688,28.564483642578125
24.7265625,957.6783447265625,28.558242797851562
24.7421875,957.6663818359375,28.55860137939453
24.7578125,957.6633911132812,28.55677032470703
24.7734375,957.6585083007812,28.560073852539062
24.7890625,957.6546630859375,28.560073852539062
24.8046875,957.6558227539062,28.558242797851562
24.8203125,957.6587524414062,28.551254272460938
24.8359375,957.6574096679688,28.546844482421875
24.8515625,957.6544799804688,28.549423217773438
24.8671875,957.6447143554688,28.542068481445312
24.8828125,957.654052734375,28.544273376464844
24.8984375,957.6465454101562,28.528106689453125
24.9140625,957.6497192382812,28.526634216308594
24.9296875,957.6482543945312,28.526275634765625
24.9453125,957.6495361328125,28.5203857421875
24.9609375,957.6470336914062,28.513778686523438
24.9765625,957.6345825195312,28.51525115966797
24.9921875,957.634765625,28.51708221435547
25.0078125,957.643798828125,28.509735107421875
25.0234375,957.6310424804688,28.506431579589844
25.0390625,957.6284790039062,28.511199951171875
25.0546875,957.630126953125,28.50274658203125
25.0703125,957.6304321289062,28.50274658203125
25.0859375,957.6304321289062,28.489151000976562
25.1015625,957.6303100585938,28.48180389404297
25.1171875,957.6456298828125,28.480697631835938
25.1328125,957.62109375,28.480697631835938
25.1484375,957.6295166015625,28.4832763671875
25.1640625,957.638671875,28.46710205078125
25.1796875,957.6275634765625,28.47997283935547
25.1953125,957.6412963867188,28.476661682128906
25.2109375,957.6266479492188,28.474815368652344
25.2265625,957.6395874023438,28.463790893554688
25.2421875,957.6289672851562,28.46233367919922
25.2578125,957.633544921875,28.457550048828125
25.2734375,957.6384887695312,28.449462890625
25.2890625,957.628662109375,28.454971313476562
25.3046875,957.6353149414062,28.44835662841797
25.3203125,957.6453857421875,28.451309204101562
25.3359375,957.6253051757812,28.43292236328125
25.3515625,957.6307373046875,28.436233520507812
25.3671875,957.6334228515625,28.435874938964844
25.3828125,957.6261596679688,28.437705993652344
25.3984375,957.6371459960938,28.424476623535156
25.4140625,957.631591796875,28.422271728515625
25.4296875,957.6356201171875,28.42999267578125
25.4453125,957.626708984375,28.415283203125
25.4609375,957.6414794921875,28.41162109375
25.4765625,957.6315307617188,28.41197967529297
25.4921875,957.6261596679688,28.422645568847656
25.5078125,957.632080078125,28.403900146484375
25.5234375,957.6331176757812,28.410873413085938
25.5390625,957.6314697265625,28.401695251464844
25.5546875,957.6293334960938,28.41124725341797
25.5703125,957.634521484375,28.39434051513672
25.5859375,957.6292114257812,28.39434051513672
25.6015625,957.6226196289062,28.406105041503906
25.6171875,957.6304321289062,28.401695251464844
25.6328125,957.6400756835938,28.391403198242188
25.6484375,957.6295166015625,28.37523651123047
25.6640625,957.6177368164062,28.387725830078125
25.6796875,957.6279296875,28.381484985351562
25.6953125,957.6273193359375,28.37596893310547
25.7109375,957.6297607421875,28.381484985351562
25.7265625,957.6219482421875,28.384414672851562
25.7421875,957.6287841796875,28.370086669921875
25.7578125,957.6202392578125,28.37523651123047
25.7734375,957.6212768554688,28.370826721191406
25.7890625,957.6328125,28.37854766845703
25.8046875,957.6204223632812,28.365676879882812
25.8203125,957.6209106445312,28.368255615234375
25.8359375,957.6271362304688,28.367523193359375
25.8515625,957.6181640625,28.366775512695312
25.8671875,957.6265258789062,28.370826721191406
25.8828125,957.6214599609375,28.364944458007812
25.8984375,957.626953125,28.348037719726562
25.9140625,957.6270141601562,28.352088928222656
25.9296875,957.6094970703125,28.356124877929688
25.9453125,957.6248168945312,28.351715087890625
25.9609375,957.6256103515625,28.350616455078125
25.9765625,957.6254272460938,28.349884033203125
25.9921875,957.6348876953125,28.35943603515625
26.0078125,957.6233520507812,28.355392456054688
26.0234375,957.6253662109375,28.355751037597656
26.0390625,957.627685546875,28.356857299804688
26.0546875,957.6243286132812,28.350982666015625
26.0703125,957.6165161132812,28.3428955078125
26.0859375,957.6205444335938,28.349884033203125
26.1015625,957.614013671875,28.34436798095703
26.1171875,957.6248168945312,28.339584350585938
26.1328125,957.613037109375,28.355392456054688
26.1484375,957.6253662109375,28.331497192382812
26.1640625,957.6121826171875,28.327835083007812
26.1796875,957.6171875,28.328933715820312
26.1953125,957.6232299804688,28.33995819091797
26.2109375,957.626220703125,28.338485717773438
26.2265625,957.6170654296875,28.34436798095703
26.2421875,957.6266479492188,28.32635498046875
26.2578125,957.6044921875,28.32672882080078
26.2734375,957.6141357421875,28.32635498046875
26.2890625,957.615234375,28.3436279296875
26.3046875,957.6295166015625,28.316436767578125
26.3203125,957.6118774414062,28.32708740234375
26.3359375,957.6170654296875,28.333702087402344
26.3515625,957.6220092773438,28.317535400390625
26.3671875,957.6174926757812,28.316436767578125
26.3828125,957.6172485351562,28.316810607910156
26.3984375,957.614990234375,28.314231872558594
26.4140625,957.621826171875,28.314964294433594
26.4296875,957.61474609375,28.317909240722656
26.4453125,957.6174926757812,28.3094482421875
26.4609375,957.60888671875,28.311294555664062
26.4765625,957.6138305664062,28.314964294433594
26.4921875,957.6117553710938,28.312026977539062
26.5078125,957.6095581054688,28.315704345703125
26.5234375,957.6130981445312,28.314231872558594
26.5390625,957.6146850585938,28.310195922851562
26.5546875,957.6213989257812,28.299896240234375
26.5703125,957.609130859375,28.30799102783203
26.5859375,957.6038818359375,28.32305145263672
26.6015625,957.6095581054688,28.313125610351562
26.6171875,957.6115112304688,28.302474975585938
26.6328125,957.616455078125,28.299896240234375
26.6484375,957.61328125,28.315704345703125
26.6640625,957.6149291992188,28.30541229248047
26.6796875,957.6107788085938,28.287399291992188
26.6953125,957.6180419921875,28.301002502441406
26.7109375,957.607421875,28.30467987060547
26.7265625,957.6119384765625,28.297325134277344
26.7421875,957.6041259765625,28.30541229248047
26.7578125,957.5994873046875,28.30467987060547
26.7734375,957.6047973632812,28.295486450195312
26.7890625,957.6080322265625,28.299171447753906
26.8046875,957.6250610351562,28.317535400390625
26.8203125,957.6119995117188,28.30467987060547
26.8359375,957.607177734375,28.302833557128906
26.8515625,957.6046142578125,28.299896240234375
26.8671875,957.5990600585938,28.299171447753906
26.8828125,957.610107421875,28.310195922851562
26.8984375,957.6154174804688,28.308349609375
26.9140625,957.5955810546875,28.30908966064453
26.9296875,957.6016845703125,28.301002502441406
26.9453125,957.607421875,28.299171447753906
26.9609375,957.60302734375,28.302833557128906
26.9765625,957.6075439453125,28.301002502441406
26.9921875,957.6133422851562,28.293289184570312
27.0078125,957.612548828125,28.302474975585938
27.0234375,957.5993041992188,28.308349609375
27.0390625,957.5955810546875,28.308349609375
27.0546875,957.5997924804688,28.3087158203125
27.0703125,957.603515625,28.310195922851562
27.0859375,957.6011352539062,28.299530029296875
27.1015625,957.6203002929688,28.312026977539062
27.1171875,957.6113891601562,28.303939819335938
27.1328125,957.604736328125,28.312026977539062
27.1484375,957.6113891601562,28.314605712890625
27.1640625,957.6033935546875,28.302474975585938
27.1796875,957.6105346679688,28.301002502441406
27.1953125,957.5973510742188,28.297325134277344
27.2109375,957.6041259765625,28.299896240234375
27.2265625,957.6025390625,28.29180908203125
27.2421875,957.5940551757812,28.306884765625
