# Time (seconds),Pressure,Temp
0.0078125,952.76953125,26.86157989501953
0.0234375,952.771240234375,26.86524200439453
0.0390625,952.7942504882812,26.87737274169922
0.0546875,952.7805786132812,26.88031768798828
0.0703125,952.765380859375,26.86157989501953
0.0859375,952.7796020507812,26.867088317871094
0.1015625,952.7628173828125,26.856796264648438
0.1171875,952.7749633789062,26.870025634765625
0.1328125,952.7882080078125,26.884353637695312
0.1484375,952.7716674804688,26.864883422851562
0.1640625,952.7781982421875,26.88031768798828
0.1796875,952.789794921875,26.873336791992188
0.1953125,952.7891235351562,26.864517211914062
0.2109375,952.7882690429688,26.86157989501953
0.2265625,952.7772216796875,26.87701416015625
0.2421875,952.7817993164062,26.86524200439453
0.2578125,952.7901611328125,26.86157989501953
0.2734375,952.786865234375,26.868553161621094
0.2890625,952.7994384765625,26.868194580078125
0.3046875,952.7933959960938,26.864517211914062
0.3203125,952.794189453125,26.86157989501953
0.3359375,952.7838134765625,26.87737274169922
0.3515625,952.7883911132812,26.86524200439453
0.3671875,952.788330078125,26.889869689941406
0.3828125,952.7914428710938,26.884353637695312
0.3984375,952.7890625,26.87701416015625
0.4140625,952.7894897460938,26.87480926513672
0.4296875,952.7941284179688,26.868553161621094
0.4453125,952.7875366210938,26.86157989501953
0.4609375,952.7927856445312,26.874435424804688
0.4765625,952.792236328125,26.876266479492188
0.4921875,952.7900390625,26.86157989501953
0.5078125,952.781982421875,26.874061584472656
0.5234375,952.7838745117188,26.868553161621094
0.5390625,952.7785034179688,26.86157989501953
0.5546875,952.7946166992188,26.873703002929688
0.5703125,952.786865234375,26.85900115966797
0.5859375,952.7913208007812,26.876266479492188
0.6015625,952.7894287109375,26.868553161621094
0.6171875,952.7749633789062,26.871498107910156
0.6328125,952.7889404296875,26.865615844726562
0.6484375,952.7889404296875,26.868927001953125
0.6640625,952.78271484375,26.867820739746094
0.6796875,952.781982421875,26.86524200439453
0.6953125,952.7781982421875,26.884353637695312
0.7109375,952.77294921875,26.857528686523438
0.7265625,952.7767944335938,26.868553161621094
0.7421875,952.792236328125,26.86157989501953
0.7578125,952.7784423828125,26.884353637695312
0.7734375,952.7932739257812,26.87994384765625
0.7890625,952.798828125,26.87774658203125
0.8046875,952.8098754882812,26.874061584472656
0.8203125,952.8095092773438,26.86524200439453
0.8359375,952.8128662109375,26.873703002929688
0.8515625,952.8172607421875,26.87590789794922
0.8671875,952.7953491210938,26.88031768798828
0.8828125,952.8286743164062,26.86157989501953
0.8984375,952.835205078125,26.883255004882812
0.9140625,952.8235473632812,26.870025634765625
0.9296875,952.8306884765625,26.872230529785156
0.9453125,952.8225708007812,26.868927001953125
0.9609375,952.8150024414062,26.87884521484375
0.9765625,952.8279418945312,26.86524200439453
0.9921875,952.8349609375,26.86157989501953
1.0078125,952.8208618164062,26.86157989501953
1.0234375,952.82568359375,26.8623046875
1.0390625,952.8226928710938,26.86157989501953
1.0546875,952.8280029296875,26.854217529296875
1.0703125,952.8148193359375,26.8604736328125
1.0859375,952.8416748046875,26.86524200439453
1.1015625,952.8289794921875,26.84760284423828
1.1171875,952.8098754882812,26.8612060546875
1.1328125,952.8460083007812,26.856422424316406
1.1484375,952.8125610351562,26.854591369628906
1.1640625,952.8075561523438,26.85717010498047
1.1796875,952.831787109375,26.846145629882812
1.1953125,952.812255859375,26.846145629882812
1.2109375,952.7864379882812,26.856063842773438
1.2265625,952.826904296875,26.840255737304688
1.2421875,952.8008422851562,26.836578369140625
1.2578125,952.814208984375,26.82996368408203
1.2734375,952.827880859375,26.830711364746094
1.2890625,952.8148193359375,26.833274841308594
1.3046875,952.8341064453125,26.837326049804688
1.3203125,952.8010864257812,26.836219787597656
1.3359375,952.8243408203125,26.82813262939453
1.3515625,952.8402709960938,26.834373474121094
1.3671875,952.81640625,26.819686889648438
1.3828125,952.8441772460938,26.831069946289062
1.3984375,952.8596801757812,26.818206787109375
1.4140625,952.798583984375,26.80902099609375
1.4296875,952.7977294921875,26.80866241455078
1.4453125,952.8419189453125,26.803504943847656
1.4609375,952.8635864257812,26.801300048828125
1.4765625,952.8197631835938,26.798736572265625
1.4921875,952.8750610351562,26.778518676757812
1.5078125,952.8496704101562,26.799095153808594
1.5234375,952.88037109375,26.796531677246094
1.5390625,952.9177856445312,26.786239624023438
1.5546875,952.9049072265625,26.79358673095703
1.5703125,952.9761352539062,26.77374267578125
1.5859375,952.8784790039062,26.781097412109375
1.6015625,952.8434448242188,26.77191162109375
1.6171875,952.906982421875,26.77227783203125
1.6328125,952.89990234375,26.768600463867188
1.6484375,952.9006958007812,26.767868041992188
1.6640625,952.8629760742188,26.77191162109375
1.6796875,952.8472290039062,26.77191162109375
1.6953125,952.9035034179688,26.767868041992188
1.7109375,953.0016479492188,26.760513305664062
1.7265625,952.8754272460938,26.748382568359375
1.7421875,952.904052734375,26.760154724121094
1.7578125,952.9052124023438,26.77007293701172
1.7734375,952.8817138671875,26.752059936523438
1.7890625,952.920654296875,26.74176788330078
1.8046875,952.872314453125,26.747650146484375
1.8203125,952.9231567382812,26.748756408691406
1.8359375,952.9692993164062,26.75574493408203
1.8515625,952.9126586914062,26.752059936523438
1.8671875,952.9540405273438,26.742515563964844
1.8828125,952.8748168945312,26.745819091796875
1.8984375,952.8416748046875,26.745079040527344
1.9140625,952.9008178710938,26.73699951171875
1.9296875,952.930419921875,26.730743408203125
1.9453125,952.8724975585938,26.724876403808594
1.9609375,952.8700561523438,26.728912353515625
1.9765625,952.8973999023438,26.724876403808594
1.9921875,952.8712158203125,26.717514038085938
2.0078125,952.89453125,26.717514038085938
2.0234375,952.981689453125,26.726333618164062
2.0390625,952.8989868164062,26.72156524658203
2.0546875,952.9282836914062,26.716781616210938
2.0703125,952.9009399414062,26.713104248046875
2.0859375,953.0057373046875,26.7193603515625
2.1015625,952.9777221679688,26.717514038085938
2.1171875,952.954833984375,26.70062255859375
2.1328125,952.9465942382812,26.713104248046875
2.1484375,952.8724975585938,26.70465850830078
2.1640625,952.893798828125,26.70318603515625
2.1796875,953.037109375,26.70539093017578
2.1953125,952.896240234375,26.698043823242188
2.2109375,952.943359375,26.691055297851562
2.2265625,952.8941040039062,26.6829833984375
2.2421875,952.991455078125,26.695838928222656
2.2578125,952.9425048828125,26.68701934814453
2.2734375,952.9631958007812,26.70062255859375
2.2890625,952.9262084960938,26.68701934814453
2.3046875,953.0558471679688,26.68701934814453
2.3203125,952.9087524414062,26.677467346191406
2.3359375,952.983642578125,26.673416137695312
2.3515625,952.9803466796875,26.673416137695312
2.3671875,952.96484375,26.68628692626953
2.3828125,952.9744262695312,26.688125610351562
2.3984375,952.968017578125,26.68701934814453
2.4140625,952.8973999023438,26.673416137695312
2.4296875,952.9546508789062,26.671585083007812
2.4453125,952.833740234375,26.676368713378906
2.4609375,952.831787109375,26.66900634765625
2.4765625,952.8352661132812,26.673416137695312
2.4921875,952.8081665039062,26.664596557617188
2.5078125,952.8073120117188,26.673416137695312
2.5234375,952.8106079101562,26.650634765625
2.5390625,952.8466186523438,26.6488037109375
2.5546875,952.8087158203125,26.66900634765625
2.5703125,952.8184814453125,26.671585083007812
2.5859375,952.7966918945312,26.65100860595703
2.6015625,952.797607421875,26.642547607421875
2.6171875,952.7877807617188,26.64550018310547
2.6328125,952.8101196289062,26.66938018798828
2.6484375,952.784423828125,26.65247344970703
2.6640625,952.7989501953125,26.66497039794922
2.6796875,952.8079223632812,26.64733123779297
2.6953125,952.794189453125,26.65247344970703
2.7109375,952.8306884765625,26.64550018310547
2.7265625,952.7887573242188,26.64990997314453
2.7421875,952.84765625,26.646957397460938
2.7578125,952.79296875,26.64659881591797
2.7734375,952.8408203125,26.64659881591797
2.7890625,952.794189453125,26.63593292236328
2.8046875,952.8278198242188,26.64659881591797
2.8203125,952.8031005859375,26.643295288085938
2.8359375,952.8130493164062,26.640716552734375
2.8515625,952.8097534179688,26.63006591796875
2.8671875,952.8038940429688,26.640716552734375
2.8828125,952.7905883789062,26.642547607421875
2.8984375,952.8056640625,26.63006591796875
2.9140625,952.7996826171875,26.63593292236328
2.9296875,952.7865600585938,26.63006591796875
2.9453125,952.790771484375,26.63189697265625
2.9609375,952.7813110351562,26.638137817382812
2.9765625,952.7819213867188,26.63189697265625
2.9921875,952.7986450195312,26.627113342285156
3.0078125,952.7766723632812,26.634475708007812
3.0234375,952.79296875,26.64733123779297
3.0390625,952.7822265625,26.64659881591797
3.0546875,952.78466796875,26.642547607421875
3.0703125,952.7883911132812,26.627487182617188
3.0859375,952.79052734375,26.63006591796875
3.1015625,952.7769165039062,26.638885498046875
3.1171875,952.7808227539062,26.64659881591797
3.1328125,952.7869873046875,26.63189697265625
3.1484375,952.792724609375,26.641090393066406
3.1640625,952.7780151367188,26.64990997314453
3.1796875,952.7861328125,26.656150817871094
3.1953125,952.7837524414062,26.638885498046875
3.2109375,952.791015625,26.643653869628906
3.2265625,952.7938842773438,26.63372802734375
3.2421875,952.7857055664062,26.634475708007812
3.2578125,952.7744140625,26.63372802734375
3.2734375,952.7958374023438,26.644393920898438
3.2890625,952.7825317382812,26.645126342773438
3.3046875,952.781982421875,26.655044555664062
3.3203125,952.7723388671875,26.661293029785156
3.3359375,952.7836303710938,26.638885498046875
3.3515625,952.7778930664062,26.629318237304688
3.3671875,952.7810668945312,26.65247344970703
3.3828125,952.7576904296875,26.6495361328125
3.3984375,952.7699584960938,26.642547607421875
3.4140625,952.7710571289062,26.644752502441406
3.4296875,952.76953125,26.6488037109375
3.4453125,952.77880859375,26.64550018310547
3.4609375,952.7785034179688,26.64659881591797
3.4765625,952.7827758789062,26.646224975585938
3.4921875,952.7857666015625,26.65174102783203
3.5078125,952.778564453125,26.656150817871094
3.5234375,952.792724609375,26.65247344970703
3.5390625,952.78271484375,26.66790771484375
3.5546875,952.7866821289062,26.65174102783203
3.5703125,952.7731323242188,26.6488037109375
3.5859375,952.7824096679688,26.66790771484375
3.6015625,952.7885131835938,26.674522399902344
3.6171875,952.784423828125,26.677093505859375
3.6328125,952.7816162109375,26.673416137695312
3.6484375,952.7830810546875,26.6488037109375
3.6640625,952.7890625,26.676368713378906
3.6796875,952.7744140625,26.66790771484375
3.6953125,952.7777099609375,26.671585083007812
3.7109375,952.7757568359375,26.653213500976562
3.7265625,952.7827758789062,26.66900634765625
3.7421875,952.7808227539062,26.673416137695312
3.7578125,952.7813110351562,26.671585083007812
3.7734375,952.7805786132812,26.653213500976562
3.7890625,952.7631225585938,26.661666870117188
3.8046875,952.777099609375,26.67011260986328
3.8203125,952.7809448242188,26.673789978027344
3.8359375,952.7783203125,26.673416137695312
3.8515625,952.7723999023438,26.66900634765625
3.8671875,952.7778930664062,26.673416137695312
3.8828125,952.7759399414062,26.676368713378906
3.8984375,952.78515625,26.672683715820312
3.9140625,952.7740478515625,26.672683715820312
3.9296875,952.7723388671875,26.681503295898438
3.9453125,952.770751953125,26.681503295898438
3.9609375,952.7749633789062,26.68701934814453
3.9765625,952.7713012695312,26.673789978027344
3.9921875,952.7813110351562,26.681137084960938
4.0078125,952.779052734375,26.673416137695312
4.0234375,952.7908935546875,26.68628692626953
4.0390625,952.771240234375,26.678932189941406
4.0546875,952.77294921875,26.691055297851562
4.0703125,952.7710571289062,26.6837158203125
4.0859375,952.7816772460938,26.672683715820312
4.1015625,952.7723388671875,26.673416137695312
4.1171875,952.7723999023438,26.681503295898438
4.1328125,952.7863159179688,26.68077850341797
4.1484375,952.781982421875,26.68701934814453
4.1640625,952.7755126953125,26.68077850341797
4.1796875,952.77490234375,26.68444061279297
4.1953125,952.7752075195312,26.697669982910156
4.2109375,952.766357421875,26.693260192871094
4.2265625,952.7743530273438,26.68408203125
4.2421875,952.7817993164062,26.70062255859375
4.2578125,952.783935546875,26.68701934814453
4.2734375,952.7784423828125,26.6829833984375
4.2890625,952.7732543945312,26.68701934814453
4.3046875,952.7647705078125,26.696571350097656
4.3203125,952.7716674804688,26.68518829345703
4.3359375,952.7520141601562,26.691055297851562
4.3515625,952.7740478515625,26.691429138183594
4.3671875,952.760986328125,26.691802978515625
4.3828125,952.7657470703125,26.70062255859375
4.3984375,952.783935546875,26.70062255859375
4.4140625,952.794189453125,26.695838928222656
4.4296875,952.8145751953125,26.70062255859375
4.4453125,952.8419189453125,26.697669982910156
4.4609375,952.8709716796875,26.70062255859375
4.4765625,952.8652954101562,26.70465850830078
4.4921875,952.8932495117188,26.70392608642578
4.5078125,952.899658203125,26.69951629638672
4.5234375,952.9584350585938,26.717514038085938
4.5390625,952.9662475585938,26.706863403320312
4.5546875,952.8724975585938,26.70318603515625
4.5703125,952.9462280273438,26.725234985351562
4.5859375,952.8706665039062,26.70648956298828
4.6015625,952.9400024414062,26.70465850830078
4.6171875,952.8997192382812,26.716781616210938
4.6328125,952.8794555664062,26.70648956298828
4.6484375,952.895751953125,26.72156524658203
4.6640625,952.8768310546875,26.712005615234375
4.6796875,952.8693237304688,26.712745666503906
4.6953125,952.8706665039062,26.710540771484375
4.7109375,952.9415283203125,26.7193603515625
4.7265625,952.91015625,26.708335876464844
4.7421875,952.9138793945312,26.709442138671875
4.7578125,952.93310546875,26.72119140625
4.7734375,952.89599609375,26.708335876464844
4.7890625,952.8684692382812,26.70062255859375
4.8046875,952.9071655273438,26.694007873535156
4.8203125,952.9943237304688,26.70062255859375
4.8359375,952.9345703125,26.691055297851562
4.8515625,952.881591796875,26.693260192871094
4.8671875,952.917724609375,26.70062255859375
4.8828125,952.9262084960938,26.70062255859375
4.8984375,952.9674682617188,26.68775177001953
4.9140625,952.8909301757812,26.70062255859375
4.9296875,952.8712158203125,26.695106506347656
4.9453125,952.8958129882812,26.676727294921875
4.9609375,952.837158203125,26.691055297851562
4.9765625,952.8422241210938,26.696571350097656
4.9921875,952.891845703125,26.695838928222656
5.0078125,952.8928833007812,26.687393188476562
5.0234375,952.893798828125,26.681503295898438
5.0390625,952.8663940429688,26.679306030273438
5.0546875,952.9151611328125,26.68077850341797
5.0703125,952.8602905273438,26.688125610351562
5.0859375,952.8693237304688,26.68077850341797
5.1015625,952.8674926757812,26.673416137695312
5.1171875,952.8853759765625,26.691055297851562
5.1328125,952.8995971679688,26.680404663085938
5.1484375,952.9063110351562,26.676368713378906
5.1640625,952.8670654296875,26.681137084960938
5.1796875,952.9027709960938,26.663864135742188
5.1953125,952.9364013671875,26.671958923339844
5.2109375,952.9251098632812,26.676368713378906
5.2265625,952.8927001953125,26.673416137695312
5.2421875,952.8906860351562,26.673789978027344
5.2578125,952.923583984375,26.662391662597656
5.2734375,952.917724609375,26.66900634765625
5.2890625,952.8901977539062,26.66754913330078
5.3046875,952.9110107421875,26.661666870117188
5.3203125,952.9282836914062,26.65247344970703
5.3359375,952.9286499023438,26.65174102783203
5.3515625,952.966796875,26.6495361328125
5.3671875,952.8619995117188,26.657623291015625
5.3828125,952.970458984375,26.65247344970703
5.3984375,952.868896484375,26.65174102783203
5.4140625,952.8914794921875,26.64550018310547
5.4296875,952.893798828125,26.64550018310547
5.4453125,952.8741455078125,26.63262939453125
5.4609375,952.9278564453125,26.64550018310547
5.4765625,952.8908081054688,26.642547607421875
5.4921875,952.9139404296875,26.643653869628906
5.5078125,952.8966674804688,26.636680603027344
5.5234375,952.8870239257812,26.62895965576172
5.5390625,952.858154296875,26.644393920898438
5.5546875,952.9200439453125,26.643295288085938
5.5703125,952.9158325195312,26.63079833984375
5.5859375,952.918701171875,26.63152313232422
5.6015625,952.9540405273438,26.64659881591797
5.6171875,952.8628540039062,26.643295288085938
5.6328125,953.0120239257812,26.63189697265625
5.6484375,952.9176635742188,26.623451232910156
5.6640625,952.9138793945312,26.640716552734375
5.6796875,952.8975830078125,26.63006591796875
5.6953125,952.934814453125,26.621604919433594
5.7109375,952.9554443359375,26.628219604492188
5.7265625,952.8999633789062,26.620140075683594
5.7421875,952.8596801757812,26.620872497558594
5.7578125,952.8591918945312,26.611679077148438
5.7734375,952.9060668945312,26.61646270751953
5.7890625,952.901123046875,26.61463165283203
5.8046875,952.8854370117188,26.6124267578125
5.8203125,952.8983154296875,26.628219604492188
5.8359375,952.9548950195312,26.61719512939453
5.8515625,952.9389038085938,26.603607177734375
5.8671875,952.8938598632812,26.609848022460938
5.8828125,952.8963623046875,26.623451232910156
5.8984375,952.9024658203125,26.626014709472656
5.9140625,952.8919067382812,26.607643127441406
5.9296875,952.9199829101562,26.606536865234375
5.9453125,952.9384155273438,26.606910705566406
5.9609375,952.8583374023438,26.611679077148438
5.9765625,952.8942260742188,26.605438232421875
5.9921875,952.8869018554688,26.605438232421875
6.0078125,952.8929443359375,26.59882354736328
6.0234375,952.9227294921875,26.605438232421875
6.0390625,952.90185546875,26.61463165283203
6.0546875,952.8603515625,26.601760864257812
6.0703125,952.883544921875,26.590736389160156
6.0859375,952.8616333007812,26.611679077148438
6.1015625,952.8983154296875,26.59844970703125
6.1171875,952.8934326171875,26.59735107421875
6.1328125,952.8848876953125,26.59771728515625
6.1484375,952.8676147460938,26.601760864257812
6.1640625,952.8614501953125,26.605812072753906
6.1796875,952.8516845703125,26.59514617919922
6.1953125,952.826171875,26.600296020507812
6.2109375,952.860107421875,26.606910705566406
6.2265625,952.884033203125,26.60065460205078
6.2421875,952.8893432617188,26.605438232421875
6.2578125,952.892333984375,26.604705810546875
6.2734375,952.9005737304688,26.594039916992188
6.2890625,952.8792114257812,26.587066650390625
6.3046875,952.9514770507812,26.592941284179688
6.3203125,952.9083862304688,26.587066650390625
6.3359375,952.8970336914062,26.590736389160156
6.3515625,952.8543701171875,26.59844970703125
6.3671875,952.8551635742188,26.5782470703125
6.3828125,952.833984375,26.590377807617188
6.3984375,952.82568359375,26.5782470703125
6.4140625,952.8184814453125,26.587066650390625
6.4296875,952.8134155273438,26.582290649414062
6.4453125,952.8153076171875,26.585220336914062
6.4609375,952.8173217773438,26.574569702148438
6.4765625,952.8115234375,26.574569702148438
6.4921875,952.802001953125,26.57604217529297
6.5078125,952.8218383789062,26.573471069335938
6.5234375,952.7940673828125,26.570159912109375
6.5390625,952.8033447265625,26.581558227539062
6.5546875,952.8038940429688,26.591476440429688
6.5703125,952.8126220703125,26.571990966796875
6.5859375,952.8130493164062,26.58301544189453
6.6015625,952.795654296875,26.5797119140625
6.6171875,952.7988891601562,26.570892333984375
6.6328125,952.7896118164062,26.582290649414062
6.6484375,952.8027954101562,26.581558227539062
6.6640625,952.7978515625,26.570159912109375
6.6796875,952.8128662109375,26.582290649414062
6.6953125,952.8051147460938,26.577880859375
6.7109375,952.7957763671875,26.57604217529297
6.7265625,952.8045043945312,26.585220336914062
6.7421875,952.7982788085938,26.574195861816406
6.7578125,952.7875366210938,26.582290649414062
6.7734375,952.7991333007812,26.564651489257812
6.7890625,952.8094482421875,26.58045196533203
6.8046875,952.7977905273438,26.565750122070312
6.8203125,952.7921142578125,26.575668334960938
6.8359375,952.7871704101562,26.570159912109375
6.8515625,952.802734375,26.583389282226562
6.8671875,952.7879638671875,26.566848754882812
6.8828125,952.7863159179688,26.570159912109375
6.8984375,952.7967529296875,26.566482543945312
6.9140625,952.7809448242188,26.58045196533203
6.9296875,952.7876586914062,26.574195861816406
6.9453125,952.7899780273438,26.574569702148438
6.9609375,952.7745361328125,26.570159912109375
6.9765625,952.7901611328125,26.570533752441406
6.9921875,952.784912109375,26.585220336914062
7.0078125,952.7821655273438,26.567581176757812
7.0234375,952.7935180664062,26.576400756835938
7.0390625,952.77880859375,26.58045196533203
7.0546875,952.7799072265625,26.585594177246094
7.0703125,952.7809448242188,26.5782470703125
7.0859375,952.7808227539062,26.5797119140625
7.1015625,952.776123046875,26.580078125
7.1171875,952.791748046875,26.582290649414062
7.1328125,952.7896118164062,26.577880859375
7.1484375,952.7628784179688,26.59552001953125
7.1640625,952.7874145507812,26.594039916992188
7.1796875,952.7985229492188,26.58118438720703
7.1953125,952.7739868164062,26.585220336914062
7.2109375,952.7724609375,26.586700439453125
7.2265625,952.7762451171875,26.577880859375
7.2421875,952.7874145507812,26.581558227539062
7.2578125,952.7763671875,26.58301544189453
7.2734375,952.7771606445312,26.590736389160156
7.2890625,952.7772216796875,26.589271545410156
7.3046875,952.7819213867188,26.604339599609375
7.3203125,952.7743530273438,26.590736389160156
7.3359375,952.76171875,26.59844970703125
7.3515625,952.7738037109375,26.592208862304688
7.3671875,952.7835083007812,26.590736389160156
7.3828125,952.7724609375,26.605812072753906
7.3984375,952.7901611328125,26.599197387695312
7.4140625,952.7841796875,26.590003967285156
7.4296875,952.7760009765625,26.600296020507812
7.4453125,952.7781982421875,26.59771728515625
7.4609375,952.7737426757812,26.603607177734375
7.4765625,952.771484375,26.601760864257812
7.4921875,952.7598266601562,26.590736389160156
7.5078125,952.776611328125,26.589271545410156
7.5234375,952.7615966796875,26.592208862304688
7.5390625,952.7642822265625,26.590736389160156
7.5546875,952.7813720703125,26.586700439453125
7.5703125,952.772705078125,26.592208862304688
7.5859375,952.7553100585938,26.582290649414062
7.6015625,952.7633666992188,26.582290649414062
7.6171875,952.7603149414062,26.601402282714844
7.6328125,952.7777099609375,26.590003967285156
7.6484375,952.7658081054688,26.590736389160156
7.6640625,952.7659301757812,26.605438232421875
7.6796875,952.7901611328125,26.607269287109375
7.6953125,952.7628173828125,26.594039916992188
7.7109375,952.7734375,26.59844970703125
7.7265625,952.7786254882812,26.6124267578125
7.7421875,952.7680053710938,26.611679077148438
7.7578125,952.774658203125,26.608749389648438
7.7734375,952.7688598632812,26.611679077148438
7.7890625,952.7728881835938,26.609848022460938
7.8046875,952.7630004882812,26.611679077148438
7.8203125,952.775146484375,26.620140075683594
7.8359375,952.768798828125,26.610580444335938
7.8515625,952.7749633789062,26.620872497558594
7.8671875,952.7796630859375,26.59809112548828
7.8828125,952.7737426757812,26.611679077148438
7.8984375,952.7662353515625,26.59735107421875
7.9140625,952.7666015625,26.611679077148438
7.9296875,952.78125,26.607643127441406
7.9453125,952.7687377929688,26.61573028564453
7.9609375,952.7594604492188,26.6160888671875
7.9765625,952.7791748046875,26.621604919433594
7.9921875,952.776123046875,26.620872497558594
8.0078125,952.7533569335938,26.63262939453125
8.0234375,952.7766723632812,26.620872497558594
8.0390625,952.7671508789062,26.620872497558594
8.0546875,952.7539672851562,26.609115600585938
8.0703125,952.762939453125,26.627113342285156
8.0859375,952.7677612304688,26.622703552246094
8.1015625,952.770263671875,26.620140075683594
8.1171875,952.7717895507812,26.620140075683594
8.1328125,952.7699584960938,26.627487182617188
8.1484375,952.7635498046875,26.63336944580078
8.1640625,952.765380859375,26.627113342285156
8.1796875,952.7802124023438,26.63079833984375
8.1953125,952.76513671875,26.644393920898438
8.2109375,952.7699584960938,26.637405395507812
8.2265625,952.7932739257812,26.625656127929688
8.2421875,952.7926635742188,26.617935180664062
8.2578125,952.80029296875,26.623451232910156
8.2734375,952.7919311523438,26.637405395507812
8.2890625,952.8243408203125,26.63483428955078
8.3046875,952.8336791992188,26.627487182617188
8.3203125,952.8131713867188,26.63189697265625
8.3359375,952.8225708007812,26.63189697265625
8.3515625,952.8303833007812,26.645126342773438
8.3671875,952.8173828125,26.625656127929688
8.3828125,952.8154296875,26.625282287597656
8.3984375,952.8219604492188,26.627487182617188
8.4140625,952.9058227539062,26.635208129882812
8.4296875,952.8396606445312,26.63189697265625
8.4453125,952.8327026367188,26.622703552246094
8.4609375,952.83544921875,26.623451232910156
8.4765625,952.8355102539062,26.642547607421875
8.4921875,952.8564453125,26.626388549804688
8.5078125,952.8572998046875,26.63116455078125
8.5234375,952.861328125,26.640716552734375
8.5390625,952.8295288085938,26.625656127929688
8.5546875,952.8357543945312,26.635208129882812
8.5703125,952.83544921875,26.627113342285156
8.5859375,952.8580322265625,26.6160888671875
8.6015625,952.8999633789062,26.620872497558594
8.6171875,952.8728637695312,26.621604919433594
8.6328125,952.8622436523438,26.620872497558594
8.6484375,952.923095703125,26.6124267578125
8.6640625,952.8971557617188,26.620872497558594
8.6796875,952.9464721679688,26.620872497558594
8.6953125,952.8920288085938,26.611679077148438
8.7109375,952.8834228515625,26.61646270751953
8.7265625,952.9059448242188,26.620140075683594
8.7421875,952.8912963867188,26.61573028564453
8.7578125,952.936279296875,26.611679077148438
8.7734375,952.8947143554688,26.59844970703125
8.7890625,952.9585571289062,26.61022186279297
8.8046875,952.8592529296875,26.617935180664062
8.8203125,952.884033203125,26.605438232421875
8.8359375,952.90185546875,26.603607177734375
8.8515625,952.9046630859375,26.600296020507812
8.8671875,952.9043579101562,26.594039916992188
8.8828125,952.8887329101562,26.601760864257812
8.8984375,952.9146728515625,26.601760864257812
8.9140625,952.9044799804688,26.594039916992188
8.9296875,952.85888671875,26.59258270263672
8.9453125,952.868896484375,26.602127075195312
8.9609375,952.8555297851562,26.587066650390625
8.9765625,952.8319091796875,26.590003967285156
8.9921875,952.8961791992188,26.593307495117188
9.0078125,952.8223876953125,26.582290649414062
9.0234375,952.8876342773438,26.587066650390625
9.0390625,952.8941040039062,26.585220336914062
9.0546875,952.9130249023438,26.582290649414062
9.0703125,952.827880859375,26.587066650390625
9.0859375,952.8193359375,26.570159912109375
9.1015625,952.83740234375,26.568687438964844
9.1171875,952.8038330078125,26.570159912109375
9.1328125,952.8140258789062,26.566482543945312
9.1484375,952.832763671875,26.570159912109375
9.1640625,952.820068359375,26.572364807128906
9.1796875,952.8131103515625,26.556556701660156
9.1953125,952.8157348632812,26.564651489257812
9.2109375,952.8219604492188,26.563919067382812
9.2265625,952.8063354492188,26.56317138671875
9.2421875,952.8002319335938,26.566848754882812
9.2578125,952.865234375,26.56060791015625
9.2734375,952.8567504882812,26.56134033203125
9.2890625,952.8395385742188,26.554351806640625
9.3046875,952.8221435546875,26.549209594726562
9.3203125,952.81201171875,26.557662963867188
9.3359375,952.822998046875,26.54663848876953
9.3515625,952.8027954101562,26.557662963867188
9.3671875,952.8253784179688,26.53966522216797
9.3828125,952.8248291015625,26.54332733154297
9.3984375,952.8287353515625,26.555831909179688
9.4140625,952.8240356445312,26.540390014648438
9.4296875,952.8051147460938,26.54443359375
9.4453125,952.7924194335938,26.543701171875
9.4609375,952.8186645507812,26.53009796142578
9.4765625,952.8106689453125,26.53966522216797
9.4921875,952.8087158203125,26.534507751464844
9.5078125,952.8260498046875,26.543701171875
9.5234375,952.8204345703125,26.53009796142578
9.5390625,952.8184814453125,26.533050537109375
9.5546875,952.8253784179688,26.535980224609375
9.5703125,952.7987060546875,26.530845642089844
9.5859375,952.8107299804688,26.52643585205078
9.6015625,952.821044921875,26.52826690673828
9.6171875,952.818359375,26.52789306640625
9.6328125,952.8087158203125,26.516868591308594
9.6484375,952.8027954101562,26.534149169921875
9.6640625,952.8081665039062,26.517974853515625
9.6796875,952.811279296875,26.520919799804688
9.6953125,952.8569946289062,26.52532958984375
9.7109375,952.8006591796875,26.535614013671875
9.7265625,952.8399658203125,26.52753448486328
9.7421875,952.8482055664062,26.517616271972656
9.7578125,952.826171875,26.515037536621094
9.7734375,952.8182373046875,26.509521484375
9.7890625,952.8050537109375,26.50548553466797
9.8046875,952.800537109375,26.520553588867188
9.8203125,952.8133544921875,26.505844116210938
9.8359375,952.875732421875,26.511001586914062
9.8515625,952.8434448242188,26.505844116210938
9.8671875,952.795654296875,26.513206481933594
9.8828125,952.8043823242188,26.515037536621094
9.8984375,952.796142578125,26.505844116210938
9.9140625,952.8052978515625,26.50438690185547
9.9296875,952.82373046875,26.499229431152344
9.9453125,952.8070068359375,26.495567321777344
9.9609375,952.79296875,26.49261474609375
9.9765625,952.806396484375,26.48931121826172
9.9921875,952.800048828125,26.499977111816406
10.0078125,952.8203125,26.47167205810547
10.0234375,952.8306274414062,26.485641479492188
10.0390625,952.8128662109375,26.487472534179688
10.0546875,952.8399658203125,26.485641479492188
10.0703125,952.8260498046875,26.488204956054688
10.0859375,952.8018798828125,26.486373901367188
10.1015625,952.8004760742188,26.480491638183594
10.1171875,952.8756713867188,26.47167205810547
10.1328125,952.8204345703125,26.483795166015625
10.1484375,952.8092041015625,26.47314453125
10.1640625,952.8391723632812,26.480133056640625
10.1796875,952.8214111328125,26.476821899414062
10.1953125,952.8173828125,26.483795166015625
10.2109375,952.8043823242188,26.47167205810547
10.2265625,952.7989501953125,26.459182739257812
10.2421875,952.8006591796875,26.464698791503906
10.2578125,952.816162109375,26.478286743164062
10.2734375,952.81640625,26.47277069091797
10.2890625,952.8116455078125,26.476455688476562
10.3046875,952.8831176757812,26.480133056640625
10.3203125,952.83154296875,26.476455688476562
10.3359375,952.8388061523438,26.468360900878906
10.3515625,952.894287109375,26.461746215820312
10.3671875,952.8505859375,26.459182739257812
10.3828125,952.90771484375,26.459915161132812
10.3984375,952.879638671875,26.465797424316406
10.4140625,952.8803100585938,26.459182739257812
10.4296875,952.8479614257812,26.459182739257812
10.4453125,952.8753662109375,26.459182739257812
10.4609375,952.8424682617188,26.45660400390625
10.4765625,952.8721923828125,26.45367431640625
10.4921875,952.8204956054688,26.459182739257812
10.5078125,952.8192749023438,26.459182739257812
10.5234375,952.8192749023438,26.45330047607422
10.5390625,952.8013305664062,26.45623779296875
10.5546875,952.811767578125,26.463592529296875
10.5703125,952.8167114257812,26.459182739257812
10.5859375,952.8018798828125,26.468360900878906
10.6015625,952.8051147460938,26.45733642578125
10.6171875,952.8065185546875,26.459182739257812
10.6328125,952.8030395507812,26.45623779296875
10.6484375,952.806396484375,26.444854736328125
10.6640625,952.7992553710938,26.448890686035156
10.6796875,952.804443359375,26.459182739257812
10.6953125,952.8067016601562,26.449996948242188
10.7109375,952.8081665039062,26.45733642578125
10.7265625,952.8082885742188,26.45733642578125
10.7421875,952.800537109375,26.444854736328125
10.7578125,952.8076171875,26.45403289794922
10.7734375,952.7953491210938,26.461746215820312
10.7890625,952.8033447265625,26.461746215820312
10.8046875,952.8033447265625,26.465797424316406
10.8203125,952.80859375,26.461013793945312
10.8359375,952.7972412109375,26.459182739257812
10.8515625,952.7947387695312,26.452194213867188
10.8671875,952.8095092773438,26.47351837158203
10.8828125,952.804443359375,26.459182739257812
10.8984375,952.813232421875,26.459182739257812
10.9140625,952.7893676757812,26.45660400390625
10.9296875,952.784912109375,26.468360900878906
10.9453125,952.7902221679688,26.47351837158203
10.9609375,952.7919921875,26.47534942626953
10.9765625,952.7891235351562,26.47020721435547
10.9921875,952.8017578125,26.479385375976562
11.0078125,952.793701171875,26.465797424316406
11.0234375,952.7977905273438,26.468360900878906
11.0390625,952.7938232421875,26.461746215820312
11.0546875,952.7877807617188,26.45623779296875
11.0703125,952.7854614257812,26.47020721435547
11.0859375,952.7879638671875,26.463592529296875
11.1015625,952.7862548828125,26.47020721435547
11.1171875,952.786865234375,26.465797424316406
11.1328125,952.7833862304688,26.466156005859375
11.1484375,952.7799072265625,26.459182739257812
11.1640625,952.7977294921875,26.47020721435547
11.1796875,952.786865234375,26.47718048095703
11.1953125,952.7701416015625,26.465797424316406
11.2109375,952.7924194335938,26.459182739257812
11.2265625,952.7815551757812,26.47461700439453
11.2421875,952.7776489257812,26.468360900878906
11.2578125,952.7836303710938,26.485641479492188
11.2734375,952.7877807617188,26.467636108398438
11.2890625,952.7698974609375,26.468360900878906
11.3046875,952.780029296875,26.488204956054688
11.3203125,952.7874145507812,26.480491638183594
11.3359375,952.7914428710938,26.47314453125
11.3515625,952.785888671875,26.47534942626953
11.3671875,952.7838134765625,26.485641479492188
11.3828125,952.7883911132812,26.487472534179688
11.3984375,952.7933959960938,26.49261474609375
11.4140625,952.7885131835938,26.497398376464844
11.4296875,952.788330078125,26.495567321777344
11.4453125,952.7821655273438,26.495567321777344
11.4609375,952.7852172851562,26.49188232421875
11.4765625,952.78662109375,26.480133056640625
11.4921875,952.7669067382812,26.47461700439453
11.5078125,952.7711791992188,26.47718048095703
11.5234375,952.765380859375,26.487472534179688
11.5390625,952.7813720703125,26.487472534179688
11.5546875,952.7915649414062,26.498130798339844
11.5703125,952.7734985351562,26.49261474609375
11.5859375,952.7741088867188,26.488204956054688
11.6015625,952.7677001953125,26.488204956054688
11.6171875,952.7743530273438,26.49261474609375
11.6328125,952.7717895507812,26.499977111816406
11.6484375,952.7743530273438,26.499229431152344
11.6640625,952.7885131835938,26.495567321777344
11.6796875,952.7762451171875,26.48931121826172
11.6953125,952.7797241210938,26.499977111816406
11.7109375,952.776611328125,26.511001586914062
11.7265625,952.7734985351562,26.517616271972656
11.7421875,952.7872924804688,26.515037536621094
11.7578125,952.7692260742188,26.499977111816406
11.7734375,952.776611328125,26.5091552734375
11.7890625,952.7530517578125,26.5091552734375
11.8046875,952.7620239257812,26.505844116210938
11.8203125,952.7921752929688,26.504745483398438
11.8359375,952.7681274414062,26.519447326660156
11.8515625,952.7631225585938,26.515037536621094
11.8671875,952.7650756835938,26.504745483398438
11.8828125,952.7807006835938,26.515037536621094
11.8984375,952.7739868164062,26.518714904785156
11.9140625,952.7844848632812,26.514663696289062
11.9296875,952.7733154296875,26.516868591308594
11.9453125,952.7783203125,26.52532958984375
11.9609375,952.763671875,26.511001586914062
11.9765625,952.7734985351562,26.514663696289062
11.9921875,952.756591796875,26.498504638671875
12.0078125,952.7758178710938,26.520919799804688
12.0234375,952.7745361328125,26.520919799804688
12.0390625,952.76318359375,26.516143798828125
12.0546875,952.7734985351562,26.513931274414062
12.0703125,952.7876586914062,26.5076904296875
12.0859375,952.8209838867188,26.509521484375
12.1015625,952.8690185546875,26.509521484375
12.1171875,952.8731689453125,26.512832641601562
12.1328125,952.9058227539062,26.521278381347656
12.1484375,952.9132690429688,26.513206481933594
12.1640625,952.895751953125,26.51136016845703
12.1796875,952.963623046875,26.520919799804688
12.1953125,952.8792114257812,26.513931274414062
12.2109375,952.90234375,26.520553588867188
12.2265625,953.005859375,26.52385711669922
12.2421875,953.0115356445312,26.511001586914062
12.2578125,952.9612426757812,26.520919799804688
12.2734375,952.9078979492188,26.521278381347656
12.2890625,952.9186401367188,26.52568817138672
12.3046875,952.9088134765625,26.533782958984375
12.3203125,952.9264526367188,26.52385711669922
12.3359375,952.9104614257812,26.53009796142578
12.3515625,952.9277954101562,26.520919799804688
12.3671875,953.0045776367188,26.520553588867188
12.3828125,952.964599609375,26.517616271972656
12.3984375,952.9002685546875,26.521278381347656
12.4140625,952.969482421875,26.521278381347656
12.4296875,952.904296875,26.52532958984375
12.4453125,952.9352416992188,26.517242431640625
12.4609375,952.8931274414062,26.516868591308594
12.4765625,952.94873046875,26.515037536621094
12.4921875,952.8821411132812,26.52532958984375
12.5078125,952.9285888671875,26.511734008789062
12.5234375,953.005615234375,26.509521484375
12.5390625,952.927001953125,26.505844116210938
12.5546875,952.9302368164062,26.513931274414062
12.5703125,952.901123046875,26.505111694335938
12.5859375,952.90625,26.519447326660156
12.6015625,952.9190673828125,26.52385711669922
12.6171875,952.9935913085938,26.520919799804688
12.6328125,952.9208984375,26.505111694335938
12.6484375,952.963623046875,26.505844116210938
12.6640625,953.0060424804688,26.519447326660156
12.6796875,952.9476928710938,26.518714904785156
12.6953125,952.9434814453125,26.496292114257812
12.7109375,952.9747314453125,26.5076904296875
12.7265625,953.0403442382812,26.520179748535156
12.7421875,953.0242919921875,26.516868591308594
12.7578125,952.9403686523438,26.505844116210938
12.7734375,952.9547729492188,26.513206481933594
12.7890625,952.938720703125,26.501075744628906
12.8046875,952.923828125,26.49188232421875
12.8203125,952.9223022460938,26.511001586914062
12.8359375,952.9456787109375,26.497398376464844
12.8515625,952.8989868164062,26.494461059570312
12.8671875,952.9302978515625,26.499977111816406
12.8828125,952.99365234375,26.488204956054688
12.8984375,952.9273071289062,26.49005126953125
12.9140625,952.9005737304688,26.48784637451172
12.9296875,952.95654296875,26.499977111816406
12.9453125,952.9475708007812,26.49005126953125
12.9609375,952.9107666015625,26.499229431152344
12.9765625,952.942138671875,26.497398376464844
12.9921875,952.8624267578125,26.487472534179688
13.0078125,952.9397583007812,26.48784637451172
13.0234375,952.9320068359375,26.487472534179688
13.0390625,953.016845703125,26.480491638183594
13.0546875,953.009033203125,26.480491638183594
13.0703125,952.9473876953125,26.49372100830078
13.0859375,952.907470703125,26.480133056640625
13.1015625,952.9390258789062,26.485641479492188
13.1171875,952.9049072265625,26.48931121826172
13.1328125,952.9478149414062,26.47461700439453
13.1484375,952.9270629882812,26.47167205810547
13.1640625,952.951904296875,26.480491638183594
13.1796875,952.9122314453125,26.476821899414062
13.1953125,952.9752197265625,26.463592529296875
13.2109375,952.8991088867188,26.472412109375
13.2265625,952.9920654296875,26.462120056152344
13.2421875,952.910888671875,26.459182739257812
13.2578125,952.9434814453125,26.458816528320312
13.2734375,952.9811401367188,26.472412109375
13.2890625,952.9269409179688,26.469833374023438
13.3046875,952.957763671875,26.449264526367188
13.3203125,952.9043579101562,26.459182739257812
13.3359375,952.9160766601562,26.45367431640625
13.3515625,952.908935546875,26.452194213867188
13.3671875,952.8753051757812,26.449264526367188
13.3828125,952.9180297851562,26.45256805419922
13.3984375,952.9315185546875,26.44190216064453
13.4140625,952.9693603515625,26.463592529296875
13.4296875,952.8907470703125,26.459182739257812
13.4453125,952.9573364257812,26.45733642578125
13.4609375,952.9080200195312,26.465797424316406
13.4765625,952.9842529296875,26.44190216064453
13.4921875,952.9389038085938,26.442649841308594
13.5078125,952.9078979492188,26.442649841308594
13.5234375,952.900146484375,26.449996948242188
13.5390625,952.8924560546875,26.459182739257812
13.5546875,952.9052734375,26.43749237060547
13.5703125,952.9783935546875,26.43824005126953
13.5859375,952.9080200195312,26.430877685546875
13.6015625,952.8660888671875,26.43566131591797
13.6171875,952.9495849609375,26.430877685546875
13.6328125,952.8959350585938,26.43824005126953
13.6484375,952.9576416015625,26.432723999023438
13.6640625,952.884765625,26.44190216064453
13.6796875,952.9938354492188,26.434555053710938
13.6953125,952.9249877929688,26.443374633789062
13.7109375,952.9090576171875,26.447418212890625
13.7265625,952.8778686523438,26.426467895507812
13.7421875,952.9158325195312,26.449996948242188
13.7578125,952.942626953125,26.45367431640625
13.7734375,952.9746704101562,26.43824005126953
13.7890625,952.9301147460938,26.424636840820312
13.8046875,953.0036010742188,26.42243194580078
13.8203125,952.9124145507812,26.414718627929688
13.8359375,952.9176635742188,26.424636840820312
13.8515625,952.9533081054688,26.424636840820312
13.8671875,952.8839721679688,26.427215576171875
13.8828125,952.9069213867188,26.414344787597656
13.8984375,952.8781127929688,26.416549682617188
13.9140625,952.8920288085938,26.42169952392578
13.9296875,952.9002685546875,26.412506103515625
13.9453125,952.8881225585938,26.412506103515625
13.9609375,952.8958129882812,26.424636840820312
13.9765625,953.0118408203125,26.413238525390625
13.9921875,952.9921875,26.414718627929688
14.0078125,952.8798828125,26.42243194580078
14.0234375,952.9058227539062,26.426109313964844
14.0390625,952.9534301757812,26.424636840820312
14.0546875,952.9521484375,26.415443420410156
14.0703125,952.9541015625,26.415443420410156
14.0859375,952.8572998046875,26.410308837890625
14.1015625,952.9673461914062,26.412506103515625
14.1171875,952.9102172851562,26.398178100585938
14.1328125,952.8992919921875,26.407730102539062
14.1484375,952.87451171875,26.412506103515625
14.1640625,952.9287109375,26.415084838867188
14.1796875,952.885986328125,26.410675048828125
14.1953125,952.9178466796875,26.408828735351562
14.2109375,952.9469604492188,26.410675048828125
14.2265625,952.9757690429688,26.415817260742188
14.2421875,952.901611328125,26.415817260742188
14.2578125,952.9674072265625,26.407730102539062
14.2734375,952.987548828125,26.412879943847656
14.2890625,952.9077758789062,26.414718627929688
14.3046875,952.9086303710938,26.414344787597656
14.3203125,952.9110107421875,26.406997680664062
14.3359375,952.9497680664062,26.41912841796875
14.3515625,952.8881225585938,26.408828735351562
14.3671875,952.8961791992188,26.412879943847656
14.3828125,952.8887329101562,26.409576416015625
14.3984375,952.9033203125,26.413612365722656
14.4140625,952.8942260742188,26.40552520751953
14.4296875,952.944091796875,26.405166625976562
14.4453125,952.9094848632812,26.405899047851562
14.4609375,952.8790893554688,26.408096313476562
14.4765625,952.9002075195312,26.405899047851562
14.4921875,952.911376953125,26.39855194091797
14.5078125,952.8567504882812,26.405899047851562
14.5234375,952.876708984375,26.390090942382812
14.5390625,952.8374633789062,26.412879943847656
14.5546875,952.8439331054688,26.414344787597656
14.5703125,952.83984375,26.390830993652344
14.5859375,952.8095092773438,26.397079467773438
14.6015625,952.835205078125,26.4007568359375
14.6171875,952.8128662109375,26.393394470214844
14.6328125,952.8091430664062,26.391563415527344
14.6484375,952.8078002929688,26.391563415527344
14.6640625,952.8316040039062,26.389732360839844
14.6796875,952.809326171875,26.40185546875
14.6953125,952.8098754882812,26.4014892578125
14.7109375,952.80810546875,26.387527465820312
14.7265625,952.8031616210938,26.40406036376953
14.7421875,952.8030395507812,26.408828735351562
14.7578125,952.8142700195312,26.388259887695312
14.7734375,952.8103637695312,26.396347045898438
14.7890625,952.8291015625,26.38788604736328
14.8046875,952.8145141601562,26.38385009765625
14.8203125,952.8248901367188,26.392669677734375
14.8359375,952.8137817382812,26.4007568359375
14.8515625,952.8086547851562,26.389358520507812
14.8671875,952.8123168945312,26.397804260253906
14.8828125,952.80419921875,26.402587890625
14.8984375,952.8207397460938,26.395240783691406
14.9140625,952.7949829101562,26.40662384033203
14.9296875,952.7888793945312,26.398910522460938
14.9453125,952.7947387695312,26.387527465820312
14.9609375,952.7936401367188,26.393394470214844
14.9765625,952.80615234375,26.40038299560547
14.9921875,952.7936401367188,26.405166625976562
15.0078125,952.7965698242188,26.398178100585938
15.0234375,952.80419921875,26.392669677734375
15.0390625,952.794677734375,26.40038299560547
15.0546875,952.7918701171875,26.388259887695312
15.0703125,952.8109741210938,26.395599365234375
15.0859375,952.8021850585938,26.388626098632812
15.1015625,952.7769165039062,26.397079467773438
15.1171875,952.7886352539062,26.389358520507812
15.1328125,952.7896118164062,26.392669677734375
15.1484375,952.7928466796875,26.397079467773438
15.1640625,952.8029174804688,26.397079467773438
15.1796875,952.800537109375,26.40111541748047
15.1953125,952.7734375,26.397079467773438
15.2109375,952.7957763671875,26.41875457763672
15.2265625,952.785888671875,26.392669677734375
15.2421875,952.7988891601562,26.394500732421875
15.2578125,952.7817993164062,26.410308837890625
15.2734375,952.8029174804688,26.405899047851562
15.2890625,952.799560546875,26.408828735351562
15.3046875,952.7879638671875,26.4014892578125
15.3203125,952.7770385742188,26.4014892578125
15.3359375,952.7770385742188,26.410675048828125
15.3515625,952.8024291992188,26.411033630371094
15.3671875,952.7911376953125,26.414344787597656
15.3828125,952.7747192382812,26.412139892578125
15.3984375,952.7864379882812,26.406265258789062
15.4140625,952.78466796875,26.4007568359375
15.4296875,952.7841796875,26.405899047851562
15.4453125,952.793701171875,26.398910522460938
15.4609375,952.7726440429688,26.393394470214844
15.4765625,952.79248046875,26.411033630371094
15.4921875,952.7821655273438,26.412506103515625
15.5078125,952.7901611328125,26.392669677734375
15.5234375,952.7833251953125,26.407730102539062
15.5390625,952.7866821289062,26.410308837890625
15.5546875,952.7941284179688,26.408096313476562
15.5703125,952.7776489257812,26.4007568359375
15.5859375,952.7757568359375,26.41619110107422
15.6015625,952.7724609375,26.4007568359375
15.6171875,952.7698364257812,26.423538208007812
15.6328125,952.7755737304688,26.412879943847656
15.6484375,952.7823486328125,26.412506103515625
15.6640625,952.7811279296875,26.41802215576172
15.6796875,952.7786254882812,26.407730102539062
15.6953125,952.7855224609375,26.412506103515625
15.7109375,952.7877197265625,26.42243194580078
15.7265625,952.7719116210938,26.417648315429688
15.7421875,952.7960205078125,26.42060089111328
15.7578125,952.7837524414062,26.426467895507812
15.7734375,952.7896728515625,26.424636840820312
15.7890625,952.7824096679688,26.42095947265625
15.8046875,952.7830810546875,26.40552520751953
15.8203125,952.7762451171875,26.415817260742188
15.8359375,952.7713012695312,26.426467895507812
15.8515625,952.7849731445312,26.42095947265625
15.8671875,952.7747192382812,26.426467895507812
15.8828125,952.7813110351562,26.422805786132812
15.8984375,952.7755126953125,26.428314208984375
15.9140625,952.7725830078125,26.432357788085938
15.9296875,952.77294921875,26.423538208007812
15.9453125,952.7786254882812,26.424636840820312
15.9609375,952.7811279296875,26.424636840820312
15.9765625,952.7662353515625,26.43603515625
15.9921875,952.7882690429688,26.42169952392578
16.0078125,952.7659301757812,26.424636840820312
16.0234375,952.772216796875,26.43566131591797
16.0390625,952.7732543945312,26.431625366210938
16.0546875,952.7674560546875,26.417648315429688
16.0703125,952.7667236328125,26.428314208984375
16.0859375,952.7725830078125,26.430519104003906
16.1015625,952.7667846679688,26.427215576171875
16.1171875,952.76708984375,26.432357788085938
16.1328125,952.7687377929688,26.43566131591797
16.1484375,952.7607421875,26.427215576171875
16.1640625,952.7681884765625,26.44007110595703
16.1796875,952.77734375,26.431251525878906
16.1953125,952.7728881835938,26.430877685546875
16.2109375,952.7680053710938,26.430877685546875
16.2265625,952.7757568359375,26.442649841308594
16.2421875,952.7686767578125,26.43824005126953
16.2578125,952.7830810546875,26.433456420898438
16.2734375,952.7760009765625,26.447418212890625
16.2890625,952.7528686523438,26.426467895507812
16.3046875,952.7670288085938,26.447418212890625
16.3203125,952.7528686523438,26.433456420898438
16.3359375,952.7658081054688,26.449996948242188
16.3515625,952.777099609375,26.433456420898438
16.3671875,952.7760009765625,26.43566131591797
16.3828125,952.7732543945312,26.442649841308594
16.3984375,952.8020629882812,26.44190216064453
16.4140625,952.807373046875,26.441177368164062
16.4296875,952.8162231445312,26.43824005126953
16.4453125,952.8452758789062,26.44007110595703
16.4609375,952.8364868164062,26.450721740722656
16.4765625,952.8500366210938,26.449996948242188
16.4921875,952.83740234375,26.444854736328125
16.5078125,952.841064453125,26.430877685546875
16.5234375,952.8696899414062,26.43896484375
16.5390625,952.8363647460938,26.431625366210938
16.5546875,952.82958984375,26.426467895507812
16.5703125,952.8399047851562,26.44190216064453
16.5859375,952.8462524414062,26.441177368164062
16.6015625,952.839599609375,26.43824005126953
16.6171875,952.8733520507812,26.430877685546875
16.6328125,952.9066772460938,26.443374633789062
16.6484375,952.8427124023438,26.44190216064453
16.6640625,952.8438110351562,26.449996948242188
16.6796875,952.8721923828125,26.43566131591797
16.6953125,952.9017944335938,26.448890686035156
16.7109375,952.9025268554688,26.449996948242188
16.7265625,952.9097290039062,26.443008422851562
16.7421875,952.8935546875,26.443748474121094
16.7578125,952.8989868164062,26.443374633789062
16.7734375,952.92578125,26.429779052734375
16.7890625,952.9136352539062,26.431625366210938
16.8046875,952.90966796875,26.447418212890625
16.8203125,952.8880004882812,26.43566131591797
16.8359375,952.9071655273438,26.43383026123047
16.8515625,952.8997192382812,26.426467895507812
16.8671875,952.9266357421875,26.428672790527344
16.8828125,952.9100341796875,26.413238525390625
16.8984375,952.8511352539062,26.41949462890625
16.9140625,952.8727416992188,26.43603515625
16.9296875,952.9310913085938,26.413238525390625
16.9453125,952.89599609375,26.426467895507812
16.9609375,952.8840942382812,26.425369262695312
16.9765625,952.9006958007812,26.42022705078125
16.9921875,952.8685913085938,26.41912841796875
17.0078125,952.88037109375,26.424636840820312
17.0234375,952.9019165039062,26.42095947265625
17.0390625,952.8578491210938,26.426467895507812
17.0546875,952.9188232421875,26.42095947265625
17.0703125,952.9086303710938,26.40552520751953
17.0859375,952.8455200195312,26.41912841796875
17.1015625,952.88037109375,26.415817260742188
17.1171875,952.8932495117188,26.41728973388672
17.1328125,952.9035034179688,26.41912841796875
17.1484375,952.8713989257812,26.416549682617188
17.1640625,952.901611328125,26.424636840820312
17.1796875,952.8851318359375,26.42243194580078
17.1953125,952.8938598632812,26.426467895507812
17.2109375,952.9361572265625,26.412506103515625
17.2265625,952.9144287109375,26.410675048828125
17.2421875,952.9214477539062,26.42243194580078
17.2578125,952.8938598632812,26.412506103515625
17.2734375,952.8994140625,26.415443420410156
17.2890625,952.8890380859375,26.40552520751953
17.3046875,952.8849487304688,26.407371520996094
17.3203125,952.9013061523438,26.412506103515625
17.3359375,952.9323120117188,26.408096313476562
17.3515625,952.9180908203125,26.407371520996094
17.3671875,952.9114379882812,26.40221405029297
17.3828125,952.889404296875,26.41985321044922
17.3984375,952.8853149414062,26.405166625976562
17.4140625,952.9071044921875,26.408096313476562
17.4296875,952.9348754882812,26.406265258789062
17.4453125,952.8850708007812,26.407730102539062
17.4609375,952.9031982421875,26.394142150878906
17.4765625,952.9208984375,26.405899047851562
17.4921875,952.8731689453125,26.400009155273438
17.5078125,952.9000854492188,26.397804260253906
17.5234375,952.885498046875,26.397079467773438
17.5390625,952.9039916992188,26.398178100585938
17.5546875,952.8926391601562,26.405899047851562
17.5703125,952.892333984375,26.4007568359375
17.5859375,952.9013061523438,26.396347045898438
17.6015625,952.9493408203125,26.39965057373047
17.6171875,952.90185546875,26.40552520751953
17.6328125,952.9113159179688,26.4014892578125
17.6484375,952.90380859375,26.407371520996094
17.6640625,952.9078979492188,26.4007568359375
17.6796875,952.9275512695312,26.40221405029297
17.6953125,952.9097290039062,26.410675048828125
17.7109375,952.9022216796875,26.40221405029297
17.7265625,952.8834838867188,26.4014892578125
17.7421875,952.8696899414062,26.4014892578125
17.7578125,952.9169921875,26.38347625732422
17.7734375,952.9049682617188,26.395599365234375
17.7890625,952.9192504882812,26.397079467773438
17.8046875,952.9069213867188,26.397079467773438
17.8203125,952.957763671875,26.395973205566406
17.8359375,952.9144897460938,26.397079467773438
17.8515625,952.9242553710938,26.411033630371094
17.8671875,952.938720703125,26.397079467773438
17.8828125,952.9033203125,26.397079467773438
17.8984375,952.9194946289062,26.414344787597656
17.9140625,952.9080200195312,26.39855194091797
17.9296875,952.9291381835938,26.397079467773438
17.9453125,952.9116821289062,26.4014892578125
17.9609375,952.897216796875,26.397079467773438
17.9765625,952.912841796875,26.392669677734375
17.9921875,952.9005126953125,26.4014892578125
18.0078125,952.9552001953125,26.40221405029297
18.0234375,952.9814453125,26.405899047851562
18.0390625,952.9370727539062,26.393394470214844
18.0546875,952.9125366210938,26.391563415527344
18.0703125,952.9625854492188,26.412506103515625
18.0859375,952.8713989257812,26.392669677734375
18.1015625,952.9322509765625,26.397079467773438
18.1171875,952.9457397460938,26.4014892578125
18.1328125,952.9270629882812,26.398910522460938
18.1484375,952.9232788085938,26.406265258789062
18.1640625,952.9400634765625,26.412506103515625
18.1796875,952.9287109375,26.397079467773438
18.1953125,952.8896484375,26.397079467773438
18.2109375,952.869873046875,26.40296173095703
18.2265625,952.9038696289062,26.394500732421875
18.2421875,952.9395141601562,26.398910522460938
18.2578125,952.9567260742188,26.405166625976562
18.2734375,952.9824829101562,26.393768310546875
18.2890625,952.9119873046875,26.410675048828125
18.3046875,952.8885498046875,26.405166625976562
18.3203125,952.978271484375,26.411407470703125
18.3359375,952.9053955078125,26.4014892578125
18.3515625,952.9241333007812,26.406997680664062
18.3671875,952.9043579101562,26.398910522460938
18.3828125,952.9274291992188,26.397079467773438
18.3984375,952.9236450195312,26.394500732421875
18.4140625,952.9037475585938,26.38898468017578
18.4296875,952.9264526367188,26.391563415527344
18.4453125,952.90576171875,26.399276733398438
18.4609375,952.9041137695312,26.38677978515625
18.4765625,952.8628540039062,26.38715362548828
18.4921875,952.8682861328125,26.394142150878906
18.5078125,952.868896484375,26.379440307617188
18.5234375,952.8770751953125,26.393394470214844
18.5390625,952.8377685546875,26.40111541748047
18.5546875,952.8181762695312,26.390830993652344
18.5703125,952.8095092773438,26.394142150878906
18.5859375,952.8318481445312,26.38898468017578
18.6015625,952.8373413085938,26.396347045898438
18.6171875,952.8279418945312,26.4014892578125
18.6328125,952.8165283203125,26.397079467773438
18.6484375,952.8358154296875,26.4033203125
18.6640625,952.837646484375,26.405166625976562
18.6796875,952.8139038085938,26.40221405029297
18.6953125,952.8404541015625,26.394500732421875
18.7109375,952.812255859375,26.39855194091797
18.7265625,952.8262939453125,26.410675048828125
18.7421875,952.8383178710938,26.393768310546875
18.7578125,952.8204956054688,26.415817260742188
18.7734375,952.8220825195312,26.415817260742188
18.7890625,952.8275756835938,26.400009155273438
18.8046875,952.837890625,26.4007568359375
18.8203125,952.8373413085938,26.406997680664062
18.8359375,952.8331909179688,26.405166625976562
18.8515625,952.830078125,26.407730102539062
18.8671875,952.814208984375,26.397445678710938
18.8828125,952.8161010742188,26.412139892578125
18.8984375,952.8092041015625,26.409934997558594
18.9140625,952.8305053710938,26.407730102539062
18.9296875,952.8416137695312,26.405899047851562
18.9453125,952.7977905273438,26.405899047851562
18.9609375,952.8092041015625,26.397804260253906
18.9765625,952.813720703125,26.405166625976562
18.9921875,952.8091430664062,26.405899047851562
19.0078125,952.831298828125,26.4007568359375
19.0234375,952.8403930664062,26.414718627929688
19.0390625,952.811767578125,26.411033630371094
19.0546875,952.8108520507812,26.405166625976562
19.0703125,952.8073120117188,26.408096313476562
19.0859375,952.8195190429688,26.42169952392578
19.1015625,952.8334350585938,26.42095947265625
19.1171875,952.818359375,26.408828735351562
19.1328125,952.8172607421875,26.42095947265625
19.1484375,952.8231811523438,26.410675048828125
19.1640625,952.8024291992188,26.411033630371094
19.1796875,952.8042602539062,26.4014892578125
19.1953125,952.8087158203125,26.41802215576172
19.2109375,952.8282470703125,26.405899047851562
19.2265625,952.8270874023438,26.414718627929688
19.2421875,952.8111572265625,26.410675048828125
19.2578125,952.8156127929688,26.412506103515625
19.2734375,952.7990112304688,26.41949462890625
19.2890625,952.8075561523438,26.41619110107422
19.3046875,952.8102416992188,26.424636840820312
19.3203125,952.802734375,26.42243194580078
19.3359375,952.8030395507812,26.416549682617188
19.3515625,952.8072509765625,26.415443420410156
19.3671875,952.8112182617188,26.417648315429688
19.3828125,952.807373046875,26.416915893554688
19.3984375,952.8091430664062,26.412506103515625
19.4140625,952.7990112304688,26.42022705078125
19.4296875,952.7896728515625,26.4036865234375
19.4453125,952.808349609375,26.428314208984375
19.4609375,952.7970581054688,26.426467895507812
19.4765625,952.8040161132812,26.42132568359375
19.4921875,952.8047485351562,26.41912841796875
19.5078125,952.7996826171875,26.410675048828125
19.5234375,952.8036499023438,26.431625366210938
19.5390625,952.802734375,26.409202575683594
19.5546875,952.8016967773438,26.409202575683594
19.5703125,952.8052978515625,26.423538208007812
19.5859375,952.8031005859375,26.426467895507812
19.6015625,952.78076171875,26.42095947265625
19.6171875,952.7969360351562,26.435287475585938
19.6328125,952.8036499023438,26.424636840820312
19.6484375,952.7889404296875,26.41912841796875
19.6640625,952.7966918945312,26.428314208984375
19.6796875,952.7887573242188,26.413238525390625
19.6953125,952.801513671875,26.412506103515625
19.7109375,952.7913208007812,26.415443420410156
19.7265625,952.7921752929688,26.432723999023438
19.7421875,952.7969360351562,26.41875457763672
19.7578125,952.787109375,26.41839599609375
19.7734375,952.7817993164062,26.42426300048828
19.7890625,952.79248046875,26.432723999023438
19.8046875,952.790283203125,26.424636840820312
19.8203125,952.7841186523438,26.422805786132812
19.8359375,952.78271484375,26.426467895507812
19.8515625,952.7944946289062,26.429779052734375
19.8671875,952.7899780273438,26.435287475585938
19.8828125,952.7791748046875,26.427947998046875
19.8984375,952.7927856445312,26.412506103515625
19.9140625,952.7745361328125,26.426467895507812
19.9296875,952.7723999023438,26.424636840820312
19.9453125,952.7649536132812,26.426467895507812
19.9609375,952.7651977539062,26.412506103515625
19.9765625,952.7787475585938,26.405899047851562
19.9921875,952.7852783203125,26.415443420410156
20.0078125,952.7880249023438,26.41985321044922
20.0234375,952.782470703125,26.426467895507812
20.0390625,952.7921142578125,26.424636840820312
20.0546875,952.7805786132812,26.427215576171875
20.0703125,952.7837524414062,26.424636840820312
20.0859375,952.7763671875,26.428314208984375
20.1015625,952.7719116210938,26.424636840820312
20.1171875,952.772216796875,26.426467895507812
20.1328125,952.7825317382812,26.427947998046875
20.1484375,952.786865234375,26.424636840820312
20.1640625,952.7745971679688,26.414718627929688
20.1796875,952.7788696289062,26.423538208007812
20.1953125,952.7762451171875,26.44007110595703
20.2109375,952.7838745117188,26.42426300048828
20.2265625,952.7947998046875,26.42169952392578
20.2421875,952.7891845703125,26.426467895507812
20.2578125,952.7974853515625,26.409202575683594
20.2734375,952.8094482421875,26.426467895507812
20.2890625,952.805908203125,26.426467895507812
20.3046875,952.8429565429688,26.4378662109375
20.3203125,952.8427734375,26.42022705078125
20.3359375,952.8399047851562,26.43566131591797
20.3515625,952.8270874023438,26.429046630859375
20.3671875,952.8885498046875,26.43566131591797
20.3828125,952.8772583007812,26.426467895507812
20.3984375,952.8758544921875,26.428314208984375
20.4140625,952.865234375,26.427215576171875
20.4296875,952.885986328125,26.425369262695312
20.4453125,952.8887329101562,26.4378662109375
20.4609375,952.8732299804688,26.43639373779297
20.4765625,952.8821411132812,26.430877685546875
20.4921875,952.8947143554688,26.43896484375
20.5078125,952.883544921875,26.43824005126953
20.5234375,952.9169311523438,26.428314208984375
20.5390625,952.8987426757812,26.41912841796875
20.5546875,952.9006958007812,26.430877685546875
20.5703125,952.9031982421875,26.445587158203125
20.5859375,952.8681030273438,26.427215576171875
20.6015625,952.872802734375,26.43824005126953
20.6171875,952.936767578125,26.434555053710938
20.6328125,952.8938598632812,26.43603515625
20.6484375,952.9238891601562,26.422805786132812
20.6640625,952.9004516601562,26.424636840820312
20.6796875,952.8690185546875,26.428314208984375
20.6953125,952.9052124023438,26.44007110595703
20.7109375,952.923095703125,26.426467895507812
20.7265625,952.9122314453125,26.41912841796875
20.7421875,952.9066162109375,26.41949462890625
20.7578125,952.9168701171875,26.423538208007812
20.7734375,952.8820190429688,26.41912841796875
20.7890625,952.8947143554688,26.42095947265625
20.8046875,952.9325561523438,26.41912841796875
20.8203125,952.892333984375,26.41912841796875
20.8359375,952.8756103515625,26.424636840820312
20.8515625,952.8946533203125,26.427215576171875
20.8671875,952.9133911132812,26.424636840820312
20.8828125,952.9043579101562,26.428314208984375
20.8984375,952.919677734375,26.415443420410156
20.9140625,952.921875,26.414718627929688
20.9296875,952.9462890625,26.41985321044922
20.9453125,952.886474609375,26.41802215576172
20.9609375,952.9203491210938,26.413238525390625
20.9765625,952.91748046875,26.414718627929688
20.9921875,952.9008178710938,26.41728973388672
21.0078125,952.9214477539062,26.424636840820312
21.0234375,952.8839721679688,26.432357788085938
21.0390625,952.9247436523438,26.425735473632812
21.0546875,952.9313354492188,26.41912841796875
21.0703125,952.9293823242188,26.415443420410156
21.0859375,952.9290161132812,26.41985321044922
21.1015625,952.9151611328125,26.426467895507812
21.1171875,952.8734130859375,26.42243194580078
21.1328125,952.923095703125,26.41985321044922
21.1484375,952.929443359375,26.407730102539062
21.1640625,952.8989868164062,26.41839599609375
21.1796875,952.9013061523438,26.424636840820312
21.1953125,952.912109375,26.424636840820312
21.2109375,952.94140625,26.41985321044922
21.2265625,952.8876342773438,26.414344787597656
21.2421875,952.9026489257812,26.409202575683594
21.2578125,952.9464111328125,26.41985321044922
21.2734375,952.9055786132812,26.408828735351562
21.2890625,952.958984375,26.423538208007812
21.3046875,952.9094848632812,26.424636840820312
21.3203125,952.8756103515625,26.424636840820312
21.3359375,952.9155883789062,26.414718627929688
21.3515625,952.8715209960938,26.41985321044922
21.3671875,952.9378051757812,26.41985321044922
21.3828125,952.9552001953125,26.42169952392578
21.3984375,952.9290161132812,26.426467895507812
21.4140625,952.9146728515625,26.424636840820312
21.4296875,952.9945678710938,26.427215576171875
21.4453125,952.8990478515625,26.414718627929688
21.4609375,952.8978881835938,26.42169952392578
21.4765625,952.84716796875,26.40552520751953
21.4921875,952.9453735351562,26.409576416015625
21.5078125,952.90576171875,26.41949462890625
21.5234375,952.9043579101562,26.412506103515625
21.5390625,952.9376831054688,26.414718627929688
21.5546875,952.894287109375,26.41619110107422
21.5703125,952.8944091796875,26.412506103515625
21.5859375,952.9514770507812,26.426841735839844
21.6015625,952.8871459960938,26.408828735351562
21.6171875,952.91943359375,26.42095947265625
21.6328125,952.9152221679688,26.42169952392578
21.6484375,952.8985595703125,26.412506103515625
21.6640625,952.8958129882812,26.42169952392578
21.6796875,952.8758544921875,26.410675048828125
21.6953125,952.914794921875,26.411033630371094
21.7109375,952.9231567382812,26.410675048828125
21.7265625,952.8801879882812,26.414344787597656
21.7421875,952.9014892578125,26.409576416015625
21.7578125,952.9428100585938,26.412506103515625
21.7734375,952.9203491210938,26.410675048828125
21.7890625,952.941162109375,26.411033630371094
21.8046875,952.9357299804688,26.411407470703125
21.8203125,952.9012451171875,26.426841735839844
21.8359375,952.9445190429688,26.42169952392578
21.8515625,952.8728637695312,26.412506103515625
21.8671875,952.8720092773438,26.407730102539062
21.8828125,952.8906860351562,26.42095947265625
21.8984375,952.9091796875,26.412506103515625
21.9140625,952.9024658203125,26.409576416015625
21.9296875,952.8854370117188,26.42095947265625
21.9453125,953.0042724609375,26.426841735839844
21.9609375,952.8811645507812,26.407730102539062
21.9765625,952.8781127929688,26.412506103515625
21.9921875,952.9036254882812,26.405899047851562
22.0078125,952.9323120117188,26.405899047851562
22.0234375,952.8868408203125,26.399276733398438
22.0390625,952.8999633789062,26.408828735351562
22.0546875,952.8937377929688,26.409576416015625
22.0703125,952.9368286132812,26.40221405029297
22.0859375,952.9067993164062,26.405899047851562
22.1015625,952.9126586914062,26.405899047851562
22.1171875,952.9000854492188,26.4014892578125
22.1328125,952.9121704101562,26.40185546875
22.1484375,952.8834838867188,26.405899047851562
22.1640625,952.9102172851562,26.400009155273438
22.1796875,952.8934936523438,26.410675048828125
22.1953125,952.8688354492188,26.414344787597656
22.2109375,952.9181518554688,26.405899047851562
22.2265625,952.9102172851562,26.41985321044922
22.2421875,952.9408569335938,26.410308837890625
22.2578125,952.96435546875,26.415817260742188
22.2734375,952.8980102539062,26.41619110107422
22.2890625,952.9129638671875,26.405899047851562
22.3046875,952.9024658203125,26.409576416015625
22.3203125,952.9320068359375,26.397804260253906
22.3359375,952.9415893554688,26.415443420410156
22.3515625,952.8800048828125,26.398178100585938
22.3671875,952.8992919921875,26.409576416015625
22.3828125,952.9105224609375,26.416549682617188
22.3984375,952.9039916992188,26.409576416015625
22.4140625,952.9099731445312,26.411407470703125
22.4296875,952.9633178710938,26.40552520751953
22.4453125,952.9692993164062,26.411033630371094
22.4609375,952.9208374023438,26.40662384033203
22.4765625,952.8958129882812,26.412139892578125
22.4921875,952.9359130859375,26.405166625976562
22.5078125,952.8778686523438,26.410308837890625
22.5234375,952.933349609375,26.405899047851562
22.5390625,952.9108276367188,26.39855194091797
22.5546875,952.8663940429688,26.405899047851562
22.5703125,952.8850708007812,26.405166625976562
22.5859375,952.9166870117188,26.410308837890625
22.6015625,952.8986206054688,26.4007568359375
22.6171875,952.9150390625,26.402587890625
22.6328125,952.899658203125,26.397079467773438
22.6484375,952.8931884765625,26.405899047851562
22.6640625,952.9251098632812,26.410308837890625
22.6796875,952.8969116210938,26.41985321044922
22.6953125,952.9515991210938,26.410675048828125
22.7109375,952.8897705078125,26.41802215576172
22.7265625,952.8659057617188,26.397804260253906
22.7421875,952.8496704101562,26.407730102539062
22.7578125,952.833251953125,26.40221405029297
22.7734375,952.8696899414062,26.414344787597656
22.7890625,952.8380126953125,26.402587890625
22.8046875,952.8327026367188,26.414718627929688
22.8203125,952.83984375,26.42243194580078
22.8359375,952.8156127929688,26.410675048828125
22.8515625,952.8395385742188,26.41875457763672
22.8671875,952.839111328125,26.41912841796875
22.8828125,952.8283081054688,26.41985321044922
22.8984375,952.8265991210938,26.407730102539062
22.9140625,952.8219604492188,26.410675048828125
22.9296875,952.8215942382812,26.4014892578125
22.9453125,952.8123168945312,26.392669677734375
22.9609375,952.8060913085938,26.40038299560547
22.9765625,952.8067626953125,26.40221405029297
22.9921875,952.8267211914062,26.395240783691406
23.0078125,952.79443359375,26.40221405029297
23.0234375,952.8296508789062,26.415084838867188
23.0390625,952.81005859375,26.406997680664062
23.0546875,952.7978515625,26.417648315429688
23.0703125,952.8031005859375,26.412506103515625
23.0859375,952.8086547851562,26.415817260742188
23.1015625,952.8059692382812,26.408828735351562
23.1171875,952.8106079101562,26.412506103515625
23.1328125,952.8175659179688,26.414718627929688
23.1484375,952.8070678710938,26.409576416015625
23.1640625,952.806640625,26.412506103515625
23.1796875,952.8038940429688,26.398178100585938
23.1953125,952.8095703125,26.4014892578125
23.2109375,952.7913818359375,26.40185546875
23.2265625,952.809326171875,26.405166625976562
23.2421875,952.8025512695312,26.408828735351562
23.2578125,952.808349609375,26.40185546875
23.2734375,952.8045654296875,26.41802215576172
23.2890625,952.8193359375,26.397079467773438
23.3046875,952.7993774414062,26.407730102539062
23.3203125,952.810546875,26.406997680664062
23.3359375,952.7985229492188,26.414344787597656
23.3515625,952.787841796875,26.410308837890625
23.3671875,952.7964477539062,26.396705627441406
23.3828125,952.8159790039062,26.4014892578125
23.3984375,952.7913818359375,26.412506103515625
23.4140625,952.8045043945312,26.412879943847656
23.4296875,952.7787475585938,26.417648315429688
23.4453125,952.7989501953125,26.412139892578125
23.4609375,952.7942504882812,26.407730102539062
23.4765625,952.796875,26.4007568359375
23.4921875,952.7848510742188,26.40406036376953
23.5078125,952.7952880859375,26.416915893554688
23.5234375,952.805419921875,26.400009155273438
23.5390625,952.7894287109375,26.415817260742188
23.5546875,952.8048095703125,26.412506103515625
23.5703125,952.7877197265625,26.405166625976562
23.5859375,952.80615234375,26.398910522460938
23.6015625,952.7941284179688,26.412506103515625
23.6171875,952.7990112304688,26.397079467773438
23.6328125,952.7778930664062,26.412139892578125
23.6484375,952.8026123046875,26.394142150878906
23.6640625,952.80078125,26.405899047851562
23.6796875,952.7888793945312,26.408828735351562
23.6953125,952.7849731445312,26.412506103515625
23.7109375,952.7990112304688,26.408828735351562
23.7265625,952.7837524414062,26.414718627929688
23.7421875,952.8003540039062,26.41875457763672
23.7578125,952.7811279296875,26.42426300048828
23.7734375,952.7930908203125,26.417648315429688
23.7890625,952.7816772460938,26.417648315429688
23.8046875,952.7882690429688,26.41985321044922
23.8203125,952.7902221679688,26.414344787597656
23.8359375,952.7998046875,26.407730102539062
23.8515625,952.7747192382812,26.412506103515625
23.8671875,952.7913208007812,26.414718627929688
23.8828125,952.7908325195312,26.42169952392578
23.8984375,952.781982421875,26.414718627929688
23.9140625,952.7879638671875,26.40552520751953
23.9296875,952.8001098632812,26.424636840820312
23.9453125,952.7811279296875,26.407730102539062
23.9609375,952.77294921875,26.412879943847656
23.9765625,952.7793579101562,26.423904418945312
23.9921875,952.79248046875,26.41912841796875
24.0078125,952.775146484375,26.415443420410156
24.0234375,952.7862548828125,26.41728973388672
24.0390625,952.7755737304688,26.413238525390625
24.0546875,952.7770385742188,26.414718627929688
24.0703125,952.782470703125,26.427947998046875
24.0859375,952.7760620117188,26.424636840820312
24.1015625,952.7955322265625,26.412506103515625
24.1171875,952.7852783203125,26.427947998046875
24.1328125,952.7838134765625,26.416915893554688
24.1484375,952.7911376953125,26.411033630371094
24.1640625,952.7869262695312,26.41912841796875
24.1796875,952.7811279296875,26.415084838867188
24.1953125,952.78857421875,26.412879943847656
24.2109375,952.7793579101562,26.414344787597656
24.2265625,952.780029296875,26.41949462890625
24.2421875,952.7776489257812,26.428314208984375
24.2578125,952.7893676757812,26.41875457763672
24.2734375,952.7775268554688,26.41985321044922
24.2890625,952.7830200195312,26.426467895507812
24.3046875,952.7891235351562,26.424636840820312
24.3203125,952.7745971679688,26.424636840820312
24.3359375,952.7805786132812,26.428314208984375
24.3515625,952.7725830078125,26.42022705078125
24.3671875,952.7760009765625,26.430519104003906
24.3828125,952.782958984375,26.425369262695312
24.3984375,952.7811279296875,26.429779052734375
24.4140625,952.788818359375,26.43824005126953
24.4296875,952.7837524414062,26.42132568359375
24.4453125,952.786865234375,26.428314208984375
24.4609375,952.7833251953125,26.424636840820312
24.4765625,952.7824096679688,26.426467895507812
24.4921875,952.7837524414062,26.413238525390625
24.5078125,952.7973022460938,26.424636840820312
24.5234375,952.7889404296875,26.426467895507812
24.5390625,952.8148193359375,26.423904418945312
24.5546875,952.828857421875,26.426467895507812
24.5703125,952.822021484375,26.427215576171875
24.5859375,952.8441162109375,26.443008422851562
24.6015625,952.8409423828125,26.43566131591797
24.6171875,952.8048706054688,26.426467895507812
24.6328125,952.814208984375,26.430877685546875
24.6484375,952.844482421875,26.426467895507812
24.6640625,952.8178100585938,26.431625366210938
24.6796875,952.841552734375,26.427574157714844
24.6953125,952.8382568359375,26.430877685546875
24.7109375,952.8128662109375,26.428314208984375
24.7265625,952.8658447265625,26.415443420410156
24.7421875,952.81005859375,26.43896484375
24.7578125,952.9260864257812,26.423538208007812
24.7734375,952.8031005859375,26.40552520751953
24.7890625,952.8419799804688,26.424636840820312
24.8046875,952.8648071289062,26.41912841796875
24.8203125,952.8373413085938,26.428314208984375
24.8359375,952.8150024414062,26.428314208984375
24.8515625,952.78271484375,26.414344787597656
24.8671875,952.7908325195312,26.41985321044922
24.8828125,952.7938232421875,26.411407470703125
24.8984375,952.8067626953125,26.407730102539062
24.9140625,952.7932739257812,26.410675048828125
24.9296875,952.7928466796875,26.41985321044922
24.9453125,952.769287109375,26.41985321044922
24.9609375,952.7962036132812,26.42060089111328
24.9765625,952.8345336914062,26.412506103515625
24.9921875,952.7864379882812,26.412506103515625
25.0078125,952.7990112304688,26.40406036376953
25.0234375,952.8173828125,26.398910522460938
25.0390625,952.8084716796875,26.405899047851562
25.0546875,952.8062133789062,26.394500732421875
25.0703125,952.7978515625,26.40221405029297
25.0859375,952.7950439453125,26.391189575195312
25.1015625,952.8023071289062,26.396347045898438
25.1171875,952.8225708007812,26.397079467773438
25.1328125,952.8829956054688,26.393394470214844
25.1484375,952.8318481445312,26.4014892578125
25.1640625,952.9216918945312,26.397804260253906
25.1796875,952.8035888671875,26.38311767578125
25.1953125,952.8080444335938,26.394500732421875
25.2109375,952.809814453125,26.395599365234375
25.2265625,953.0017700195312,26.387527465820312
25.2421875,952.9794311523438,26.396347045898438
25.2578125,952.9182739257812,26.373924255371094
25.2734375,952.8604736328125,26.391563415527344
25.2890625,952.8884887695312,26.38457489013672
25.3046875,952.9290161132812,26.394500732421875
25.3203125,952.90185546875,26.4007568359375
25.3359375,953.1223754882812,26.388626098632812
25.3515625,953.0996704101562,26.388626098632812
25.3671875,952.895263671875,26.381637573242188
25.3828125,952.8927612304688,26.392669677734375
25.3984375,952.9154663085938,26.38091278076172
25.4140625,952.8892211914062,26.38311767578125
25.4296875,952.961669921875,26.382369995117188
25.4453125,952.8910522460938,26.382369995117188
25.4609375,952.9317016601562,26.37134552001953
25.4765625,952.9366455078125,26.396347045898438
25.4921875,952.9462890625,26.375030517578125
25.5078125,952.8867797851562,26.36583709716797
25.5234375,952.8948364257812,26.38421630859375
25.5390625,953.0806884765625,26.379806518554688
25.5546875,952.9194946289062,26.376502990722656
25.5703125,952.9945068359375,26.38311767578125
25.5859375,952.9293823242188,26.375755310058594
25.6015625,952.89404296875,26.375030517578125
25.6171875,952.9309692382812,26.391563415527344
25.6328125,952.8944091796875,26.38091278076172
25.6484375,952.954345703125,26.377960205078125
25.6640625,952.940185546875,26.376129150390625
25.6796875,952.9048461914062,26.375755310058594
25.6953125,952.975341796875,26.370986938476562
25.7109375,953.0424194335938,26.370986938476562
25.7265625,953.0328979492188,26.373191833496094
25.7421875,953.0282592773438,26.376861572265625
25.7578125,953.0453491210938,26.372093200683594
25.7734375,952.9414672851562,26.363998413085938
25.7890625,952.95263671875,26.381637573242188
25.8046875,953.0511474609375,26.38274383544922
25.8203125,953.0023193359375,26.374656677246094
25.8359375,952.9650268554688,26.378707885742188
25.8515625,952.9971923828125,26.362525939941406
25.8671875,952.9495239257812,26.38788604736328
25.8828125,953.0213012695312,26.369140625
25.8984375,953.018798828125,26.377601623535156
25.9140625,952.9891967773438,26.360321044921875
25.9296875,953.0276489257812,26.361427307128906
25.9453125,953.1053466796875,26.361427307128906
25.9609375,952.9942016601562,26.374298095703125
25.9765625,953.0294799804688,26.3665771484375
25.9921875,953.0419311523438,26.359962463378906
26.0078125,952.9755249023438,26.362167358398438
26.0234375,952.9429321289062,26.369140625
26.0390625,953.0086669921875,26.370986938476562
26.0546875,952.9431762695312,26.372817993164062
26.0703125,953.00732421875,26.377960205078125
26.0859375,953.0238647460938,26.369140625
26.1015625,952.9848022460938,26.37024688720703
26.1171875,953.087158203125,26.375755310058594
26.1328125,953.0333251953125,26.373191833496094
26.1484375,953.0198974609375,26.378707885742188
26.1640625,952.9385986328125,26.370986938476562
26.1796875,953.0298461914062,26.370986938476562
26.1953125,952.9503784179688,26.376502990722656
26.2109375,953.0399169921875,26.377960205078125
26.2265625,952.9437866210938,26.388626098632812
26.2421875,952.993896484375,26.372817993164062
26.2578125,952.9541015625,26.376861572265625
26.2734375,953.1343383789062,26.376502990722656
26.2890625,953.0291748046875,26.379066467285156
26.3046875,952.9703979492188,26.390830993652344
26.3203125,953.0294189453125,26.372093200683594
26.3359375,952.9749755859375,26.38677978515625
26.3515625,953.03857421875,26.381637573242188
26.3671875,952.9992065429688,26.373550415039062
26.3828125,953.0946044921875,26.378334045410156
26.3984375,953.0103149414062,26.38311767578125
26.4140625,952.9359741210938,26.38091278076172
26.4296875,952.9298095703125,26.38568115234375
26.4453125,953.0372314453125,26.381271362304688
26.4609375,953.048095703125,26.396347045898438
26.4765625,953.0711669921875,26.4007568359375
26.4921875,953.0548706054688,26.380538940429688
26.5078125,952.973388671875,26.376502990722656
26.5234375,952.9676513671875,26.395240783691406
26.5390625,952.9874877929688,26.396347045898438
26.5546875,953.019287109375,26.38347625732422
26.5703125,953.0042114257812,26.391189575195312
26.5859375,952.9810791015625,26.392295837402344
26.6015625,952.9948120117188,26.375030517578125
26.6171875,952.9782104492188,26.396347045898438
26.6328125,953.0616455078125,26.391563415527344
26.6484375,953.0223388671875,26.398178100585938
26.6640625,952.9649658203125,26.394142150878906
26.6796875,952.940673828125,26.395599365234375
26.6953125,953.0322265625,26.40221405029297
26.7109375,953.0125732421875,26.38898468017578
26.7265625,953.121826171875,26.4033203125
26.7421875,952.9584350585938,26.4014892578125
26.7578125,952.9534301757812,26.391563415527344
26.7734375,953.0934448242188,26.40406036376953
26.7890625,953.031982421875,26.4007568359375
26.8046875,953.065673828125,26.38677978515625
26.8203125,953.1085205078125,26.397079467773438
26.8359375,953.060546875,26.387527465820312
26.8515625,952.9764404296875,26.38898468017578
26.8671875,952.9306030273438,26.40552520751953
26.8828125,952.9949951171875,26.39965057373047
26.8984375,952.9376220703125,26.392669677734375
26.9140625,953.0134887695312,26.40221405029297
26.9296875,953.0855102539062,26.40406036376953
26.9453125,953.0037841796875,26.405166625976562
26.9609375,952.9627075195312,26.415817260742188
26.9765625,953.0211791992188,26.395240783691406
26.9921875,953.0042114257812,26.40406036376953
27.0078125,952.9984741210938,26.412506103515625
27.0234375,952.9180297851562,26.390090942382812
27.0390625,952.9277954101562,26.395240783691406
27.0546875,953.0208129882812,26.395973205566406
27.0703125,952.9521484375,26.405166625976562
27.0859375,953.0780029296875,26.410675048828125
27.1015625,953.0170288085938,26.405899047851562
27.1171875,953.0219116210938,26.405899047851562
27.1328125,952.99560546875,26.392669677734375
27.1484375,953.0050659179688,26.415817260742188
27.1640625,953.0838623046875,26.41912841796875
27.1796875,952.9873046875,26.412506103515625
27.1953125,952.9849853515625,26.405899047851562
27.2109375,952.9549560546875,26.398910522460938
27.2265625,952.9387817382812,26.406997680664062
27.2421875,952.9832763671875,26.397804260253906
27.2578125,952.8860473632812,26.41985321044922
27.2734375,952.8403930664062,26.405166625976562
27.2890625,952.8419799804688,26.407371520996094
27.3046875,952.8331909179688,26.4014892578125
27.3203125,952.8440551757812,26.415817260742188
27.3359375,952.8370971679688,26.42169952392578
27.3515625,952.8334350585938,26.411033630371094
27.3671875,952.8377075195312,26.42169952392578
27.3828125,952.8089599609375,26.405166625976562
27.3984375,952.813232421875,26.405899047851562
27.4140625,952.8295288085938,26.414344787597656
27.4296875,952.8357543945312,26.426467895507812
27.4453125,952.8154296875,26.428672790527344
27.4609375,952.8341064453125,26.41985321044922
27.4765625,952.817626953125,26.412506103515625
27.4921875,952.8247680664062,26.42095947265625
27.5078125,952.8106079101562,26.413238525390625
27.5234375,952.8128662109375,26.414344787597656
27.5390625,952.8099975585938,26.40552520751953
27.5546875,952.8245849609375,26.424636840820312
27.5703125,952.80810546875,26.413238525390625
27.5859375,952.8110961914062,26.413238525390625
27.6015625,952.8021850585938,26.40552520751953
27.6171875,952.8031616210938,26.423904418945312
27.6328125,952.8157348632812,26.42060089111328
27.6484375,952.8165893554688,26.426841735839844
27.6640625,952.8112182617188,26.42095947265625
27.6796875,952.8237915039062,26.414718627929688
27.6953125,952.8165893554688,26.42243194580078
27.7109375,952.7964477539062,26.409202575683594
27.7265625,952.8041381835938,26.414718627929688
27.7421875,952.8291015625,26.415443420410156
27.7578125,952.8148803710938,26.41949462890625
27.7734375,952.7967529296875,26.40552520751953
27.7890625,952.8251953125,26.415817260742188
27.8046875,952.7927856445312,26.415443420410156
27.8203125,952.79638671875,26.414718627929688
27.8359375,952.798583984375,26.412506103515625
27.8515625,952.7996826171875,26.410308837890625
27.8671875,952.805419921875,26.424636840820312
27.8828125,952.8098754882812,26.407730102539062
27.8984375,952.7908325195312,26.405166625976562
27.9140625,952.7953491210938,26.426109313964844
27.9296875,952.8081665039062,26.41985321044922
27.9453125,952.810546875,26.414718627929688
27.9609375,952.8027954101562,26.411033630371094
27.9765625,952.7844848632812,26.409576416015625
27.9921875,952.8071899414062,26.397079467773438
28.0078125,952.7981567382812,26.40221405029297
28.0234375,952.787841796875,26.41985321044922
28.0390625,952.7938232421875,26.414344787597656
28.0546875,952.8034057617188,26.398910522460938
28.0703125,952.7822265625,26.405166625976562
28.0859375,952.783935546875,26.415817260742188
28.1015625,952.7964477539062,26.407730102539062
28.1171875,952.8064575195312,26.415817260742188
28.1328125,952.7994384765625,26.407730102539062
28.1484375,952.7813110351562,26.405166625976562
28.1640625,952.7924194335938,26.412139892578125
28.1796875,952.8068237304688,26.414344787597656
28.1953125,952.7837524414062,26.41619110107422
28.2109375,952.7994384765625,26.406265258789062
28.2265625,952.7984008789062,26.408828735351562
28.2421875,952.7921142578125,26.406997680664062
28.2578125,952.7919311523438,26.415817260742188
28.2734375,952.797607421875,26.40552520751953
28.2890625,952.7869873046875,26.412879943847656
28.3046875,952.7943725585938,26.398910522460938
28.3203125,952.786376953125,26.410308837890625
28.3359375,952.791015625,26.392669677734375
28.3515625,952.78515625,26.398910522460938
28.3671875,952.7988891601562,26.417648315429688
28.3828125,952.7960205078125,26.413986206054688
28.3984375,952.7883911132812,26.410675048828125
28.4140625,952.7875366210938,26.426841735839844
28.4296875,952.776611328125,26.410675048828125
28.4453125,952.7779541015625,26.406997680664062
28.4609375,952.7938232421875,26.402587890625
28.4765625,952.7933349609375,26.412506103515625
28.4921875,952.787109375,26.412506103515625
28.5078125,952.8068237304688,26.408096313476562
28.5234375,952.7877807617188,26.40221405029297
28.5390625,952.782470703125,26.415817260742188
28.5546875,952.7713012695312,26.409576416015625
28.5703125,952.7808227539062,26.412506103515625
28.5859375,952.7823486328125,26.38898468017578
28.6015625,952.7931518554688,26.429779052734375
28.6171875,952.7810668945312,26.412506103515625
28.6328125,952.7811279296875,26.405899047851562
28.6484375,952.7852783203125,26.414718627929688
28.6640625,952.782470703125,26.42426300048828
28.6796875,952.7835083007812,26.411033630371094
28.6953125,952.773193359375,26.414718627929688
28.7109375,952.7759399414062,26.407730102539062
28.7265625,952.7621459960938,26.397804260253906
28.7421875,952.7755126953125,26.405899047851562
28.7578125,952.780517578125,26.41985321044922
28.7734375,952.7889404296875,26.405166625976562
28.7890625,952.7762451171875,26.411033630371094
28.8046875,952.781005859375,26.412506103515625
28.8203125,952.7756958007812,26.414344787597656
28.8359375,952.784912109375,26.410675048828125
28.8515625,952.7857666015625,26.410675048828125
28.8671875,952.800048828125,26.431625366210938
28.8828125,952.77880859375,26.414344787597656
28.8984375,952.7813110351562,26.415817260742188
28.9140625,952.7766723632812,26.417648315429688
28.9296875,952.7691040039062,26.406997680664062
28.9453125,952.7734375,26.41802215576172
28.9609375,952.7828979492188,26.408096313476562
28.9765625,952.7896728515625,26.41985321044922
28.9921875,952.780029296875,26.405899047851562
29.0078125,952.7750854492188,26.413238525390625
29.0234375,952.7781982421875,26.41985321044922
29.0390625,952.7752685546875,26.410675048828125
29.0546875,952.7791748046875,26.423538208007812
29.0703125,952.7780151367188,26.42426300048828
29.0859375,952.7721557617188,26.413238525390625
29.1015625,952.7902221679688,26.428314208984375
29.1171875,952.765380859375,26.422805786132812
29.1328125,952.7832641601562,26.42060089111328
29.1484375,952.7885131835938,26.426467895507812
29.1640625,952.7896728515625,26.422805786132812
29.1796875,952.8131713867188,26.428314208984375
29.1953125,952.8987426757812,26.43896484375
29.2109375,952.8716430664062,26.425735473632812
29.2265625,952.8673095703125,26.42095947265625
29.2421875,952.96484375,26.426467895507812
29.2578125,953.10107421875,26.43896484375
29.2734375,953.1322631835938,26.426467895507812
29.2890625,953.0430908203125,26.44007110595703
29.3046875,953.0928955078125,26.426467895507812
29.3203125,952.9678955078125,26.427215576171875
29.3359375,953.0419311523438,26.423538208007812
29.3515625,953.0134887695312,26.431251525878906
29.3671875,953.0985107421875,26.410675048828125
29.3828125,952.9955444335938,26.426467895507812
29.3984375,953.046142578125,26.42095947265625
29.4140625,953.0120239257812,26.428314208984375
29.4296875,952.9853515625,26.409202575683594
29.4453125,952.859130859375,26.424636840820312
29.4609375,953.0005493164062,26.432723999023438
29.4765625,952.9295654296875,26.430145263671875
29.4921875,952.9508666992188,26.427215576171875
29.5078125,953.0150756835938,26.4378662109375
29.5234375,952.9569091796875,26.427215576171875
29.5390625,952.905029296875,26.432723999023438
29.5546875,952.8698120117188,26.441177368164062
29.5703125,952.893310546875,26.443374633789062
29.5859375,952.8648071289062,26.429046630859375
29.6015625,952.941162109375,26.449996948242188
29.6171875,952.8846435546875,26.43566131591797
29.6328125,952.8868408203125,26.43824005126953
29.6484375,952.8733520507812,26.45477294921875
29.6640625,952.9048461914062,26.443008422851562
29.6796875,952.93359375,26.433456420898438
29.6953125,952.9810180664062,26.4378662109375
29.7109375,952.9066772460938,26.43824005126953
29.7265625,952.9313354492188,26.43383026123047
29.7421875,952.920654296875,26.44190216064453
29.7578125,952.9435424804688,26.441177368164062
29.7734375,953.013427734375,26.430877685546875
29.7890625,952.8558349609375,26.427215576171875
29.8046875,952.96484375,26.447418212890625
29.8203125,952.9609375,26.442649841308594
29.8359375,952.9688110351562,26.428314208984375
29.8515625,953.0020751953125,26.447418212890625
29.8671875,952.9292602539062,26.428314208984375
29.8828125,952.9231567382812,26.43639373779297
29.8984375,952.9873046875,26.43824005126953
29.9140625,952.9337158203125,26.430877685546875
29.9296875,952.9420166015625,26.43383026123047
29.9453125,953.0109252929688,26.429779052734375
29.9609375,952.9520263671875,26.447418212890625
29.9765625,952.9853515625,26.4378662109375
29.9921875,953.0615234375,26.43603515625
30.0078125,952.9800415039062,26.426467895507812
30.0234375,953.0192260742188,26.43824005126953
30.0390625,953.0580444335938,26.448890686035156
30.0546875,953.004638671875,26.431625366210938
30.0703125,952.940185546875,26.43639373779297
30.0859375,952.9251098632812,26.443008422851562
30.1015625,952.9974975585938,26.433456420898438
30.1171875,953.0187377929688,26.443008422851562
30.1328125,953.0889892578125,26.443008422851562
30.1484375,953.0590209960938,26.43824005126953
30.1640625,953.0909423828125,26.430877685546875
30.1796875,952.9669799804688,26.43824005126953
30.1953125,953.0765991210938,26.441177368164062
30.2109375,952.973388671875,26.429779052734375
30.2265625,953.1187133789062,26.430877685546875
30.2421875,952.9528198242188,26.43824005126953
30.2578125,952.9696044921875,26.430877685546875
30.2734375,952.950927734375,26.430877685546875
30.2890625,953.0178833007812,26.427215576171875
30.3046875,952.9713745117188,26.427215576171875
30.3203125,953.0353393554688,26.428314208984375
30.3359375,952.9100341796875,26.43383026123047
30.3515625,952.9697265625,26.427215576171875
30.3671875,953.0150756835938,26.433456420898438
30.3828125,952.989990234375,26.431625366210938
30.3984375,952.8792114257812,26.449996948242188
30.4140625,952.978515625,26.442649841308594
30.4296875,952.9239501953125,26.433456420898438
30.4453125,953.046142578125,26.43824005126953
30.4609375,952.918701171875,26.430877685546875
30.4765625,952.9749145507812,26.448890686035156
30.4921875,952.9425659179688,26.447418212890625
30.5078125,953.0111694335938,26.447418212890625
30.5234375,952.9364013671875,26.444854736328125
30.5390625,953.0078125,26.452194213867188
30.5546875,952.987060546875,26.449996948242188
30.5703125,952.988037109375,26.450721740722656
30.5859375,952.9893798828125,26.447418212890625
30.6015625,952.9339599609375,26.449996948242188
30.6171875,952.9653930664062,26.443374633789062
30.6328125,952.9306030273438,26.45623779296875
30.6484375,952.9324951171875,26.447418212890625
30.6640625,952.9244384765625,26.465797424316406
30.6796875,952.8952026367188,26.462120056152344
30.6953125,952.9348754882812,26.452194213867188
30.7109375,952.9021606445312,26.447418212890625
30.7265625,952.948974609375,26.463592529296875
30.7421875,952.976318359375,26.447418212890625
30.7578125,952.9727783203125,26.446311950683594
30.7734375,952.8513793945312,26.447418212890625
30.7890625,952.8742065429688,26.449996948242188
30.8046875,953.0335083007812,26.448890686035156
30.8203125,952.9927978515625,26.449996948242188
30.8359375,952.9229736328125,26.442649841308594
30.8515625,952.9813842773438,26.449996948242188
30.8671875,952.9061279296875,26.444854736328125
30.8828125,952.8668823242188,26.459182739257812
30.8984375,952.922607421875,26.45844268798828
30.9140625,953.0001831054688,26.459182739257812
30.9296875,952.9231567382812,26.44190216064453
30.9453125,952.9884643554688,26.461746215820312
30.9609375,952.8416137695312,26.450721740722656
30.9765625,952.8722534179688,26.45256805419922
30.9921875,952.9554443359375,26.450721740722656
31.0078125,952.843505859375,26.459182739257812
31.0234375,952.9417114257812,26.450721740722656
31.0390625,952.9098510742188,26.45256805419922
31.0546875,952.8998413085938,26.44007110595703
31.0703125,952.9034423828125,26.459182739257812
31.0859375,952.9016723632812,26.44007110595703
31.1015625,952.9517822265625,26.450721740722656
31.1171875,952.8716430664062,26.459182739257812
31.1328125,952.9124145507812,26.459182739257812
31.1484375,952.8353881835938,26.459182739257812
31.1640625,952.8221435546875,26.463592529296875
31.1796875,952.8435668945312,26.459182739257812
31.1953125,952.8186645507812,26.459182739257812
31.2109375,952.8353881835938,26.459182739257812
31.2265625,952.8461303710938,26.463592529296875
31.2421875,952.8167114257812,26.459182739257812
31.2578125,952.8209838867188,26.480133056640625
31.2734375,952.8165283203125,26.465797424316406
31.2890625,952.8193359375,26.459182739257812
31.3046875,952.8102416992188,26.462120056152344
31.3203125,952.8272705078125,26.449264526367188
31.3359375,952.8182373046875,26.459182739257812
31.3515625,952.813232421875,26.462852478027344
31.3671875,952.817138671875,26.468360900878906
31.3828125,952.8153076171875,26.45623779296875
31.3984375,952.81591796875,26.460647583007812
31.4140625,952.8014526367188,26.442649841308594
31.4296875,952.8031616210938,26.45330047607422
