# Time (seconds),Pressure,Temp
0.0078125,966.7766723632812,27.661575317382812
0.0234375,966.38671875,27.66045379638672
0.0390625,966.3895874023438,27.67125701904297
0.0546875,966.3828735351562,27.676467895507812
0.0703125,966.40185546875,27.66492462158203
0.0859375,966.3888549804688,27.674232482910156
0.1015625,966.3881225585938,27.67125701904297
0.1171875,966.39208984375,27.659339904785156
0.1328125,966.3882446289062,27.661941528320312
0.1484375,966.38671875,27.66790771484375
0.1640625,966.378173828125,27.66492462158203
0.1796875,966.3931884765625,27.66790771484375
0.1953125,966.3721923828125,27.666046142578125
0.2109375,966.3817138671875,27.661575317382812
0.2265625,966.387939453125,27.660079956054688
0.2421875,966.3878173828125,27.661941528320312
0.2578125,966.38671875,27.661575317382812
0.2734375,966.3806762695312,27.660079956054688
0.2890625,966.3834838867188,27.65337371826172
0.3046875,966.3870239257812,27.661941528320312
0.3203125,966.3819580078125,27.660079956054688
0.3359375,966.3817138671875,27.6571044921875
0.3515625,966.3814086914062,27.655609130859375
0.3671875,966.3800048828125,27.6571044921875
0.3828125,966.3892822265625,27.652633666992188
0.3984375,966.379638671875,27.65039825439453
0.4140625,966.3873291015625,27.65039825439453
0.4296875,966.3836669921875,27.649276733398438
0.4453125,966.3695068359375,27.640335083007812
0.4609375,966.3843383789062,27.6358642578125
0.4765625,966.3851318359375,27.65076446533203
0.4921875,966.3867797851562,27.643310546875
0.5078125,966.3878173828125,27.64704132080078
0.5234375,966.3850708007812,27.637725830078125
0.5390625,966.3871459960938,27.644058227539062
0.5546875,966.3890991210938,27.641456604003906
0.5703125,966.3876342773438,27.640701293945312
0.5859375,966.3837890625,27.64293670654297
0.6015625,966.3878173828125,27.63922119140625
0.6171875,966.390380859375,27.631393432617188
0.6328125,966.3865356445312,27.626174926757812
0.6484375,966.4030151367188,27.637725830078125
0.6640625,966.384033203125,27.6358642578125
0.6796875,966.3973999023438,27.645172119140625
0.6953125,966.3922729492188,27.63623046875
0.7109375,966.3851928710938,27.634368896484375
0.7265625,966.3898315429688,27.631393432617188
0.7421875,966.393798828125,27.631019592285156
0.7578125,966.389404296875,27.62804412841797
0.7734375,966.3800659179688,27.625808715820312
0.7890625,966.39013671875,27.6287841796875
0.8046875,966.4051513671875,27.631759643554688
0.8203125,966.3865356445312,27.6287841796875
0.8359375,966.38623046875,27.620216369628906
0.8515625,966.3834228515625,27.631393432617188
0.8671875,966.3895263671875,27.6287841796875
0.8828125,966.3905029296875,27.62542724609375
0.8984375,966.3895263671875,27.631019592285156
0.9140625,966.386474609375,27.6358642578125
0.9296875,966.3870239257812,27.63251495361328
0.9453125,966.38232421875,27.62952423095703
0.9609375,966.3893432617188,27.626922607421875
0.9765625,966.385986328125,27.6217041015625
0.9921875,966.3775634765625,27.62804412841797
1.0078125,966.3892211914062,27.620582580566406
1.0234375,966.3822631835938,27.620216369628906
1.0390625,966.3895263671875,27.62841033935547
1.0546875,966.3904418945312,27.63623046875
1.0703125,966.396240234375,27.62952423095703
1.0859375,966.384521484375,27.627288818359375
1.1015625,966.3842163085938,27.63623046875
1.1171875,966.3900756835938,27.6287841796875
1.1328125,966.3892822265625,27.62804412841797
1.1484375,966.3904418945312,27.630645751953125
1.1640625,966.389404296875,27.631393432617188
1.1796875,966.3846435546875,27.618728637695312
1.1953125,966.38818359375,27.640335083007812
1.2109375,966.387451171875,27.62468719482422
1.2265625,966.3839721679688,27.636611938476562
1.2421875,966.3851928710938,27.624313354492188
1.2578125,966.3960571289062,27.619468688964844
1.2734375,966.40234375,27.633255004882812
1.2890625,966.3958129882812,27.64740753173828
1.3046875,966.3900756835938,27.63251495361328
1.3203125,966.4006958007812,27.63214111328125
1.3359375,966.3970336914062,27.63214111328125
1.3515625,966.3896484375,27.626922607421875
1.3671875,966.3901977539062,27.62952423095703
1.3828125,966.400390625,27.61760711669922
1.3984375,966.3953857421875,27.631019592285156
1.4140625,966.389404296875,27.631393432617188
1.4296875,966.3969116210938,27.630645751953125
1.4453125,966.4119873046875,27.634368896484375
1.4609375,966.3959350585938,27.63251495361328
1.4765625,966.3938598632812,27.635116577148438
1.4921875,966.4058227539062,27.641082763671875
1.5078125,966.3966674804688,27.63214111328125
1.5234375,966.4006958007812,27.638465881347656
1.5390625,966.3884887695312,27.631759643554688
1.5546875,966.3969116210938,27.635116577148438
1.5703125,966.397216796875,27.623573303222656
1.5859375,966.4002075195312,27.62952423095703
1.6015625,966.400390625,27.62952423095703
1.6171875,966.3893432617188,27.638839721679688
1.6328125,966.3794555664062,27.620216369628906
1.6484375,966.3754272460938,27.634368896484375
1.6640625,966.3917236328125,27.62841033935547
1.6796875,966.3892211914062,27.62468719482422
1.6953125,966.3900756835938,27.62841033935547
1.7109375,966.3861694335938,27.625808715820312
1.7265625,966.384033203125,27.626548767089844
1.7421875,966.3889770507812,27.62542724609375
1.7578125,966.3888549804688,27.624313354492188
1.7734375,966.3930053710938,27.634368896484375
1.7890625,966.3837280273438,27.63549041748047
1.8046875,966.413818359375,27.631019592285156
1.8203125,966.4669799804688,27.63288116455078
1.8359375,966.6039428710938,27.637351989746094
1.8515625,966.7405395507812,27.648529052734375
1.8671875,966.6946411132812,27.631019592285156
1.8828125,966.6170654296875,27.62804412841797
1.8984375,966.4453125,27.62952423095703
1.9140625,966.7030029296875,27.62841033935547
1.9296875,966.5081787109375,27.62468719482422
1.9453125,966.6213989257812,27.612014770507812
1.9609375,966.5540161132812,27.61052703857422
1.9765625,966.7186279296875,27.620956420898438
1.9921875,966.6410522460938,27.619468688964844
2.0078125,966.7366943359375,27.613136291503906
2.0234375,966.7042846679688,27.601219177246094
2.0390625,966.8165283203125,27.607925415039062
2.0546875,966.645751953125,27.59375762939453
2.0703125,966.6875610351562,27.594131469726562
2.0859375,966.7228393554688,27.59674835205078
2.1015625,966.6085205078125,27.591903686523438
2.1171875,966.6519165039062,27.569549560546875
2.1328125,966.61474609375,27.56768798828125
2.1484375,966.5547485351562,27.550918579101562
2.1640625,966.7908935546875,27.554641723632812
2.1796875,966.6477661132812,27.55389404296875
2.1953125,966.6348876953125,27.53936767578125
2.2109375,966.8128051757812,27.54010772705078
2.2265625,966.8641357421875,27.515151977539062
2.2421875,966.735107421875,27.508071899414062
2.2578125,966.7630004882812,27.511802673339844
2.2734375,967.0098876953125,27.502487182617188
2.2890625,966.9302368164062,27.494659423828125
2.3046875,966.8073120117188,27.480873107910156
2.3203125,966.794921875,27.46410369873047
2.3359375,966.5690307617188,27.44622039794922
2.3515625,966.6622924804688,27.441383361816406
2.3671875,966.7581787109375,27.421630859375
2.3828125,966.7232055664062,27.43877410888672
2.3984375,966.6962890625,27.417160034179688
2.4140625,966.8854370117188,27.41344451904297
2.4296875,966.6490478515625,27.40338134765625
2.4453125,966.837646484375,27.391830444335938
2.4609375,966.827880859375,27.39220428466797
2.4765625,966.673583984375,27.3929443359375
2.4921875,966.888427734375,27.373207092285156
2.5078125,966.685546875,27.36761474609375
2.5234375,966.8203125,27.359039306640625
2.5390625,966.6864624023438,27.363143920898438
2.5546875,966.7528076171875,27.351593017578125
2.5703125,966.9149780273438,27.351593017578125
2.5859375,966.747802734375,27.330734252929688
2.6015625,966.7083129882812,27.320297241210938
2.6171875,966.8115234375,27.31098175048828
2.6328125,966.7471923828125,27.307998657226562
2.6484375,966.8162841796875,27.305770874023438
2.6640625,966.9735717773438,27.283790588378906
2.6796875,966.8209838867188,27.28564453125
2.6953125,966.7548217773438,27.277450561523438
2.7109375,966.7855224609375,27.279319763183594
2.7265625,967.0218505859375,27.26031494140625
2.7421875,966.7378540039062,27.2640380859375
2.7578125,966.8109741210938,27.250259399414062
2.7734375,966.6984252929688,27.25249481201172
2.7890625,966.9249877929688,27.23944854736328
2.8046875,966.736328125,27.23497772216797
2.8203125,966.6156005859375,27.22417449951172
2.8359375,966.5557861328125,27.21820831298828
2.8515625,966.5387573242188,27.205169677734375
2.8671875,966.4915161132812,27.201446533203125
2.8828125,966.456298828125,27.18878173828125
2.8984375,966.4556274414062,27.18579864501953
2.9140625,966.4644165039062,27.18914794921875
2.9296875,966.4446411132812,27.18878173828125
2.9453125,966.4415283203125,27.176490783691406
2.9609375,966.4376831054688,27.171646118164062
2.9765625,966.4367065429688,27.161582946777344
2.9921875,966.4276123046875,27.17462158203125
3.0078125,966.4503784179688,27.16307830810547
3.0234375,966.4356689453125,27.165313720703125
3.0390625,966.4554443359375,27.1712646484375
3.0546875,966.4371948242188,27.155250549316406
3.0703125,966.422607421875,27.158973693847656
3.0859375,966.42919921875,27.148170471191406
3.1015625,966.423095703125,27.151519775390625
3.1171875,966.4241333007812,27.148170471191406
3.1328125,966.4346923828125,27.151519775390625
3.1484375,966.4405517578125,27.138107299804688
3.1640625,966.43359375,27.14966583251953
3.1796875,966.4457397460938,27.140350341796875
3.1953125,966.427734375,27.144821166992188
3.2109375,966.4361572265625,27.13922882080078
3.2265625,966.4336547851562,27.13475799560547
3.2421875,966.4204711914062,27.138107299804688
3.2578125,966.4367065429688,27.13922882080078
3.2734375,966.4238891601562,27.132522583007812
3.2890625,966.4354248046875,27.136619567871094
3.3046875,966.435302734375,27.14966583251953
3.3203125,966.4434204101562,27.147430419921875
3.3359375,966.4340209960938,27.147430419921875
3.3515625,966.4217529296875,27.14966583251953
3.3671875,966.43115234375,27.14966583251953
3.3828125,966.4347534179688,27.141090393066406
3.3984375,966.4125366210938,27.13178253173828
3.4140625,966.4243774414062,27.147430419921875
3.4296875,966.4291381835938,27.144821166992188
3.4453125,966.4227905273438,27.13178253173828
3.4609375,966.4323120117188,27.133262634277344
3.4765625,966.4373779296875,27.136253356933594
3.4921875,966.4328002929688,27.144439697265625
3.5078125,966.4093017578125,27.135498046875
3.5234375,966.4132690429688,27.126937866210938
3.5390625,966.4194946289062,27.123580932617188
3.5546875,966.4221801757812,27.13475799560547
3.5703125,966.4186401367188,27.14966583251953
3.5859375,966.4330444335938,27.148910522460938
3.6015625,966.4208374023438,27.130287170410156
3.6171875,966.4192504882812,27.138107299804688
3.6328125,966.4135131835938,27.14966583251953
3.6484375,966.4146728515625,27.144821166992188
3.6640625,966.417236328125,27.140350341796875
3.6796875,966.409423828125,27.133636474609375
3.6953125,966.4129638671875,27.148170471191406
3.7109375,966.4201049804688,27.15338134765625
3.7265625,966.40966796875,27.133636474609375
3.7421875,966.4232788085938,27.13214874267578
3.7578125,966.3999633789062,27.148170471191406
3.7734375,966.4182739257812,27.14556121826172
3.7890625,966.4130859375,27.14966583251953
3.8046875,966.4133911132812,27.151519775390625
3.8203125,966.3990478515625,27.148170471191406
3.8359375,966.4072265625,27.15338134765625
3.8515625,966.4151611328125,27.151145935058594
3.8671875,966.407470703125,27.151519775390625
3.8828125,966.408203125,27.151901245117188
3.8984375,966.4271850585938,27.16754913330078
3.9140625,966.4185180664062,27.169403076171875
3.9296875,966.41015625,27.157485961914062
3.9453125,966.4076538085938,27.16307830810547
3.9609375,966.4161376953125,27.155250549316406
3.9765625,966.4189453125,27.172760009765625
3.9921875,966.3952026367188,27.16717529296875
4.0078125,966.4098510742188,27.159347534179688
4.0234375,966.3937377929688,27.166053771972656
4.0390625,966.415283203125,27.169029235839844
4.0546875,966.4155883789062,27.165313720703125
4.0703125,966.3956298828125,27.16344451904297
4.0859375,966.4119873046875,27.155250549316406
4.1015625,966.4189453125,27.178726196289062
4.1171875,966.4086303710938,27.18244171142578
4.1328125,966.3963012695312,27.16754913330078
4.1484375,966.3892211914062,27.162322998046875
4.1640625,966.4008178710938,27.18244171142578
4.1796875,966.41162109375,27.176490783691406
4.1953125,966.3987426757812,27.179466247558594
4.2109375,966.4099731445312,27.166053771972656
4.2265625,966.3987426757812,27.172019958496094
4.2421875,966.404296875,27.183197021484375
4.2578125,966.4183349609375,27.18207550048828
4.2734375,966.4090576171875,27.18096160888672
4.2890625,966.3961791992188,27.183197021484375
4.3046875,966.412841796875,27.169784545898438
4.3203125,966.3948364257812,27.179466247558594
4.3359375,966.388671875,27.17499542236328
4.3515625,966.3869018554688,27.180206298828125
4.3671875,966.4058227539062,27.179092407226562
4.3828125,966.3935546875,27.182815551757812
4.3984375,966.3963012695312,27.18543243408203
4.4140625,966.40576171875,27.191757202148438
4.4296875,966.3973388671875,27.188034057617188
4.4453125,966.4146118164062,27.184677124023438
4.4609375,966.4118041992188,27.189903259277344
4.4765625,966.3897705078125,27.191757202148438
4.4921875,966.4004516601562,27.193618774414062
4.5078125,966.4127807617188,27.19884490966797
4.5234375,966.3980102539062,27.205169677734375
4.5390625,966.4061279296875,27.19622802734375
4.5546875,966.4008178710938,27.201446533203125
4.5703125,966.4080810546875,27.20331573486328
4.5859375,966.4125366210938,27.21038818359375
4.6015625,966.3993530273438,27.205169677734375
4.6171875,966.4115600585938,27.20629119873047
4.6328125,966.4019165039062,27.204055786132812
4.6484375,966.4028930664062,27.208152770996094
4.6640625,966.40576171875,27.207786560058594
4.6796875,966.3814086914062,27.208152770996094
4.6953125,966.4021606445312,27.215232849121094
4.7109375,966.4151611328125,27.212623596191406
4.7265625,966.4093627929688,27.202194213867188
4.7421875,966.3911743164062,27.21038818359375
4.7578125,966.3993530273438,27.216354370117188
4.7734375,966.407958984375,27.21038818359375
4.7890625,966.3907470703125,27.205169677734375
4.8046875,966.4030151367188,27.21820831298828
4.8203125,966.4044189453125,27.208152770996094
4.8359375,966.4021606445312,27.23199462890625
4.8515625,966.3931884765625,27.215606689453125
4.8671875,966.40966796875,27.222312927246094
4.8828125,966.4005737304688,27.222679138183594
4.8984375,966.3995361328125,27.223800659179688
4.9140625,966.3922729492188,27.21337127685547
4.9296875,966.3984375,27.215972900390625
4.9453125,966.391357421875,27.222679138183594
4.9609375,966.3800048828125,27.226036071777344
4.9765625,966.4150390625,27.232376098632812
4.9921875,966.4090576171875,27.22417449951172
5.0078125,966.4032592773438,27.23199462890625
5.0234375,966.3931884765625,27.237586975097656
5.0390625,966.3828125,27.232376098632812
5.0546875,966.4048461914062,27.23199462890625
5.0703125,966.3931884765625,27.228271484375
5.0859375,966.4103393554688,27.23162078857422
5.1015625,966.389404296875,27.222679138183594
5.1171875,966.40380859375,27.238327026367188
5.1328125,966.381591796875,27.215972900390625
5.1484375,966.3926391601562,27.226036071777344
5.1640625,966.4077758789062,27.222679138183594
5.1796875,966.4006958007812,27.22454833984375
5.1953125,966.3814086914062,27.220077514648438
5.2109375,966.3917846679688,27.222679138183594
5.2265625,966.3934326171875,27.222679138183594
5.2421875,966.3921508789062,27.222679138183594
5.2578125,966.4006958007812,27.221939086914062
5.2734375,966.39208984375,27.21820831298828
5.2890625,966.38671875,27.233856201171875
5.3046875,966.4000854492188,27.218582153320312
5.3203125,966.3721923828125,27.22417449951172
5.3359375,966.378173828125,27.232376098632812
5.3515625,966.4048461914062,27.23199462890625
5.3671875,966.3973999023438,27.23199462890625
5.3828125,966.3931884765625,27.2279052734375
5.3984375,966.4043579101562,27.23199462890625
5.4140625,966.3931884765625,27.241317749023438
5.4296875,966.3832397460938,27.226036071777344
5.4453125,966.3924560546875,27.23199462890625
5.4609375,966.3992919921875,27.230140686035156
5.4765625,966.3733520507812,27.23199462890625
5.4921875,966.3931884765625,27.24578857421875
5.5078125,966.3825073242188,27.232376098632812
5.5234375,966.4005126953125,27.23497772216797
5.5390625,966.3934326171875,27.23944854736328
5.5546875,966.3939819335938,27.22417449951172
5.5703125,966.3800659179688,27.241317749023438
5.5859375,966.411865234375,27.22454833984375
5.6015625,966.387451171875,27.243553161621094
5.6171875,966.4016723632812,27.238327026367188
5.6328125,966.4054565429688,27.232376098632812
5.6484375,966.4029541015625,27.23199462890625
5.6640625,966.3931884765625,27.23199462890625
5.6796875,966.3822631835938,27.23944854736328
5.6953125,966.3939819335938,27.24578857421875
5.7109375,966.3945922851562,27.233116149902344
5.7265625,966.3932495117188,27.24578857421875
5.7421875,966.4031982421875,27.24578857421875
5.7578125,966.409912109375,27.238327026367188
5.7734375,966.3797607421875,27.24578857421875
5.7890625,966.3958129882812,27.24578857421875
5.8046875,966.3988647460938,27.23572540283203
5.8203125,966.3934936523438,27.238327026367188
5.8359375,966.3846435546875,27.23944854736328
5.8515625,966.3750610351562,27.23944854736328
5.8671875,966.3939819335938,27.2498779296875
5.8828125,966.403564453125,27.243553161621094
5.8984375,966.3998413085938,27.22454833984375
5.9140625,966.392333984375,27.23497772216797
5.9296875,966.3934326171875,27.247268676757812
5.9453125,966.4064331054688,27.24578857421875
5.9609375,966.3884887695312,27.247650146484375
5.9765625,966.3826293945312,27.241317749023438
5.9921875,966.3942260742188,27.241317749023438
6.0078125,966.3942260742188,27.24578857421875
6.0234375,966.3945922851562,27.233116149902344
6.0390625,966.3993530273438,27.252120971679688
6.0546875,966.3953857421875,27.256210327148438
6.0703125,966.3848266601562,27.241317749023438
6.0859375,966.3942260742188,27.256210327148438
6.1015625,966.40185546875,27.25249481201172
6.1171875,966.406982421875,27.251739501953125
6.1328125,966.4026489257812,27.245407104492188
6.1484375,966.40625,27.251739501953125
6.1640625,966.40380859375,27.250259399414062
6.1796875,966.3840942382812,27.247650146484375
6.1953125,966.4033203125,27.25696563720703
6.2109375,966.3896484375,27.256210327148438
6.2265625,966.40185546875,27.25249481201172
6.2421875,966.3983154296875,27.27149200439453
6.2578125,966.393798828125,27.26702117919922
6.2734375,966.4066772460938,27.244293212890625
6.2890625,966.4029541015625,27.250259399414062
6.3046875,966.4188842773438,27.259201049804688
6.3203125,966.3973388671875,27.259567260742188
6.3359375,966.3960571289062,27.26702117919922
6.3515625,966.40966796875,27.256210327148438
6.3671875,966.4201049804688,27.261062622070312
6.3828125,966.406005859375,27.26702117919922
6.3984375,966.3969116210938,27.26702117919922
6.4140625,966.4085083007812,27.27149200439453
6.4296875,966.4127197265625,27.27149200439453
6.4453125,966.3986206054688,27.259567260742188
6.4609375,966.4046020507812,27.278945922851562
6.4765625,966.3890991210938,27.26068115234375
6.4921875,966.4048461914062,27.261062622070312
6.5078125,966.4139404296875,27.27149200439453
6.5234375,966.412109375,27.26702117919922
6.5390625,966.4085083007812,27.255096435546875
6.5546875,966.4030151367188,27.27149200439453
6.5703125,966.4072265625,27.263290405273438
6.5859375,966.405029296875,27.269622802734375
6.6015625,966.4197387695312,27.261062622070312
6.6171875,966.4243774414062,27.28192138671875
6.6328125,966.4210815429688,27.264785766601562
6.6484375,966.41015625,27.280433654785156
6.6640625,966.4208984375,27.2781982421875
6.6796875,966.427490234375,27.26441192626953
6.6953125,966.4063720703125,27.274093627929688
6.7109375,966.4215698242188,27.278945922851562
6.7265625,966.4116821289062,27.278945922851562
6.7421875,966.4214477539062,27.2781982421875
6.7578125,966.4133911132812,27.277084350585938
6.7734375,966.4157104492188,27.287139892578125
6.7890625,966.4107055664062,27.278945922851562
6.8046875,966.4263305664062,27.280059814453125
6.8203125,966.4099731445312,27.2711181640625
6.8359375,966.4278564453125,27.2711181640625
6.8515625,966.4119873046875,27.273353576660156
6.8671875,966.4281616210938,27.28862762451172
6.8828125,966.4370727539062,27.280059814453125
6.8984375,966.429443359375,27.286392211914062
6.9140625,966.4398193359375,27.290115356445312
6.9296875,966.442138671875,27.286392211914062
6.9453125,966.4381103515625,27.29309844970703
6.9609375,966.4387817382812,27.290496826171875
6.9765625,966.4275512695312,27.287506103515625
6.9921875,966.4327392578125,27.286392211914062
7.0078125,966.4295043945312,27.28826141357422
7.0234375,966.4242553710938,27.28490447998047
7.0390625,966.429443359375,27.28192138671875
7.0546875,966.4320678710938,27.286766052246094
7.0703125,966.4296875,27.287506103515625
7.0859375,966.4229736328125,27.291976928710938
7.1015625,966.427734375,27.302413940429688
7.1171875,966.4270629882812,27.294212341308594
7.1328125,966.4273071289062,27.28826141357422
7.1484375,966.4212036132812,27.290115356445312
7.1640625,966.4336547851562,27.28862762451172
7.1796875,966.4334716796875,27.287506103515625
7.1953125,966.4168701171875,27.297569274902344
7.2109375,966.4308471679688,27.307998657226562
7.2265625,966.4319458007812,27.295333862304688
7.2421875,966.423828125,27.311729431152344
7.2578125,966.4298706054688,27.28937530517578
7.2734375,966.4231567382812,27.297203063964844
7.2890625,966.4118041992188,27.290115356445312
7.3046875,966.4299926757812,27.311729431152344
7.3203125,966.4255981445312,27.30614471435547
7.3359375,966.4097290039062,27.2994384765625
7.3515625,966.4180908203125,27.30614471435547
7.3671875,966.4249877929688,27.293846130371094
7.3828125,966.4071655273438,27.2998046875
7.3984375,966.4217529296875,27.304275512695312
7.4140625,966.391845703125,27.29570770263672
7.4296875,966.4238891601562,27.28826141357422
7.4453125,966.415771484375,27.300918579101562
7.4609375,966.4122314453125,27.306884765625
7.4765625,966.412841796875,27.297203063964844
7.4921875,966.4307861328125,27.301300048828125
7.5078125,966.4140625,27.29644775390625
7.5234375,966.4135131835938,27.305023193359375
7.5390625,966.40234375,27.299057006835938
7.5546875,966.408935546875,27.309494018554688
7.5703125,966.4132080078125,27.2994384765625
7.5859375,966.418701171875,27.286392211914062
7.6015625,966.3898315429688,27.2994384765625
7.6171875,966.4016723632812,27.294967651367188
7.6328125,966.4182739257812,27.303909301757812
7.6484375,966.419189453125,27.311729431152344
7.6640625,966.3896484375,27.299057006835938
7.6796875,966.4004516601562,27.29309844970703
7.6953125,966.4149780273438,27.287887573242188
7.7109375,966.40771484375,27.299057006835938
7.7265625,966.4102172851562,27.297203063964844
7.7421875,966.4044189453125,27.29644775390625
7.7578125,966.4086303710938,27.301300048828125
7.7734375,966.4122314453125,27.2998046875
7.7890625,966.408935546875,27.2994384765625
7.8046875,966.3973999023438,27.28862762451172
7.8203125,966.4077758789062,27.301300048828125
7.8359375,966.3976440429688,27.298316955566406
7.8515625,966.400390625,27.301300048828125
7.8671875,966.40185546875,27.306884765625
7.8828125,966.4013061523438,27.294212341308594
7.8984375,966.4115600585938,27.286766052246094
7.9140625,966.4137573242188,27.290115356445312
7.9296875,966.407958984375,27.294212341308594
7.9453125,966.39990234375,27.29570770263672
7.9609375,966.4000854492188,27.294212341308594
7.9765625,966.4072265625,27.297203063964844
7.9921875,966.4044189453125,27.301300048828125
8.0078125,966.4091796875,27.290115356445312
8.0234375,966.4122314453125,27.293472290039062
8.0390625,966.3998413085938,27.299057006835938
8.0546875,966.4132690429688,27.297569274902344
8.0703125,966.41552734375,27.299057006835938
8.0859375,966.3864135742188,27.290115356445312
8.1015625,966.4110717773438,27.29644775390625
8.1171875,966.4000854492188,27.297203063964844
8.1328125,966.4087524414062,27.28937530517578
8.1484375,966.3993530273438,27.301300048828125
8.1640625,966.4133911132812,27.2994384765625
8.1796875,966.415771484375,27.291976928710938
8.1953125,966.4112548828125,27.29608154296875
8.2109375,966.4183959960938,27.290115356445312
8.2265625,966.4110717773438,27.30278778076172
8.2421875,966.4239501953125,27.2994384765625
8.2578125,966.4004516601562,27.30614471435547
8.2734375,966.398193359375,27.290115356445312
8.2890625,966.4171142578125,27.297203063964844
8.3046875,966.3965454101562,27.29608154296875
8.3203125,966.40625,27.305023193359375
8.3359375,966.4010620117188,27.301300048828125
8.3515625,966.40185546875,27.30614471435547
8.3671875,966.4224853515625,27.305023193359375
8.3828125,966.40234375,27.29570770263672
8.3984375,966.412841796875,27.30614471435547
8.4140625,966.4127807617188,27.29608154296875
8.4296875,966.4086303710938,27.29644775390625
8.4453125,966.4000854492188,27.305770874023438
8.4609375,966.4146118164062,27.283035278320312
8.4765625,966.4102783203125,27.306884765625
8.4921875,966.4140625,27.298316955566406
8.5078125,966.4534912109375,27.305770874023438
8.5234375,966.6177978515625,27.29309844970703
8.5390625,966.773193359375,27.2994384765625
8.5546875,966.6702270507812,27.2994384765625
8.5703125,966.7598876953125,27.305023193359375
8.5859375,966.6946411132812,27.30017852783203
8.6015625,966.528076171875,27.306884765625
8.6171875,966.6063842773438,27.297203063964844
8.6328125,966.6431274414062,27.2994384765625
8.6484375,966.5347290039062,27.279319763183594
8.6640625,966.7479248046875,27.291236877441406
8.6796875,966.7638549804688,27.293472290039062
8.6953125,966.8568725585938,27.28826141357422
8.7109375,966.8282470703125,27.286392211914062
8.7265625,966.7205810546875,27.278564453125
8.7421875,966.8619384765625,27.278945922851562
8.7578125,966.8461303710938,27.28564453125
8.7734375,966.6419067382812,27.277450561523438
8.7890625,966.7227172851562,27.278945922851562
8.8046875,966.6063842773438,27.2640380859375
8.8203125,966.7718505859375,27.261436462402344
8.8359375,966.569091796875,27.263290405273438
8.8515625,966.7015991210938,27.24950408935547
8.8671875,966.708740234375,27.23944854736328
8.8828125,966.677734375,27.23199462890625
8.8984375,966.6964721679688,27.23199462890625
8.9140625,966.7672729492188,27.215232849121094
8.9296875,966.6378784179688,27.205169677734375
8.9453125,966.7466430664062,27.193618774414062
8.9609375,966.76123046875,27.194000244140625
8.9765625,966.67578125,27.1995849609375
8.9921875,966.6172485351562,27.183197021484375
9.0078125,966.9223022460938,27.179466247558594
9.0234375,966.6395263671875,27.16754913330078
9.0390625,966.7846069335938,27.148170471191406
9.0546875,966.6506958007812,27.133636474609375
9.0703125,966.5868530273438,27.148170471191406
9.0859375,966.63427734375,27.130287170410156
9.1015625,966.6621704101562,27.11724853515625
9.1171875,966.7023315429688,27.11724853515625
9.1328125,966.767578125,27.097869873046875
9.1484375,966.626953125,27.091171264648438
9.1640625,966.7811279296875,27.101966857910156
9.1796875,966.6353759765625,27.07440185546875
9.1953125,966.791015625,27.08184814453125
9.2109375,966.7246704101562,27.071792602539062
9.2265625,966.632080078125,27.054283142089844
9.2421875,966.6362915039062,27.050933837890625
9.2578125,966.6163940429688,27.044967651367188
9.2734375,966.7425537109375,27.03453826904297
9.2890625,966.5821533203125,27.02448272705078
9.3046875,966.6195068359375,27.010696411132812
9.3203125,966.7157592773438,27.01031494140625
9.3359375,966.7918701171875,27.00286865234375
9.3515625,966.7678833007812,27.005477905273438
9.3671875,966.7718505859375,26.992813110351562
9.3828125,966.6160888671875,26.989830017089844
9.3984375,966.76708984375,26.987220764160156
9.4140625,966.715576171875,26.958534240722656
9.4296875,966.6259155273438,26.96300506591797
9.4453125,966.794677734375,26.946243286132812
9.4609375,966.6756591796875,26.96002197265625
9.4765625,966.857177734375,26.941390991210938
9.4921875,966.6373291015625,26.914566040039062
9.5078125,966.7857666015625,26.910842895507812
9.5234375,966.7322998046875,26.91419219970703
9.5390625,966.7442626953125,26.900779724121094
9.5546875,966.6817626953125,26.89556884765625
9.5703125,966.738037109375,26.88104248046875
9.5859375,966.8095703125,26.875823974609375
9.6015625,966.6668701171875,26.889602661132812
9.6171875,966.8123168945312,26.879920959472656
9.6328125,966.7899169921875,26.86389923095703
9.6484375,966.725341796875,26.857192993164062
9.6640625,966.742919921875,26.844894409179688
9.6796875,966.6549072265625,26.85309600830078
9.6953125,966.8297729492188,26.835952758789062
9.7109375,966.6746826171875,26.832603454589844
9.7265625,966.787841796875,26.82329559326172
9.7421875,966.8240356445312,26.82329559326172
9.7578125,966.64404296875,26.821060180664062
9.7734375,966.673095703125,26.812118530273438
9.7890625,966.9197998046875,26.800186157226562
9.8046875,966.8130493164062,26.799072265625
9.8203125,966.87255859375,26.779327392578125
9.8359375,966.7685546875,26.778953552246094
9.8515625,966.7863159179688,26.7703857421875
9.8671875,966.6095581054688,26.772247314453125
9.8828125,966.5628662109375,26.74877166748047
9.8984375,966.5426635742188,26.744674682617188
9.9140625,966.5299682617188,26.733123779296875
9.9296875,966.4866333007812,26.72791290283203
9.9453125,966.4659423828125,26.718231201171875
9.9609375,966.4404296875,26.710403442382812
9.9765625,966.4530029296875,26.710403442382812
9.9921875,966.4469604492188,26.703697204589844
10.0078125,966.4358520507812,26.700347900390625
10.0234375,966.4458618164062,26.6917724609375
10.0390625,966.419921875,26.68804931640625
10.0546875,966.43896484375,26.690284729003906
10.0703125,966.4368286132812,26.685813903808594
10.0859375,966.42529296875,26.694381713867188
10.1015625,966.4208374023438,26.675384521484375
10.1171875,966.4266357421875,26.68804931640625
10.1328125,966.413330078125,26.678359985351562
10.1484375,966.424560546875,26.67352294921875
10.1640625,966.4283447265625,26.68059539794922
10.1796875,966.4192504882812,26.676498413085938
10.1953125,966.4243774414062,26.669418334960938
10.2109375,966.4248046875,26.668296813964844
10.2265625,966.4332885742188,26.669418334960938
10.2421875,966.4113159179688,26.665321350097656
10.2578125,966.4261474609375,26.66271209716797
10.2734375,966.4185791015625,26.672767639160156
10.2890625,966.4105224609375,26.65972900390625
10.3046875,966.3998413085938,26.671287536621094
10.3203125,966.4323120117188,26.661590576171875
10.3359375,966.4178466796875,26.664581298828125
10.3515625,966.401611328125,26.65228271484375
10.3671875,966.4094848632812,26.6485595703125
10.3828125,966.4181518554688,26.64893341064453
10.3984375,966.403076171875,26.665695190429688
10.4140625,966.4163818359375,26.657119750976562
10.4296875,966.4160766601562,26.664947509765625
10.4453125,966.4200439453125,26.647438049316406
10.4609375,966.412109375,26.65228271484375
10.4765625,966.38623046875,26.669418334960938
10.4921875,966.399169921875,26.641845703125
10.5078125,966.4010620117188,26.651535034179688
10.5234375,966.4100341796875,26.65898895263672
10.5390625,966.408935546875,26.650787353515625
10.5546875,966.3959350585938,26.651535034179688
10.5703125,966.4082641601562,26.65935516357422
10.5859375,966.4041748046875,26.65972900390625
10.6015625,966.4108276367188,26.665321350097656
10.6171875,966.4200439453125,26.65972900390625
10.6328125,966.3809814453125,26.668296813964844
10.6484375,966.37890625,26.660110473632812
10.6640625,966.4030151367188,26.67426300048828
10.6796875,966.4027099609375,26.670166015625
10.6953125,966.3992919921875,26.65898895263672
10.7109375,966.4028930664062,26.665695190429688
10.7265625,966.3974609375,26.668670654296875
10.7421875,966.4100341796875,26.67352294921875
10.7578125,966.4013671875,26.676498413085938
10.7734375,966.4127197265625,26.67352294921875
10.7890625,966.37646484375,26.67352294921875
10.8046875,966.4325561523438,26.668296813964844
10.8203125,966.3770751953125,26.679107666015625
10.8359375,966.3861694335938,26.678733825683594
10.8515625,966.4019165039062,26.669418334960938
10.8671875,966.39794921875,26.675758361816406
10.8828125,966.4102172851562,26.684326171875
10.8984375,966.4057006835938,26.67723846435547
10.9140625,966.3889770507812,26.685813903808594
10.9296875,966.397216796875,26.678359985351562
10.9453125,966.4057006835938,26.694007873535156
10.9609375,966.3798828125,26.69214630126953
10.9765625,966.3814697265625,26.688796997070312
10.9921875,966.3901977539062,26.682083129882812
11.0078125,966.3926391601562,26.696990966796875
11.0234375,966.4039916992188,26.690284729003906
11.0390625,966.3904418945312,26.69811248779297
11.0546875,966.3882446289062,26.700347900390625
11.0703125,966.380615234375,26.701461791992188
11.0859375,966.397705078125,26.69847869873047
11.1015625,966.3792114257812,26.685813903808594
11.1171875,966.389892578125,26.700714111328125
11.1328125,966.3988647460938,26.692520141601562
11.1484375,966.3931274414062,26.69847869873047
11.1640625,966.4072265625,26.704818725585938
11.1796875,966.3999633789062,26.710403442382812
11.1953125,966.3817138671875,26.72046661376953
11.2109375,966.3876342773438,26.703697204589844
11.2265625,966.3949584960938,26.708534240722656
11.2421875,966.3985595703125,26.71747589111328
11.2578125,966.3982543945312,26.710403442382812
11.2734375,966.4024047851562,26.72381591796875
11.2890625,966.3880004882812,26.72344207763672
11.3046875,966.396484375,26.72791290283203
11.3203125,966.3884887695312,26.72381591796875
11.3359375,966.407470703125,26.710403442382812
11.3515625,966.3865356445312,26.728286743164062
11.3671875,966.404296875,26.730148315429688
11.3828125,966.4080810546875,26.737228393554688
11.3984375,966.3912353515625,26.72791290283203
11.4140625,966.4104614257812,26.729408264160156
11.4296875,966.3854370117188,26.737228393554688
11.4453125,966.401611328125,26.72791290283203
11.4609375,966.3884887695312,26.74877166748047
11.4765625,966.4065551757812,26.73535919189453
11.4921875,966.38623046875,26.75212860107422
11.5078125,966.39599609375,26.75659942626953
11.5234375,966.396484375,26.75920867919922
11.5390625,966.3887329101562,26.743934631347656
11.5546875,966.3853149414062,26.750640869140625
11.5703125,966.3909301757812,26.751388549804688
11.5859375,966.39404296875,26.751388549804688
11.6015625,966.4166259765625,26.755477905273438
11.6171875,966.3938598632812,26.76665496826172
11.6328125,966.4012451171875,26.75920867919922
11.6484375,966.4094848632812,26.754737854003906
11.6640625,966.4108276367188,26.761444091796875
11.6796875,966.3878784179688,26.75324249267578
11.6953125,966.3912353515625,26.756973266601562
11.7109375,966.400146484375,26.775596618652344
11.7265625,966.40771484375,26.783058166503906
11.7421875,966.3912963867188,26.775596618652344
11.7578125,966.400390625,26.77411651611328
11.7734375,966.4020385742188,26.760704040527344
11.7890625,966.3993530273438,26.778587341308594
11.8046875,966.39453125,26.765174865722656
11.8203125,966.3924560546875,26.776351928710938
11.8359375,966.3924560546875,26.771499633789062
11.8515625,966.3883666992188,26.77411651611328
11.8671875,966.3873901367188,26.786407470703125
11.8828125,966.4069213867188,26.778953552246094
11.8984375,966.3970947265625,26.790878295898438
11.9140625,966.4002075195312,26.779327392578125
11.9296875,966.4043579101562,26.78417205810547
11.9453125,966.3976440429688,26.7916259765625
11.9609375,966.3844604492188,26.783058166503906
11.9765625,966.4132690429688,26.790878295898438
11.9921875,966.4002075195312,26.794601440429688
12.0078125,966.3944091796875,26.792739868164062
12.0234375,966.387451171875,26.800186157226562
12.0390625,966.3870849609375,26.800186157226562
12.0546875,966.4127807617188,26.80205535888672
12.0703125,966.385498046875,26.804290771484375
12.0859375,966.4059448242188,26.800186157226562
12.1015625,966.4048461914062,26.79944610595703
12.1171875,966.4047241210938,26.792739868164062
12.1328125,966.4046630859375,26.808013916015625
12.1484375,966.407470703125,26.80205535888672
12.1640625,966.4116821289062,26.80205535888672
12.1796875,966.3934326171875,26.808387756347656
12.1953125,966.4069213867188,26.801307678222656
12.2109375,966.388427734375,26.80577850341797
12.2265625,966.4024047851562,26.804290771484375
12.2421875,966.391845703125,26.813232421875
12.2578125,966.4025268554688,26.82329559326172
12.2734375,966.4085083007812,26.814720153808594
12.2890625,966.4002685546875,26.82366180419922
12.3046875,966.4074096679688,26.818450927734375
12.3203125,966.3927612304688,26.815467834472656
12.3359375,966.382080078125,26.82329559326172
12.3515625,966.3993530273438,26.825149536132812
12.3671875,966.3831787109375,26.825149536132812
12.3828125,966.3910522460938,26.815093994140625
12.3984375,966.4071044921875,26.828880310058594
12.4140625,966.3999633789062,26.82440948486328
12.4296875,966.3995361328125,26.825149536132812
12.4453125,966.4087524414062,26.825149536132812
12.4609375,966.405029296875,26.822540283203125
12.4765625,966.4090576171875,26.825149536132812
12.4921875,966.3965454101562,26.846763610839844
12.5078125,966.3988647460938,26.83818817138672
12.5234375,966.3912353515625,26.83447265625
12.5390625,966.3890380859375,26.836334228515625
12.5546875,966.4136352539062,26.837448120117188
12.5703125,966.4014892578125,26.828506469726562
12.5859375,966.3987426757812,26.827011108398438
12.6015625,966.380859375,26.837448120117188
12.6171875,966.3893432617188,26.83782196044922
12.6328125,966.4096069335938,26.831863403320312
12.6484375,966.3936767578125,26.82813262939453
12.6640625,966.3853149414062,26.83782196044922
12.6796875,966.390625,26.836334228515625
12.6953125,966.40576171875,26.828880310058594
12.7109375,966.3780517578125,26.82440948486328
12.7265625,966.3897705078125,26.825897216796875
12.7421875,966.3880004882812,26.83148193359375
12.7578125,966.4002075195312,26.839309692382812
12.7734375,966.386474609375,26.83074188232422
12.7890625,966.4093017578125,26.844528198242188
12.8046875,966.4071655273438,26.840805053710938
12.8203125,966.4067993164062,26.84564971923828
12.8359375,966.3970336914062,26.83521270751953
12.8515625,966.3890991210938,26.84265899658203
12.8671875,966.4038696289062,26.840805053710938
12.8828125,966.3890380859375,26.84564971923828
12.8984375,966.3920288085938,26.828880310058594
12.9140625,966.3701171875,26.83818817138672
12.9296875,966.4083251953125,26.83521270751953
12.9453125,966.3934326171875,26.840805053710938
12.9609375,966.3842163085938,26.84564971923828
12.9765625,966.4017944335938,26.828880310058594
12.9921875,966.3901977539062,26.84154510498047
13.0078125,966.3890991210938,26.836334228515625
13.0234375,966.4063110351562,26.82440948486328
13.0390625,966.3995361328125,26.839309692382812
13.0546875,966.4065551757812,26.840805053710938
13.0703125,966.3780517578125,26.84564971923828
13.0859375,966.3883666992188,26.83521270751953
13.1015625,966.395263671875,26.84154510498047
13.1171875,966.385498046875,26.84154510498047
13.1328125,966.3934326171875,26.857192993164062
13.1484375,966.3805541992188,26.839309692382812
13.1640625,966.3973999023438,26.83148193359375
13.1796875,966.399658203125,26.847885131835938
13.1953125,966.3934936523438,26.851974487304688
13.2109375,966.4024658203125,26.857940673828125
13.2265625,966.4031982421875,26.844894409179688
13.2421875,966.4071655273438,26.84229278564453
13.2578125,966.4038696289062,26.840805053710938
13.2734375,966.3896484375,26.84265899658203
13.2890625,966.3916015625,26.846389770507812
13.3046875,966.3988647460938,26.837074279785156
13.3203125,966.382568359375,26.843032836914062
13.3359375,966.3929443359375,26.843414306640625
13.3515625,966.4015502929688,26.84265899658203
13.3671875,966.4013671875,26.850486755371094
13.3828125,966.38037109375,26.85906219482422
13.3984375,966.4032592773438,26.84862518310547
13.4140625,966.3856811523438,26.850860595703125
13.4296875,966.3859252929688,26.84564971923828
13.4453125,966.4078979492188,26.847129821777344
13.4609375,966.3927612304688,26.847885131835938
13.4765625,966.3905029296875,26.8419189453125
13.4921875,966.3928833007812,26.834091186523438
13.5078125,966.4146118164062,26.844528198242188
13.5234375,966.3919067382812,26.851974487304688
13.5390625,966.3890991210938,26.83521270751953
13.5546875,966.3946533203125,26.847885131835938
13.5703125,966.380126953125,26.847129821777344
13.5859375,966.4025268554688,26.84564971923828
13.6015625,966.404296875,26.846389770507812
13.6171875,966.3994140625,26.84564971923828
13.6328125,966.4073486328125,26.84229278564453
13.6484375,966.3916015625,26.843032836914062
13.6640625,966.3917846679688,26.825149536132812
13.6796875,966.4039916992188,26.858688354492188
13.6953125,966.4057006835938,26.848251342773438
13.7109375,966.3929443359375,26.846389770507812
13.7265625,966.3988647460938,26.846389770507812
13.7421875,966.3652954101562,26.84229278564453
13.7578125,966.3831176757812,26.84564971923828
13.7734375,966.3920288085938,26.84229278564453
13.7890625,966.3953857421875,26.83856201171875
13.8046875,966.396240234375,26.840805053710938
13.8203125,966.388427734375,26.84154510498047
13.8359375,966.3983154296875,26.851974487304688
13.8515625,966.3823852539062,26.85272216796875
13.8671875,966.4049682617188,26.854957580566406
13.8828125,966.39794921875,26.851974487304688
13.8984375,966.4007568359375,26.846389770507812
13.9140625,966.3982543945312,26.840057373046875
13.9296875,966.384765625,26.84564971923828
13.9453125,966.4061279296875,26.84265899658203
13.9609375,966.4009399414062,26.84265899658203
13.9765625,966.389892578125,26.833351135253906
13.9921875,966.3833618164062,26.830001831054688
14.0078125,966.3884887695312,26.847885131835938
14.0234375,966.4100341796875,26.846389770507812
14.0390625,966.376953125,26.840805053710938
14.0546875,966.3939819335938,26.840805053710938
14.0703125,966.396484375,26.82440948486328
14.0859375,966.3946533203125,26.832603454589844
14.1015625,966.3905029296875,26.83782196044922
14.1171875,966.3875732421875,26.843414306640625
14.1328125,966.3966674804688,26.83782196044922
14.1484375,966.4010009765625,26.843032836914062
14.1640625,966.4039916992188,26.83818817138672
14.1796875,966.3839111328125,26.834091186523438
14.1953125,966.3999633789062,26.839309692382812
14.2109375,966.3986206054688,26.827011108398438
14.2265625,966.3961791992188,26.828506469726562
14.2421875,966.3834838867188,26.8419189453125
14.2578125,966.4069213867188,26.839309692382812
14.2734375,966.3858642578125,26.84564971923828
14.2890625,966.3682861328125,26.848251342773438
14.3046875,966.3990478515625,26.83111572265625
14.3203125,966.399658203125,26.832603454589844
14.3359375,966.3801879882812,26.828880310058594
14.3515625,966.3994140625,26.84229278564453
14.3671875,966.3843383789062,26.846389770507812
14.3828125,966.3854370117188,26.84154510498047
14.3984375,966.3915405273438,26.835952758789062
14.4140625,966.3915405273438,26.84265899658203
14.4296875,966.3984375,26.830001831054688
14.4453125,966.3884887695312,26.840805053710938
14.4609375,966.398193359375,26.84265899658203
14.4765625,966.4009399414062,26.83782196044922
14.4921875,966.3826293945312,26.84265899658203
14.5078125,966.3892822265625,26.843032836914062
14.5234375,966.4039916992188,26.844528198242188
14.5390625,966.381591796875,26.837448120117188
14.5546875,966.3844604492188,26.843414306640625
14.5703125,966.3917846679688,26.843414306640625
14.5859375,966.3869018554688,26.843414306640625
14.6015625,966.3954467773438,26.83782196044922
14.6171875,966.4064331054688,26.832237243652344
14.6328125,966.3887939453125,26.84265899658203
14.6484375,966.3966064453125,26.84229278564453
14.6640625,966.3916015625,26.840057373046875
14.6796875,966.3871459960938,26.83782196044922
14.6953125,966.4096069335938,26.84265899658203
14.7109375,966.4069213867188,26.83447265625
14.7265625,966.398193359375,26.825149536132812
14.7421875,966.3751831054688,26.84229278564453
14.7578125,966.388671875,26.840805053710938
14.7734375,966.388427734375,26.840805053710938
14.7890625,966.4006958007812,26.830001831054688
14.8046875,966.4098510742188,26.84154510498047
14.8203125,966.4453125,26.82440948486328
14.8359375,966.5416870117188,26.82813262939453
14.8515625,966.529296875,26.849746704101562
14.8671875,966.479736328125,26.82813262939453
14.8828125,966.4969482421875,26.819564819335938
14.8984375,966.4423217773438,26.825149536132812
14.9140625,966.486328125,26.83818817138672
14.9296875,966.4712524414062,26.825149536132812
14.9453125,966.4905395507812,26.833351135253906
14.9609375,966.5176391601562,26.82366180419922
14.9765625,966.4835815429688,26.82776641845703
14.9921875,966.4835205078125,26.82030487060547
15.0078125,966.48388671875,26.812118530273438
15.0234375,966.4866943359375,26.814720153808594
15.0390625,966.4210815429688,26.80242156982422
15.0546875,966.5569458007812,26.800941467285156
15.0703125,966.515380859375,26.800186157226562
15.0859375,966.4378051757812,26.792739868164062
15.1015625,966.4430541992188,26.786773681640625
15.1171875,966.446044921875,26.790878295898438
15.1328125,966.4234008789062,26.7703857421875
15.1484375,966.4619140625,26.757713317871094
15.1640625,966.4581298828125,26.7633056640625
15.1796875,966.4435424804688,26.754737854003906
15.1953125,966.4371948242188,26.74840545654297
15.2109375,966.4577026367188,26.749893188476562
15.2265625,966.4738159179688,26.725677490234375
15.2421875,966.4485473632812,26.719345092773438
15.2578125,966.45458984375,26.7275390625
15.2734375,966.454833984375,26.708534240722656
15.2890625,966.4741821289062,26.72344207763672
15.3046875,966.500732421875,26.703697204589844
15.3203125,966.4297485351562,26.694007873535156
15.3359375,966.4292602539062,26.69214630126953
15.3515625,966.4450073242188,26.68170928955078
15.3671875,966.4981079101562,26.67723846435547
15.3828125,966.47265625,26.661972045898438
15.3984375,966.49169921875,26.65972900390625
15.4140625,966.5017700195312,26.657119750976562
15.4296875,966.4301147460938,26.650787353515625
15.4453125,966.5496826171875,26.648178100585938
15.4609375,966.51708984375,26.64594268798828
15.4765625,966.486328125,26.629180908203125
15.4921875,966.4630737304688,26.6202392578125
15.5078125,966.5255737304688,26.621353149414062
15.5234375,966.4891967773438,26.6060791015625
15.5390625,966.4679565429688,26.613906860351562
15.5546875,966.4498901367188,26.6060791015625
15.5703125,966.514892578125,26.60272979736328
15.5859375,966.52490234375,26.5989990234375
15.6015625,966.4464111328125,26.59117889404297
15.6171875,966.4542236328125,26.58111572265625
15.6328125,966.5043334960938,26.565101623535156
15.6484375,966.4561767578125,26.572174072265625
15.6640625,966.533203125,26.55205535888672
15.6796875,966.4309692382812,26.561370849609375
15.6953125,966.5015258789062,26.55615997314453
15.7109375,966.4686279296875,26.528961181640625
15.7265625,966.4863891601562,26.53417205810547
15.7421875,966.45654296875,26.53417205810547
15.7578125,966.4796752929688,26.535667419433594
15.7734375,966.4950561523438,26.511451721191406
15.7890625,966.5125732421875,26.515174865722656
15.8046875,966.5050659179688,26.499900817871094
15.8203125,966.5167846679688,26.503250122070312
15.8359375,966.5372924804688,26.506607055664062
15.8515625,966.4693603515625,26.493194580078125
15.8671875,966.4769897460938,26.48351287841797
15.8828125,966.5302734375,26.471580505371094
15.8984375,966.473388671875,26.47381591796875
15.9140625,966.4908447265625,26.46227264404297
15.9296875,966.4810180664062,26.457054138183594
15.9453125,966.451171875,26.458541870117188
15.9609375,966.4946899414062,26.457054138183594
15.9765625,966.4658203125,26.454452514648438
15.9921875,966.466796875,26.44140625
16.0078125,966.5061645507812,26.42724609375
16.0234375,966.4735717773438,26.420547485351562
16.0390625,966.4484252929688,26.43134307861328
16.0546875,966.5216064453125,26.41607666015625
16.0703125,966.4900512695312,26.4056396484375
16.0859375,966.5078125,26.402664184570312
16.1015625,966.503173828125,26.397445678710938
16.1171875,966.5288696289062,26.396331787109375
16.1328125,966.4822998046875,26.395950317382812
16.1484375,966.459716796875,26.385154724121094
16.1640625,966.4909057617188,26.3843994140625
16.1796875,966.4786376953125,26.368385314941406
16.1953125,966.4403076171875,26.364280700683594
16.2109375,966.47216796875,26.35832977294922
16.2265625,966.4361572265625,26.3695068359375
16.2421875,966.4647216796875,26.3695068359375
16.2578125,966.4385986328125,26.37359619140625
16.2734375,966.4579467773438,26.356094360351562
16.2890625,966.4407348632812,26.360565185546875
16.3046875,966.4205322265625,26.357574462890625
16.3203125,966.4481811523438,26.356460571289062
16.3359375,966.4200439453125,26.346031188964844
16.3515625,966.4464111328125,26.34156036376953
16.3671875,966.4275512695312,26.326278686523438
16.3828125,966.4290161132812,26.335220336914062
16.3984375,966.4251098632812,26.326278686523438
16.4140625,966.4326171875,26.320693969726562
16.4296875,966.4369506835938,26.31585693359375
16.4453125,966.4229736328125,26.3128662109375
16.4609375,966.4098510742188,26.320693969726562
16.4765625,966.4235229492188,26.310630798339844
16.4921875,966.4181518554688,26.3128662109375
16.5078125,966.415283203125,26.309890747070312
16.5234375,966.4223022460938,26.32256317138672
16.5390625,966.4273071289062,26.309890747070312
16.5546875,966.4338989257812,26.313247680664062
16.5703125,966.4348754882812,26.302444458007812
16.5859375,966.4300537109375,26.30504608154297
16.6015625,966.4242553710938,26.315475463867188
16.6171875,966.4247436523438,26.325538635253906
16.6328125,966.4344482421875,26.310630798339844
16.6484375,966.4328002929688,26.318092346191406
16.6640625,966.4189453125,26.306533813476562
16.6796875,966.4146118164062,26.297592163085938
16.6953125,966.41796875,26.3128662109375
16.7109375,966.4275512695312,26.315101623535156
16.7265625,966.4229736328125,26.31622314453125
16.7421875,966.4321899414062,26.313247680664062
16.7578125,966.43310546875,26.30168914794922
16.7734375,966.417236328125,26.315101623535156
16.7890625,966.4107055664062,26.33074951171875
16.8046875,966.4252319335938,26.311386108398438
16.8203125,966.4309692382812,26.32367706298828
16.8359375,966.4244995117188,26.32703399658203
16.8515625,966.4065551757812,26.320693969726562
16.8671875,966.4161376953125,26.32367706298828
16.8828125,966.41162109375,26.328887939453125
16.8984375,966.4072265625,26.320327758789062
16.9140625,966.4112548828125,26.326278686523438
16.9296875,966.4271850585938,26.31659698486328
16.9453125,966.4126586914062,26.331871032714844
16.9609375,966.419189453125,26.33782958984375
16.9765625,966.4052734375,26.347518920898438
16.9921875,966.4190673828125,26.334854125976562
17.0078125,966.4030151367188,26.326278686523438
17.0234375,966.419921875,26.343421936035156
17.0390625,966.4082641601562,26.338211059570312
17.0546875,966.4107666015625,26.3411865234375
17.0703125,966.4141235351562,26.35162353515625
17.0859375,966.4091796875,26.356834411621094
17.1015625,966.4085083007812,26.353858947753906
17.1171875,966.4038696289062,26.360565185546875
17.1328125,966.408935546875,26.361305236816406
17.1484375,966.4163208007812,26.360931396484375
17.1640625,966.4266357421875,26.355712890625
17.1796875,966.3992919921875,26.360565185546875
17.1953125,966.4155883789062,26.360565185546875
17.2109375,966.4107666015625,26.361305236816406
17.2265625,966.39990234375,26.3695068359375
17.2421875,966.4007568359375,26.365036010742188
17.2578125,966.4002685546875,26.351242065429688
17.2734375,966.4036254882812,26.3695068359375
17.2890625,966.400146484375,26.3695068359375
17.3046875,966.4007568359375,26.36614990234375
17.3203125,966.3930053710938,26.372482299804688
17.3359375,966.3943481445312,26.378067016601562
17.3515625,966.4126586914062,26.36577606201172
17.3671875,966.3930053710938,26.3843994140625
17.3828125,966.4115600585938,26.376953125
17.3984375,966.4076538085938,26.375457763671875
17.4140625,966.4031982421875,26.37621307373047
17.4296875,966.4105834960938,26.397071838378906
17.4453125,966.4037475585938,26.39521026611328
17.4609375,966.3961791992188,26.386268615722656
17.4765625,966.4025268554688,26.393341064453125
17.4921875,966.399658203125,26.381423950195312
17.5078125,966.3983154296875,26.393341064453125
17.5234375,966.3935546875,26.395950317382812
17.5390625,966.391357421875,26.389625549316406
17.5546875,966.3931884765625,26.38775634765625
17.5703125,966.39599609375,26.396331787109375
17.5859375,966.4024047851562,26.398193359375
17.6015625,966.3953857421875,26.39521026611328
17.6171875,966.3870239257812,26.39409637451172
17.6328125,966.3966674804688,26.37769317626953
17.6484375,966.3948974609375,26.398193359375
17.6640625,966.389892578125,26.393341064453125
17.6796875,966.3868408203125,26.402664184570312
17.6953125,966.3812255859375,26.38775634765625
17.7109375,966.3929443359375,26.403778076171875
17.7265625,966.4136352539062,26.408248901367188
17.7421875,966.3982543945312,26.398193359375
17.7578125,966.4002075195312,26.403778076171875
17.7734375,966.387939453125,26.399307250976562
17.7890625,966.394287109375,26.398193359375
17.8046875,966.389892578125,26.40154266357422
17.8203125,966.3810424804688,26.398193359375
17.8359375,966.3807373046875,26.39893341064453
17.8515625,966.4002075195312,26.407135009765625
17.8671875,966.3755493164062,26.41607666015625
17.8828125,966.3911743164062,26.414215087890625
17.8984375,966.3988647460938,26.41197967529297
17.9140625,966.3821411132812,26.41197967529297
17.9296875,966.3895263671875,26.41607666015625
17.9453125,966.3911743164062,26.40898895263672
17.9609375,966.3884887695312,26.4056396484375
17.9765625,966.390625,26.414215087890625
17.9921875,966.3927612304688,26.40898895263672
18.0078125,966.40625,26.428367614746094
18.0234375,966.39013671875,26.413833618164062
18.0390625,966.383544921875,26.420921325683594
18.0546875,966.3917236328125,26.421287536621094
18.0703125,966.399658203125,26.41645050048828
18.0859375,966.4046020507812,26.417564392089844
18.1015625,966.3895263671875,26.429107666015625
18.1171875,966.4004516601562,26.436187744140625
18.1328125,966.393310546875,26.428367614746094
18.1484375,966.4071655273438,26.4339599609375
18.1640625,966.3912353515625,26.429107666015625
18.1796875,966.4004516601562,26.426132202148438
18.1953125,966.408203125,26.445510864257812
18.2109375,966.4077758789062,26.443641662597656
18.2265625,966.3966064453125,26.42724609375
18.2421875,966.3947143554688,26.43060302734375
18.2578125,966.41162109375,26.44140625
18.2734375,966.4030151367188,26.435073852539062
18.2890625,966.407958984375,26.432098388671875
18.3046875,966.395263671875,26.44475555419922
18.3203125,966.40771484375,26.436569213867188
18.3359375,966.3982543945312,26.433212280273438
18.3515625,966.4002685546875,26.439170837402344
18.3671875,966.4015502929688,26.43470001220703
18.3828125,966.4010620117188,26.44475555419922
18.3984375,966.4058227539062,26.44475555419922
18.4140625,966.4021606445312,26.42986297607422
18.4296875,966.3840942382812,26.44140625
18.4453125,966.4048461914062,26.44512939453125
18.4609375,966.3870239257812,26.439170837402344
18.4765625,966.41748046875,26.454452514648438
18.4921875,966.4099731445312,26.454452514648438
18.5078125,966.3837280273438,26.449981689453125
18.5234375,966.402099609375,26.442520141601562
18.5390625,966.395751953125,26.433578491210938
18.5546875,966.39794921875,26.44886016845703
18.5703125,966.378173828125,26.453697204589844
18.5859375,966.400146484375,26.44811248779297
18.6015625,966.3934326171875,26.44475555419922
18.6171875,966.3923950195312,26.445510864257812
18.6328125,966.3826904296875,26.436569213867188
18.6484375,966.385986328125,26.454452514648438
18.6640625,966.37890625,26.44475555419922
18.6796875,966.3728637695312,26.436935424804688
18.6953125,966.4080810546875,26.435447692871094
18.7109375,966.384765625,26.46227264404297
18.7265625,966.39794921875,26.44438934326172
18.7421875,966.3778076171875,26.458168029785156
18.7578125,966.38232421875,26.446250915527344
18.7734375,966.3876953125,26.4410400390625
18.7890625,966.3853759765625,26.454452514648438
18.8046875,966.3934936523438,26.4410400390625
18.8203125,966.3926391601562,26.450347900390625
18.8359375,966.3803100585938,26.435447692871094
18.8515625,966.3798217773438,26.454452514648438
18.8671875,966.388671875,26.440658569335938
18.8828125,966.3821411132812,26.454452514648438
18.8984375,966.3806762695312,26.425392150878906
18.9140625,966.3836669921875,26.44512939453125
18.9296875,966.3924560546875,26.44140625
18.9453125,966.3805541992188,26.454452514648438
18.9609375,966.3868408203125,26.457801818847656
18.9765625,966.3834838867188,26.464134216308594
18.9921875,966.3798217773438,26.464134216308594
19.0078125,966.4098510742188,26.453697204589844
19.0234375,966.3884887695312,26.449981689453125
19.0390625,966.3862915039062,26.44438934326172
19.0546875,966.3948974609375,26.446250915527344
19.0703125,966.376708984375,26.457054138183594
19.0859375,966.3870849609375,26.44886016845703
19.1015625,966.3715209960938,26.44475555419922
19.1171875,966.3795776367188,26.454452514648438
19.1328125,966.3819580078125,26.453697204589844
19.1484375,966.3867797851562,26.439170837402344
19.1640625,966.3917846679688,26.450347900390625
19.1796875,966.3875732421875,26.453697204589844
19.1953125,966.3867797851562,26.454452514648438
19.2109375,966.3806762695312,26.45892333984375
19.2265625,966.3811645507812,26.464134216308594
19.2421875,966.3817138671875,26.456314086914062
19.2578125,966.3870239257812,26.451095581054688
19.2734375,966.3973999023438,26.45966339111328
19.2890625,966.3873901367188,26.45892333984375
19.3046875,966.4093017578125,26.464874267578125
19.3203125,966.3817749023438,26.452957153320312
19.3359375,966.4085693359375,26.451095581054688
19.3515625,966.4083862304688,26.439170837402344
19.3671875,966.3917846679688,26.458168029785156
19.3828125,966.37255859375,26.45892333984375
19.3984375,966.3958129882812,26.453697204589844
19.4140625,966.395263671875,26.454452514648438
19.4296875,966.3971557617188,26.46227264404297
19.4453125,966.3876342773438,26.467864990234375
19.4609375,966.3821411132812,26.45892333984375
19.4765625,966.3958129882812,26.468978881835938
19.4921875,966.3969116210938,26.4630126953125
19.5078125,966.3876953125,26.45966339111328
19.5234375,966.39404296875,26.47307586669922
19.5390625,966.3887939453125,26.468978881835938
19.5546875,966.3950805664062,26.475311279296875
19.5703125,966.3768310546875,26.468978881835938
19.5859375,966.388427734375,26.457801818847656
19.6015625,966.3804321289062,26.475311279296875
19.6171875,966.3890991210938,26.475311279296875
19.6328125,966.3890991210938,26.476425170898438
19.6484375,966.405029296875,26.465255737304688
19.6640625,966.392333984375,26.467864990234375
19.6796875,966.3956298828125,26.479782104492188
19.6953125,966.406005859375,26.468978881835938
19.7109375,966.4115600585938,26.468978881835938
19.7265625,966.3956909179688,26.471580505371094
19.7421875,966.388671875,26.482757568359375
19.7578125,966.4032592773438,26.475311279296875
19.7734375,966.3890991210938,26.465255737304688
19.7890625,966.3946533203125,26.482757568359375
19.8046875,966.3989868164062,26.475311279296875
19.8203125,966.3976440429688,26.485748291015625
19.8359375,966.3987426757812,26.481643676757812
19.8515625,966.4129638671875,26.485748291015625
19.8671875,966.40966796875,26.4771728515625
19.8828125,966.416748046875,26.48760986328125
19.8984375,966.4183959960938,26.48834991455078
19.9140625,966.408203125,26.506607055664062
19.9296875,966.4169311523438,26.500274658203125
19.9453125,966.4052124023438,26.492820739746094
19.9609375,966.4043579101562,26.507720947265625
19.9765625,966.415771484375,26.49542999267578
19.9921875,966.4199829101562,26.50586700439453
20.0078125,966.4033203125,26.48834991455078
20.0234375,966.3971557617188,26.507720947265625
20.0390625,966.4083862304688,26.518905639648438
20.0546875,966.4169311523438,26.51331329345703
20.0703125,966.39990234375,26.51592254638672
20.0859375,966.4166870117188,26.518905639648438
20.1015625,966.4212036132812,26.530075073242188
20.1171875,966.403564453125,26.518157958984375
20.1328125,966.4071655273438,26.511451721191406
20.1484375,966.4266357421875,26.525230407714844
20.1640625,966.4036254882812,26.522628784179688
20.1796875,966.4044799804688,26.529335021972656
20.1953125,966.4180908203125,26.521881103515625
20.2109375,966.4220581054688,26.527099609375
20.2265625,966.4178466796875,26.525604248046875
20.2421875,966.4121704101562,26.518157958984375
20.2578125,966.4010620117188,26.527099609375
20.2734375,966.4141235351562,26.525604248046875
20.2890625,966.4102783203125,26.521881103515625
20.3046875,966.4032592773438,26.532691955566406
20.3203125,966.4118041992188,26.51927947998047
20.3359375,966.4072265625,26.522994995117188
20.3515625,966.4100341796875,26.525985717773438
20.3671875,966.4103393554688,26.524864196777344
20.3828125,966.3907470703125,26.53790283203125
20.3984375,966.4025268554688,26.536788940429688
20.4140625,966.4121704101562,26.53045654296875
20.4296875,966.4114379882812,26.522994995117188
20.4453125,966.4174194335938,26.511077880859375
20.4609375,966.42529296875,26.528961181640625
20.4765625,966.4180297851562,26.522254943847656
20.4921875,966.4099731445312,26.539398193359375
20.5078125,966.411865234375,26.524864196777344
20.5234375,966.4164428710938,26.528961181640625
20.5390625,966.4107055664062,26.522254943847656
20.5546875,966.4105834960938,26.558395385742188
20.5703125,966.4213256835938,26.539764404296875
20.5859375,966.4240112304688,26.543869018554688
20.6015625,966.4239501953125,26.524864196777344
20.6171875,966.420654296875,26.53790283203125
20.6328125,966.4281616210938,26.524490356445312
20.6484375,966.4175415039062,26.54460906982422
20.6640625,966.4130249023438,26.54534912109375
20.6796875,966.419921875,26.540138244628906
20.6953125,966.413818359375,26.543869018554688
20.7109375,966.4122924804688,26.54460906982422
20.7265625,966.4124145507812,26.546470642089844
20.7421875,966.4247436523438,26.549819946289062
20.7578125,966.424560546875,26.549819946289062
20.7734375,966.4220581054688,26.549819946289062
20.7890625,966.4312133789062,26.54534912109375
20.8046875,966.4161376953125,26.543869018554688
20.8203125,966.4239501953125,26.549819946289062
20.8359375,966.4057006835938,26.54460906982422
20.8515625,966.4210205078125,26.54460906982422
20.8671875,966.4124145507812,26.540138244628906
20.8828125,966.413818359375,26.55951690673828
20.8984375,966.4091796875,26.55541229248047
20.9140625,966.4252319335938,26.544235229492188
20.9296875,966.424560546875,26.549819946289062
20.9453125,966.4220581054688,26.56957244873047
20.9609375,966.4224853515625,26.55168914794922
20.9765625,966.4224243164062,26.575164794921875
20.9921875,966.4279174804688,26.563232421875
21.0078125,966.4180297851562,26.5628662109375
21.0234375,966.4094848632812,26.560997009277344
21.0390625,966.4093627929688,26.563232421875
21.0546875,966.4150390625,26.549819946289062
21.0703125,966.4295043945312,26.564353942871094
21.0859375,966.420654296875,26.554290771484375
21.1015625,966.4055786132812,26.563232421875
21.1171875,966.4241943359375,26.561752319335938
21.1328125,966.4143676757812,26.563232421875
21.1484375,966.4150390625,26.565101623535156
21.1640625,966.415283203125,26.567703247070312
21.1796875,966.4168701171875,26.563613891601562
21.1953125,966.4078979492188,26.56957244873047
21.2109375,966.4224853515625,26.56993865966797
21.2265625,966.4267578125,26.55615997314453
21.2421875,966.4136352539062,26.579254150390625
21.2578125,966.4161376953125,26.57292938232422
21.2734375,966.4063720703125,26.561370849609375
21.2890625,966.4210205078125,26.55168914794922
21.3046875,966.4199829101562,26.568084716796875
21.3203125,966.4266357421875,26.556900024414062
21.3359375,966.4071044921875,26.55168914794922
21.3515625,966.4168701171875,26.55168914794922
21.3671875,966.4492797851562,26.563232421875
21.3828125,966.5059814453125,26.56696319580078
21.3984375,966.5455322265625,26.561370849609375
21.4140625,966.5650024414062,26.549819946289062
21.4296875,966.5887451171875,26.55951690673828
21.4453125,966.635498046875,26.565101623535156
21.4609375,966.5257568359375,26.563232421875
21.4765625,966.55419921875,26.56957244873047
21.4921875,966.5006103515625,26.55168914794922
21.5078125,966.5237426757812,26.55615997314453
21.5234375,966.5546875,26.557281494140625
21.5390625,966.56640625,26.563232421875
21.5546875,966.5938110351562,26.561370849609375
21.5703125,966.6040649414062,26.547958374023438
21.5859375,966.5604248046875,26.52672576904297
21.6015625,966.5392456054688,26.554290771484375
21.6171875,966.697265625,26.549453735351562
21.6328125,966.6301879882812,26.540878295898438
21.6484375,966.576171875,26.524864196777344
21.6640625,966.6239013671875,26.524864196777344
21.6796875,966.672607421875,26.511451721191406
21.6953125,966.6077880859375,26.518157958984375
21.7109375,966.5249633789062,26.50139617919922
21.7265625,966.6097412109375,26.504371643066406
21.7421875,966.5313110351562,26.507347106933594
21.7578125,966.5481567382812,26.49468994140625
21.7734375,966.5796508789062,26.500274658203125
21.7890625,966.5552978515625,26.478286743164062
21.8046875,966.5784912109375,26.476425170898438
21.8203125,966.7423706054688,26.476425170898438
21.8359375,966.6204223632812,26.48089599609375
21.8515625,966.5385131835938,26.457054138183594
21.8671875,966.5396118164062,26.446250915527344
21.8828125,966.5641479492188,26.440658569335938
21.8984375,966.5560913085938,26.429107666015625
21.9140625,966.5255126953125,26.4197998046875
21.9296875,966.6538696289062,26.419052124023438
21.9453125,966.5610961914062,26.414215087890625
21.9609375,966.5783081054688,26.4056396484375
21.9765625,966.5968627929688,26.404151916503906
21.9921875,966.564453125,26.399307250976562
22.0078125,966.6516723632812,26.397811889648438
22.0234375,966.6015625,26.383285522460938
22.0390625,966.556640625,26.383285522460938
22.0546875,966.6121826171875,26.37621307373047
22.0703125,966.5704345703125,26.378814697265625
22.0859375,966.5243530273438,26.361305236816406
22.1015625,966.5804443359375,26.357574462890625
22.1171875,966.5799560546875,26.3486328125
22.1328125,966.548583984375,26.360565185546875
22.1484375,966.6536254882812,26.338577270507812
22.1640625,966.5523071289062,26.328887939453125
22.1796875,966.5940551757812,26.32367706298828
22.1953125,966.55078125,26.32367706298828
22.2109375,966.6111450195312,26.313247680664062
22.2265625,966.58984375,26.309890747070312
22.2421875,966.5736694335938,26.30915069580078
22.2578125,966.57958984375,26.296852111816406
22.2734375,966.6515502929688,26.306533813476562
22.2890625,966.6250610351562,26.285301208496094
22.3046875,966.6038818359375,26.286041259765625
22.3203125,966.6015625,26.27039337158203
22.3359375,966.6278686523438,26.265182495117188
22.3515625,966.5980224609375,26.243942260742188
22.3671875,966.5963745117188,26.24432373046875
22.3828125,966.587890625,26.235000610351562
22.3984375,966.6417846679688,26.246185302734375
22.4140625,966.5753173828125,26.21973419189453
22.4296875,966.6547241210938,26.21190643310547
22.4453125,966.6312866210938,26.196624755859375
22.4609375,966.6571044921875,26.21190643310547
22.4765625,966.635498046875,26.19774627685547
22.4921875,966.6115112304688,26.214508056640625
22.5078125,966.6078491210938,26.192535400390625
22.5234375,966.5779418945312,26.19849395751953
22.5390625,966.60546875,26.17613983154297
22.5546875,966.584716796875,26.18359375
22.5703125,966.5562133789062,26.16571044921875
22.5859375,966.5640258789062,26.161239624023438
22.6015625,966.560546875,26.148941040039062
22.6171875,966.6348266601562,26.14856719970703
22.6328125,966.5866088867188,26.14447021484375
22.6484375,966.609375,26.135528564453125
22.6640625,966.661376953125,26.13068389892578
22.6796875,966.6212768554688,26.12621307373047
22.6953125,966.6354370117188,26.107208251953125
22.7109375,966.6510620117188,26.106468200683594
22.7265625,966.5302124023438,26.102371215820312
22.7421875,966.482177734375,26.09752655029297
22.7578125,966.665283203125,26.110198974609375
22.7734375,966.5823974609375,26.092681884765625
22.7890625,966.5963745117188,26.096786499023438
22.8046875,966.6340942382812,26.091934204101562
22.8203125,966.6474609375,26.07964324951172
22.8359375,966.6627197265625,26.086349487304688
22.8515625,966.6585693359375,26.074798583984375
22.8671875,966.599365234375,26.065109252929688
22.8828125,966.6946411132812,26.0625
22.8984375,966.5949096679688,26.05915069580078
22.9140625,966.6256103515625,26.042015075683594
22.9296875,966.589111328125,26.04834747314453
22.9453125,966.5646362304688,26.042755126953125
22.9609375,966.5330200195312,26.048721313476562
22.9765625,966.615966796875,26.04461669921875
22.9921875,966.6033935546875,26.028228759765625
23.0078125,966.6015625,26.04126739501953
23.0234375,966.6432495117188,26.032699584960938
23.0390625,966.5966186523438,26.020401000976562
23.0546875,966.5726928710938,26.022262573242188
23.0703125,966.6174926757812,26.01593017578125
23.0859375,966.593017578125,26.009605407714844
23.1015625,966.5665893554688,26.01891326904297
23.1171875,966.4730224609375,26.007369995117188
23.1328125,966.4718627929688,26.014076232910156
23.1484375,966.4671630859375,26.00140380859375
23.1640625,966.4712524414062,25.998428344726562
23.1796875,966.4489135742188,25.988365173339844
23.1953125,966.4673461914062,25.9906005859375
23.2109375,966.4370727539062,25.995437622070312
23.2265625,966.4485473632812,26.004013061523438
23.2421875,966.4586791992188,25.98426055908203
23.2578125,966.462646484375,25.989486694335938
23.2734375,966.4600830078125,25.986129760742188
23.2890625,966.4456787109375,25.974952697753906
23.3046875,966.4493408203125,25.98725128173828
23.3203125,966.4660034179688,25.97681427001953
23.3359375,966.4411010742188,25.986495971679688
23.3515625,966.4323120117188,25.986495971679688
23.3671875,966.4489135742188,25.974952697753906
23.3828125,966.4371948242188,25.974205017089844
23.3984375,966.4407348632812,25.963401794433594
23.4140625,966.4444580078125,25.970481872558594
23.4296875,966.4379272460938,25.971603393554688
23.4453125,966.4404296875,25.97234344482422
23.4609375,966.4436645507812,25.96936798095703
23.4765625,966.4274291992188,25.973838806152344
23.4921875,966.4237060546875,25.97681427001953
23.5078125,966.4337158203125,25.97681427001953
23.5234375,966.4160766601562,25.974952697753906
23.5390625,966.4146728515625,25.989486694335938
23.5546875,966.4423828125,25.974952697753906
23.5703125,966.43896484375,25.978675842285156
23.5859375,966.433349609375,25.986129760742188
23.6015625,966.4384155273438,25.989105224609375
23.6171875,966.4302368164062,25.989105224609375
23.6328125,966.4241333007812,26.000289916992188
23.6484375,966.446044921875,25.99022674560547
23.6640625,966.4296875,25.990966796875
23.6796875,966.425537109375,25.991722106933594
23.6953125,966.4469604492188,25.995437622070312
23.7109375,966.421630859375,25.995437622070312
23.7265625,966.4364013671875,26.000289916992188
23.7421875,966.4563598632812,25.995071411132812
23.7578125,966.4338989257812,25.988365173339844
23.7734375,966.4599609375,26.01220703125
23.7890625,966.4412231445312,25.990966796875
23.8046875,966.4230346679688,26.007369995117188
23.8203125,966.4352416992188,25.996932983398438
23.8359375,966.440185546875,26.010345458984375
23.8515625,966.4386596679688,26.002899169921875
23.8671875,966.4365234375,26.009971618652344
23.8828125,966.435546875,26.020782470703125
23.8984375,966.4220581054688,26.01966094970703
23.9140625,966.4334716796875,26.020782470703125
23.9296875,966.4238891601562,26.011085510253906
23.9453125,966.4252319335938,26.006614685058594
23.9609375,966.4247436523438,26.017791748046875
23.9765625,966.4296875,26.016677856445312
23.9921875,966.4307861328125,26.024497985839844
24.0078125,966.4285888671875,26.01854705810547
24.0234375,966.4266967773438,26.03679656982422
24.0390625,966.4378051757812,26.034194946289062
24.0546875,966.4253540039062,26.03754425048828
24.0703125,966.4166259765625,26.039779663085938
24.0859375,966.4308471679688,26.03791046142578
24.1015625,966.4208374023438,26.04425048828125
24.1171875,966.4264526367188,26.04834747314453
24.1328125,966.4286499023438,26.049468994140625
24.1484375,966.4300537109375,26.052818298339844
24.1640625,966.4298095703125,26.047225952148438
24.1796875,966.4053955078125,26.05431365966797
24.1953125,966.4403686523438,26.052818298339844
24.2109375,966.415771484375,26.059898376464844
24.2265625,966.4342651367188,26.045372009277344
24.2421875,966.4051513671875,26.063995361328125
24.2578125,966.423095703125,26.049468994140625
24.2734375,966.4129638671875,26.04387664794922
24.2890625,966.4116821289062,26.059898376464844
24.3046875,966.4232788085938,26.05841064453125
24.3203125,966.4407348632812,26.05841064453125
24.3359375,966.4004516601562,26.052818298339844
24.3515625,966.431640625,26.066604614257812
24.3671875,966.4239501953125,26.05915069580078
24.3828125,966.4231567382812,26.05915069580078
24.3984375,966.391357421875,26.0621337890625
24.4140625,966.4381713867188,26.065109252929688
24.4296875,966.4091186523438,26.066604614257812
24.4453125,966.414794921875,26.066970825195312
24.4609375,966.4161376953125,26.0762939453125
24.4765625,966.4085693359375,26.074798583984375
24.4921875,966.4193725585938,26.053558349609375
24.5078125,966.4292602539062,26.059898376464844
24.5234375,966.4085693359375,26.068092346191406
24.5390625,966.4130859375,26.065109252929688
24.5546875,966.3956909179688,26.071075439453125
24.5703125,966.4013061523438,26.059898376464844
24.5859375,966.4012451171875,26.075546264648438
24.6015625,966.4171142578125,26.078903198242188
24.6171875,966.4039916992188,26.069961547851562
24.6328125,966.40234375,26.074798583984375
24.6484375,966.430908203125,26.07964324951172
24.6640625,966.3985595703125,26.078147888183594
24.6796875,966.4031982421875,26.09008026123047
24.6953125,966.411865234375,26.07964324951172
24.7109375,966.3931274414062,26.08708953857422
24.7265625,966.3963012695312,26.07964324951172
24.7421875,966.390625,26.082252502441406
24.7578125,966.4013061523438,26.093055725097656
24.7734375,966.4103393554688,26.092681884765625
24.7890625,966.3987426757812,26.091934204101562
24.8046875,966.4229736328125,26.092681884765625
24.8203125,966.3944091796875,26.08672332763672
24.8359375,966.3870849609375,26.07964324951172
24.8515625,966.3931274414062,26.0908203125
24.8671875,966.3966674804688,26.092315673828125
24.8828125,966.4072265625,26.09119415283203
24.8984375,966.3876342773438,26.088958740234375
24.9140625,966.4032592773438,26.09491729736328
24.9296875,966.3989868164062,26.08746337890625
24.9453125,966.4066772460938,26.10162353515625
24.9609375,966.400390625,26.110939025878906
24.9765625,966.412841796875,26.10125732421875
24.9921875,966.4094848632812,26.114288330078125
25.0078125,966.3968505859375,26.110198974609375
25.0234375,966.4140625,26.096786499023438
25.0390625,966.39794921875,26.099761962890625
25.0546875,966.400146484375,26.107208251953125
25.0703125,966.41015625,26.11614990234375
25.0859375,966.4214477539062,26.106468200683594
25.1015625,966.4051513671875,26.106842041015625
25.1171875,966.39599609375,26.112060546875
25.1328125,966.4099731445312,26.12696075439453
25.1484375,966.4073486328125,26.11614990234375
25.1640625,966.4214477539062,26.121742248535156
25.1796875,966.3976440429688,26.121002197265625
25.1953125,966.403564453125,26.118759155273438
25.2109375,966.4027709960938,26.12696075439453
25.2265625,966.4085083007812,26.121742248535156
25.2421875,966.4208374023438,26.121742248535156
25.2578125,966.4281005859375,26.107208251953125
25.2734375,966.400390625,26.112060546875
25.2890625,966.3934936523438,26.118019104003906
25.3046875,966.397216796875,26.121742248535156
25.3203125,966.415283203125,26.135528564453125
25.3359375,966.406982421875,26.12696075439453
25.3515625,966.4024658203125,26.118759155273438
25.3671875,966.3923950195312,26.13068389892578
25.3828125,966.4150390625,26.12696075439453
25.3984375,966.3950805664062,26.12696075439453
25.4140625,966.403076171875,26.123611450195312
25.4296875,966.3947143554688,26.122116088867188
25.4453125,966.4019165039062,26.131797790527344
25.4609375,966.3987426757812,26.124351501464844
25.4765625,966.4009399414062,26.128822326660156
25.4921875,966.395263671875,26.124351501464844
25.5078125,966.3832397460938,26.12994384765625
25.5234375,966.3954467773438,26.128082275390625
25.5390625,966.400146484375,26.120254516601562
25.5546875,966.396240234375,26.13776397705078
25.5703125,966.3993530273438,26.14373016357422
25.5859375,966.3999633789062,26.13776397705078
25.6015625,966.404296875,26.14037322998047
25.6171875,966.3965454101562,26.14373016357422
25.6328125,966.3969116210938,26.14521026611328
25.6484375,966.4044189453125,26.13329315185547
25.6640625,966.4019165039062,26.138137817382812
25.6796875,966.3860473632812,26.14521026611328
25.6953125,966.4080810546875,26.14073944091797
25.7109375,966.4039916992188,26.14521026611328
25.7265625,966.4002075195312,26.14820098876953
25.7421875,966.3919067382812,26.14373016357422
25.7578125,966.3865966796875,26.148941040039062
25.7734375,966.392578125,26.153411865234375
25.7890625,966.39990234375,26.153038024902344
25.8046875,966.4010009765625,26.146331787109375
25.8203125,966.3971557617188,26.150436401367188
25.8359375,966.4019165039062,26.156768798828125
25.8515625,966.4118041992188,26.153038024902344
25.8671875,966.39794921875,26.153411865234375
25.8828125,966.411376953125,26.148941040039062
25.8984375,966.4005737304688,26.15825653076172
25.9140625,966.401611328125,26.148941040039062
25.9296875,966.3919067382812,26.167198181152344
25.9453125,966.4116821289062,26.156768798828125
25.9609375,966.4014892578125,26.154525756835938
25.9765625,966.3981323242188,26.153785705566406
25.9921875,966.3907470703125,26.156768798828125
26.0078125,966.4014892578125,26.156768798828125
26.0234375,966.41552734375,26.150436401367188
26.0390625,966.3873291015625,26.159378051757812
26.0546875,966.4017944335938,26.159378051757812
26.0703125,966.415771484375,26.153411865234375
26.0859375,966.4010620117188,26.159378051757812
26.1015625,966.3986206054688,26.17986297607422
26.1171875,966.4039916992188,26.168685913085938
26.1328125,966.4136352539062,26.16309356689453
26.1484375,966.40576171875,26.170555114746094
26.1640625,966.3961791992188,26.170921325683594
26.1796875,966.39990234375,26.160118103027344
26.1953125,966.4048461914062,26.171669006347656
26.2109375,966.4074096679688,26.17986297607422
26.2265625,966.4149169921875,26.178001403808594
26.2421875,966.3976440429688,26.191787719726562
26.2578125,966.4216918945312,26.17986297607422
26.2734375,966.4185791015625,26.165328979492188
26.2890625,966.415771484375,26.183212280273438
26.3046875,966.4091796875,26.18023681640625
26.3203125,966.4082641601562,26.195510864257812
26.3359375,966.4057006835938,26.186203002929688
26.3515625,966.4088745117188,26.18731689453125
26.3671875,966.4212036132812,26.17949676513672
26.3828125,966.4130859375,26.191787719726562
26.3984375,966.419921875,26.178001403808594
26.4140625,966.4080200195312,26.185821533203125
26.4296875,966.4046020507812,26.19849395751953
26.4453125,966.4224243164062,26.195510864257812
26.4609375,966.4282836914062,26.188064575195312
26.4765625,966.4139404296875,26.19886016845703
26.4921875,966.4102783203125,26.1910400390625
26.5078125,966.402099609375,26.17986297607422
26.5234375,966.4039916992188,26.19738006591797
26.5390625,966.3997192382812,26.1910400390625
26.5546875,966.4100341796875,26.199615478515625
26.5703125,966.4103393554688,26.189178466796875
26.5859375,966.407958984375,26.204452514648438
26.6015625,966.3932495117188,26.18768310546875
26.6171875,966.396240234375,26.17986297607422
26.6328125,966.3905029296875,26.189178466796875
26.6484375,966.4049682617188,26.17986297607422
26.6640625,966.3953857421875,26.191787719726562
26.6796875,966.38623046875,26.189918518066406
26.6953125,966.3916015625,26.17650604248047
26.7109375,966.4004516601562,26.178375244140625
26.7265625,966.3922729492188,26.178375244140625
26.7421875,966.3794555664062,26.190292358398438
26.7578125,966.3934936523438,26.17986297607422
26.7734375,966.3953857421875,26.186203002929688
26.7890625,966.4027709960938,26.19476318359375
26.8046875,966.4043579101562,26.18023681640625
26.8203125,966.4082641601562,26.18396759033203
26.8359375,966.3982543945312,26.183212280273438
26.8515625,966.3963012695312,26.202964782714844
26.8671875,966.4064331054688,26.204086303710938
26.8828125,966.3931884765625,26.177261352539062
26.8984375,966.3731079101562,26.17986297607422
26.9140625,966.3837890625,26.19476318359375
26.9296875,966.3921508789062,26.18396759033203
26.9453125,966.4318237304688,26.199615478515625
26.9609375,966.5799560546875,26.189918518066406
26.9765625,966.7161254882812,26.190673828125
26.9921875,966.6571044921875,26.204086303710938
27.0078125,966.64453125,26.1910400390625
27.0234375,966.6858520507812,26.195510864257812
27.0390625,966.6295776367188,26.185447692871094
27.0546875,966.7656860351562,26.174652099609375
27.0703125,966.8377685546875,26.178741455078125
27.0859375,966.749755859375,26.170555114746094
27.1015625,966.709716796875,26.16309356689453
27.1171875,966.9175415039062,26.17986297607422
27.1328125,966.7797241210938,26.16571044921875
27.1484375,966.7080078125,26.174270629882812
27.1640625,966.6663208007812,26.16571044921875
27.1796875,966.9068603515625,26.162353515625
27.1953125,966.7290649414062,26.159744262695312
27.2109375,966.8019409179688,26.14484405517578
27.2265625,966.73388671875,26.148941040039062
27.2421875,967.0874633789062,26.14373016357422
27.2578125,966.7459106445312,26.131797790527344
27.2734375,966.7684936523438,26.123611450195312
27.2890625,966.7864379882812,26.13329315185547
27.3046875,966.8473510742188,26.13776397705078
27.3203125,966.8135986328125,26.107208251953125
27.3359375,966.6199951171875,26.120620727539062
27.3515625,966.6525268554688,26.118019104003906
27.3671875,966.8432006835938,26.109817504882812
27.3828125,966.5781860351562,26.104232788085938
27.3984375,966.6677856445312,26.087844848632812
27.4140625,966.8295288085938,26.093055725097656
27.4296875,966.8441162109375,26.07964324951172
27.4453125,966.7353515625,26.066604614257812
27.4609375,966.6289672851562,26.058029174804688
27.4765625,966.6939086914062,26.07219696044922
27.4921875,966.7387084960938,26.063995361328125
27.5078125,966.7012329101562,26.05542755126953
27.5234375,966.6259155273438,26.046852111816406
27.5390625,966.6281127929688,26.034561157226562
27.5546875,966.6510620117188,26.02338409423828
27.5703125,966.5681762695312,26.028602600097656
27.5859375,966.5467529296875,26.020782470703125
27.6015625,966.7813720703125,26.02264404296875
27.6171875,966.7345581054688,25.996932983398438
27.6328125,966.8427734375,25.995437622070312
27.6484375,966.6480102539062,25.987991333007812
27.6640625,966.644287109375,25.989105224609375
27.6796875,966.5863647460938,25.97234344482422
27.6953125,966.5607299804688,25.97681427001953
27.7109375,966.627685546875,25.960426330566406
27.7265625,966.531982421875,25.9552001953125
27.7421875,966.7400512695312,25.960052490234375
27.7578125,966.6198120117188,25.955581665039062
27.7734375,966.5601196289062,25.949615478515625
27.7890625,966.6083374023438,25.936203002929688
27.8046875,966.7106323242188,25.931732177734375
27.8203125,966.6576538085938,25.93657684326172
27.8359375,966.6447143554688,25.910491943359375
27.8515625,966.7071533203125,25.91943359375
27.8671875,966.6801147460938,25.923904418945312
27.8828125,966.7354736328125,25.90789031982422
27.8984375,966.67578125,25.89373016357422
27.9140625,966.700439453125,25.89820098876953
27.9296875,966.8180541992188,25.89037322998047
27.9453125,966.8062133789062,25.8836669921875
27.9609375,966.8219604492188,25.8836669921875
27.9765625,966.6163940429688,25.873245239257812
27.9921875,966.7708129882812,25.87212371826172
28.0078125,966.7163696289062,25.87957763671875
28.0234375,966.611083984375,25.86243438720703
28.0390625,966.6415405273438,25.859451293945312
28.0546875,966.805908203125,25.85759735107422
28.0703125,966.85693359375,25.853126525878906
28.0859375,966.6942749023438,25.84716033935547
28.1015625,966.7606811523438,25.837844848632812
28.1171875,966.792724609375,25.842689514160156
28.1328125,966.640625,25.837844848632812
28.1484375,966.6864624023438,25.82183074951172
28.1640625,966.6474609375,25.8330078125
28.1796875,966.6572265625,25.825927734375
28.1953125,966.798583984375,25.819595336914062
28.2109375,966.7705078125,25.8046875
28.2265625,966.7091064453125,25.800216674804688
28.2421875,966.6763305664062,25.8046875
28.2578125,966.6401977539062,25.821456909179688
28.2734375,966.6309814453125,25.806182861328125
28.2890625,966.811767578125,25.781593322753906
28.3046875,966.6919555664062,25.778976440429688
28.3203125,966.66357421875,25.764450073242188
28.3359375,966.7169189453125,25.778976440429688
28.3515625,966.7862548828125,25.75848388671875
28.3671875,966.7576904296875,25.75177764892578
28.3828125,966.6368408203125,25.75476837158203
28.3984375,966.7640380859375,25.75177764892578
28.4140625,966.7570190429688,25.748062133789062
28.4296875,966.7254638671875,25.74359130859375
28.4453125,966.7384033203125,25.741355895996094
28.4609375,966.6680297851562,25.73278045654297
28.4765625,966.625,25.741355895996094
28.4921875,966.9815673828125,25.73241424560547
28.5078125,966.7073364257812,25.727569580078125
28.5234375,966.8629760742188,25.727188110351562
28.5390625,966.7153930664062,25.713775634765625
28.5546875,966.6534423828125,25.70856475830078
28.5703125,966.7816162109375,25.70782470703125
28.5859375,966.7620239257812,25.70782470703125
28.6015625,966.68701171875,25.703720092773438
28.6171875,966.6431884765625,25.69068145751953
28.6328125,966.6369018554688,25.69329071044922
28.6484375,966.5810546875,25.680999755859375
28.6640625,966.585205078125,25.67279815673828
28.6796875,966.5477294921875,25.685089111328125
28.6953125,966.4783325195312,25.691421508789062
28.7109375,966.4746704101562,25.685089111328125
28.7265625,966.455078125,25.683975219726562
28.7421875,966.471435546875,25.683975219726562
28.7578125,966.4556274414062,25.66497802734375
28.7734375,966.44921875,25.66236114501953
28.7890625,966.456298828125,25.673538208007812
28.8046875,966.4703979492188,25.658645629882812
28.8203125,966.4693603515625,25.659385681152344
28.8359375,966.4529418945312,25.66497802734375
28.8515625,966.44921875,25.663116455078125
28.8671875,966.4381103515625,25.651939392089844
28.8828125,966.4454345703125,25.655654907226562
28.8984375,966.453125,25.646347045898438
28.9140625,966.4417114257812,25.649322509765625
28.9296875,966.4378051757812,25.638153076171875
28.9453125,966.4395751953125,25.641876220703125
28.9609375,966.44677734375,25.65752410888672
28.9765625,966.4417724609375,25.655288696289062
28.9921875,966.4384155273438,25.655654907226562
29.0078125,966.4275512695312,25.645233154296875
29.0234375,966.4403686523438,25.648582458496094
29.0390625,966.43896484375,25.64373779296875
29.0546875,966.4353637695312,25.649322509765625
29.0703125,966.4481811523438,25.646347045898438
29.0859375,966.4356689453125,25.659385681152344
29.1015625,966.4389038085938,25.649322509765625
29.1171875,966.427490234375,25.653793334960938
29.1328125,966.4346923828125,25.652679443359375
29.1484375,966.4235229492188,25.64447784423828
29.1640625,966.4238891601562,25.658645629882812
29.1796875,966.4248046875,25.667953491210938
29.1953125,966.4386596679688,25.64447784423828
29.2109375,966.43115234375,25.659385681152344
29.2265625,966.4340209960938,25.66497802734375
29.2421875,966.4291381835938,25.664230346679688
29.2578125,966.4260864257812,25.65491485595703
29.2734375,966.4395751953125,25.663116455078125
29.2890625,966.428955078125,25.673538208007812
29.3046875,966.4423217773438,25.667205810546875
29.3203125,966.4318237304688,25.667205810546875
29.3359375,966.4220581054688,25.663856506347656
29.3515625,966.4375610351562,25.681365966796875
29.3671875,966.4364013671875,25.670936584472656
29.3828125,966.4146118164062,25.68024444580078
29.3984375,966.4296875,25.670936584472656
29.4140625,966.431640625,25.67279815673828
29.4296875,966.4354248046875,25.682861328125
29.4453125,966.4305419921875,25.685089111328125
29.4609375,966.4069213867188,25.682861328125
29.4765625,966.4133911132812,25.6903076171875
29.4921875,966.4307861328125,25.691421508789062
29.5078125,966.409423828125,25.684715270996094
29.5234375,966.4313354492188,25.680999755859375
29.5390625,966.4309692382812,25.68695068359375
29.5546875,966.4163208007812,25.69068145751953
29.5703125,966.4075317382812,25.69812774658203
29.5859375,966.4358520507812,25.69776153564453
29.6015625,966.41748046875,25.701858520507812
29.6171875,966.4313354492188,25.694778442382812
29.6328125,966.4085693359375,25.71453094482422
29.6484375,966.413818359375,25.70782470703125
29.6640625,966.4222412109375,25.721237182617188
29.6796875,966.4048461914062,25.698883056640625
29.6953125,966.4199829101562,25.696273803710938
29.7109375,966.4069213867188,25.70148468017578
29.7265625,966.4239501953125,25.704833984375
29.7421875,966.4016723632812,25.70782470703125
29.7578125,966.411865234375,25.704833984375
29.7734375,966.4029541015625,25.70856475830078
29.7890625,966.4008178710938,25.720481872558594
29.8046875,966.4144287109375,25.712295532226562
29.8203125,966.4013061523438,25.710800170898438
29.8359375,966.4169921875,25.728683471679688
29.8515625,966.423828125,25.713409423828125
29.8671875,966.4105224609375,25.71453094482422
29.8828125,966.408935546875,25.713035583496094
29.8984375,966.4026489257812,25.72607421875
29.9140625,966.4071044921875,25.70856475830078
29.9296875,966.3948364257812,25.717880249023438
29.9453125,966.4166259765625,25.723838806152344
29.9609375,966.4069213867188,25.73241424560547
29.9765625,966.4169921875,25.731292724609375
29.9921875,966.4107055664062,25.725326538085938
30.0078125,966.408203125,25.71489715576172
30.0234375,966.4071044921875,25.732040405273438
30.0390625,966.4169311523438,25.741722106933594
30.0546875,966.4283447265625,25.73352813720703
30.0703125,966.407958984375,25.73278045654297
30.0859375,966.4108276367188,25.740982055664062
30.1015625,966.39404296875,25.745826721191406
30.1171875,966.3897705078125,25.738739013671875
30.1328125,966.3993530273438,25.738739013671875
30.1484375,966.4085083007812,25.74730682373047
30.1640625,966.3978881835938,25.74395751953125
30.1796875,966.42919921875,25.75141143798828
30.1953125,966.4201049804688,25.759239196777344
30.2109375,966.400390625,25.75177764892578
30.2265625,966.4220581054688,25.75141143798828
30.2421875,966.412841796875,25.764450073242188
30.2578125,966.4149780273438,25.764450073242188
30.2734375,966.4338989257812,25.761093139648438
30.2890625,966.403564453125,25.75848388671875
30.3046875,966.4044799804688,25.75141143798828
30.3203125,966.4067993164062,25.77265167236328
30.3359375,966.4243774414062,25.77265167236328
30.3515625,966.412841796875,25.775253295898438
30.3671875,966.408203125,25.77265167236328
30.3828125,966.4091186523438,25.778976440429688
30.3984375,966.3945922851562,25.78680419921875
30.4140625,966.4063720703125,25.791648864746094
30.4296875,966.4044189453125,25.782333374023438
30.4453125,966.4327392578125,25.797607421875
30.4609375,966.4075317382812,25.781593322753906
30.4765625,966.3978881835938,25.791648864746094
30.4921875,966.409912109375,25.79798126220703
30.5078125,966.4046020507812,25.788665771484375
30.5234375,966.403564453125,25.796119689941406
30.5390625,966.4067993164062,25.79798126220703
30.5546875,966.4046020507812,25.799842834472656
30.5703125,966.4022216796875,25.799842834472656
30.5859375,966.4199829101562,25.802825927734375
30.6015625,966.4007568359375,25.794631958007812
30.6171875,966.4041748046875,25.796119689941406
30.6328125,966.3884887695312,25.819595336914062
30.6484375,966.3990478515625,25.79798126220703
30.6640625,966.4069213867188,25.807662963867188
30.6796875,966.3825073242188,25.80095672607422
30.6953125,966.4036254882812,25.79798126220703
30.7109375,966.3990478515625,25.80394744873047
30.7265625,966.4082641601562,25.814002990722656
30.7421875,966.4118041992188,25.8121337890625
30.7578125,966.3908081054688,25.816238403320312
30.7734375,966.4041137695312,25.807662963867188
30.7890625,966.3909912109375,25.81586456298828
30.8046875,966.400390625,25.821456909179688
30.8203125,966.399169921875,25.81884002685547
30.8359375,966.4068603515625,25.821456909179688
30.8515625,966.4027709960938,25.82219696044922
30.8671875,966.3912963867188,25.814002990722656
30.8828125,966.3971557617188,25.814743041992188
30.8984375,966.4076538085938,25.814002990722656
30.9140625,966.390380859375,25.81139373779297
30.9296875,966.4090576171875,25.819961547851562
30.9453125,966.408203125,25.821456909179688
30.9609375,966.4022216796875,25.8121337890625
30.9765625,966.4091186523438,25.819595336914062
30.9921875,966.3880004882812,25.827781677246094
31.0078125,966.3956298828125,25.819961547851562
31.0234375,966.4141845703125,25.824806213378906
31.0390625,966.4013671875,25.819595336914062
31.0546875,966.3977661132812,25.816604614257812
31.0703125,966.4035034179688,25.811767578125
31.0859375,966.4072265625,25.81884002685547
31.1015625,966.4086303710938,25.81847381591797
31.1171875,966.4097290039062,25.83635711669922
31.1328125,966.3995971679688,25.82219696044922
31.1484375,966.3748168945312,25.825927734375
31.1640625,966.4057006835938,25.8404541015625
31.1796875,966.3871459960938,25.821456909179688
31.1953125,966.4071044921875,25.821456909179688
31.2109375,966.4010009765625,25.8192138671875
31.2265625,966.4019165039062,25.827415466308594
31.2421875,966.3924560546875,25.814743041992188
31.2578125,966.3984985351562,25.8330078125
31.2734375,966.4046630859375,25.83971405029297
31.2890625,966.3999633789062,25.84716033935547
31.3046875,966.4013671875,25.8333740234375
31.3203125,966.3924560546875,25.837844848632812
31.3359375,966.408935546875,25.84418487548828
31.3515625,966.4034423828125,25.83672332763672
31.3671875,966.4099731445312,25.8404541015625
31.3828125,966.3939819335938,25.842689514160156
31.3984375,966.4044799804688,25.837844848632812
31.4140625,966.4168701171875,25.860946655273438
31.4296875,966.411376953125,25.844924926757812
31.4453125,966.3986206054688,25.849021911621094
31.4609375,966.3935546875,25.849769592285156
31.4765625,966.399169921875,25.83709716796875
31.4921875,966.38623046875,25.842689514160156
31.5078125,966.3873901367188,25.83635711669922
31.5234375,966.4099731445312,25.842689514160156
31.5390625,966.3971557617188,25.84418487548828
31.5546875,966.4022216796875,25.849769592285156
31.5703125,966.3943481445312,25.842689514160156
31.5859375,966.3776245117188,25.853492736816406
31.6015625,966.3983154296875,25.849021911621094
31.6171875,966.3935546875,25.85125732421875
31.6328125,966.3993530273438,25.8404541015625
31.6484375,966.4043579101562,25.849769592285156
31.6640625,966.4114379882812,25.84716033935547
31.6796875,966.397705078125,25.849769592285156
31.6953125,966.3839721679688,25.846420288085938
31.7109375,966.4049682617188,25.845298767089844
31.7265625,966.391357421875,25.855728149414062
31.7421875,966.4010620117188,25.849769592285156
31.7578125,966.4064331054688,25.85759735107422
31.7734375,966.3970336914062,25.856475830078125
31.7890625,966.3987426757812,25.853492736816406
31.8046875,966.4002075195312,25.853492736816406
31.8203125,966.38427734375,25.85759735107422
31.8359375,966.3951416015625,25.862808227539062
31.8515625,966.3798217773438,25.849021911621094
31.8671875,966.419921875,25.860946655273438
31.8828125,966.3795776367188,25.855361938476562
31.8984375,966.4107666015625,25.85871124267578
31.9140625,966.4129638671875,25.852752685546875
31.9296875,966.4007568359375,25.856842041015625
31.9453125,966.3987426757812,25.863182067871094
31.9609375,966.4220581054688,25.856475830078125
31.9765625,966.4066162109375,25.876220703125
31.9921875,966.4142456054688,25.87212371826172
32.0078125,966.4161987304688,25.866539001464844
32.0234375,966.4132690429688,25.874725341796875
32.0390625,966.403076171875,25.869140625
32.0546875,966.3896484375,25.874725341796875
32.0703125,966.4068603515625,25.878456115722656
32.0859375,966.4071655273438,25.856842041015625
32.1015625,966.3846435546875,25.85833740234375
32.1171875,966.396484375,25.87212371826172
