# Time (seconds),Pressure,Temp
0.0078125,952.749755859375,26.977691650390625
0.0234375,952.7582397460938,26.979896545410156
0.0390625,952.7662353515625,26.994598388671875
0.0546875,952.7677001953125,26.98064422607422
0.0703125,952.758544921875,26.979896545410156
0.0859375,952.7584228515625,26.979171752929688
0.1015625,952.7661743164062,26.98174285888672
0.1171875,952.766357421875,26.98871612548828
0.1328125,952.7593383789062,26.990921020507812
0.1484375,952.7614135742188,26.995704650878906
0.1640625,952.7523193359375,26.979896545410156
0.1796875,952.7680053710938,26.98320770263672
0.1953125,952.7659912109375,26.98688507080078
0.2109375,952.7687377929688,26.979896545410156
0.2265625,952.7595825195312,26.974761962890625
0.2421875,952.7579345703125,26.98320770263672
0.2578125,952.7599487304688,26.98358154296875
0.2734375,952.765380859375,26.992401123046875
0.2890625,952.7620849609375,26.988357543945312
0.3046875,952.76708984375,26.980270385742188
0.3203125,952.7662963867188,26.995704650878906
0.3359375,952.7767944335938,26.995704650878906
0.3515625,952.773193359375,26.994598388671875
0.3671875,952.7742919921875,26.988357543945312
0.3828125,952.7718505859375,26.993499755859375
0.3984375,952.7693481445312,26.98615264892578
0.4140625,952.7716064453125,26.987991333007812
0.4296875,952.7603759765625,26.982101440429688
0.4453125,952.7509155273438,26.98761749267578
0.4609375,952.7603759765625,26.974761962890625
0.4765625,952.7590942382812,26.979896545410156
0.4921875,952.7595825195312,26.990188598632812
0.5078125,952.7732543945312,26.990921020507812
0.5234375,952.7739868164062,26.98871612548828
0.5390625,952.7593383789062,26.98688507080078
0.5546875,952.7759399414062,26.987991333007812
0.5703125,952.7598876953125,26.989089965820312
0.5859375,952.7648315429688,26.975486755371094
0.6015625,952.7645874023438,26.979896545410156
0.6171875,952.7595825195312,26.976959228515625
0.6328125,952.77490234375,26.990921020507812
0.6484375,952.7733154296875,26.974761962890625
0.6640625,952.767578125,26.990562438964844
0.6796875,952.7780151367188,26.979537963867188
0.6953125,952.7662353515625,26.98394775390625
0.7109375,952.7732543945312,26.98394775390625
0.7265625,952.7774047851562,26.979896545410156
0.7421875,952.7656860351562,26.974761962890625
0.7578125,952.759765625,26.98577880859375
0.7734375,952.7601928710938,26.995704650878906
0.7890625,952.76123046875,26.976959228515625
0.8046875,952.7551879882812,26.98761749267578
0.8203125,952.7676391601562,26.989463806152344
0.8359375,952.76123046875,26.975486755371094
0.8515625,952.7579956054688,26.98615264892578
0.8671875,952.7632446289062,26.98615264892578
0.8828125,952.766845703125,26.993499755859375
0.8984375,952.7693481445312,26.992401123046875
0.9140625,952.78125,26.982101440429688
0.9296875,952.7634887695312,26.979896545410156
0.9453125,952.7739868164062,26.98064422607422
0.9609375,952.758544921875,26.98761749267578
0.9765625,952.7603759765625,26.990188598632812
0.9921875,952.7738647460938,26.98468017578125
1.0078125,952.7685546875,26.979896545410156
1.0234375,952.7680053710938,26.975860595703125
1.0390625,952.7677001953125,26.974761962890625
1.0546875,952.7620849609375,26.976959228515625
1.0703125,952.7606201171875,26.975486755371094
1.0859375,952.7592163085938,26.98320770263672
1.1015625,952.7587890625,26.981002807617188
1.1171875,952.7669067382812,26.971450805664062
1.1328125,952.7791748046875,26.978439331054688
1.1484375,952.7810668945312,26.976593017578125
1.1640625,952.8071899414062,26.979537963867188
1.1796875,952.7996826171875,26.98174285888672
1.1953125,952.8064575195312,26.979537963867188
1.2109375,952.8158569335938,26.979537963867188
1.2265625,952.8116455078125,26.98358154296875
1.2421875,952.81201171875,26.972549438476562
1.2578125,952.8240966796875,26.98615264892578
1.2734375,952.8325805664062,26.981002807617188
1.2890625,952.8147583007812,26.978439331054688
1.3046875,952.830078125,26.977691650390625
1.3203125,952.8299560546875,26.972549438476562
1.3359375,952.8516235351562,26.98320770263672
1.3515625,952.8228149414062,26.979171752929688
1.3671875,952.8833618164062,26.979537963867188
1.3828125,952.8649291992188,26.98064422607422
1.3984375,952.862548828125,26.976959228515625
1.4140625,952.8657836914062,26.975486755371094
1.4296875,952.8834838867188,26.98394775390625
1.4453125,952.8287963867188,26.98320770263672
1.4609375,952.865234375,26.973281860351562
1.4765625,952.8438720703125,26.96741485595703
1.4921875,952.8594360351562,26.9681396484375
1.5078125,952.841552734375,26.96997833251953
1.5234375,952.840576171875,26.973655700683594
1.5390625,952.8636474609375,26.973655700683594
1.5546875,952.8672485351562,26.974388122558594
1.5703125,952.861328125,26.960426330566406
1.5859375,952.8587036132812,26.967041015625
1.6015625,952.8451538085938,26.9681396484375
1.6171875,952.8726196289062,26.961532592773438
1.6328125,952.8259887695312,26.958221435546875
1.6484375,952.8381958007812,26.958595275878906
1.6640625,952.859130859375,26.9681396484375
1.6796875,952.8630981445312,26.960800170898438
1.6953125,952.8361206054688,26.9652099609375
1.7109375,952.858642578125,26.954910278320312
1.7265625,952.8419799804688,26.962257385253906
1.7421875,952.838623046875,26.956390380859375
1.7578125,952.8583984375,26.943893432617188
1.7734375,952.8206176757812,26.943893432617188
1.7890625,952.8595581054688,26.95013427734375
1.8046875,952.8488159179688,26.937644958496094
1.8203125,952.8475341796875,26.956390380859375
1.8359375,952.8619384765625,26.94792938232422
1.8515625,952.8539428710938,26.941314697265625
1.8671875,952.8681640625,26.93396759033203
1.8828125,952.8825073242188,26.945724487304688
1.8984375,952.8836669921875,26.939483642578125
1.9140625,952.854248046875,26.939483642578125
1.9296875,952.8399658203125,26.936904907226562
1.9453125,952.855224609375,26.9324951171875
1.9609375,952.8201293945312,26.937644958496094
1.9765625,952.8356323242188,26.93213653564453
1.9921875,952.8224487304688,26.93029022216797
2.0078125,952.8384399414062,26.94792938232422
2.0234375,952.8336791992188,26.93470001220703
2.0390625,952.8395385742188,26.946090698242188
2.0546875,952.832763671875,26.95013427734375
2.0703125,952.8128662109375,26.942413330078125
2.0859375,952.8372192382812,26.943519592285156
2.1015625,952.812255859375,26.940582275390625
2.1171875,952.8262329101562,26.940582275390625
2.1328125,952.8262329101562,26.93579864501953
2.1484375,952.822265625,26.922943115234375
2.1640625,952.8215942382812,26.937644958496094
2.1796875,952.8206176757812,26.944992065429688
2.1953125,952.8201293945312,26.942413330078125
2.2109375,952.8162841796875,26.9324951171875
2.2265625,952.8224487304688,26.93029022216797
2.2421875,952.8223266601562,26.941680908203125
2.2578125,952.8049926757812,26.939849853515625
2.2734375,952.8172607421875,26.934341430664062
2.2890625,952.8148803710938,26.9324951171875
2.3046875,952.7980346679688,26.928451538085938
2.3203125,952.7994384765625,26.938003540039062
2.3359375,952.8116455078125,26.926620483398438
2.3515625,952.8094482421875,26.9310302734375
2.3671875,952.8253784179688,26.926620483398438
2.3828125,952.8135986328125,26.940582275390625
2.3984375,952.8274536132812,26.929183959960938
2.4140625,952.8096923828125,26.9324951171875
2.4296875,952.817138671875,26.928451538085938
2.4453125,952.8150024414062,26.92955780029297
2.4609375,952.8251953125,26.924774169921875
2.4765625,952.8145751953125,26.940582275390625
2.4921875,952.8107299804688,26.929183959960938
2.5078125,952.8096923828125,26.920364379882812
2.5234375,952.8141479492188,26.920005798339844
2.5390625,952.8087158203125,26.920364379882812
2.5546875,952.8153686523438,26.9310302734375
2.5703125,952.8200073242188,26.937644958496094
2.5859375,952.8176879882812,26.93396759033203
2.6015625,952.8167114257812,26.94646453857422
2.6171875,952.8346557617188,26.937644958496094
2.6328125,952.8109741210938,26.938003540039062
2.6484375,952.822998046875,26.95160675048828
2.6640625,952.8125,26.938003540039062
2.6796875,952.8170776367188,26.944992065429688
2.6953125,952.8297729492188,26.938751220703125
2.7109375,952.8178100585938,26.9324951171875
2.7265625,952.8224487304688,26.944259643554688
2.7421875,952.8146362304688,26.93396759033203
2.7578125,952.8226928710938,26.923675537109375
2.7734375,952.8468017578125,26.944259643554688
2.7890625,952.83984375,26.921470642089844
2.8046875,952.862060546875,26.922943115234375
2.8203125,952.84375,26.937644958496094
2.8359375,952.8331909179688,26.940582275390625
2.8515625,952.8639526367188,26.939483642578125
2.8671875,952.8429565429688,26.93470001220703
2.8828125,952.8604736328125,26.95123291015625
2.8984375,952.8327026367188,26.951980590820312
2.9140625,952.854248046875,26.951980590820312
2.9296875,952.87646484375,26.944259643554688
2.9453125,952.8660888671875,26.951980590820312
2.9609375,952.8572998046875,26.952713012695312
2.9765625,952.850830078125,26.958953857421875
2.9921875,952.8628540039062,26.95160675048828
3.0078125,952.8453979492188,26.95233917236328
3.0234375,952.8477783203125,26.944992065429688
3.0390625,952.8529663085938,26.946823120117188
3.0546875,952.8460083007812,26.946823120117188
3.0703125,952.8675537109375,26.945724487304688
3.0859375,952.8597412109375,26.96410369873047
3.1015625,952.8490600585938,26.958953857421875
3.1171875,952.8472290039062,26.951980590820312
3.1328125,952.8316040039062,26.95013427734375
3.1484375,952.8505249023438,26.95233917236328
3.1640625,952.8513793945312,26.954910278320312
3.1796875,952.8497924804688,26.958221435546875
3.1953125,952.86279296875,26.954910278320312
3.2109375,952.836669921875,26.94902801513672
3.2265625,952.8271484375,26.9659423828125
3.2421875,952.8359985351562,26.963363647460938
3.2578125,952.8375854492188,26.961898803710938
3.2734375,952.8259887695312,26.960426330566406
3.2890625,952.8455810546875,26.95233917236328
3.3046875,952.8357543945312,26.954910278320312
3.3203125,952.8408203125,26.953079223632812
3.3359375,952.8561401367188,26.963363647460938
3.3515625,952.8452758789062,26.945724487304688
3.3671875,952.8452758789062,26.96741485595703
3.3828125,952.82421875,26.956016540527344
3.3984375,952.809326171875,26.96483612060547
3.4140625,952.8436279296875,26.9681396484375
3.4296875,952.857177734375,26.951980590820312
3.4453125,952.840576171875,26.955642700195312
3.4609375,952.8482055664062,26.956390380859375
3.4765625,952.8410034179688,26.944259643554688
3.4921875,952.8302612304688,26.956016540527344
3.5078125,952.8284912109375,26.95160675048828
3.5234375,952.8435668945312,26.94977569580078
3.5390625,952.838623046875,26.954910278320312
3.5546875,952.84326171875,26.956390380859375
3.5703125,952.8421630859375,26.945724487304688
3.5859375,952.8309936523438,26.946823120117188
3.6015625,952.8341064453125,26.946823120117188
3.6171875,952.8341064453125,26.94940185546875
3.6328125,952.8301391601562,26.946823120117188
3.6484375,952.8185424804688,26.958953857421875
3.6640625,952.8364868164062,26.953079223632812
3.6796875,952.8472290039062,26.953079223632812
3.6953125,952.845458984375,26.960800170898438
3.7109375,952.836669921875,26.95013427734375
3.7265625,952.841552734375,26.946823120117188
3.7421875,952.8436279296875,26.956390380859375
3.7578125,952.8511352539062,26.943161010742188
3.7734375,952.81640625,26.951980590820312
3.7890625,952.8633422851562,26.954910278320312
3.8046875,952.8282470703125,26.942787170410156
3.8203125,952.8402709960938,26.95160675048828
3.8359375,952.827392578125,26.944992065429688
3.8515625,952.8428955078125,26.944992065429688
3.8671875,952.8374633789062,26.942413330078125
3.8828125,952.823486328125,26.942787170410156
3.8984375,952.8158569335938,26.95233917236328
3.9140625,952.8088989257812,26.941680908203125
3.9296875,952.825927734375,26.94719696044922
3.9453125,952.807861328125,26.944259643554688
3.9609375,952.8116455078125,26.951980590820312
3.9765625,952.8125,26.94866943359375
3.9921875,952.8013916015625,26.938751220703125
4.0078125,952.8111572265625,26.944259643554688
4.0234375,952.7991943359375,26.937644958496094
4.0390625,952.8140258789062,26.94792938232422
4.0546875,952.8056030273438,26.939483642578125
4.0703125,952.8016967773438,26.954910278320312
4.0859375,952.8145751953125,26.939483642578125
4.1015625,952.7987060546875,26.94792938232422
4.1171875,952.8126831054688,26.94977569580078
4.1328125,952.78662109375,26.939483642578125
4.1484375,952.7963256835938,26.943893432617188
4.1640625,952.8020629882812,26.93213653564453
4.1796875,952.806396484375,26.940582275390625
4.1953125,952.7957763671875,26.922943115234375
4.2109375,952.7880859375,26.937644958496094
4.2265625,952.7727661132812,26.929183959960938
4.2421875,952.7977294921875,26.935073852539062
4.2578125,952.7844848632812,26.95013427734375
4.2734375,952.7925415039062,26.93029022216797
4.2890625,952.7936401367188,26.939849853515625
4.3046875,952.784912109375,26.943893432617188
4.3203125,952.790771484375,26.942413330078125
4.3359375,952.7822265625,26.934341430664062
4.3515625,952.7981567382812,26.943161010742188
4.3671875,952.7894287109375,26.942413330078125
4.3828125,952.791748046875,26.934341430664062
4.3984375,952.7784423828125,26.941314697265625
4.4140625,952.7791137695312,26.940582275390625
4.4296875,952.789794921875,26.93579864501953
4.4453125,952.7791748046875,26.9324951171875
4.4609375,952.7764892578125,26.924774169921875
4.4765625,952.77880859375,26.93470001220703
4.4921875,952.7952270507812,26.929183959960938
4.5078125,952.7702026367188,26.942413330078125
4.5234375,952.7791748046875,26.939109802246094
4.5390625,952.7855224609375,26.937644958496094
4.5546875,952.7896118164062,26.940582275390625
4.5703125,952.7814331054688,26.934341430664062
4.5859375,952.7843627929688,26.944259643554688
4.6015625,952.7794189453125,26.944259643554688
4.6171875,952.7703857421875,26.9324951171875
4.6328125,952.7890625,26.938003540039062
4.6484375,952.7853393554688,26.937644958496094
4.6640625,952.7853393554688,26.944259643554688
4.6796875,952.7794189453125,26.92955780029297
4.6953125,952.7702026367188,26.940582275390625
4.7109375,952.7821044921875,26.93470001220703
4.7265625,952.76953125,26.942413330078125
4.7421875,952.7732543945312,26.942413330078125
4.7578125,952.7935791015625,26.934341430664062
4.7734375,952.7855834960938,26.953079223632812
4.7890625,952.7910766601562,26.956390380859375
4.8046875,952.7788696289062,26.93470001220703
4.8203125,952.7892456054688,26.94792938232422
4.8359375,952.7810668945312,26.944992065429688
4.8515625,952.7734985351562,26.94792938232422
4.8671875,952.7696533203125,26.928451538085938
4.8828125,952.7886352539062,26.93470001220703
4.8984375,952.7797241210938,26.936546325683594
4.9140625,952.7763061523438,26.939483642578125
4.9296875,952.7658081054688,26.953079223632812
4.9453125,952.7815551757812,26.942413330078125
4.9609375,952.771484375,26.939483642578125
4.9765625,952.77294921875,26.934341430664062
4.9921875,952.7796630859375,26.939849853515625
5.0078125,952.7866821289062,26.939483642578125
5.0234375,952.7651977539062,26.935073852539062
5.0390625,952.76953125,26.94792938232422
5.0546875,952.7810668945312,26.942054748535156
5.0703125,952.796630859375,26.939483642578125
5.0859375,952.8076171875,26.939483642578125
5.1015625,952.7963256835938,26.941314697265625
5.1171875,952.7863159179688,26.94866943359375
5.1328125,952.799560546875,26.95160675048828
5.1484375,952.7969360351562,26.95160675048828
5.1640625,952.8125,26.951980590820312
5.1796875,952.7843627929688,26.94977569580078
5.1953125,952.8033447265625,26.94866943359375
5.2109375,952.8084716796875,26.946823120117188
5.2265625,952.8298950195312,26.954910278320312
5.2421875,952.8126831054688,26.954910278320312
5.2578125,952.8121948242188,26.944259643554688
5.2734375,952.8236694335938,26.945724487304688
5.2890625,952.8237915039062,26.939483642578125
5.3046875,952.8106689453125,26.94977569580078
5.3203125,952.8087158203125,26.954910278320312
5.3359375,952.8247680664062,26.944259643554688
5.3515625,952.8189086914062,26.9324951171875
5.3671875,952.8153076171875,26.93470001220703
5.3828125,952.8012084960938,26.94792938232422
5.3984375,952.7965698242188,26.946090698242188
5.4140625,952.8184814453125,26.9324951171875
5.4296875,952.8069458007812,26.920364379882812
5.4453125,952.8219604492188,26.93470001220703
5.4609375,952.8167724609375,26.928451538085938
5.4765625,952.8585815429688,26.928451538085938
5.4921875,952.8150024414062,26.9324951171875
5.5078125,952.8326416015625,26.926620483398438
5.5234375,952.822021484375,26.93029022216797
5.5390625,952.8175659179688,26.922210693359375
5.5546875,952.8143310546875,26.936904907226562
5.5703125,952.830078125,26.926620483398438
5.5859375,952.8512573242188,26.916702270507812
5.6015625,952.8089599609375,26.921470642089844
5.6171875,952.824951171875,26.91595458984375
5.6328125,952.813720703125,26.925521850585938
5.6484375,952.8223266601562,26.922210693359375
5.6640625,952.8310546875,26.907882690429688
5.6796875,952.8147583007812,26.91302490234375
5.6953125,952.8289794921875,26.922210693359375
5.7109375,952.821533203125,26.902725219726562
5.7265625,952.8392944335938,26.906036376953125
5.7421875,952.8312377929688,26.901268005371094
5.7578125,952.8080444335938,26.910446166992188
5.7734375,952.8078002929688,26.91485595703125
5.7890625,952.8208618164062,26.91191864013672
5.8046875,952.8079223632812,26.907508850097656
5.8203125,952.815185546875,26.91302490234375
5.8359375,952.8301391601562,26.910446166992188
5.8515625,952.8365478515625,26.910446166992188
5.8671875,952.8430786132812,26.902725219726562
5.8828125,952.8231811523438,26.893905639648438
5.8984375,952.844970703125,26.900161743164062
5.9140625,952.8115234375,26.91374969482422
5.9296875,952.8433227539062,26.910446166992188
5.9453125,952.9219970703125,26.902725219726562
5.9609375,952.8392944335938,26.897216796875
5.9765625,952.8411254882812,26.8983154296875
5.9921875,952.8442993164062,26.904571533203125
6.0078125,952.8424682617188,26.902725219726562
6.0234375,952.8284912109375,26.886566162109375
6.0390625,952.8287353515625,26.897216796875
6.0546875,952.8292236328125,26.906036376953125
6.0703125,952.8228759765625,26.902725219726562
6.0859375,952.819580078125,26.897216796875
6.1015625,952.8076171875,26.8953857421875
6.1171875,952.8117065429688,26.8983154296875
6.1328125,952.819091796875,26.897216796875
6.1484375,952.813720703125,26.91191864013672
6.1640625,952.8079223632812,26.893905639648438
6.1796875,952.8120727539062,26.8983154296875
6.1953125,952.8220825195312,26.910446166992188
6.2109375,952.8221435546875,26.8953857421875
6.2265625,952.8189086914062,26.8953857421875
6.2421875,952.8189086914062,26.8953857421875
6.2578125,952.8278198242188,26.901626586914062
6.2734375,952.8260498046875,26.904571533203125
6.2890625,952.8125610351562,26.910446166992188
6.3046875,952.823974609375,26.8975830078125
6.3203125,952.8309936523438,26.909339904785156
6.3359375,952.8201904296875,26.906036376953125
6.3515625,952.8348999023438,26.918533325195312
6.3671875,952.8240966796875,26.91118621826172
6.3828125,952.8365478515625,26.91374969482422
6.3984375,952.8134155273438,26.906036376953125
6.4140625,952.8312377929688,26.907882690429688
6.4296875,952.8201293945312,26.904571533203125
6.4453125,952.8179321289062,26.920738220214844
6.4609375,952.8214111328125,26.907882690429688
6.4765625,952.8128662109375,26.91412353515625
6.4921875,952.8236694335938,26.917434692382812
6.5078125,952.8311767578125,26.91191864013672
6.5234375,952.831787109375,26.91191864013672
6.5390625,952.8264770507812,26.91559600830078
6.5546875,952.8267822265625,26.919265747070312
6.5703125,952.8235473632812,26.91485595703125
6.5859375,952.8208618164062,26.905677795410156
6.6015625,952.8203735351562,26.921112060546875
6.6171875,952.8334350585938,26.925880432128906
6.6328125,952.8391723632812,26.921112060546875
6.6484375,952.829833984375,26.921112060546875
6.6640625,952.8208618164062,26.921112060546875
6.6796875,952.8214721679688,26.921112060546875
6.6953125,952.829833984375,26.927352905273438
6.7109375,952.8161010742188,26.925521850585938
6.7265625,952.82177734375,26.926254272460938
6.7421875,952.825439453125,26.9310302734375
6.7578125,952.8253784179688,26.939483642578125
6.7734375,952.826171875,26.918533325195312
6.7890625,952.8385009765625,26.921470642089844
6.8046875,952.8309936523438,26.922943115234375
6.8203125,952.8215942382812,26.9310302734375
6.8359375,952.8223876953125,26.9324951171875
6.8515625,952.802734375,26.921844482421875
6.8671875,952.8214721679688,26.924774169921875
6.8828125,952.8223266601562,26.919265747070312
6.8984375,952.8217163085938,26.939483642578125
6.9140625,952.8125,26.924774169921875
6.9296875,952.8170166015625,26.9324951171875
6.9453125,952.8224487304688,26.93029022216797
6.9609375,952.81640625,26.93213653564453
6.9765625,952.817138671875,26.95013427734375
6.9921875,952.8272705078125,26.938003540039062
7.0078125,952.8259887695312,26.944259643554688
7.0234375,952.8176879882812,26.939483642578125
7.0390625,952.8243408203125,26.944259643554688
7.0546875,952.8265991210938,26.939483642578125
7.0703125,952.8125,26.939483642578125
7.0859375,952.8267822265625,26.929183959960938
7.1015625,952.8359985351562,26.934341430664062
7.1171875,952.8304443359375,26.935073852539062
7.1328125,952.826904296875,26.939483642578125
7.1484375,952.8578491210938,26.9324951171875
7.1640625,952.8512573242188,26.940582275390625
7.1796875,952.8555297851562,26.944992065429688
7.1953125,952.870361328125,26.941680908203125
7.2109375,952.8623046875,26.936546325683594
7.2265625,952.868408203125,26.952713012695312
7.2421875,952.8466186523438,26.944992065429688
7.2578125,952.8685913085938,26.961532592773438
7.2734375,952.8702392578125,26.951980590820312
7.2890625,952.8333129882812,26.951980590820312
7.3046875,952.849609375,26.951980590820312
7.3203125,952.8633422851562,26.95160675048828
7.3359375,952.8412475585938,26.954544067382812
7.3515625,952.8373413085938,26.94792938232422
7.3671875,952.8515625,26.951980590820312
7.3828125,952.8489379882812,26.941314697265625
7.3984375,952.853271484375,26.944259643554688
7.4140625,952.8595581054688,26.955642700195312
7.4296875,952.8606567382812,26.941314697265625
7.4453125,952.8443603515625,26.944992065429688
7.4609375,952.8494262695312,26.94977569580078
7.4765625,952.8516845703125,26.944259643554688
7.4921875,952.8469848632812,26.94977569580078
7.5078125,952.8948364257812,26.95160675048828
7.5234375,952.849609375,26.960800170898438
7.5390625,952.8737182617188,26.939483642578125
7.5546875,952.8560791015625,26.95160675048828
7.5703125,952.8519287109375,26.940208435058594
7.5859375,952.8950805664062,26.953079223632812
7.6015625,952.8478393554688,26.95013427734375
7.6171875,952.8619384765625,26.944992065429688
7.6328125,952.8577880859375,26.94719696044922
7.6484375,952.8574829101562,26.937644958496094
7.6640625,952.8768310546875,26.955642700195312
7.6796875,952.8654174804688,26.951980590820312
7.6953125,952.87109375,26.942413330078125
7.7109375,952.8616943359375,26.94792938232422
7.7265625,952.8599853515625,26.936904907226562
7.7421875,952.879638671875,26.94902801513672
7.7578125,952.845703125,26.938377380371094
7.7734375,952.8577880859375,26.9324951171875
7.7890625,952.8775024414062,26.938003540039062
7.8046875,952.853515625,26.944259643554688
7.8203125,952.861328125,26.93323516845703
7.8359375,952.8764038085938,26.9324951171875
7.8515625,952.8458251953125,26.943893432617188
7.8671875,952.8703002929688,26.92955780029297
7.8828125,952.8659057617188,26.937644958496094
7.8984375,952.8726196289062,26.936904907226562
7.9140625,952.8385009765625,26.939483642578125
7.9296875,952.8446655273438,26.93579864501953
7.9453125,952.84912109375,26.9324951171875
7.9609375,952.84765625,26.93029022216797
7.9765625,952.8993530273438,26.937644958496094
7.9921875,952.8809814453125,26.921112060546875
8.0078125,952.8519287109375,26.921470642089844
8.0234375,952.8865356445312,26.9324951171875
8.0390625,952.8851928710938,26.928451538085938
8.0546875,952.8466186523438,26.936904907226562
8.0703125,952.9215698242188,26.921112060546875
8.0859375,952.8734741210938,26.9324951171875
8.1015625,952.8715209960938,26.921112060546875
8.1171875,952.8961791992188,26.922943115234375
8.1328125,952.8843383789062,26.921112060546875
8.1484375,952.862060546875,26.925521850585938
8.1640625,952.8600463867188,26.925880432128906
8.1796875,952.8607788085938,26.929183959960938
8.1953125,952.874267578125,26.921470642089844
8.2109375,952.862060546875,26.9324951171875
8.2265625,952.8416748046875,26.93396759033203
8.2421875,952.8424072265625,26.93029022216797
8.2578125,952.845703125,26.921470642089844
8.2734375,952.824951171875,26.924774169921875
8.2890625,952.8421020507812,26.940582275390625
8.3046875,952.8394165039062,26.937644958496094
8.3203125,952.8301391601562,26.921112060546875
8.3359375,952.8309936523438,26.943893432617188
8.3515625,952.8212280273438,26.929183959960938
8.3671875,952.8162841796875,26.937644958496094
8.3828125,952.8104248046875,26.95013427734375
8.3984375,952.827880859375,26.938751220703125
8.4140625,952.8273315429688,26.941314697265625
8.4296875,952.8197631835938,26.93029022216797
8.4453125,952.8192749023438,26.9310302734375
8.4609375,952.8343505859375,26.942787170410156
8.4765625,952.8271484375,26.925880432128906
8.4921875,952.8236694335938,26.921470642089844
8.5078125,952.8148193359375,26.924415588378906
8.5234375,952.8169555664062,26.926620483398438
8.5390625,952.806396484375,26.9310302734375
8.5546875,952.8325805664062,26.9324951171875
8.5703125,952.8069458007812,26.934341430664062
8.5859375,952.8154296875,26.921112060546875
8.6015625,952.8058471679688,26.934341430664062
8.6171875,952.80419921875,26.926620483398438
8.6328125,952.8147583007812,26.929183959960938
8.6484375,952.806640625,26.93359375
8.6640625,952.8112182617188,26.936904907226562
8.6796875,952.804443359375,26.926620483398438
8.6953125,952.8034057617188,26.9324951171875
8.7109375,952.8069458007812,26.934341430664062
8.7265625,952.7987060546875,26.922569274902344
8.7421875,952.8101196289062,26.919631958007812
8.7578125,952.7967529296875,26.9324951171875
8.7734375,952.803955078125,26.9324951171875
8.7890625,952.7848510742188,26.934341430664062
8.8046875,952.7999877929688,26.9324951171875
8.8203125,952.7998046875,26.920364379882812
8.8359375,952.7986450195312,26.922943115234375
8.8515625,952.7916870117188,26.92955780029297
8.8671875,952.7857666015625,26.922210693359375
8.8828125,952.7838745117188,26.93029022216797
8.8984375,952.7894287109375,26.924774169921875
8.9140625,952.788330078125,26.921470642089844
8.9296875,952.783203125,26.921470642089844
8.9453125,952.7944946289062,26.936904907226562
8.9609375,952.7852783203125,26.911544799804688
8.9765625,952.7821655273438,26.918533325195312
8.9921875,952.7799072265625,26.91339111328125
9.0078125,952.7704467773438,26.922943115234375
9.0234375,952.7988891601562,26.921470642089844
9.0390625,952.7837524414062,26.927352905273438
9.0546875,952.78857421875,26.921112060546875
9.0703125,952.7872924804688,26.919631958007812
9.0859375,952.7632446289062,26.921470642089844
9.1015625,952.775390625,26.924774169921875
9.1171875,952.7835083007812,26.921112060546875
9.1328125,952.7830810546875,26.928085327148438
9.1484375,952.7843627929688,26.92882537841797
9.1640625,952.794677734375,26.920364379882812
9.1796875,952.7836303710938,26.922210693359375
9.1953125,952.7838745117188,26.91302490234375
9.2109375,952.7822265625,26.919265747070312
9.2265625,952.7936401367188,26.929183959960938
9.2421875,952.7744140625,26.922943115234375
9.2578125,952.7738037109375,26.9324951171875
9.2734375,952.772216796875,26.924774169921875
9.2890625,952.7775268554688,26.924774169921875
9.3046875,952.788330078125,26.921470642089844
9.3203125,952.7969360351562,26.927352905273438
9.3359375,952.78857421875,26.939483642578125
9.3515625,952.7897338867188,26.93213653564453
9.3671875,952.7938232421875,26.922943115234375
9.3828125,952.8185424804688,26.934341430664062
9.3984375,952.8154296875,26.92772674560547
9.4140625,952.824951171875,26.918533325195312
9.4296875,952.8211669921875,26.936904907226562
9.4453125,952.850341796875,26.93138885498047
9.4609375,952.8624267578125,26.936904907226562
9.4765625,952.860595703125,26.937644958496094
9.4921875,952.8463745117188,26.942413330078125
9.5078125,952.9041748046875,26.93579864501953
9.5234375,952.8413696289062,26.937644958496094
9.5390625,952.8917236328125,26.932861328125
9.5546875,952.8423461914062,26.9310302734375
9.5703125,952.88818359375,26.942413330078125
9.5859375,952.8934326171875,26.944259643554688
9.6015625,952.8750610351562,26.93396759033203
9.6171875,952.8853759765625,26.94757080078125
9.6328125,952.8496704101562,26.945724487304688
9.6484375,952.8674926757812,26.940582275390625
9.6640625,952.8532104492188,26.946823120117188
9.6796875,952.8472290039062,26.936546325683594
9.6953125,952.865966796875,26.954910278320312
9.7109375,952.8539428710938,26.944992065429688
9.7265625,952.8919067382812,26.962631225585938
9.7421875,952.8882446289062,26.956016540527344
9.7578125,952.884033203125,26.96410369873047
9.7734375,952.8502197265625,26.945724487304688
9.7890625,952.891357421875,26.960426330566406
9.8046875,952.8592529296875,26.96483612060547
9.8203125,952.8980102539062,26.945724487304688
9.8359375,952.8907470703125,26.953079223632812
9.8515625,952.8622436523438,26.956390380859375
9.8671875,952.8923950195312,26.9681396484375
9.8828125,952.8887939453125,26.972549438476562
9.8984375,952.8761596679688,26.971824645996094
9.9140625,952.873046875,26.960800170898438
9.9296875,952.8450317382812,26.960800170898438
9.9453125,952.8922729492188,26.964462280273438
9.9609375,952.8585815429688,26.961532592773438
9.9765625,952.8600463867188,26.975860595703125
9.9921875,952.8656616210938,26.96997833251953
10.0078125,952.8650512695312,26.971450805664062
10.0234375,952.9232788085938,26.9681396484375
10.0390625,952.8942260742188,26.9681396484375
10.0546875,952.8475341796875,26.9652099609375
10.0703125,952.9082641601562,26.974761962890625
10.0859375,952.8673706054688,26.959320068359375
10.1015625,952.8878784179688,26.96851348876953
10.1171875,952.9013671875,26.9659423828125
10.1328125,952.9161376953125,26.964462280273438
10.1484375,952.8825073242188,26.974761962890625
10.1640625,952.869140625,26.989463806152344
10.1796875,952.84130859375,26.963729858398438
10.1953125,952.8692626953125,26.973655700683594
10.2109375,952.8892822265625,26.975128173828125
10.2265625,952.846435546875,26.974388122558594
10.2421875,952.8697509765625,26.974388122558594
10.2578125,952.8888549804688,26.9688720703125
10.2734375,952.8698120117188,26.96483612060547
10.2890625,952.9225463867188,26.97107696533203
10.3046875,952.8843383789062,26.970718383789062
10.3203125,952.930908203125,26.9681396484375
10.3359375,952.8977661132812,26.96483612060547
10.3515625,952.9087524414062,26.971450805664062
10.3671875,952.8861694335938,26.96666717529297
10.3828125,952.8885498046875,26.970718383789062
10.3984375,952.8639526367188,26.974761962890625
10.4140625,952.8655395507812,26.9681396484375
10.4296875,952.8739013671875,26.972183227539062
10.4453125,952.8414916992188,26.9652099609375
10.4609375,952.842529296875,26.96997833251953
10.4765625,952.8357543945312,26.96410369873047
10.4921875,952.8490600585938,26.972183227539062
10.5078125,952.8294067382812,26.971824645996094
10.5234375,952.8352661132812,26.961158752441406
10.5390625,952.828857421875,26.96410369873047
10.5546875,952.8220825195312,26.97107696533203
10.5703125,952.8317260742188,26.962257385253906
10.5859375,952.818359375,26.962631225585938
10.6015625,952.8206787109375,26.96741485595703
10.6171875,952.8343505859375,26.9659423828125
10.6328125,952.8258666992188,26.956016540527344
10.6484375,952.8128662109375,26.96410369873047
10.6640625,952.82568359375,26.962257385253906
10.6796875,952.8242797851562,26.961532592773438
10.6953125,952.825439453125,26.955642700195312
10.7109375,952.8278198242188,26.954910278320312
10.7265625,952.8247680664062,26.946823120117188
10.7421875,952.8167114257812,26.96410369873047
10.7578125,952.82568359375,26.946823120117188
10.7734375,952.823974609375,26.946823120117188
10.7890625,952.819091796875,26.951980590820312
10.8046875,952.8172607421875,26.951980590820312
10.8203125,952.8196411132812,26.9324951171875
10.8359375,952.8260498046875,26.946823120117188
10.8515625,952.8274536132812,26.960800170898438
10.8671875,952.8204956054688,26.960052490234375
10.8828125,952.8253173828125,26.94830322265625
10.8984375,952.8192749023438,26.958221435546875
10.9140625,952.8203125,26.946823120117188
10.9296875,952.8298950195312,26.942787170410156
10.9453125,952.8396606445312,26.944992065429688
10.9609375,952.8207397460938,26.940956115722656
10.9765625,952.8234252929688,26.94977569580078
10.9921875,952.8117065429688,26.9324951171875
11.0078125,952.8069458007812,26.954910278320312
11.0234375,952.8091430664062,26.956016540527344
11.0390625,952.820068359375,26.94866943359375
11.0546875,952.8270874023438,26.956390380859375
11.0703125,952.809326171875,26.95013427734375
11.0859375,952.7967529296875,26.946823120117188
11.1015625,952.7994384765625,26.939483642578125
11.1171875,952.8070678710938,26.953079223632812
11.1328125,952.816162109375,26.959320068359375
11.1484375,952.7964477539062,26.95160675048828
11.1640625,952.8231811523438,26.95233917236328
11.1796875,952.8125,26.951980590820312
11.1953125,952.8161010742188,26.951980590820312
11.2109375,952.8088989257812,26.944992065429688
11.2265625,952.8010864257812,26.939483642578125
11.2421875,952.8070678710938,26.940582275390625
11.2578125,952.798828125,26.944259643554688
11.2734375,952.8009033203125,26.956390380859375
11.2890625,952.7919921875,26.936172485351562
11.3046875,952.8001098632812,26.94792938232422
11.3203125,952.8013916015625,26.94902801513672
11.3359375,952.7973022460938,26.937644958496094
11.3515625,952.7896118164062,26.940582275390625
11.3671875,952.811279296875,26.944259643554688
11.3828125,952.8116455078125,26.934341430664062
11.3984375,952.81787109375,26.939483642578125
11.4140625,952.8369140625,26.951980590820312
11.4296875,952.8890380859375,26.94646453857422
11.4453125,952.85498046875,26.94977569580078
11.4609375,952.8756713867188,26.958221435546875
11.4765625,952.849609375,26.951980590820312
11.4921875,952.8560791015625,26.958953857421875
11.5078125,952.8890991210938,26.94792938232422
11.5234375,952.8898315429688,26.95160675048828
11.5390625,952.8560791015625,26.960800170898438
11.5546875,952.9107666015625,26.946823120117188
11.5703125,952.86279296875,26.94830322265625
11.5859375,952.9220581054688,26.96666717529297
11.6015625,952.8945922851562,26.946823120117188
11.6171875,952.9165649414062,26.946090698242188
11.6328125,952.8920288085938,26.956390380859375
11.6484375,952.8923950195312,26.975860595703125
11.6640625,952.94287109375,26.975128173828125
11.6796875,952.8997192382812,26.96483612060547
11.6953125,952.9685668945312,26.96410369873047
11.7109375,952.9392700195312,26.973655700683594
11.7265625,952.91748046875,26.97107696533203
11.7421875,952.8968505859375,26.976959228515625
11.7578125,952.9661254882812,26.981002807617188
11.7734375,952.89599609375,26.978797912597656
11.7890625,952.8958129882812,26.975486755371094
11.8046875,952.926513671875,26.974761962890625
11.8203125,952.886474609375,26.971824645996094
11.8359375,952.9381103515625,26.98320770263672
11.8515625,952.896240234375,26.979896545410156
11.8671875,952.8702392578125,26.976959228515625
11.8828125,952.9266967773438,26.98394775390625
11.8984375,952.8993530273438,26.98394775390625
11.9140625,952.8706665039062,26.976234436035156
11.9296875,952.854248046875,26.98358154296875
11.9453125,952.8681640625,26.978439331054688
11.9609375,952.8611450195312,26.98064422607422
11.9765625,952.897216796875,26.98651123046875
11.9921875,952.8817138671875,26.98577880859375
12.0078125,952.881591796875,26.979537963867188
12.0234375,952.8977661132812,26.989463806152344
12.0390625,952.8909301757812,26.98394775390625
12.0546875,952.9531860351562,26.991294860839844
12.0703125,952.921630859375,26.990921020507812
12.0859375,952.8612060546875,26.977691650390625
12.1015625,952.90771484375,26.99828338623047
12.1171875,952.85888671875,26.975860595703125
12.1328125,952.8937377929688,26.98761749267578
12.1484375,952.8536376953125,26.992401123046875
12.1640625,952.8966064453125,26.98577880859375
12.1796875,952.8953857421875,26.989463806152344
12.1953125,952.861083984375,26.992401123046875
12.2109375,952.8643798828125,26.98394775390625
12.2265625,952.8952026367188,26.98688507080078
12.2421875,952.9091796875,26.976959228515625
12.2578125,952.8735961914062,26.98871612548828
12.2734375,952.9219360351562,26.98761749267578
12.2890625,952.8668823242188,26.979537963867188
12.3046875,952.8642578125,26.98761749267578
12.3203125,952.920654296875,26.982101440429688
12.3359375,952.859130859375,26.995704650878906
12.3515625,952.8915405273438,26.98320770263672
12.3671875,952.896240234375,26.979896545410156
12.3828125,952.93115234375,26.981002807617188
12.3984375,952.8602294921875,26.98394775390625
12.4140625,952.8682861328125,26.994972229003906
12.4296875,952.8598022460938,26.989463806152344
12.4453125,952.861083984375,26.990188598632812
12.4609375,952.8563232421875,26.98761749267578
12.4765625,952.8399658203125,26.994232177734375
12.4921875,952.8650512695312,26.990921020507812
12.5078125,952.844482421875,26.994972229003906
12.5234375,952.85498046875,26.990188598632812
12.5390625,952.8426513671875,26.996810913085938
12.5546875,952.8587036132812,26.987991333007812
12.5703125,952.83154296875,26.98394775390625
12.5859375,952.8270263671875,26.987991333007812
12.6015625,952.8369140625,26.98394775390625
12.6171875,952.8223266601562,26.990921020507812
12.6328125,952.8169555664062,26.990188598632812
12.6484375,952.8318481445312,26.990921020507812
12.6640625,952.8283081054688,26.997177124023438
12.6796875,952.8289794921875,26.992401123046875
12.6953125,952.8267211914062,26.98247528076172
12.7109375,952.8154296875,26.990188598632812
12.7265625,952.8038330078125,26.990188598632812
12.7421875,952.8282470703125,26.98761749267578
12.7578125,952.8154296875,26.989463806152344
12.7734375,952.806640625,26.98320770263672
12.7890625,952.8203735351562,26.990921020507812
12.8046875,952.8162841796875,26.98174285888672
12.8203125,952.811767578125,26.987258911132812
12.8359375,952.8212890625,26.995330810546875
12.8515625,952.8162231445312,26.998641967773438
12.8671875,952.8021850585938,26.992401123046875
12.8828125,952.8075561523438,26.98430633544922
12.8984375,952.8049926757812,26.99938201904297
12.9140625,952.817138671875,26.98320770263672
12.9296875,952.800048828125,26.993873596191406
12.9453125,952.7874145507812,26.972923278808594
12.9609375,952.7977905273438,26.976593017578125
12.9765625,952.7994384765625,26.989463806152344
12.9921875,952.8036499023438,26.990188598632812
13.0078125,952.7947387695312,26.98320770263672
13.0234375,952.8155517578125,26.989822387695312
13.0390625,952.8006591796875,26.990921020507812
13.0546875,952.8056640625,26.98394775390625
13.0703125,952.794189453125,26.98394775390625
13.0859375,952.7911376953125,26.978439331054688
13.1015625,952.7930297851562,26.98688507080078
13.1171875,952.7902221679688,26.98615264892578
13.1328125,952.7901611328125,26.990188598632812
13.1484375,952.7965698242188,26.974761962890625
13.1640625,952.7991943359375,26.980270385742188
13.1796875,952.796875,26.976959228515625
13.1953125,952.7933959960938,26.979537963867188
13.2109375,952.7985229492188,26.979896545410156
13.2265625,952.7770385742188,26.974761962890625
13.2421875,952.7926635742188,26.981369018554688
13.2578125,952.8046875,26.972549438476562
13.2734375,952.7882080078125,26.979537963867188
13.2890625,952.7841796875,26.978439331054688
13.3046875,952.7894287109375,26.974761962890625
13.3203125,952.7896728515625,26.991294860839844
13.3359375,952.794921875,26.974761962890625
13.3515625,952.8052368164062,26.975860595703125
13.3671875,952.8231811523438,26.98577880859375
13.3828125,952.8529663085938,26.974761962890625
13.3984375,952.8541870117188,26.974761962890625
13.4140625,952.861328125,26.975486755371094
13.4296875,952.86083984375,26.975486755371094
13.4453125,952.8626098632812,26.978439331054688
13.4609375,952.8611450195312,26.974761962890625
13.4765625,952.889404296875,26.98064422607422
13.4921875,952.9193725585938,26.995704650878906
13.5078125,952.89453125,26.98394775390625
13.5234375,952.8934326171875,26.98394775390625
13.5390625,952.9244995117188,26.98761749267578
13.5546875,952.8901977539062,26.98651123046875
13.5703125,952.9026489257812,26.982101440429688
13.5859375,952.859130859375,26.970718383789062
13.6015625,952.866943359375,26.979896545410156
13.6171875,952.9197998046875,26.981002807617188
13.6328125,952.9055786132812,26.990188598632812
13.6484375,952.9220581054688,26.979896545410156
13.6640625,952.889892578125,26.979896545410156
13.6796875,952.889892578125,26.989463806152344
13.6953125,952.8765258789062,26.98320770263672
13.7109375,952.9136352539062,26.98761749267578
13.7265625,952.9224243164062,26.979171752929688
13.7421875,952.9616088867188,26.992027282714844
13.7578125,952.929443359375,26.979896545410156
13.7734375,952.8953857421875,26.98761749267578
13.7890625,952.8853759765625,26.989463806152344
13.8046875,952.89990234375,26.98541259765625
13.8203125,952.9454956054688,26.992401123046875
13.8359375,952.9330444335938,26.98761749267578
13.8515625,952.8638916015625,26.99828338623047
13.8671875,952.8565673828125,26.987991333007812
13.8828125,952.9032592773438,26.98615264892578
13.8984375,952.8864135742188,26.997177124023438
13.9140625,952.90966796875,27.00525665283203
13.9296875,952.9014892578125,27.00048828125
13.9453125,952.8776245117188,26.987991333007812
13.9609375,952.923583984375,27.0023193359375
13.9765625,952.8724975585938,26.995330810546875
13.9921875,952.9560546875,27.007102966308594
14.0078125,952.8926391601562,27.008934020996094
14.0234375,952.8928833007812,26.999008178710938
14.0390625,952.9217529296875,26.99938201904297
14.0546875,952.8948974609375,26.99938201904297
14.0703125,952.8966674804688,26.99828338623047
14.0859375,952.867919921875,26.994972229003906
14.1015625,952.8914794921875,27.00269317626953
14.1171875,952.8701171875,26.998641967773438
14.1328125,952.9330444335938,27.005996704101562
14.1484375,952.9158325195312,27.011871337890625
14.1640625,952.8961791992188,27.011138916015625
14.1796875,952.9342651367188,27.004150390625
14.1953125,952.9401245117188,26.995330810546875
14.2109375,952.903564453125,26.997177124023438
14.2265625,952.8947143554688,26.996078491210938
14.2421875,952.8795776367188,26.993873596191406
14.2578125,952.8931884765625,27.00379180908203
14.2734375,952.9222412109375,27.00379180908203
14.2890625,952.9293823242188,26.994972229003906
14.3046875,952.8741455078125,27.001220703125
14.3203125,952.8974609375,26.994972229003906
14.3359375,952.8687133789062,27.00048828125
14.3515625,952.9044799804688,26.99938201904297
14.3671875,952.8966674804688,27.00048828125
14.3828125,952.89794921875,26.99938201904297
14.3984375,952.8662109375,27.02105712890625
14.4140625,952.8629760742188,27.010406494140625
14.4296875,952.8505249023438,26.99828338623047
14.4453125,952.8524169921875,27.011871337890625
14.4609375,952.8441162109375,27.013717651367188
14.4765625,952.8306274414062,26.99938201904297
14.4921875,952.83935546875,27.00011444091797
14.5078125,952.829833984375,27.00084686279297
14.5234375,952.8359375,26.998641967773438
14.5390625,952.8290405273438,26.990921020507812
14.5546875,952.8396606445312,26.99938201904297
14.5703125,952.817138671875,26.993125915527344
14.5859375,952.8190307617188,27.00048828125
14.6015625,952.8172607421875,26.997909545898438
14.6171875,952.8134155273438,27.00379180908203
14.6328125,952.8181762695312,27.00011444091797
14.6484375,952.8077392578125,26.997177124023438
14.6640625,952.7990112304688,27.00525665283203
14.6796875,952.8136596679688,27.007102966308594
14.6953125,952.800048828125,26.987991333007812
14.7109375,952.798095703125,26.998641967773438
14.7265625,952.8045654296875,26.98615264892578
14.7421875,952.8033447265625,26.996437072753906
14.7578125,952.80615234375,27.00269317626953
14.7734375,952.8049926757812,26.994598388671875
14.7890625,952.7952270507812,26.990921020507812
14.8046875,952.8014526367188,26.990921020507812
14.8203125,952.812255859375,26.98761749267578
14.8359375,952.8118286132812,26.995704650878906
14.8515625,952.8042602539062,26.993873596191406
14.8671875,952.8041381835938,26.990921020507812
14.8828125,952.7996826171875,26.995704650878906
14.8984375,952.79052734375,26.98577880859375
14.9140625,952.7877197265625,26.98468017578125
14.9296875,952.8002319335938,26.991294860839844
14.9453125,952.7955322265625,26.98615264892578
14.9609375,952.8038940429688,26.992767333984375
14.9765625,952.796875,26.98320770263672
14.9921875,952.7988891601562,26.977691650390625
15.0078125,952.8025512695312,26.997177124023438
15.0234375,952.7990112304688,26.987991333007812
15.0390625,952.8082885742188,26.98615264892578
15.0546875,952.7745971679688,26.991668701171875
15.0703125,952.7853393554688,26.990188598632812
15.0859375,952.7947387695312,26.993499755859375
15.1015625,952.8040161132812,26.979537963867188
15.1171875,952.7930908203125,26.98615264892578
15.1328125,952.7978515625,26.979171752929688
15.1484375,952.7930297851562,26.990188598632812
15.1640625,952.7905883789062,26.979896545410156
15.1796875,952.793701171875,26.988357543945312
15.1953125,952.8035888671875,26.98320770263672
15.2109375,952.79052734375,26.98761749267578
15.2265625,952.8095092773438,26.98320770263672
15.2421875,952.7827758789062,26.98761749267578
15.2578125,952.803466796875,26.987258911132812
15.2734375,952.8123168945312,26.974761962890625
15.2890625,952.8272705078125,26.979896545410156
15.3046875,952.870849609375,26.979896545410156
15.3203125,952.8583374023438,26.993499755859375
15.3359375,952.894287109375,26.992401123046875
15.3515625,952.9019165039062,26.989463806152344
15.3671875,952.89990234375,26.990188598632812
15.3828125,952.8455200195312,26.993125915527344
15.3984375,952.897216796875,27.008201599121094
15.4140625,952.9083251953125,26.996078491210938
15.4296875,952.8771362304688,26.98615264892578
15.4453125,952.8798217773438,26.979171752929688
15.4609375,952.8533935546875,26.989089965820312
15.4765625,952.8496704101562,26.98174285888672
15.4921875,952.8960571289062,26.995330810546875
15.5078125,952.8533325195312,26.989463806152344
15.5234375,952.8963012695312,26.990188598632812
15.5390625,952.85693359375,26.990188598632812
15.5546875,952.8909912109375,26.994232177734375
15.5703125,952.8388061523438,26.993873596191406
15.5859375,952.9284057617188,26.98871612548828
15.6015625,952.8687133789062,26.98615264892578
15.6171875,952.8565673828125,26.987991333007812
15.6328125,952.8513793945312,26.98871612548828
15.6484375,952.9368286132812,26.98688507080078
15.6640625,952.8613891601562,26.98247528076172
15.6796875,952.8549194335938,26.990562438964844
15.6953125,952.8803100585938,26.98577880859375
15.7109375,952.8558959960938,26.98615264892578
15.7265625,952.8655395507812,26.990188598632812
15.7421875,952.859375,26.98761749267578
15.7578125,952.8638916015625,26.98651123046875
15.7734375,952.890625,26.989089965820312
15.7890625,952.874755859375,26.991294860839844
15.8046875,952.8612060546875,27.00048828125
15.8203125,952.87890625,27.00269317626953
15.8359375,952.860595703125,27.008934020996094
15.8515625,952.8707885742188,27.00011444091797
15.8671875,952.8447265625,27.00048828125
15.8828125,952.917724609375,26.990921020507812
15.8984375,952.858154296875,26.991668701171875
15.9140625,952.8528442382812,26.99828338623047
15.9296875,952.8643798828125,26.993499755859375
15.9453125,952.870361328125,26.995330810546875
15.9609375,952.8694458007812,26.98394775390625
15.9765625,952.8556518554688,26.991668701171875
15.9921875,952.853515625,27.00194549560547
16.0078125,952.8574829101562,26.99828338623047
16.0234375,952.8565673828125,26.993499755859375
16.0390625,952.8692016601562,26.992767333984375
16.0546875,952.8577880859375,26.989463806152344
16.0703125,952.8956909179688,26.971450805664062
16.0859375,952.8527221679688,26.992401123046875
16.1015625,952.8690185546875,26.98615264892578
16.1171875,952.861328125,26.98615264892578
16.1328125,952.8516845703125,26.993873596191406
16.1484375,952.859130859375,26.989463806152344
16.1640625,952.9219970703125,26.972923278808594
16.1796875,952.8671875,26.993499755859375
16.1953125,952.8619995117188,26.989463806152344
16.2109375,952.8502807617188,26.9688720703125
16.2265625,952.8553466796875,26.977691650390625
16.2421875,952.8670043945312,26.976959228515625
16.2578125,952.8693237304688,26.98761749267578
16.2734375,952.8518676757812,26.98651123046875
16.2890625,952.8512573242188,26.993873596191406
16.3046875,952.8530883789062,26.990921020507812
16.3203125,952.837890625,26.994598388671875
16.3359375,952.8388671875,26.989822387695312
16.3515625,952.8466796875,26.98174285888672
16.3671875,952.8423461914062,26.98505401611328
16.3828125,952.8301391601562,26.98174285888672
16.3984375,952.8369140625,26.991668701171875
16.4140625,952.8402709960938,26.977691650390625
16.4296875,952.8359375,26.989822387695312
16.4453125,952.8257446289062,26.98174285888672
16.4609375,952.8375854492188,26.98320770263672
16.4765625,952.8335571289062,26.98320770263672
16.4921875,952.8370971679688,26.971824645996094
16.5078125,952.8263549804688,26.979896545410156
16.5234375,952.8272705078125,26.99828338623047
16.5390625,952.8290405273438,26.98541259765625
16.5546875,952.8276977539062,26.98761749267578
16.5703125,952.8237915039062,26.989463806152344
16.5859375,952.8299560546875,26.976959228515625
16.6015625,952.8209838867188,26.974761962890625
16.6171875,952.8110961914062,26.98064422607422
16.6328125,952.8027954101562,26.98320770263672
16.6484375,952.81982421875,26.98651123046875
16.6640625,952.8184204101562,26.974761962890625
16.6796875,952.8110961914062,26.98394775390625
16.6953125,952.8120727539062,26.98320770263672
16.7109375,952.8341064453125,26.980270385742188
16.7265625,952.81591796875,26.987991333007812
16.7421875,952.800537109375,26.979896545410156
16.7578125,952.8146362304688,26.98394775390625
16.7734375,952.8001098632812,26.995330810546875
16.7890625,952.8131713867188,26.972183227539062
16.8046875,952.788818359375,26.979171752929688
16.8203125,952.7900390625,26.974761962890625
16.8359375,952.796875,26.990921020507812
16.8515625,952.8014526367188,26.988357543945312
16.8671875,952.8053588867188,26.990921020507812
16.8828125,952.807373046875,26.993125915527344
16.8984375,952.7998046875,26.974761962890625
16.9140625,952.803955078125,26.98320770263672
16.9296875,952.797607421875,26.991294860839844
16.9453125,952.8008422851562,26.971450805664062
16.9609375,952.7922973632812,26.979537963867188
16.9765625,952.787109375,26.976234436035156
16.9921875,952.789794921875,26.979537963867188
17.0078125,952.782958984375,26.96410369873047
17.0234375,952.792236328125,26.975486755371094
17.0390625,952.7855224609375,26.974761962890625
17.0546875,952.8069458007812,26.978439331054688
17.0703125,952.8026123046875,26.975486755371094
17.0859375,952.782470703125,26.98320770263672
17.1015625,952.77734375,26.972923278808594
17.1171875,952.7930297851562,26.974761962890625
17.1328125,952.803955078125,26.973655700683594
17.1484375,952.7894897460938,26.974761962890625
17.1640625,952.7765502929688,26.98394775390625
17.1796875,952.8162231445312,26.96997833251953
17.1953125,952.8017578125,26.973281860351562
17.2109375,952.8109741210938,26.970718383789062
17.2265625,952.792236328125,26.993125915527344
17.2421875,952.8123779296875,26.979171752929688
17.2578125,952.8421020507812,26.975860595703125
17.2734375,952.7993774414062,26.979896545410156
17.2890625,952.815185546875,26.98320770263672
17.3046875,952.816162109375,26.98761749267578
17.3203125,952.8207397460938,26.98761749267578
17.3359375,952.8165893554688,26.975128173828125
17.3515625,952.8225708007812,26.98320770263672
17.3671875,952.8203735351562,26.979896545410156
17.3828125,952.8235473632812,26.98320770263672
17.3984375,952.8377075195312,26.975486755371094
17.4140625,952.82373046875,26.98394775390625
17.4296875,952.8115234375,26.98320770263672
17.4453125,952.8275756835938,26.98577880859375
17.4609375,952.852294921875,26.981369018554688
17.4765625,952.827392578125,26.976959228515625
17.4921875,952.8305053710938,26.981369018554688
17.5078125,952.8465576171875,26.972923278808594
17.5234375,952.8342895507812,26.974761962890625
17.5390625,952.8529663085938,26.971824645996094
17.5546875,952.8365478515625,26.974388122558594
17.5703125,952.8224487304688,26.975128173828125
17.5859375,952.8327026367188,26.964462280273438
17.6015625,952.8292846679688,26.96851348876953
17.6171875,952.82373046875,26.960426330566406
17.6328125,952.8253173828125,26.959693908691406
17.6484375,952.842529296875,26.963729858398438
17.6640625,952.8203125,26.977691650390625
17.6796875,952.8306274414062,26.96741485595703
17.6953125,952.8206176757812,26.955642700195312
17.7109375,952.8194580078125,26.96924591064453
17.7265625,952.8369140625,26.956390380859375
17.7421875,952.8326416015625,26.96410369873047
17.7578125,952.8317260742188,26.9681396484375
17.7734375,952.8380126953125,26.96997833251953
17.7890625,952.8578491210938,26.960800170898438
17.8046875,952.8282470703125,26.967041015625
17.8203125,952.828857421875,26.960800170898438
17.8359375,952.8276977539062,26.960800170898438
17.8515625,952.818115234375,26.94902801513672
17.8671875,952.8278198242188,26.95233917236328
17.8828125,952.819091796875,26.956390380859375
17.8984375,952.8291015625,26.96666717529297
17.9140625,952.8432006835938,26.956390380859375
17.9296875,952.8350830078125,26.953079223632812
17.9453125,952.8245849609375,26.956390380859375
17.9609375,952.8434448242188,26.96410369873047
17.9765625,952.8400268554688,26.951980590820312
17.9921875,952.8489379882812,26.95160675048828
18.0078125,952.8357543945312,26.963363647460938
18.0234375,952.8507690429688,26.941680908203125
18.0390625,952.8336791992188,26.941314697265625
18.0546875,952.84375,26.936904907226562
18.0703125,952.8402099609375,26.944259643554688
18.0859375,952.85107421875,26.939483642578125
18.1015625,952.8076171875,26.939483642578125
18.1171875,952.8381958007812,26.938377380371094
18.1328125,952.8595581054688,26.940582275390625
18.1484375,952.8341064453125,26.953079223632812
18.1640625,952.8634033203125,26.942413330078125
18.1796875,952.8485717773438,26.954910278320312
18.1953125,952.8814697265625,26.938751220703125
18.2109375,952.838623046875,26.939849853515625
18.2265625,952.8369140625,26.94792938232422
18.2421875,952.8312377929688,26.939483642578125
18.2578125,952.8351440429688,26.9324951171875
18.2734375,952.8362426757812,26.941680908203125
18.2890625,952.8318481445312,26.937644958496094
18.3046875,952.8343505859375,26.944259643554688
18.3203125,952.8206787109375,26.93396759033203
18.3359375,952.81787109375,26.936904907226562
18.3515625,952.8271484375,26.93029022216797
18.3671875,952.8283081054688,26.943893432617188
18.3828125,952.8153076171875,26.9324951171875
18.3984375,952.833251953125,26.93138885498047
18.4140625,952.8109741210938,26.938751220703125
18.4296875,952.8207397460938,26.922943115234375
18.4453125,952.8114624023438,26.941314697265625
18.4609375,952.8108520507812,26.9310302734375
18.4765625,952.8140258789062,26.940582275390625
18.4921875,952.8262329101562,26.9310302734375
18.5078125,952.8038940429688,26.9310302734375
18.5234375,952.8068237304688,26.9324951171875
18.5390625,952.8111572265625,26.93470001220703
18.5546875,952.8071899414062,26.93470001220703
18.5703125,952.7952270507812,26.93396759033203
18.5859375,952.8209228515625,26.93396759033203
18.6015625,952.78857421875,26.9324951171875
18.6171875,952.7938232421875,26.922210693359375
18.6328125,952.8053588867188,26.9324951171875
18.6484375,952.8099975585938,26.939849853515625
18.6640625,952.8112182617188,26.937644958496094
18.6796875,952.8045043945312,26.921470642089844
18.6953125,952.7915649414062,26.93396759033203
18.7109375,952.7981567382812,26.938751220703125
18.7265625,952.7986450195312,26.934341430664062
18.7421875,952.7957763671875,26.934341430664062
18.7578125,952.7951049804688,26.927352905273438
18.7734375,952.8125610351562,26.938751220703125
18.7890625,952.7955932617188,26.940582275390625
18.8046875,952.7904663085938,26.93029022216797
18.8203125,952.8013916015625,26.93579864501953
18.8359375,952.7893676757812,26.93396759033203
18.8515625,952.8011474609375,26.943893432617188
18.8671875,952.7901611328125,26.9324951171875
18.8828125,952.7925415039062,26.942413330078125
18.8984375,952.7869873046875,26.934341430664062
18.9140625,952.7940673828125,26.93396759033203
18.9296875,952.7939453125,26.937644958496094
18.9453125,952.7943725585938,26.939483642578125
18.9609375,952.7938842773438,26.940582275390625
18.9765625,952.7862548828125,26.93029022216797
18.9921875,952.78466796875,26.939483642578125
19.0078125,952.7855224609375,26.9324951171875
19.0234375,952.7896728515625,26.928451538085938
19.0390625,952.7935180664062,26.938751220703125
19.0546875,952.7818603515625,26.937644958496094
19.0703125,952.7817993164062,26.95013427734375
19.0859375,952.7799682617188,26.94719696044922
19.1015625,952.7874755859375,26.951980590820312
19.1171875,952.783203125,26.94830322265625
19.1328125,952.799560546875,26.951980590820312
19.1484375,952.8370361328125,26.934341430664062
19.1640625,952.8572998046875,26.927352905273438
19.1796875,952.8560791015625,26.94977569580078
19.1953125,952.89599609375,26.936546325683594
19.2109375,952.8402099609375,26.939483642578125
19.2265625,952.854248046875,26.941314697265625
19.2421875,952.8688354492188,26.946823120117188
19.2578125,952.8705444335938,26.962631225585938
19.2734375,952.8631591796875,26.956390380859375
19.2890625,952.870361328125,26.954910278320312
19.3046875,952.895263671875,26.954544067382812
19.3203125,952.8510131835938,26.961532592773438
19.3359375,952.8565673828125,26.94646453857422
19.3515625,952.89453125,26.945724487304688
19.3671875,952.8717041015625,26.960800170898438
19.3828125,952.8450317382812,26.951980590820312
19.3984375,952.849609375,26.955642700195312
19.4140625,952.8744506835938,26.953079223632812
19.4296875,952.8555908203125,26.958221435546875
19.4453125,952.8555297851562,26.960800170898438
19.4609375,952.8689575195312,26.960800170898438
19.4765625,952.8390502929688,26.961898803710938
19.4921875,952.8642578125,26.958953857421875
19.5078125,952.8622436523438,26.94866943359375
19.5234375,952.8946533203125,26.9681396484375
19.5390625,952.8637084960938,26.956390380859375
19.5546875,952.8577880859375,26.962257385253906
19.5703125,952.867919921875,26.9652099609375
19.5859375,952.8604736328125,26.944992065429688
19.6015625,952.8596801757812,26.958953857421875
19.6171875,952.864013671875,26.956390380859375
19.6328125,952.8661499023438,26.955642700195312
19.6484375,952.8707885742188,26.953079223632812
19.6640625,952.8645629882812,26.955642700195312
19.6796875,952.8540649414062,26.9652099609375
19.6953125,952.853271484375,26.94977569580078
19.7109375,952.8750610351562,26.956390380859375
19.7265625,952.8260498046875,26.944992065429688
19.7421875,952.8547973632812,26.941314697265625
19.7578125,952.865234375,26.946823120117188
19.7734375,952.8519897460938,26.938751220703125
19.7890625,952.8416748046875,26.95233917236328
19.8046875,952.8519287109375,26.941314697265625
19.8203125,952.8485107421875,26.944992065429688
19.8359375,952.8619995117188,26.951980590820312
19.8515625,952.8621826171875,26.94830322265625
19.8671875,952.8515625,26.94977569580078
19.8828125,952.860107421875,26.94940185546875
19.8984375,952.8516235351562,26.94902801513672
19.9140625,952.8349609375,26.941314697265625
19.9296875,952.8890991210938,26.95233917236328
19.9453125,952.88427734375,26.958221435546875
19.9609375,952.8502197265625,26.956390380859375
19.9765625,952.8630981445312,26.945724487304688
19.9921875,952.8787841796875,26.955642700195312
20.0078125,952.8558959960938,26.961898803710938
20.0234375,952.8488159179688,26.953079223632812
20.0390625,952.8555908203125,26.960800170898438
20.0546875,952.8491821289062,26.951980590820312
20.0703125,952.8357543945312,26.94902801513672
20.0859375,952.844482421875,26.94977569580078
20.1015625,952.8356323242188,26.957489013671875
20.1171875,952.8441162109375,26.94902801513672
20.1328125,952.8343505859375,26.95160675048828
20.1484375,952.827392578125,26.94830322265625
20.1640625,952.83544921875,26.96410369873047
20.1796875,952.835205078125,26.957489013671875
20.1953125,952.8135986328125,26.951980590820312
20.2109375,952.8172607421875,26.939483642578125
20.2265625,952.8125,26.938751220703125
20.2421875,952.8045654296875,26.939483642578125
20.2578125,952.8052978515625,26.94977569580078
20.2734375,952.8176879882812,26.951980590820312
20.2890625,952.8244018554688,26.94792938232422
20.3046875,952.8120727539062,26.96410369873047
20.3203125,952.8095703125,26.954910278320312
20.3359375,952.8049926757812,26.941314697265625
20.3515625,952.8078002929688,26.95233917236328
20.3671875,952.8017578125,26.953079223632812
20.3828125,952.8089599609375,26.952713012695312
20.3984375,952.800048828125,26.942054748535156
20.4140625,952.8204345703125,26.94757080078125
20.4296875,952.8084106445312,26.94940185546875
20.4453125,952.7973022460938,26.951980590820312
20.4609375,952.7999877929688,26.946823120117188
20.4765625,952.7940673828125,26.94977569580078
20.4921875,952.812255859375,26.94792938232422
20.5078125,952.799560546875,26.946823120117188
20.5234375,952.8119506835938,26.938751220703125
20.5390625,952.8075561523438,26.942413330078125
20.5546875,952.807861328125,26.93029022216797
20.5703125,952.8175659179688,26.939483642578125
20.5859375,952.7932739257812,26.939483642578125
20.6015625,952.795654296875,26.959320068359375
20.6171875,952.8042602539062,26.960800170898438
20.6328125,952.8175659179688,26.951980590820312
20.6484375,952.8029174804688,26.951980590820312
20.6640625,952.7879638671875,26.95123291015625
20.6796875,952.7860717773438,26.94830322265625
20.6953125,952.8240966796875,26.955642700195312
20.7109375,952.7871704101562,26.960426330566406
20.7265625,952.7977294921875,26.945724487304688
20.7421875,952.7891845703125,26.943161010742188
20.7578125,952.7865600585938,26.954910278320312
20.7734375,952.7876586914062,26.94977569580078
20.7890625,952.78125,26.939849853515625
20.8046875,952.7789916992188,26.940956115722656
20.8203125,952.786865234375,26.953079223632812
20.8359375,952.7904663085938,26.94792938232422
20.8515625,952.7798461914062,26.94977569580078
20.8671875,952.8087158203125,26.95233917236328
20.8828125,952.8017578125,26.959320068359375
20.8984375,952.797607421875,26.954910278320312
20.9140625,952.7835083007812,26.95233917236328
20.9296875,952.7999877929688,26.95233917236328
20.9453125,952.8136596679688,26.958221435546875
20.9609375,952.8136596679688,26.957489013671875
20.9765625,952.800537109375,26.9681396484375
20.9921875,952.8349609375,26.957122802734375
21.0078125,952.8471069335938,26.957122802734375
21.0234375,952.8572387695312,26.94719696044922
21.0390625,952.831787109375,26.958953857421875
21.0546875,952.8699951171875,26.956390380859375
21.0703125,952.8630981445312,26.96410369873047
21.0859375,952.8603515625,26.95233917236328
21.1015625,952.8776245117188,26.95233917236328
21.1171875,952.87646484375,26.95160675048828
21.1328125,952.8621826171875,26.956390380859375
21.1484375,952.8446044921875,26.958953857421875
21.1640625,952.8628540039062,26.94646453857422
21.1796875,952.8561401367188,26.956390380859375
21.1953125,952.942626953125,26.956016540527344
21.2109375,952.8685913085938,26.962257385253906
21.2265625,952.8583984375,26.952713012695312
21.2421875,952.9189453125,26.961532592773438
21.2578125,952.8654174804688,26.95233917236328
21.2734375,952.9529418945312,26.960800170898438
21.2890625,952.8928833007812,26.96410369873047
21.3046875,952.8967895507812,26.951980590820312
21.3203125,952.8949584960938,26.95123291015625
21.3359375,952.9181518554688,26.944992065429688
21.3515625,952.927734375,26.960800170898438
21.3671875,952.9801635742188,26.956748962402344
21.3828125,952.8870849609375,26.94830322265625
21.3984375,952.8599853515625,26.954544067382812
21.4140625,952.8904418945312,26.958595275878906
21.4296875,952.8920288085938,26.943893432617188
21.4453125,952.873779296875,26.954910278320312
21.4609375,952.895263671875,26.953079223632812
21.4765625,952.9028930664062,26.951980590820312
21.4921875,952.8615112304688,26.954185485839844
21.5078125,952.8987426757812,26.951980590820312
21.5234375,952.9069213867188,26.951980590820312
21.5390625,952.8997192382812,26.95160675048828
21.5546875,952.917724609375,26.93213653564453
21.5703125,952.8732299804688,26.951980590820312
21.5859375,952.9044799804688,26.944992065429688
21.6015625,952.9175415039062,26.944992065429688
21.6171875,952.9027099609375,26.9324951171875
21.6328125,952.88232421875,26.93470001220703
21.6484375,952.8819580078125,26.929183959960938
21.6640625,952.8557739257812,26.95233917236328
21.6796875,952.8931884765625,26.953079223632812
21.6953125,952.9362182617188,26.943519592285156
21.7109375,952.8624877929688,26.940582275390625
21.7265625,952.8656616210938,26.939483642578125
21.7421875,952.8739624023438,26.938377380371094
21.7578125,952.891845703125,26.93029022216797
21.7734375,952.8928833007812,26.932861328125
21.7890625,952.8823852539062,26.9324951171875
21.8046875,952.83984375,26.93396759033203
21.8203125,952.8825073242188,26.93396759033203
21.8359375,952.8825073242188,26.9310302734375
21.8515625,952.8899536132812,26.940582275390625
21.8671875,952.8848876953125,26.938751220703125
21.8828125,952.87451171875,26.94792938232422
21.8984375,952.8599853515625,26.93029022216797
21.9140625,952.9005737304688,26.942413330078125
21.9296875,952.951904296875,26.9324951171875
21.9453125,952.8768310546875,26.939483642578125
21.9609375,952.936767578125,26.942413330078125
21.9765625,952.9501342773438,26.941680908203125
21.9921875,952.9352416992188,26.937644958496094
22.0078125,952.8917236328125,26.924774169921875
22.0234375,952.8887329101562,26.929183959960938
22.0390625,952.8622436523438,26.926620483398438
22.0546875,952.8518676757812,26.927352905273438
22.0703125,952.8316040039062,26.922943115234375
22.0859375,952.8527221679688,26.9310302734375
22.1015625,952.8325805664062,26.922943115234375
22.1171875,952.8377075195312,26.934341430664062
22.1328125,952.8519287109375,26.924774169921875
22.1484375,952.8379516601562,26.924774169921875
22.1640625,952.8348999023438,26.929183959960938
22.1796875,952.8306274414062,26.926254272460938
22.1953125,952.8368530273438,26.922943115234375
22.2109375,952.8401489257812,26.927352905273438
22.2265625,952.8316040039062,26.926620483398438
22.2421875,952.8321533203125,26.940582275390625
22.2578125,952.8382568359375,26.9310302734375
22.2734375,952.8295288085938,26.929183959960938
22.2890625,952.8455810546875,26.922943115234375
22.3046875,952.8472290039062,26.924774169921875
22.3203125,952.8421020507812,26.91485595703125
22.3359375,952.846435546875,26.922210693359375
22.3515625,952.82568359375,26.920364379882812
22.3671875,952.8273315429688,26.9324951171875
22.3828125,952.8326416015625,26.922943115234375
22.3984375,952.8234252929688,26.9324951171875
22.4140625,952.8344116210938,26.934341430664062
22.4296875,952.8328857421875,26.944259643554688
22.4453125,952.8272705078125,26.934341430664062
22.4609375,952.8226928710938,26.940582275390625
22.4765625,952.8161010742188,26.924774169921875
22.4921875,952.82177734375,26.922943115234375
22.5078125,952.8240356445312,26.921844482421875
22.5234375,952.8239135742188,26.93029022216797
22.5390625,952.8145751953125,26.940582275390625
22.5546875,952.8328857421875,26.9310302734375
22.5703125,952.82177734375,26.937644958496094
22.5859375,952.8259887695312,26.93579864501953
22.6015625,952.8228759765625,26.922943115234375
22.6171875,952.8185424804688,26.929183959960938
22.6328125,952.822265625,26.9310302734375
22.6484375,952.8170776367188,26.924774169921875
22.6640625,952.8103637695312,26.929183959960938
22.6796875,952.8108520507812,26.917800903320312
22.6953125,952.8139038085938,26.9310302734375
22.7109375,952.8068237304688,26.928451538085938
22.7265625,952.819091796875,26.93029022216797
22.7421875,952.8170166015625,26.922210693359375
22.7578125,952.794677734375,26.921470642089844
22.7734375,952.8058471679688,26.919631958007812
22.7890625,952.8056640625,26.937644958496094
22.8046875,952.798583984375,26.936904907226562
22.8203125,952.7985229492188,26.92955780029297
22.8359375,952.7947387695312,26.940582275390625
22.8515625,952.7891845703125,26.936904907226562
22.8671875,952.804443359375,26.940582275390625
22.8828125,952.7904663085938,26.921112060546875
22.8984375,952.8088989257812,26.9310302734375
22.9140625,952.7979736328125,26.93213653564453
22.9296875,952.7980346679688,26.9324951171875
22.9453125,952.7980346679688,26.941680908203125
22.9609375,952.8264770507812,26.937644958496094
22.9765625,952.8074951171875,26.93396759033203
22.9921875,952.8070678710938,26.93138885498047
23.0078125,952.7979736328125,26.9324951171875
23.0234375,952.8165283203125,26.942413330078125
23.0390625,952.8270874023438,26.93579864501953
23.0546875,952.815673828125,26.926620483398438
23.0703125,952.8165893554688,26.921844482421875
23.0859375,952.8029174804688,26.940208435058594
23.1015625,952.8233642578125,26.9324951171875
23.1171875,952.8224487304688,26.929183959960938
23.1328125,952.8173828125,26.934341430664062
23.1484375,952.81787109375,26.926620483398438
23.1640625,952.835693359375,26.910446166992188
23.1796875,952.8311767578125,26.926620483398438
23.1953125,952.8452758789062,26.924774169921875
23.2109375,952.8145751953125,26.904571533203125
23.2265625,952.8226928710938,26.91485595703125
23.2421875,952.8208618164062,26.929183959960938
23.2578125,952.8521118164062,26.92882537841797
23.2734375,952.8179321289062,26.921112060546875
23.2890625,952.8280029296875,26.917434692382812
23.3046875,952.8245849609375,26.921470642089844
23.3203125,952.827392578125,26.906776428222656
23.3359375,952.8302001953125,26.91522216796875
23.3515625,952.8208618164062,26.907882690429688
23.3671875,952.8219604492188,26.904571533203125
23.3828125,952.834716796875,26.91485595703125
23.3984375,952.8243408203125,26.911544799804688
23.4140625,952.8479614257812,26.91191864013672
23.4296875,952.8348388671875,26.902725219726562
23.4453125,952.8350830078125,26.91302490234375
23.4609375,952.837890625,26.900161743164062
23.4765625,952.8295288085938,26.902366638183594
23.4921875,952.83154296875,26.906036376953125
23.5078125,952.83544921875,26.904571533203125
23.5234375,952.8298950195312,26.902366638183594
23.5390625,952.8399047851562,26.8983154296875
23.5546875,952.8341064453125,26.910446166992188
23.5703125,952.8359375,26.904571533203125
23.5859375,952.8268432617188,26.904571533203125
23.6015625,952.8502197265625,26.8983154296875
23.6171875,952.8292846679688,26.8975830078125
23.6328125,952.8226318359375,26.902725219726562
23.6484375,952.8416748046875,26.8983154296875
23.6640625,952.8633422851562,26.910446166992188
23.6796875,952.8544311523438,26.8953857421875
23.6953125,952.8403930664062,26.901992797851562
23.7109375,952.8356323242188,26.901268005371094
23.7265625,952.839111328125,26.89354705810547
23.7421875,952.8468017578125,26.897216796875
23.7578125,952.8226318359375,26.907508850097656
23.7734375,952.8271484375,26.8953857421875
23.7890625,952.817626953125,26.89685821533203
23.8046875,952.841064453125,26.888397216796875
23.8203125,952.8289794921875,26.893905639648438
23.8359375,952.8258666992188,26.89795684814453
23.8515625,952.840576171875,26.8983154296875
23.8671875,952.8502197265625,26.89501190185547
23.8828125,952.8499145507812,26.901626586914062
23.8984375,952.8732299804688,26.89501190185547
23.9140625,952.887451171875,26.897216796875
23.9296875,952.8895874023438,26.8953857421875
23.9453125,952.8517456054688,26.887290954589844
23.9609375,952.8455200195312,26.897216796875
23.9765625,952.8363037109375,26.897216796875
23.9921875,952.8292236328125,26.906036376953125
24.0078125,952.8223266601562,26.901268005371094
24.0234375,952.8319091796875,26.902366638183594
24.0390625,952.8284912109375,26.901626586914062
24.0546875,952.830810546875,26.8983154296875
24.0703125,952.8341064453125,26.902725219726562
24.0859375,952.8327026367188,26.902366638183594
24.1015625,952.8231811523438,26.904571533203125
24.1171875,952.8226928710938,26.91118621826172
24.1328125,952.8305053710938,26.901626586914062
24.1484375,952.838623046875,26.902725219726562
24.1640625,952.8284912109375,26.900161743164062
24.1796875,952.8264770507812,26.910446166992188
24.1953125,952.8203735351562,26.910446166992188
24.2109375,952.8203735351562,26.91302490234375
24.2265625,952.8324584960938,26.910446166992188
24.2421875,952.8406982421875,26.901626586914062
24.2578125,952.8260498046875,26.904571533203125
24.2734375,952.8125610351562,26.904571533203125
24.2890625,952.808349609375,26.902725219726562
24.3046875,952.8178100585938,26.910446166992188
24.3203125,952.8203735351562,26.904571533203125
24.3359375,952.8114013671875,26.902725219726562
24.3515625,952.8081665039062,26.902725219726562
24.3671875,952.8016967773438,26.902725219726562
24.3828125,952.8070068359375,26.902725219726562
24.3984375,952.8087768554688,26.901626586914062
24.4140625,952.8182373046875,26.904571533203125
24.4296875,952.8024291992188,26.906036376953125
24.4453125,952.7930297851562,26.91229248046875
24.4609375,952.7990112304688,26.893173217773438
24.4765625,952.8072509765625,26.904571533203125
24.4921875,952.8197631835938,26.897216796875
24.5078125,952.8070068359375,26.8983154296875
24.5234375,952.8070678710938,26.893905639648438
24.5390625,952.7971801757812,26.902725219726562
24.5546875,952.7950439453125,26.91229248046875
24.5703125,952.8049926757812,26.902725219726562
24.5859375,952.8010864257812,26.904571533203125
24.6015625,952.8077392578125,26.91374969482422
24.6171875,952.7930908203125,26.91191864013672
24.6328125,952.7960205078125,26.908241271972656
24.6484375,952.8045043945312,26.907882690429688
24.6640625,952.7955932617188,26.904205322265625
24.6796875,952.8077392578125,26.91229248046875
24.6953125,952.8115234375,26.917434692382812
24.7109375,952.8089599609375,26.918533325195312
24.7265625,952.804443359375,26.91595458984375
24.7421875,952.79638671875,26.916702270507812
24.7578125,952.8162231445312,26.91485595703125
24.7734375,952.7938842773438,26.91302490234375
24.7890625,952.7864379882812,26.911544799804688
24.8046875,952.7774658203125,26.916702270507812
24.8203125,952.805419921875,26.902725219726562
24.8359375,952.796875,26.91485595703125
24.8515625,952.8165893554688,26.910446166992188
24.8671875,952.798828125,26.91485595703125
24.8828125,952.8010864257812,26.920364379882812
24.8984375,952.809326171875,26.929183959960938
24.9140625,952.8114624023438,26.9310302734375
24.9296875,952.8516235351562,26.917800903320312
24.9453125,952.8432006835938,26.922210693359375
24.9609375,952.8328857421875,26.925521850585938
24.9765625,952.8319091796875,26.921470642089844
24.9921875,952.8256225585938,26.921470642089844
25.0078125,952.8363647460938,26.943519592285156
25.0234375,952.838623046875,26.924774169921875
25.0390625,952.8193359375,26.940208435058594
25.0546875,952.8513793945312,26.921112060546875
25.0703125,952.8351440429688,26.934341430664062
25.0859375,952.8441772460938,26.939483642578125
25.1015625,952.833984375,26.919265747070312
25.1171875,952.8240966796875,26.917434692382812
25.1328125,952.8192138671875,26.926254272460938
25.1484375,952.84521484375,26.934341430664062
25.1640625,952.8250732421875,26.937644958496094
25.1796875,952.8265991210938,26.93396759033203
25.1953125,952.8399658203125,26.938751220703125
25.2109375,952.8505859375,26.924774169921875
25.2265625,952.8306884765625,26.929183959960938
25.2421875,952.8323974609375,26.93213653564453
25.2578125,952.841064453125,26.921470642089844
25.2734375,952.8322143554688,26.942413330078125
25.2890625,952.8419799804688,26.940582275390625
25.3046875,952.840576171875,26.929183959960938
25.3203125,952.8407592773438,26.924774169921875
25.3359375,952.8451538085938,26.917800903320312
25.3515625,952.8557739257812,26.929183959960938
25.3671875,952.8533325195312,26.9324951171875
25.3828125,952.8458251953125,26.926620483398438
25.3984375,952.8656005859375,26.924774169921875
25.4140625,952.8564453125,26.919265747070312
25.4296875,952.8629760742188,26.921112060546875
25.4453125,952.8322143554688,26.926254272460938
25.4609375,952.853515625,26.921112060546875
25.4765625,952.8572998046875,26.929183959960938
25.4921875,952.8628540039062,26.924774169921875
25.5078125,952.846923828125,26.925521850585938
25.5234375,952.8815307617188,26.919265747070312
25.5390625,952.8522338867188,26.921112060546875
25.5546875,952.829833984375,26.921112060546875
25.5703125,952.832763671875,26.917800903320312
25.5859375,952.8383178710938,26.903831481933594
25.6015625,952.8165893554688,26.91559600830078
25.6171875,952.8309936523438,26.916702270507812
25.6328125,952.8544921875,26.91485595703125
25.6484375,952.8232421875,26.91485595703125
25.6640625,952.8452758789062,26.917800903320312
25.6796875,952.847412109375,26.91229248046875
25.6953125,952.855224609375,26.916702270507812
25.7109375,952.8591918945312,26.919265747070312
25.7265625,952.831298828125,26.922210693359375
25.7421875,952.857421875,26.91485595703125
25.7578125,952.880615234375,26.902725219726562
25.7734375,952.8242797851562,26.910446166992188
25.7890625,952.8455200195312,26.919631958007812
25.8046875,952.8313598632812,26.921470642089844
25.8203125,952.8578491210938,26.927352905273438
25.8359375,952.8328857421875,26.916702270507812
25.8515625,952.8311767578125,26.903831481933594
25.8671875,952.8309936523438,26.911544799804688
25.8828125,952.8287963867188,26.916702270507812
25.8984375,952.84130859375,26.916702270507812
25.9140625,952.8382568359375,26.921112060546875
25.9296875,952.8214721679688,26.925521850585938
25.9453125,952.8247680664062,26.91485595703125
25.9609375,952.8292236328125,26.924415588378906
25.9765625,952.8318481445312,26.910446166992188
25.9921875,952.8311767578125,26.922943115234375
26.0078125,952.831787109375,26.919265747070312
26.0234375,952.831298828125,26.921112060546875
26.0390625,952.8214721679688,26.907882690429688
26.0546875,952.8314819335938,26.921112060546875
26.0703125,952.8214721679688,26.91485595703125
26.0859375,952.8208618164062,26.91559600830078
26.1015625,952.8292236328125,26.919265747070312
26.1171875,952.836669921875,26.902725219726562
26.1328125,952.803955078125,26.904571533203125
26.1484375,952.8341064453125,26.921112060546875
26.1640625,952.8161010742188,26.904571533203125
26.1796875,952.8137817382812,26.921112060546875
26.1953125,952.814208984375,26.922210693359375
26.2109375,952.805908203125,26.917434692382812
26.2265625,952.802490234375,26.904571533203125
26.2421875,952.8089599609375,26.921112060546875
26.2578125,952.8046875,26.922943115234375
26.2734375,952.814453125,26.921112060546875
26.2890625,952.8106689453125,26.924774169921875
26.3046875,952.8032836914062,26.925521850585938
26.3203125,952.8032836914062,26.918533325195312
26.3359375,952.8056030273438,26.908615112304688
26.3515625,952.795654296875,26.919265747070312
26.3671875,952.7828979492188,26.91706085205078
26.3828125,952.7982788085938,26.921470642089844
26.3984375,952.7872924804688,26.919265747070312
26.4140625,952.7942504882812,26.919265747070312
26.4296875,952.809814453125,26.91485595703125
26.4453125,952.7921752929688,26.918533325195312
26.4609375,952.79248046875,26.91229248046875
26.4765625,952.787109375,26.921112060546875
26.4921875,952.7879638671875,26.925521850585938
26.5078125,952.8056640625,26.911544799804688
26.5234375,952.7869873046875,26.921112060546875
26.5390625,952.8088989257812,26.91485595703125
26.5546875,952.7908935546875,26.916702270507812
26.5703125,952.8089599609375,26.91595458984375
26.5859375,952.7933959960938,26.921112060546875
26.6015625,952.7969360351562,26.91485595703125
26.6171875,952.8087768554688,26.91412353515625
26.6328125,952.7991943359375,26.924774169921875
26.6484375,952.7847290039062,26.921470642089844
26.6640625,952.7938842773438,26.925521850585938
26.6796875,952.7835083007812,26.929931640625
26.6953125,952.8006591796875,26.91485595703125
26.7109375,952.8010864257812,26.920364379882812
26.7265625,952.8027954101562,26.925521850585938
26.7421875,952.8158569335938,26.916702270507812
26.7578125,952.7935180664062,26.921112060546875
26.7734375,952.8154296875,26.921470642089844
26.7890625,952.8094482421875,26.921470642089844
26.8046875,952.7915649414062,26.921470642089844
26.8203125,952.8357543945312,26.918533325195312
26.8359375,952.8211669921875,26.925880432128906
26.8515625,952.8248291015625,26.921112060546875
26.8671875,952.8501586914062,26.9324951171875
26.8828125,952.7955932617188,26.929183959960938
26.8984375,952.8533325195312,26.919265747070312
26.9140625,952.836669921875,26.917800903320312
26.9296875,952.8240356445312,26.922210693359375
26.9453125,952.8226928710938,26.91485595703125
26.9609375,952.8644409179688,26.925521850585938
26.9765625,952.8140258789062,26.917434692382812
26.9921875,952.8514404296875,26.907882690429688
27.0078125,952.8565673828125,26.91229248046875
27.0234375,952.8468627929688,26.918533325195312
27.0390625,952.8271484375,26.918533325195312
27.0546875,952.8240966796875,26.91485595703125
27.0703125,952.8411254882812,26.91559600830078
27.0859375,952.8316040039062,26.910446166992188
27.1015625,952.8424682617188,26.919631958007812
27.1171875,952.8349609375,26.897216796875
27.1328125,952.8267822265625,26.919265747070312
27.1484375,952.8373413085938,26.892807006835938
27.1640625,952.8377685546875,26.91302490234375
27.1796875,952.8540649414062,26.917434692382812
27.1953125,952.8209838867188,26.908241271972656
27.2109375,952.8344116210938,26.917434692382812
27.2265625,952.8461303710938,26.918533325195312
27.2421875,952.8510131835938,26.91374969482422
27.2578125,952.8565673828125,26.919265747070312
27.2734375,952.8211669921875,26.906776428222656
27.2890625,952.8355102539062,26.902366638183594
27.3046875,952.8482666015625,26.901626586914062
27.3203125,952.8446044921875,26.902725219726562
27.3359375,952.8231811523438,26.8975830078125
27.3515625,952.878173828125,26.902725219726562
27.3671875,952.8207397460938,26.8983154296875
27.3828125,952.819091796875,26.893905639648438
27.3984375,952.8359985351562,26.895751953125
27.4140625,952.8422241210938,26.902725219726562
27.4296875,952.8566284179688,26.897216796875
27.4453125,952.8292236328125,26.893173217773438
27.4609375,952.829345703125,26.904571533203125
27.4765625,952.8365478515625,26.89501190185547
27.4921875,952.8379516601562,26.906036376953125
27.5078125,952.8312377929688,26.892074584960938
27.5234375,952.8388061523438,26.892074584960938
27.5390625,952.8890380859375,26.902725219726562
27.5546875,952.8429565429688,26.897216796875
27.5703125,952.8441772460938,26.903831481933594
27.5859375,952.8458862304688,26.886566162109375
27.6015625,952.8173828125,26.892807006835938
27.6171875,952.8753662109375,26.883628845214844
27.6328125,952.8649291992188,26.89795684814453
27.6484375,952.8226928710938,26.888397216796875
27.6640625,952.8438110351562,26.892074584960938
27.6796875,952.8280029296875,26.89868927001953
27.6953125,952.8262939453125,26.8953857421875
27.7109375,952.8189086914062,26.89685821533203
27.7265625,952.8189697265625,26.8983154296875
27.7421875,952.819091796875,26.8983154296875
27.7578125,952.819091796875,26.886566162109375
27.7734375,952.805419921875,26.887290954589844
27.7890625,952.8215942382812,26.906036376953125
27.8046875,952.8336791992188,26.885833740234375
27.8203125,952.8239135742188,26.883255004882812
27.8359375,952.8223876953125,26.905303955078125
27.8515625,952.81982421875,26.883987426757812
27.8671875,952.8320922851562,26.891342163085938
27.8828125,952.8250732421875,26.895751953125
27.8984375,952.8235473632812,26.87811279296875
27.9140625,952.8170776367188,26.888397216796875
27.9296875,952.8283081054688,26.886566162109375
27.9453125,952.8179321289062,26.89795684814453
27.9609375,952.8370361328125,26.89501190185547
27.9765625,952.8271484375,26.883255004882812
27.9921875,952.8074951171875,26.893905639648438
28.0078125,952.8359985351562,26.883987426757812
28.0234375,952.8182373046875,26.87847137451172
28.0390625,952.8255004882812,26.87921905517578
28.0546875,952.8201904296875,26.868553161621094
28.0703125,952.8353881835938,26.872962951660156
28.0859375,952.8165893554688,26.884727478027344
28.1015625,952.8106079101562,26.890975952148438
28.1171875,952.822021484375,26.893905639648438
28.1328125,952.8126831054688,26.8953857421875
28.1484375,952.825439453125,26.897216796875
28.1640625,952.7992553710938,26.910446166992188
28.1796875,952.8221435546875,26.8983154296875
28.1953125,952.8077392578125,26.8953857421875
28.2109375,952.8158569335938,26.904571533203125
28.2265625,952.8197631835938,26.900161743164062
28.2421875,952.8031616210938,26.900161743164062
28.2578125,952.8073120117188,26.903099060058594
28.2734375,952.8123779296875,26.889137268066406
28.2890625,952.801513671875,26.901992797851562
28.3046875,952.8074951171875,26.893905639648438
28.3203125,952.7876586914062,26.8983154296875
28.3359375,952.806640625,26.901992797851562
28.3515625,952.7979736328125,26.904571533203125
28.3671875,952.8071899414062,26.8983154296875
28.3828125,952.8030395507812,26.910446166992188
28.3984375,952.7958984375,26.904571533203125
28.4140625,952.798828125,26.904571533203125
28.4296875,952.7910766601562,26.892807006835938
28.4453125,952.7910766601562,26.89685821533203
28.4609375,952.790283203125,26.901268005371094
28.4765625,952.775146484375,26.8953857421875
28.4921875,952.7902221679688,26.893905639648438
28.5078125,952.810302734375,26.900161743164062
28.5234375,952.8097534179688,26.902366638183594
28.5390625,952.8130493164062,26.8953857421875
28.5546875,952.8117065429688,26.900161743164062
28.5703125,952.7990112304688,26.888038635253906
28.5859375,952.8175659179688,26.902725219726562
28.6015625,952.8165283203125,26.907882690429688
28.6171875,952.7914428710938,26.919265747070312
28.6328125,952.7985229492188,26.900161743164062
28.6484375,952.7822265625,26.902725219726562
28.6640625,952.803466796875,26.91229248046875
28.6796875,952.8049926757812,26.897216796875
28.6953125,952.8131103515625,26.910446166992188
28.7109375,952.8292846679688,26.902366638183594
28.7265625,952.814208984375,26.910446166992188
28.7421875,952.8071899414062,26.906036376953125
28.7578125,952.8217163085938,26.91485595703125
28.7734375,952.8321533203125,26.904571533203125
28.7890625,952.805419921875,26.902725219726562
28.8046875,952.8081665039062,26.900161743164062
28.8203125,952.7977905273438,26.907882690429688
28.8359375,952.822998046875,26.91522216796875
28.8515625,952.8316040039062,26.902725219726562
28.8671875,952.8333129882812,26.904571533203125
28.8828125,952.8298950195312,26.904571533203125
28.8984375,952.84716796875,26.904571533203125
28.9140625,952.8233642578125,26.904571533203125
28.9296875,952.8394165039062,26.8983154296875
28.9453125,952.8513793945312,26.91229248046875
28.9609375,952.8576049804688,26.910446166992188
28.9765625,952.8514404296875,26.918533325195312
28.9921875,952.852783203125,26.904571533203125
29.0078125,952.8634033203125,26.904571533203125
29.0234375,952.850830078125,26.8953857421875
29.0390625,952.889404296875,26.8983154296875
29.0546875,952.8489379882812,26.902725219726562
29.0703125,952.8667602539062,26.8953857421875
29.0859375,952.8834228515625,26.889137268066406
29.1015625,952.849365234375,26.89501190185547
29.1171875,952.87255859375,26.904571533203125
29.1328125,952.8556518554688,26.903831481933594
29.1484375,952.8483276367188,26.884727478027344
29.1640625,952.8577880859375,26.891342163085938
29.1796875,952.8602294921875,26.887290954589844
29.1953125,952.8384399414062,26.890975952148438
29.2109375,952.86328125,26.883987426757812
29.2265625,952.8864135742188,26.883628845214844
29.2421875,952.8512573242188,26.884353637695312
29.2578125,952.889404296875,26.888397216796875
29.2734375,952.8455810546875,26.883987426757812
29.2890625,952.8804321289062,26.883987426757812
29.3046875,952.83984375,26.888038635253906
29.3203125,952.8438110351562,26.88067626953125
29.3359375,952.8800659179688,26.884353637695312
29.3515625,952.8851928710938,26.87701416015625
29.3671875,952.8648071289062,26.87957763671875
29.3828125,952.9033203125,26.868553161621094
29.3984375,952.864013671875,26.8612060546875
29.4140625,952.9182739257812,26.884353637695312
29.4296875,952.8792724609375,26.87774658203125
29.4453125,952.9390258789062,26.883628845214844
29.4609375,952.8673095703125,26.883628845214844
29.4765625,952.9180908203125,26.884353637695312
29.4921875,952.8768310546875,26.87811279296875
29.5078125,952.9073486328125,26.88067626953125
29.5234375,952.8800659179688,26.874435424804688
29.5390625,952.8825073242188,26.86157989501953
29.5546875,952.9439697265625,26.884353637695312
29.5703125,952.8851928710938,26.88031768798828
29.5859375,952.857421875,26.868553161621094
29.6015625,952.8909301757812,26.86157989501953
29.6171875,952.8543701171875,26.86157989501953
29.6328125,952.8429565429688,26.88031768798828
29.6484375,952.8538208007812,26.884353637695312
29.6640625,952.8434448242188,26.86157989501953
29.6796875,952.84716796875,26.86157989501953
29.6953125,952.8388061523438,26.86157989501953
29.7109375,952.84716796875,26.871856689453125
29.7265625,952.8403930664062,26.87957763671875
29.7421875,952.841796875,26.87774658203125
29.7578125,952.8434448242188,26.883255004882812
29.7734375,952.8410034179688,26.868194580078125
29.7890625,952.8472290039062,26.88031768798828
29.8046875,952.828125,26.87664031982422
29.8203125,952.8342895507812,26.868553161621094
29.8359375,952.8424682617188,26.88031768798828
29.8515625,952.8359375,26.881423950195312
29.8671875,952.8299560546875,26.883628845214844
29.8828125,952.841064453125,26.883987426757812
29.8984375,952.8284912109375,26.88031768798828
29.9140625,952.8370971679688,26.884353637695312
29.9296875,952.83740234375,26.889137268066406
29.9453125,952.8438720703125,26.887290954589844
29.9609375,952.8323974609375,26.887290954589844
29.9765625,952.8150634765625,26.886566162109375
29.9921875,952.8352661132812,26.883987426757812
30.0078125,952.8391723632812,26.884353637695312
30.0234375,952.8219604492188,26.886566162109375
30.0390625,952.8359375,26.87884521484375
30.0546875,952.8273315429688,26.889869689941406
30.0703125,952.8344116210938,26.884353637695312
30.0859375,952.82373046875,26.886566162109375
30.1015625,952.828125,26.886192321777344
30.1171875,952.8203125,26.883255004882812
30.1328125,952.8206176757812,26.883628845214844
30.1484375,952.8170776367188,26.888397216796875
30.1640625,952.8331298828125,26.882156372070312
30.1796875,952.8103637695312,26.897216796875
30.1953125,952.8190307617188,26.8953857421875
30.2109375,952.8284301757812,26.886566162109375
30.2265625,952.8221435546875,26.893173217773438
30.2421875,952.819091796875,26.907508850097656
30.2578125,952.8128051757812,26.892807006835938
30.2734375,952.8221435546875,26.887290954589844
30.2890625,952.8192138671875,26.890975952148438
30.3046875,952.8082885742188,26.8953857421875
30.3203125,952.8361206054688,26.892074584960938
30.3359375,952.8220825195312,26.8953857421875
30.3515625,952.8164672851562,26.897216796875
30.3671875,952.8153686523438,26.88031768798828
30.3828125,952.8184814453125,26.892074584960938
30.3984375,952.829833984375,26.895751953125
30.4140625,952.8475341796875,26.8953857421875
30.4296875,952.86669921875,26.895751953125
30.4453125,952.849365234375,26.8953857421875
30.4609375,952.8726196289062,26.900161743164062
30.4765625,952.9251098632812,26.893173217773438
30.4921875,952.887939453125,26.89795684814453
30.5078125,952.9147338867188,26.89501190185547
30.5234375,952.8928833007812,26.8983154296875
30.5390625,952.9129638671875,26.902366638183594
30.5546875,952.88232421875,26.902725219726562
30.5703125,952.8984985351562,26.908241271972656
30.5859375,952.8870239257812,26.910446166992188
30.6015625,952.8563232421875,26.910446166992188
30.6171875,952.8514404296875,26.906036376953125
30.6328125,952.916748046875,26.900161743164062
30.6484375,952.8820190429688,26.91302490234375
30.6640625,952.8832397460938,26.902725219726562
30.6796875,952.8613891601562,26.902725219726562
30.6953125,952.8948364257812,26.903099060058594
30.7109375,952.9205932617188,26.91485595703125
30.7265625,952.891357421875,26.921112060546875
30.7421875,952.8585205078125,26.922210693359375
30.7578125,952.8998413085938,26.921112060546875
30.7734375,952.9146728515625,26.916702270507812
30.7890625,952.8526611328125,26.925521850585938
30.8046875,952.884521484375,26.9310302734375
30.8203125,952.844482421875,26.928451538085938
30.8359375,952.8388671875,26.919265747070312
30.8515625,952.831298828125,26.919265747070312
30.8671875,952.831298828125,26.906036376953125
30.8828125,952.8228759765625,26.904571533203125
30.8984375,952.8226928710938,26.91374969482422
30.9140625,952.8050537109375,26.907882690429688
30.9296875,952.8087158203125,26.91229248046875
30.9453125,952.8092041015625,26.907882690429688
30.9609375,952.8087158203125,26.904571533203125
30.9765625,952.8107299804688,26.91559600830078
30.9921875,952.8087768554688,26.919265747070312
31.0078125,952.809814453125,26.903099060058594
31.0234375,952.8075561523438,26.906036376953125
31.0390625,952.807373046875,26.904571533203125
