# Time (seconds),Pressure,Temp
0.0078125,952.6693725585938,26.400009155273438
0.0234375,952.7106323242188,26.38715362548828
0.0390625,952.7164916992188,26.400009155273438
0.0546875,952.7177124023438,26.38274383544922
0.0703125,952.6915283203125,26.396347045898438
0.0859375,952.718505859375,26.38898468017578
0.1015625,952.7005004882812,26.390457153320312
0.1171875,952.7095947265625,26.382369995117188
0.1328125,952.7015991210938,26.405899047851562
0.1484375,952.7152709960938,26.4014892578125
0.1640625,952.7268676757812,26.395599365234375
0.1796875,952.7149047851562,26.392295837402344
0.1953125,952.6965942382812,26.39855194091797
0.2109375,952.7085571289062,26.393394470214844
0.2265625,952.7045288085938,26.4014892578125
0.2421875,952.7196655273438,26.38677978515625
0.2578125,952.6967163085938,26.391937255859375
0.2734375,952.6846923828125,26.396347045898438
0.2890625,952.702392578125,26.38642120361328
0.3046875,952.7182006835938,26.39855194091797
0.3203125,952.717529296875,26.391563415527344
0.3359375,952.7138671875,26.395599365234375
0.3515625,952.7077026367188,26.4014892578125
0.3671875,952.7178955078125,26.39855194091797
0.3828125,952.701904296875,26.405899047851562
0.3984375,952.7039794921875,26.39965057373047
0.4140625,952.7021484375,26.40221405029297
0.4296875,952.7023315429688,26.41802215576172
0.4453125,952.7171020507812,26.38898468017578
0.4609375,952.7005004882812,26.391189575195312
0.4765625,952.70068359375,26.400009155273438
0.4921875,952.7146606445312,26.397079467773438
0.5078125,952.70849609375,26.38677978515625
0.5234375,952.7062377929688,26.395240783691406
0.5390625,952.6969604492188,26.4014892578125
0.5546875,952.7077026367188,26.40552520751953
0.5703125,952.7026977539062,26.40185546875
0.5859375,952.6975708007812,26.405899047851562
0.6015625,952.7028198242188,26.396705627441406
0.6171875,952.7072143554688,26.400009155273438
0.6328125,952.697998046875,26.396347045898438
0.6484375,952.7263793945312,26.392669677734375
0.6640625,952.7188110351562,26.398910522460938
0.6796875,952.7200317382812,26.4014892578125
0.6953125,952.7196655273438,26.405899047851562
0.7109375,952.7130126953125,26.395599365234375
0.7265625,952.7113037109375,26.405166625976562
0.7421875,952.7169799804688,26.405899047851562
0.7578125,952.72607421875,26.4014892578125
0.7734375,952.7257080078125,26.40221405029297
0.7890625,952.7257080078125,26.405166625976562
0.8046875,952.733154296875,26.416549682617188
0.8203125,952.7498168945312,26.417648315429688
0.8359375,952.748779296875,26.412139892578125
0.8515625,952.7548217773438,26.424636840820312
0.8671875,952.7435913085938,26.41985321044922
0.8828125,952.7369995117188,26.414718627929688
0.8984375,952.7467041015625,26.412879943847656
0.9140625,952.7374877929688,26.414718627929688
0.9296875,952.7328491210938,26.406997680664062
0.9453125,952.7369384765625,26.41802215576172
0.9609375,952.7559204101562,26.414718627929688
0.9765625,952.7442626953125,26.41949462890625
0.9921875,952.7417602539062,26.414718627929688
1.0078125,952.7335205078125,26.42095947265625
1.0234375,952.747314453125,26.413238525390625
1.0390625,952.7525634765625,26.40552520751953
1.0546875,952.7493286132812,26.41912841796875
1.0703125,952.7374877929688,26.409576416015625
1.0859375,952.7462158203125,26.424636840820312
1.1015625,952.756591796875,26.424636840820312
1.1171875,952.7477416992188,26.414718627929688
1.1328125,952.7550659179688,26.415443420410156
1.1484375,952.7503051757812,26.428314208984375
1.1640625,952.7349243164062,26.412879943847656
1.1796875,952.7434692382812,26.41912841796875
1.1953125,952.74169921875,26.42169952392578
1.2109375,952.7276611328125,26.413238525390625
1.2265625,952.7459106445312,26.428672790527344
1.2421875,952.7564697265625,26.41912841796875
1.2578125,952.744140625,26.426467895507812
1.2734375,952.7484130859375,26.425369262695312
1.2890625,952.765625,26.428314208984375
1.3046875,952.7481079101562,26.425369262695312
1.3203125,952.735107421875,26.425369262695312
1.3359375,952.7775268554688,26.43566131591797
1.3515625,952.8754272460938,26.430877685546875
1.3671875,952.9490966796875,26.447418212890625
1.3828125,952.8904418945312,26.447418212890625
1.3984375,953.4365234375,26.427215576171875
1.4140625,953.7684936523438,26.432723999023438
1.4296875,953.8890991210938,26.450721740722656
1.4453125,954.7088623046875,26.44007110595703
1.4609375,954.29296875,26.441177368164062
1.4765625,954.7747192382812,26.447418212890625
1.4921875,954.615966796875,26.433456420898438
1.5078125,954.4772338867188,26.445953369140625
1.5234375,954.8200073242188,26.45477294921875
1.5390625,954.2269287109375,26.459182739257812
1.5546875,953.8869018554688,26.479385375976562
1.5703125,954.1731567382812,26.459182739257812
1.5859375,953.9537963867188,26.47314453125
1.6015625,953.7969970703125,26.47167205810547
1.6171875,954.1444091796875,26.488204956054688
1.6328125,954.0630493164062,26.485641479492188
1.6484375,953.5999145507812,26.485641479492188
1.6640625,953.9965209960938,26.49261474609375
1.6796875,954.1566162109375,26.487472534179688
1.6953125,953.8145141601562,26.49040985107422
1.7109375,953.910888671875,26.49261474609375
1.7265625,953.831787109375,26.511001586914062
1.7421875,953.754638671875,26.5076904296875
1.7578125,954.436279296875,26.5076904296875
1.7734375,954.2034912109375,26.5076904296875
1.7890625,954.0714721679688,26.52385711669922
1.8046875,953.7738647460938,26.520179748535156
1.8203125,953.5274047851562,26.52385711669922
1.8359375,953.3652954101562,26.53009796142578
1.8515625,953.0133666992188,26.529373168945312
1.8671875,952.885986328125,26.535614013671875
1.8828125,952.8280029296875,26.535980224609375
1.8984375,952.8286743164062,26.54517364501953
1.9140625,952.8038330078125,26.55730438232422
1.9296875,952.8038940429688,26.56317138671875
1.9453125,952.7942504882812,26.558761596679688
1.9609375,952.787841796875,26.568328857421875
1.9765625,952.7958984375,26.570159912109375
1.9921875,952.8069458007812,26.577880859375
2.0078125,952.783203125,26.585220336914062
2.0234375,952.7969970703125,26.593307495117188
2.0390625,952.7816772460938,26.590377807617188
2.0546875,952.7862548828125,26.588172912597656
2.0703125,952.7973022460938,26.60065460205078
2.0859375,952.7824096679688,26.594039916992188
2.1015625,952.7764892578125,26.590003967285156
2.1171875,952.760986328125,26.59882354736328
2.1328125,952.7738647460938,26.590377807617188
2.1484375,952.7640991210938,26.592941284179688
2.1640625,952.75537109375,26.602500915527344
2.1796875,952.7622680664062,26.590377807617188
2.1953125,952.7659301757812,26.584487915039062
2.2109375,952.7718505859375,26.591835021972656
2.2265625,952.7642211914062,26.574569702148438
2.2421875,952.759521484375,26.590736389160156
2.2578125,952.7628784179688,26.585594177246094
2.2734375,952.7504272460938,26.587066650390625
2.2890625,952.7548217773438,26.582290649414062
2.3046875,952.7550048828125,26.587066650390625
2.3203125,952.75537109375,26.5782470703125
2.3359375,952.734130859375,26.574569702148438
2.3515625,952.759521484375,26.592208862304688
2.3671875,952.7642822265625,26.58045196533203
2.3828125,952.7374267578125,26.585220336914062
2.3984375,952.7594604492188,26.569427490234375
2.4140625,952.7481689453125,26.568687438964844
2.4296875,952.7332763671875,26.571990966796875
2.4453125,952.7491455078125,26.567581176757812
2.4609375,952.7528686523438,26.56060791015625
2.4765625,952.748046875,26.570159912109375
2.4921875,952.7579345703125,26.570892333984375
2.5078125,952.7525634765625,26.558029174804688
2.5234375,952.7609252929688,26.56281280517578
2.5390625,952.74755859375,26.55840301513672
2.5546875,952.7442016601562,26.558029174804688
2.5703125,952.7393798828125,26.56207275390625
2.5859375,952.749267578125,26.555831909179688
2.6015625,952.7576293945312,26.558761596679688
2.6171875,952.732177734375,26.54590606689453
2.6328125,952.7579345703125,26.555458068847656
2.6484375,953.082763671875,26.55840301513672
2.6640625,953.3536987304688,26.549209594726562
2.6796875,954.0451049804688,26.555099487304688
2.6953125,954.4839477539062,26.55913543701172
2.7109375,955.3020629882812,26.56134033203125
2.7265625,955.4805908203125,26.558029174804688
2.7421875,955.651611328125,26.55730438232422
2.7578125,954.2179565429688,26.56134033203125
2.7734375,955.9375610351562,26.556556701660156
2.7890625,955.3388061523438,26.569061279296875
2.8046875,955.3167724609375,26.5771484375
2.8203125,955.1254272460938,26.588897705078125
2.8359375,954.8974609375,26.600296020507812
2.8515625,954.8192138671875,26.607269287109375
2.8671875,954.1602172851562,26.611679077148438
2.8828125,954.3959350585938,26.607269287109375
2.8984375,954.1256713867188,26.63336944580078
2.9140625,953.5578002929688,26.642921447753906
2.9296875,954.0443725585938,26.638885498046875
2.9453125,953.6228637695312,26.65174102783203
2.9609375,954.03857421875,26.66790771484375
2.9765625,953.8377075195312,26.655044555664062
2.9921875,953.4249267578125,26.655044555664062
3.0078125,953.2581787109375,26.68701934814453
3.0234375,953.3659057617188,26.68701934814453
3.0390625,953.3438110351562,26.714950561523438
3.0546875,953.1530151367188,26.710899353027344
3.0703125,953.1873168945312,26.71971893310547
3.0859375,953.1838989257812,26.73663330078125
3.1015625,952.9608154296875,26.731849670410156
3.1171875,952.8712768554688,26.746925354003906
3.1328125,952.8489379882812,26.748756408691406
3.1484375,952.8192749023438,26.756103515625
3.1640625,952.8204956054688,26.768600463867188
3.1796875,952.8116455078125,26.784408569335938
3.1953125,952.8108520507812,26.784034729003906
3.2109375,952.8179321289062,26.784767150878906
3.2265625,952.8114624023438,26.78955078125
3.2421875,952.8046875,26.796531677246094
3.2578125,952.8179321289062,26.80976104736328
3.2734375,952.8109130859375,26.796157836914062
3.2890625,952.7933959960938,26.80535125732422
3.3046875,952.7978515625,26.80902099609375
3.3203125,952.776123046875,26.799468994140625
3.3359375,952.7979736328125,26.795791625976562
3.3515625,952.7904663085938,26.80718994140625
3.3671875,952.7861328125,26.80718994140625
3.3828125,952.7874145507812,26.80902099609375
3.3984375,952.78271484375,26.798370361328125
3.4140625,952.7847290039062,26.801300048828125
3.4296875,952.7969970703125,26.820045471191406
3.4453125,952.7779541015625,26.784034729003906
3.4609375,952.7862548828125,26.799095153808594
3.4765625,952.7716064453125,26.795791625976562
3.4921875,952.7813720703125,26.791748046875
3.5078125,952.7786254882812,26.79212188720703
3.5234375,952.7810668945312,26.798736572265625
3.5390625,952.7727661132812,26.795059204101562
3.5546875,952.7802734375,26.788818359375
3.5703125,952.7700805664062,26.795059204101562
3.5859375,952.7706298828125,26.777793884277344
3.6015625,952.7593383789062,26.784408569335938
3.6171875,952.7702026367188,26.779251098632812
3.6328125,952.7666015625,26.77521514892578
3.6484375,952.7692260742188,26.777793884277344
3.6640625,952.7785034179688,26.781097412109375
3.6796875,952.7698364257812,26.779624938964844
3.6953125,952.75,26.767868041992188
3.7109375,952.7529296875,26.758682250976562
3.7265625,952.7723999023438,26.77521514892578
3.7421875,952.7626342773438,26.77007293701172
3.7578125,952.768798828125,26.762718200683594
3.7734375,952.7523803710938,26.768226623535156
3.7890625,952.7626342773438,26.7542724609375
3.8046875,952.7713623046875,26.758682250976562
3.8203125,952.7550659179688,26.75830841064453
3.8359375,952.7520141601562,26.742515563964844
3.8515625,952.7486572265625,26.747650146484375
3.8671875,952.746826171875,26.73735809326172
3.8828125,952.7481079101562,26.743240356445312
3.8984375,952.7607421875,26.73590087890625
3.9140625,952.7408447265625,26.732589721679688
3.9296875,952.7483520507812,26.73663330078125
3.9453125,952.7600708007812,26.741043090820312
3.9609375,952.7515258789062,26.728912353515625
3.9765625,952.7688598632812,26.728912353515625
3.9921875,952.7479248046875,26.732589721679688
4.0078125,952.7405395507812,26.72046661376953
4.0234375,952.7482299804688,26.730743408203125
4.0390625,952.7523193359375,26.7193603515625
4.0546875,952.7511596679688,26.717514038085938
4.0703125,952.75341796875,26.726333618164062
4.0859375,952.7274169921875,26.724502563476562
4.1015625,952.7486572265625,26.71862030029297
4.1171875,952.748046875,26.709442138671875
4.1328125,952.7501831054688,26.710899353027344
4.1484375,952.7455444335938,26.714950561523438
4.1640625,952.7406005859375,26.710174560546875
4.1796875,952.74609375,26.70062255859375
4.1953125,952.7445068359375,26.714950561523438
4.2109375,952.7459106445312,26.70318603515625
4.2265625,952.7520141601562,26.70465850830078
4.2421875,952.73779296875,26.70465850830078
4.2578125,952.744873046875,26.696212768554688
4.2734375,952.8409423828125,26.697669982910156
4.2890625,953.0173950195312,26.70062255859375
4.3046875,953.3619384765625,26.70539093017578
4.3203125,954.3382568359375,26.696212768554688
4.3359375,955.2041015625,26.692535400390625
4.3515625,954.621826171875,26.68701934814453
4.3671875,954.8958129882812,26.69841766357422
4.3828125,955.1661376953125,26.695106506347656
4.3984375,955.6240234375,26.695465087890625
4.4140625,955.1598510742188,26.70135498046875
4.4296875,954.317626953125,26.697669982910156
4.4453125,954.9810791015625,26.712745666503906
4.4609375,954.7736206054688,26.716781616210938
4.4765625,954.9197387695312,26.724876403808594
4.4921875,954.2352294921875,26.743972778320312
4.5078125,954.3560180664062,26.731849670410156
4.5234375,954.2198486328125,26.73735809326172
4.5390625,954.6351928710938,26.746925354003906
4.5546875,955.0629272460938,26.750961303710938
4.5703125,954.6681518554688,26.75830841064453
4.5859375,954.7138061523438,26.762718200683594
4.6015625,953.8638916015625,26.766021728515625
4.6171875,953.067138671875,26.782928466796875
4.6328125,953.0479736328125,26.768600463867188
4.6484375,952.912109375,26.786239624023438
4.6640625,952.9077758789062,26.788818359375
4.6796875,952.8561401367188,26.79027557373047
4.6953125,952.8262939453125,26.79212188720703
4.7109375,952.8187255859375,26.798736572265625
4.7265625,952.8092651367188,26.804977416992188
4.7421875,952.8128662109375,26.81049346923828
4.7578125,952.794921875,26.804977416992188
4.7734375,952.7943725585938,26.812698364257812
4.7890625,952.7861328125,26.818580627441406
4.8046875,952.8154296875,26.813430786132812
4.8203125,952.7891845703125,26.819313049316406
4.8359375,952.7838134765625,26.82555389404297
4.8515625,952.7880249023438,26.80866241455078
4.8671875,952.7642211914062,26.816734313964844
4.8828125,952.7824096679688,26.82372283935547
4.8984375,952.777099609375,26.82299041748047
4.9140625,952.7596435546875,26.813430786132812
4.9296875,952.783203125,26.812698364257812
4.9453125,952.7801513671875,26.820045471191406
4.9609375,952.7706909179688,26.833648681640625
4.9765625,952.7684936523438,26.810867309570312
4.9921875,952.7739868164062,26.819686889648438
5.0078125,952.7569580078125,26.82555389404297
5.0234375,952.749755859375,26.813430786132812
5.0390625,952.739013671875,26.819313049316406
5.0546875,952.7467651367188,26.810867309570312
5.0703125,952.7571411132812,26.81011962890625
5.0859375,952.7583618164062,26.80535125732422
5.1015625,952.7555541992188,26.80791473388672
5.1171875,952.7671508789062,26.793960571289062
5.1328125,952.7716674804688,26.800941467285156
5.1484375,952.7544555664062,26.79212188720703
5.1640625,952.7463989257812,26.79027557373047
5.1796875,952.7564086914062,26.785865783691406
5.1953125,952.7463989257812,26.787338256835938
5.2109375,952.7459716796875,26.780357360839844
5.2265625,952.735107421875,26.788070678710938
5.2421875,952.7467041015625,26.78955078125
5.2578125,952.7424926757812,26.79358673095703
5.2734375,952.739990234375,26.795791625976562
5.2890625,952.7473754882812,26.787338256835938
5.3046875,952.7548828125,26.784408569335938
5.3203125,952.7313842773438,26.78661346435547
5.3359375,952.7392578125,26.794326782226562
5.3515625,952.7322998046875,26.77374267578125
5.3671875,952.7022705078125,26.77521514892578
5.3828125,953.2186279296875,26.782203674316406
5.3984375,953.5001831054688,26.77410888671875
5.4140625,953.4515991210938,26.77191162109375
5.4296875,953.5524291992188,26.775588989257812
5.4453125,953.7505493164062,26.781455993652344
5.4609375,953.3650512695312,26.777793884277344
5.4765625,953.8594360351562,26.776687622070312
5.4921875,954.1764526367188,26.77191162109375
5.5078125,954.4900512695312,26.77374267578125
5.5234375,954.3187866210938,26.77410888671875
5.5390625,954.4848022460938,26.776687622070312
5.5546875,954.193115234375,26.76897430419922
5.5703125,954.5541381835938,26.776687622070312
5.5859375,953.8109130859375,26.780357360839844
5.6015625,954.0299072265625,26.79358673095703
5.6171875,953.9385986328125,26.798370361328125
5.6328125,953.20849609375,26.81011962890625
5.6484375,952.9166870117188,26.80866241455078
5.6640625,953.2310180664062,26.8248291015625
5.6796875,952.7699584960938,26.816375732421875
5.6953125,952.7953491210938,26.834373474121094
5.7109375,952.7525024414062,26.836219787597656
5.7265625,952.7394409179688,26.835479736328125
5.7421875,952.7100830078125,26.831809997558594
5.7578125,952.6672973632812,26.83953094482422
5.7734375,952.7648315429688,26.852386474609375
5.7890625,952.7673950195312,26.859375
5.8046875,952.8087158203125,26.855697631835938
5.8203125,952.7903442382812,26.868553161621094
5.8359375,952.7684326171875,26.873703002929688
5.8515625,952.9099731445312,26.884353637695312
5.8671875,952.9115600585938,26.87811279296875
5.8828125,952.83984375,26.883987426757812
5.8984375,952.8219604492188,26.884727478027344
5.9140625,952.8189697265625,26.904571533203125
5.9296875,952.8125610351562,26.901268005371094
5.9453125,952.8283081054688,26.904571533203125
5.9609375,952.80419921875,26.91374969482422
5.9765625,952.8020629882812,26.91485595703125
5.9921875,952.7932739257812,26.902725219726562
6.0078125,952.7819213867188,26.921112060546875
6.0234375,952.7837524414062,26.916702270507812
6.0390625,952.7844848632812,26.904571533203125
6.0546875,952.7863159179688,26.91374969482422
6.0703125,952.77880859375,26.91229248046875
6.0859375,952.770263671875,26.904571533203125
6.1015625,952.7821044921875,26.906036376953125
6.1171875,952.7667236328125,26.900161743164062
6.1328125,952.7750854492188,26.902725219726562
6.1484375,952.7765502929688,26.904571533203125
6.1640625,952.7821044921875,26.91485595703125
6.1796875,952.7765502929688,26.910446166992188
6.1953125,952.7796630859375,26.904571533203125
6.2109375,952.7688598632812,26.904571533203125
6.2265625,952.7677001953125,26.8953857421875
6.2421875,952.7781982421875,26.902366638183594
6.2578125,952.7693481445312,26.892074584960938
6.2734375,952.7640991210938,26.8983154296875
6.2890625,952.776123046875,26.89795684814453
6.3046875,952.7844848632812,26.8953857421875
6.3203125,952.7781982421875,26.891342163085938
6.3359375,952.7777099609375,26.888038635253906
6.3515625,952.7631225585938,26.884353637695312
6.3671875,952.7501220703125,26.86157989501953
6.3828125,952.755126953125,26.873703002929688
6.3984375,952.7634887695312,26.883628845214844
6.4140625,952.7561645507812,26.88031768798828
6.4296875,952.7611694335938,26.892074584960938
6.4453125,952.7545776367188,26.86157989501953
6.4609375,952.7604370117188,26.87957763671875
6.4765625,952.7496948242188,26.86157989501953
6.4921875,952.7407836914062,26.866714477539062
6.5078125,952.755615234375,26.86157989501953
6.5234375,952.7413940429688,26.85900115966797
6.5390625,952.7464599609375,26.86157989501953
6.5546875,952.7389526367188,26.850555419921875
6.5703125,952.7427368164062,26.856063842773438
6.5859375,952.7473754882812,26.847976684570312
6.6015625,952.7376098632812,26.84283447265625
6.6171875,952.744873046875,26.849449157714844
6.6328125,952.7365112304688,26.86083221435547
6.6484375,952.75390625,26.850555419921875
6.6640625,952.75341796875,26.849075317382812
6.6796875,952.7263793945312,26.836219787597656
6.6953125,952.7322998046875,26.847976684570312
6.7109375,952.745361328125,26.846878051757812
6.7265625,952.7459106445312,26.838783264160156
6.7421875,952.7324829101562,26.853858947753906
6.7578125,952.7340698242188,26.846878051757812
6.7734375,952.7459106445312,26.833648681640625
6.7890625,952.7213134765625,26.836219787597656
6.8046875,952.7352905273438,26.837326049804688
6.8203125,952.7443237304688,26.830337524414062
6.8359375,952.7191162109375,26.833648681640625
6.8515625,952.7319946289062,26.820785522460938
6.8671875,952.7307739257812,26.833274841308594
6.8828125,952.743896484375,26.834373474121094
6.8984375,952.7261352539062,26.82299041748047
6.9140625,952.735107421875,26.819686889648438
6.9296875,952.7348022460938,26.819686889648438
6.9453125,952.7366333007812,26.813430786132812
6.9609375,952.7341918945312,26.812698364257812
6.9765625,952.7310791015625,26.813430786132812
6.9921875,952.7240600585938,26.820045471191406
7.0078125,952.733642578125,26.82886505126953
7.0234375,952.7315673828125,26.820045471191406
7.0390625,952.7318725585938,26.814903259277344
7.0546875,952.7313842773438,26.81232452392578
7.0703125,952.7280883789062,26.804977416992188
7.0859375,952.7244262695312,26.80608367919922
7.1015625,952.7233276367188,26.81049346923828
7.1171875,952.7249145507812,26.81122589111328
7.1328125,952.7297973632812,26.798370361328125
7.1484375,952.7237548828125,26.80425262451172
7.1640625,952.7291259765625,26.810867309570312
7.1796875,952.729736328125,26.80608367919922
7.1953125,952.716796875,26.804977416992188
7.2109375,952.7393798828125,26.816375732421875
7.2265625,952.7344360351562,26.80902099609375
7.2421875,952.749267578125,26.801300048828125
7.2578125,952.8035888671875,26.80902099609375
7.2734375,952.7409057617188,26.80608367919922
7.2890625,952.7017822265625,26.80425262451172
7.3046875,953.2305297851562,26.799468994140625
7.3203125,954.5316162109375,26.80535125732422
7.3359375,954.1953735351562,26.803504943847656
7.3515625,954.9747924804688,26.80681610107422
7.3671875,954.9495239257812,26.80866241455078
7.3828125,955.1287841796875,26.821517944335938
7.3984375,954.4991455078125,26.817481994628906
7.4140625,954.4707641601562,26.82555389404297
7.4296875,954.8739013671875,26.828506469726562
7.4453125,954.5362548828125,26.8248291015625
7.4609375,954.683349609375,26.838783264160156
7.4765625,954.4757690429688,26.846145629882812
7.4921875,953.9732055664062,26.849807739257812
7.5078125,954.6177978515625,26.854965209960938
7.5234375,954.645751953125,26.86267852783203
7.5390625,954.5001831054688,26.863037109375
7.5546875,954.044677734375,26.884353637695312
7.5703125,954.35546875,26.881423950195312
7.5859375,954.765380859375,26.892807006835938
7.6015625,954.884765625,26.906036376953125
7.6171875,954.7922973632812,26.891342163085938
7.6328125,954.2003173828125,26.919265747070312
7.6484375,954.2843627929688,26.922943115234375
7.6640625,952.9937133789062,26.929183959960938
7.6796875,952.7654418945312,26.924774169921875
7.6953125,952.7667846679688,26.944259643554688
7.7109375,952.7315673828125,26.944259643554688
7.7265625,952.742919921875,26.95160675048828
7.7421875,952.9260864257812,26.953079223632812
7.7578125,952.8544311523438,26.9688720703125
7.7734375,952.8541870117188,26.9681396484375
7.7890625,952.8433227539062,26.979896545410156
7.8046875,952.8272705078125,26.976959228515625
7.8203125,952.8114013671875,26.993499755859375
7.8359375,952.8016357421875,26.993125915527344
7.8515625,952.8129272460938,26.989089965820312
7.8671875,952.8072509765625,26.996810913085938
7.8828125,952.8073120117188,27.00452423095703
7.8984375,952.7979736328125,27.01775360107422
7.9140625,952.7933349609375,27.010040283203125
7.9296875,952.7871704101562,27.027305603027344
7.9453125,952.7936401367188,27.012611389160156
7.9609375,952.7826538085938,27.026199340820312
7.9765625,952.7767944335938,27.009307861328125
7.9921875,952.7841186523438,27.012611389160156
8.0078125,952.7689819335938,27.024742126464844
8.0234375,952.7724609375,27.02178955078125
8.0390625,952.7740478515625,27.011871337890625
8.0546875,952.7682495117188,27.02069091796875
8.0703125,952.770263671875,27.012237548828125
8.0859375,952.7699584960938,27.01848602294922
8.1015625,952.7760009765625,27.012611389160156
8.1171875,952.7628784179688,27.014076232910156
8.1328125,952.77734375,27.010406494140625
8.1484375,952.7692260742188,27.00452423095703
8.1640625,952.76513671875,27.0023193359375
8.1796875,952.7612915039062,26.996810913085938
8.1953125,952.7536010742188,27.007102966308594
8.2109375,952.7600708007812,26.99828338623047
8.2265625,952.7603149414062,26.993499755859375
8.2421875,952.7615356445312,26.994232177734375
8.2578125,952.75390625,26.990188598632812
8.2734375,952.74755859375,26.995330810546875
8.2890625,952.7540283203125,26.98320770263672
8.3046875,952.7510986328125,26.981002807617188
8.3203125,952.758544921875,26.980270385742188
8.3359375,952.750732421875,26.979537963867188
8.3515625,952.7584228515625,26.9681396484375
8.3671875,952.759033203125,26.9681396484375
8.3828125,952.7537231445312,26.9681396484375
8.3984375,952.7650756835938,26.96666717529297
8.4140625,952.7493286132812,26.960800170898438
8.4296875,952.7571411132812,26.95233917236328
8.4453125,952.7568359375,26.9652099609375
8.4609375,952.7391357421875,26.961532592773438
8.4765625,952.7567138671875,26.955642700195312
8.4921875,952.7494506835938,26.961532592773438
8.5078125,952.7345581054688,26.961532592773438
8.5234375,952.7477416992188,26.955642700195312
8.5390625,952.744140625,26.951980590820312
8.5546875,952.7389526367188,26.951980590820312
8.5703125,952.7437133789062,26.94792938232422
8.5859375,952.743408203125,26.953079223632812
8.6015625,952.7467651367188,26.943893432617188
8.6171875,952.7411499023438,26.9324951171875
8.6328125,952.73583984375,26.938751220703125
8.6484375,952.7423706054688,26.940582275390625
8.6640625,952.73779296875,26.9324951171875
8.6796875,952.7537231445312,26.934341430664062
8.6953125,952.7550659179688,26.927352905273438
8.7109375,952.749755859375,26.937644958496094
8.7265625,952.7465209960938,26.936904907226562
8.7421875,952.7542114257812,26.934341430664062
8.7578125,952.747314453125,26.929183959960938
8.7734375,952.7301635742188,26.922210693359375
8.7890625,952.7528076171875,26.925521850585938
8.8046875,952.74951171875,26.916702270507812
8.8203125,952.75341796875,26.922210693359375
8.8359375,952.7664794921875,26.920005798339844
8.8515625,952.75732421875,26.917800903320312
8.8671875,952.727783203125,26.918533325195312
8.8828125,952.7369384765625,26.919265747070312
8.8984375,952.7476196289062,26.917434692382812
8.9140625,952.7599487304688,26.8983154296875
8.9296875,952.7473754882812,26.904571533203125
8.9453125,952.7360229492188,26.910446166992188
8.9609375,952.743896484375,26.891342163085938
8.9765625,952.726318359375,26.91229248046875
8.9921875,952.756591796875,26.91559600830078
9.0078125,952.7383422851562,26.91302490234375
9.0234375,952.7380981445312,26.902725219726562
9.0390625,952.71435546875,26.910446166992188
9.0546875,952.6349487304688,26.902725219726562
9.0703125,952.6253051757812,26.902725219726562
9.0859375,952.612060546875,26.91118621826172
9.1015625,952.5818481445312,26.917800903320312
9.1171875,952.5933227539062,26.91485595703125
9.1328125,952.5110473632812,26.91485595703125
9.1484375,952.907470703125,26.924774169921875
9.1640625,952.9867553710938,26.921112060546875
9.1796875,952.9068603515625,26.922943115234375
9.1953125,954.4154663085938,26.9324951171875
9.2109375,953.6184692382812,26.929183959960938
9.2265625,953.7794799804688,26.928451538085938
9.2421875,953.339111328125,26.936546325683594
9.2578125,954.0728759765625,26.944992065429688
9.2734375,952.979736328125,26.953079223632812
9.2890625,953.8457641601562,26.96741485595703
9.3046875,953.1755981445312,26.972549438476562
9.3203125,954.1051635742188,26.987991333007812
9.3359375,953.9699096679688,26.993873596191406
9.3515625,954.0289916992188,27.004150390625
9.3671875,953.2754516601562,27.02105712890625
9.3828125,954.049560546875,27.043106079101562
9.3984375,953.4603881835938,27.040908813476562
9.4140625,953.3944091796875,27.060020446777344
9.4296875,953.7667846679688,27.05596923828125
9.4453125,953.6618041992188,27.07581329345703
9.4609375,953.653564453125,27.082794189453125
9.4765625,952.705810546875,27.097129821777344
9.4921875,952.7521362304688,27.10411834716797
9.5078125,952.763671875,27.10852813720703
9.5234375,952.5859375,27.10962677001953
9.5390625,952.6272583007812,27.12762451171875
9.5546875,952.7611694335938,27.13939666748047
9.5703125,952.6978149414062,27.16290283203125
9.5859375,952.7288208007812,27.163650512695312
9.6015625,952.706787109375,27.15997314453125
9.6171875,952.7542724609375,27.171722412109375
9.6328125,952.7990112304688,27.17650604248047
9.6484375,952.826904296875,27.18091583251953
9.6640625,952.8095092773438,27.186431884765625
9.6796875,952.8231811523438,27.19451904296875
9.6953125,952.8150024414062,27.184593200683594
9.7109375,952.8045043945312,27.19928741455078
9.7265625,952.8190307617188,27.201133728027344
9.7421875,952.8084716796875,27.211410522460938
9.7578125,952.7999877929688,27.205543518066406
9.7734375,952.7891845703125,27.217666625976562
9.7890625,952.7862548828125,27.21802520751953
9.8046875,952.7886352539062,27.21692657470703
9.8203125,952.7915649414062,27.217666625976562
9.8359375,952.783203125,27.219871520996094
9.8515625,952.796630859375,27.21802520751953
9.8671875,952.7838134765625,27.21619415283203
9.8828125,952.7896118164062,27.218772888183594
9.8984375,952.79052734375,27.219871520996094
9.9140625,952.7745361328125,27.207000732421875
9.9296875,952.7821655273438,27.209205627441406
9.9453125,952.7662353515625,27.225013732910156
9.9609375,952.7964477539062,27.21436309814453
9.9765625,952.7864379882812,27.19672393798828
9.9921875,952.77099609375,27.202232360839844
10.0078125,952.7811279296875,27.202964782714844
10.0234375,952.7770385742188,27.19744873046875
10.0390625,952.7799682617188,27.21436309814453
10.0546875,952.7745971679688,27.206642150878906
10.0703125,952.78271484375,27.19928741455078
10.0859375,952.7748413085938,27.193771362304688
10.1015625,952.7778930664062,27.18164825439453
10.1171875,952.7862548828125,27.167312622070312
10.1328125,952.7782592773438,27.18018341064453
10.1484375,952.7747192382812,27.1768798828125
10.1640625,952.7708129882812,27.182388305664062
10.1796875,952.7882080078125,27.17908477783203
10.1953125,952.77880859375,27.1768798828125
10.2109375,952.776123046875,27.173927307128906
10.2265625,952.7783203125,27.16290283203125
10.2421875,952.7772216796875,27.165855407714844
10.2578125,952.7649536132812,27.16107177734375
10.2734375,952.7704467773438,27.155929565429688
10.2890625,952.7710571289062,27.15959930419922
10.3046875,952.7672729492188,27.16033935546875
10.3203125,952.7763671875,27.149673461914062
10.3359375,952.7759399414062,27.153350830078125
10.3515625,952.7637329101562,27.149673461914062
10.3671875,952.7633666992188,27.14453125
10.3828125,952.7747192382812,27.14453125
10.3984375,952.7747192382812,27.150779724121094
10.4140625,952.7718505859375,27.147109985351562
10.4296875,952.7672729492188,27.137924194335938
10.4453125,952.7759399414062,27.137924194335938
10.4609375,952.77294921875,27.134986877441406
10.4765625,952.7738647460938,27.134986877441406
10.4921875,952.7631225585938,27.134239196777344
10.5078125,952.749267578125,27.134986877441406
10.5234375,952.7738647460938,27.14049530029297
10.5390625,952.7654418945312,27.118072509765625
10.5546875,952.7489013671875,27.10668182373047
10.5703125,952.7447509765625,27.116600036621094
10.5859375,952.7540893554688,27.119911193847656
10.6015625,952.7478637695312,27.10778045654297
10.6171875,952.7603759765625,27.10778045654297
10.6328125,952.7645263671875,27.113662719726562
10.6484375,952.7484130859375,27.10411834716797
10.6640625,952.7617797851562,27.101539611816406
10.6796875,952.758544921875,27.10411834716797
10.6953125,952.7504272460938,27.097503662109375
10.7109375,952.75341796875,27.095298767089844
10.7265625,952.7531127929688,27.100433349609375
10.7421875,952.7470703125,27.10668182373047
10.7578125,952.7531127929688,27.093093872070312
10.7734375,952.7606811523438,27.08647918701172
10.7890625,952.7445068359375,27.08868408203125
10.8046875,952.764404296875,27.077659606933594
10.8203125,952.7562255859375,27.080963134765625
10.8359375,952.7691040039062,27.079116821289062
10.8515625,952.7515258789062,27.077659606933594
10.8671875,952.7562255859375,27.079116821289062
10.8828125,952.7503662109375,27.07324981689453
10.8984375,952.7432861328125,27.05927276611328
10.9140625,952.7363891601562,27.080223083496094
10.9296875,952.7576293945312,27.07324981689453
10.9453125,952.755859375,27.070297241210938
10.9609375,952.74951171875,27.073974609375
10.9765625,952.7688598632812,27.05596923828125
10.9921875,952.8042602539062,27.065887451171875
11.0078125,952.7807006835938,27.05633544921875
11.0234375,952.7660522460938,27.063682556152344
11.0390625,952.8086547851562,27.065887451171875
11.0546875,952.8955078125,27.060379028320312
11.0703125,952.8991088867188,27.062225341796875
11.0859375,953.0045166015625,27.05706787109375
11.1015625,953.8357543945312,27.051559448242188
11.1171875,953.2282104492188,27.05927276611328
11.1328125,953.8736572265625,27.061477661132812
11.1484375,954.2470092773438,27.043106079101562
11.1640625,954.318115234375,27.05633544921875
11.1796875,953.3817138671875,27.05596923828125
11.1953125,954.4549560546875,27.07581329345703
11.2109375,953.7635498046875,27.063682556152344
11.2265625,954.2819213867188,27.07581329345703
11.2421875,954.1864013671875,27.095657348632812
11.2578125,953.7453002929688,27.112937927246094
11.2734375,954.0014038085938,27.119911193847656
11.2890625,954.4977416992188,27.12652587890625
11.3046875,954.503173828125,27.118446350097656
11.3203125,954.391845703125,27.12873077392578
11.3359375,953.6959838867188,27.134239196777344
11.3515625,953.905517578125,27.13939666748047
11.3671875,954.1002197265625,27.155189514160156
11.3828125,954.9267578125,27.168418884277344
11.3984375,954.5938720703125,27.16033935546875
11.4140625,954.56201171875,27.18091583251953
11.4296875,954.4774780273438,27.18274688720703
11.4453125,954.5892944335938,27.210678100585938
11.4609375,953.948974609375,27.204071044921875
11.4765625,954.0474853515625,27.226844787597656
11.4921875,954.295654296875,27.240447998046875
11.5078125,953.9447631835938,27.243759155273438
11.5234375,954.22216796875,27.253677368164062
11.5390625,953.7632446289062,27.263229370117188
11.5546875,953.4411010742188,27.272789001464844
11.5703125,953.1485595703125,27.275352478027344
11.5859375,952.622802734375,27.28858184814453
11.6015625,952.9420776367188,27.298873901367188
11.6171875,952.84326171875,27.30365753173828
11.6328125,952.8353881835938,27.30512237548828
11.6484375,952.870849609375,27.311004638671875
11.6640625,953.0650024414062,27.328269958496094
11.6796875,952.8995361328125,27.340042114257812
11.6953125,952.8892211914062,27.33856201171875
11.7109375,952.8286743164062,27.37311553955078
11.7265625,952.8285522460938,27.366859436035156
11.7421875,952.8123168945312,27.360610961914062
11.7578125,952.8206787109375,27.384140014648438
11.7734375,952.8098754882812,27.37494659423828
11.7890625,952.816162109375,27.387802124023438
11.8046875,952.8245849609375,27.398101806640625
11.8203125,952.8071899414062,27.402877807617188
11.8359375,952.8058471679688,27.402877807617188
11.8515625,952.8081665039062,27.40839385986328
11.8671875,952.817626953125,27.40692138671875
11.8828125,952.8056030273438,27.41022491455078
11.8984375,952.8148193359375,27.417213439941406
11.9140625,952.8114013671875,27.40692138671875
11.9296875,952.8145751953125,27.398468017578125
11.9453125,952.7999877929688,27.402877807617188
11.9609375,952.801513671875,27.40692138671875
11.9765625,952.7947998046875,27.402877807617188
11.9921875,952.8003540039062,27.385971069335938
12.0078125,952.7868041992188,27.402877807617188
12.0234375,952.801513671875,27.382293701171875
12.0390625,952.7924194335938,27.403610229492188
12.0546875,952.7849731445312,27.399200439453125
12.0703125,952.8006591796875,27.383392333984375
12.0859375,952.7972412109375,27.384140014648438
12.1015625,952.7985229492188,27.359886169433594
12.1171875,952.7824096679688,27.360610961914062
12.1328125,952.803955078125,27.353271484375
12.1484375,952.796142578125,27.37053680419922
12.1640625,952.7852783203125,27.362091064453125
12.1796875,952.7969360351562,27.37126922607422
12.1953125,952.7882690429688,27.34040069580078
12.2109375,952.794189453125,27.344810485839844
12.2265625,952.7809448242188,27.342971801757812
12.2421875,952.7699584960938,27.330474853515625
12.2578125,952.7752685546875,27.326812744140625
12.2734375,952.7611694335938,27.32019805908203
12.2890625,952.7713012695312,27.32276153564453
12.3046875,952.7691040039062,27.31578826904297
12.3203125,952.7708129882812,27.292633056640625
12.3359375,952.7578125,27.311378479003906
12.3515625,952.7662353515625,27.30365753173828
12.3671875,952.7600708007812,27.299606323242188
12.3828125,952.7656860351562,27.297042846679688
12.3984375,952.7630004882812,27.295570373535156
12.4140625,952.7575073242188,27.281234741210938
12.4296875,952.759033203125,27.292266845703125
12.4453125,952.7498779296875,27.28858184814453
12.4609375,952.7711791992188,27.291160583496094
12.4765625,952.7593383789062,27.28675079345703
12.4921875,952.7523803710938,27.26911163330078
12.5078125,952.7632446289062,27.26837921142578
12.5234375,952.7446899414062,27.255149841308594
12.5390625,952.7402954101562,27.26396942138672
12.5546875,952.7430419921875,27.259185791015625
12.5703125,952.7503051757812,27.24779510498047
12.5859375,952.7659301757812,27.240821838378906
12.6015625,952.7550659179688,27.25220489501953
12.6171875,952.7400512695312,27.256614685058594
12.6328125,952.7380981445312,27.240447998046875
12.6484375,952.741943359375,27.240821838378906
12.6640625,952.7388916015625,27.24523162841797
12.6796875,952.7584838867188,27.236412048339844
12.6953125,952.736083984375,27.23456573486328
12.7109375,952.7467041015625,27.23272705078125
12.7265625,952.7525024414062,27.23125457763672
12.7421875,952.743896484375,27.22759246826172
12.7578125,952.7406005859375,27.225013732910156
12.7734375,952.7617797851562,27.221710205078125
12.7890625,952.753173828125,27.221710205078125
12.8046875,952.7466430664062,27.219497680664062
12.8203125,952.7398071289062,27.209205627441406
12.8359375,952.7417602539062,27.21802520751953
12.8515625,952.7354736328125,27.221710205078125
12.8671875,952.7359008789062,27.218772888183594
12.8828125,952.7587890625,27.21692657470703
12.8984375,952.7581176757812,27.210678100585938
12.9140625,952.7371826171875,27.205902099609375
12.9296875,952.7431640625,27.206268310546875
12.9453125,952.7504272460938,27.198928833007812
12.9609375,952.7501831054688,27.207374572753906
12.9765625,952.7517700195312,27.19414520263672
12.9921875,952.7342529296875,27.200027465820312
13.0078125,952.7408447265625,27.203697204589844
13.0234375,952.723876953125,27.19487762451172
13.0390625,952.734375,27.203697204589844
13.0546875,952.7567749023438,27.200027465820312
13.0703125,952.7138671875,27.198928833007812
13.0859375,952.6934814453125,27.187530517578125
13.1015625,952.7784423828125,27.207000732421875
13.1171875,953.5465698242188,27.187530517578125
13.1328125,953.6635131835938,27.199661254882812
13.1484375,955.0458984375,27.190841674804688
13.1640625,955.1554565429688,27.19231414794922
13.1796875,955.3446655273438,27.187156677246094
13.1953125,955.2540283203125,27.207748413085938
13.2109375,955.7130737304688,27.215087890625
13.2265625,954.8031616210938,27.21692657470703
13.2421875,955.2313232421875,27.208480834960938
13.2578125,955.0545043945312,27.240447998046875
13.2734375,954.5449829101562,27.24706268310547
13.2890625,955.1287841796875,27.252578735351562
13.3046875,955.7229614257812,27.259559631347656
13.3203125,955.5202026367188,27.278663635253906
13.3359375,955.3377075195312,27.297042846679688
13.3515625,954.9517211914062,27.308425903320312
13.3671875,954.9677124023438,27.311004638671875
13.3828125,954.4067993164062,27.309906005859375
13.3984375,954.2227783203125,27.33819580078125
13.4140625,955.052490234375,27.350318908691406
13.4296875,955.007080078125,27.357681274414062
13.4453125,954.9822387695312,27.37494659423828
13.4609375,955.0955200195312,27.385238647460938
13.4765625,954.4601440429688,27.417938232421875
13.4921875,954.5667114257812,27.422348022460938
13.5078125,954.8907470703125,27.433006286621094
13.5234375,954.4715576171875,27.434478759765625
13.5390625,954.2464599609375,27.435577392578125
13.5546875,953.5548706054688,27.45690155029297
13.5703125,953.6423950195312,27.470855712890625
13.5859375,954.1038208007812,27.47930908203125
13.6015625,953.4087524414062,27.485191345214844
13.6171875,952.7523193359375,27.490333557128906
13.6328125,952.5872192382812,27.526710510253906
13.6484375,952.712890625,27.536636352539062
13.6640625,952.6755981445312,27.52745819091797
13.6796875,952.7852172851562,27.537002563476562
13.6953125,952.8101196289062,27.54986572265625
13.7109375,952.8950805664062,27.556121826171875
13.7265625,952.8341064453125,27.5675048828125
13.7421875,952.8956298828125,27.571914672851562
13.7578125,952.8613891601562,27.579627990722656
13.7734375,952.8711547851562,27.595436096191406
13.7890625,952.8380126953125,27.6002197265625
13.8046875,952.8265380859375,27.611602783203125
13.8203125,952.818115234375,27.611244201660156
13.8359375,952.821044921875,27.614181518554688
13.8515625,952.8219604492188,27.624832153320312
13.8671875,952.8146362304688,27.628135681152344
13.8828125,952.8226928710938,27.627410888671875
13.8984375,952.8167114257812,27.625572204589844
13.9140625,952.810546875,27.627410888671875
13.9296875,952.8106689453125,27.627410888671875
13.9453125,952.8041381835938,27.629608154296875
13.9609375,952.7971801757812,27.628883361816406
13.9765625,952.79833984375,27.614181518554688
13.9921875,952.796875,27.614906311035156
14.0078125,952.7789916992188,27.628883361816406
14.0234375,952.8048706054688,27.616378784179688
14.0390625,952.8125610351562,27.609397888183594
14.0546875,952.8131103515625,27.627410888671875
14.0703125,952.8047485351562,27.625572204589844
14.0859375,952.8045654296875,27.602783203125
14.1015625,952.7908935546875,27.58588409423828
14.1171875,952.8006591796875,27.6002197265625
14.1328125,952.7907104492188,27.598739624023438
14.1484375,952.7988891601562,27.58844757080078
14.1640625,952.7949829101562,27.586990356445312
14.1796875,952.8067016601562,27.58403778076172
14.1953125,952.8016357421875,27.577796936035156
14.2109375,952.796875,27.575965881347656
14.2265625,952.7930908203125,27.560890197753906
14.2421875,952.7903442382812,27.56383514404297
14.2578125,952.7918701171875,27.55023193359375
14.2734375,952.7970581054688,27.560157775878906
14.2890625,952.7914428710938,27.556121826171875
14.3046875,952.7862548828125,27.544349670410156
14.3203125,952.7964477539062,27.543624877929688
14.3359375,952.79638671875,27.537002563476562
14.3515625,952.7927856445312,27.537002563476562
14.3671875,952.7957763671875,27.544349670410156
14.3828125,952.7899169921875,27.537002563476562
14.3984375,952.7843627929688,27.5322265625
14.4140625,952.7899169921875,27.518264770507812
14.4296875,952.798095703125,27.519363403320312
14.4453125,952.7999877929688,27.523048400878906
14.4609375,952.7877807617188,27.517532348632812
14.4765625,952.7949829101562,27.51679229736328
14.4921875,952.7871704101562,27.51275634765625
14.5078125,952.7903442382812,27.507614135742188
14.5234375,952.7969970703125,27.501358032226562
14.5390625,952.792236328125,27.4954833984375
14.5546875,952.797607421875,27.47930908203125
14.5703125,952.78466796875,27.47820281982422
14.5859375,952.7958984375,27.47710418701172
14.6015625,952.789794921875,27.47563934326172
14.6171875,952.7896728515625,27.47747802734375
14.6328125,952.8017578125,27.458358764648438
14.6484375,952.7879638671875,27.455429077148438
14.6640625,952.7877197265625,27.44623565673828
14.6796875,952.7724609375,27.453590393066406
14.6953125,952.7875366210938,27.452117919921875
14.7109375,952.7872924804688,27.435577392578125
14.7265625,952.7791748046875,27.44550323486328
14.7421875,952.7866821289062,27.440719604492188
14.7578125,952.7796020507812,27.44367218017578
14.7734375,952.7787475585938,27.451385498046875
14.7890625,952.7807006835938,27.430442810058594
14.8046875,952.7780151367188,27.435577392578125
14.8203125,952.7791748046875,27.42603302001953
14.8359375,952.7775268554688,27.44219970703125
14.8515625,952.7791748046875,27.433006286621094
14.8671875,952.7741088867188,27.42713165283203
14.8828125,952.7770385742188,27.4256591796875
14.8984375,952.7632446289062,27.417213439941406
14.9140625,952.7647705078125,27.421981811523438
14.9296875,952.7777709960938,27.423828125
14.9453125,952.7815551757812,27.417938232421875
14.9609375,952.783935546875,27.402877807617188
14.9765625,952.7704467773438,27.422348022460938
14.9921875,952.7772216796875,27.412429809570312
15.0078125,952.7601318359375,27.41022491455078
15.0234375,952.776611328125,27.385971069335938
15.0390625,952.814208984375,27.402877807617188
15.0546875,953.3675537109375,27.39111328125
15.0703125,954.2153930664062,27.40654754638672
15.0859375,954.638427734375,27.3892822265625
15.1015625,955.60888671875,27.390380859375
15.1171875,954.9478149414062,27.412429809570312
15.1328125,955.5313110351562,27.402877807617188
15.1484375,955.8804321289062,27.397369384765625
15.1640625,955.652099609375,27.402877807617188
15.1796875,955.7391357421875,27.40692138671875
15.1953125,955.9649658203125,27.422348022460938
15.2109375,955.8663330078125,27.42272186279297
15.2265625,956.6415405273438,27.42859649658203
15.2421875,956.2349243164062,27.44146728515625
15.2578125,955.1766967773438,27.435577392578125
15.2734375,955.0156860351562,27.44367218017578
15.2890625,955.860107421875,27.455429077148438
15.3046875,956.044921875,27.47637176513672
15.3203125,955.5142822265625,27.47820281982422
15.3359375,956.4532470703125,27.489601135253906
15.3515625,955.7894287109375,27.503936767578125
15.3671875,955.1901245117188,27.51679229736328
15.3828125,954.7090454101562,27.531494140625
15.3984375,956.0161743164062,27.544349670410156
15.4140625,955.5330200195312,27.556121826171875
15.4296875,954.7385864257812,27.571914672851562
15.4453125,954.7426147460938,27.5675048828125
15.4609375,954.406005859375,27.60167694091797
15.4765625,954.452392578125,27.594703674316406
15.4921875,953.933349609375,27.611244201660156
15.5078125,953.7271118164062,27.631446838378906
15.5234375,953.7907104492188,27.63512420654297
15.5390625,953.1002197265625,27.642471313476562
15.5546875,952.8212280273438,27.661956787109375
15.5703125,952.8272705078125,27.649459838867188
15.5859375,952.8655395507812,27.659751892089844
15.6015625,952.7374267578125,27.667098999023438
15.6171875,952.8194580078125,27.685836791992188
15.6328125,952.86669921875,27.685836791992188
15.6484375,952.8594970703125,27.694656372070312
15.6640625,952.8914794921875,27.70384979248047
15.6796875,952.818359375,27.699066162109375
15.6953125,952.8118286132812,27.72589874267578
15.7109375,952.837890625,27.718910217285156
15.7265625,952.845458984375,27.721847534179688
15.7421875,952.8326416015625,27.72405242919922
15.7578125,952.8245239257812,27.72479248046875
15.7734375,952.8341064453125,27.739852905273438
15.7890625,952.8338012695312,27.718177795410156
15.8046875,952.8298950195312,27.734344482421875
15.8203125,952.8267211914062,27.733970642089844
15.8359375,952.8153076171875,27.734344482421875
15.8515625,952.8214111328125,27.731407165527344
15.8671875,952.8251953125,27.736549377441406
15.8828125,952.8095703125,27.738754272460938
15.8984375,952.8092041015625,27.736549377441406
15.9140625,952.80419921875,27.739852905273438
15.9296875,952.8218383789062,27.731765747070312
15.9453125,952.8037109375,27.722213745117188
15.9609375,952.8075561523438,27.722946166992188
15.9765625,952.8076171875,27.722946166992188
15.9921875,952.8027954101562,27.719642639160156
16.0078125,952.7922973632812,27.72625732421875
16.0234375,952.8080444335938,27.716705322265625
16.0390625,952.7998046875,27.715972900390625
16.0546875,952.8069458007812,27.72589874267578
16.0703125,952.79296875,27.715972900390625
16.0859375,952.7919311523438,27.7078857421875
16.1015625,952.7882080078125,27.696128845214844
16.1171875,952.7899780273438,27.68951416015625
16.1328125,952.7732543945312,27.681427001953125
16.1484375,952.7825317382812,27.67040252685547
16.1640625,952.8035888671875,27.676284790039062
16.1796875,952.7737426757812,27.679595947265625
16.1953125,952.7942504882812,27.6707763671875
16.2109375,952.7803955078125,27.65423583984375
16.2265625,952.7888793945312,27.65679931640625
16.2421875,952.7640380859375,27.647621154785156
16.2578125,952.778076171875,27.65900421142578
16.2734375,952.7910766601562,27.643211364746094
16.2890625,952.7818603515625,27.649459838867188
16.3046875,952.78125,27.63585662841797
16.3203125,952.7769165039062,27.628135681152344
16.3359375,952.762939453125,27.640640258789062
16.3515625,952.7659912109375,27.614906311035156
16.3671875,952.775390625,27.62042236328125
16.3828125,952.7883911132812,27.62152099609375
16.3984375,952.7863159179688,27.627410888671875
16.4140625,952.783203125,27.611244201660156
16.4296875,952.7899780273438,27.607559204101562
16.4453125,952.7836303710938,27.607559204101562
16.4609375,952.7871704101562,27.607559204101562
16.4765625,952.79443359375,27.60167694091797
16.4921875,952.7704467773438,27.606834411621094
16.5078125,952.7769165039062,27.589195251464844
16.5234375,952.7793579101562,27.60608673095703
16.5390625,952.77685546875,27.59911346435547
16.5546875,952.773193359375,27.578903198242188
16.5703125,952.7622680664062,27.586990356445312
16.5859375,952.7774047851562,27.592857360839844
16.6015625,952.762451171875,27.577423095703125
16.6171875,952.7782592773438,27.575592041015625
16.6328125,952.7720947265625,27.556854248046875
16.6484375,952.7666015625,27.5675048828125
16.6640625,952.7628784179688,27.56639862060547
16.6796875,952.7802124023438,27.556480407714844
16.6953125,952.7677612304688,27.551712036132812
16.7109375,952.7816162109375,27.554275512695312
16.7265625,952.77294921875,27.544349670410156
16.7421875,952.7809448242188,27.54840087890625
16.7578125,952.7682495117188,27.53553009033203
16.7734375,952.7740478515625,27.551712036132812
16.7890625,952.7786254882812,27.554275512695312
16.8046875,952.7734985351562,27.54913330078125
16.8203125,952.7754516601562,27.552444458007812
16.8359375,952.7763671875,27.54875946044922
16.8515625,952.7700805664062,27.55023193359375
16.8671875,952.7833251953125,27.538841247558594
16.8828125,953.0924072265625,27.537002563476562
16.8984375,953.6002197265625,27.5322265625
16.9140625,954.5524291992188,27.525253295898438
16.9296875,954.6412963867188,27.521942138671875
16.9453125,955.1751098632812,27.527084350585938
16.9609375,955.8546752929688,27.51605987548828
16.9765625,955.6442260742188,27.51679229736328
16.9921875,955.64599609375,27.53002166748047
17.0078125,956.2711791992188,27.51679229736328
17.0234375,957.1205444335938,27.53369903564453
17.0390625,955.5606079101562,27.523773193359375
17.0546875,955.4473876953125,27.543991088867188
17.0703125,955.2262573242188,27.52745819091797
17.0859375,953.9768676757812,27.54840087890625
17.1015625,953.5374145507812,27.531494140625
17.1171875,955.5055541992188,27.558685302734375
17.1328125,957.0615234375,27.568603515625
17.1484375,956.3800048828125,27.56456756591797
17.1640625,955.8834228515625,27.575965881347656
17.1796875,955.8243408203125,27.593963623046875
17.1953125,955.8201293945312,27.58514404296875
17.2109375,956.1508178710938,27.609397888183594
17.2265625,955.0333862304688,27.622268676757812
17.2421875,955.5520629882812,27.62152099609375
17.2578125,955.4494018554688,27.6365966796875
17.2734375,955.2813720703125,27.63695526123047
17.2890625,954.1543579101562,27.65644073486328
17.3046875,954.2852783203125,27.660850524902344
17.3203125,954.0647583007812,27.663414001464844
17.3359375,953.977783203125,27.679595947265625
17.3515625,953.7618408203125,27.675918579101562
17.3671875,953.780029296875,27.685104370117188
17.3828125,953.219970703125,27.70825958251953
17.3984375,953.3010864257812,27.717079162597656
17.4140625,953.091552734375,27.722946166992188
17.4296875,953.1058959960938,27.739852905273438
17.4453125,952.966552734375,27.748306274414062
17.4609375,952.9332885742188,27.750152587890625
17.4765625,952.8820190429688,27.750885009765625
17.4921875,952.8463134765625,27.77623748779297
17.5078125,952.8385620117188,27.786163330078125
17.5234375,952.8384399414062,27.79901885986328
17.5390625,952.8306884765625,27.804901123046875
17.5546875,952.8409423828125,27.801963806152344
17.5703125,952.8280029296875,27.816299438476562
17.5859375,952.821044921875,27.806732177734375
17.6015625,952.8225708007812,27.807479858398438
17.6171875,952.82373046875,27.809310913085938
17.6328125,952.816162109375,27.81334686279297
17.6484375,952.8123779296875,27.806732177734375
17.6640625,952.8087158203125,27.824745178222656
17.6796875,952.8027954101562,27.83062744140625
17.6953125,952.8224487304688,27.816299438476562
17.7109375,952.8042602539062,27.8148193359375
17.7265625,952.80419921875,27.808937072753906
17.7421875,952.8011474609375,27.816299438476562
17.7578125,952.8013305664062,27.808578491210938
17.7734375,952.80419921875,27.803070068359375
17.7890625,952.8005981445312,27.80011749267578
17.8046875,952.7901611328125,27.808212280273438
17.8203125,952.78076171875,27.810043334960938
17.8359375,952.7737426757812,27.786163330078125
17.8515625,952.7869873046875,27.79828643798828
17.8671875,952.7869873046875,27.781021118164062
17.8828125,952.7876586914062,27.7791748046875
17.8984375,952.7857055664062,27.78247833251953
17.9140625,952.78662109375,27.769248962402344
17.9296875,952.7943725585938,27.786163330078125
17.9453125,952.7846069335938,27.770721435546875
17.9609375,952.7782592773438,27.769996643066406
17.9765625,952.7973022460938,27.76300811767578
17.9921875,952.7793579101562,27.754920959472656
18.0078125,952.7827758789062,27.75970458984375
18.0234375,952.776611328125,27.76042938232422
18.0390625,952.8012084960938,27.7413330078125
18.0546875,952.7741088867188,27.734718322753906
18.0703125,952.7913818359375,27.730308532714844
18.0859375,952.7796630859375,27.72479248046875
18.1015625,952.7797241210938,27.72846221923828
18.1171875,952.774658203125,27.72515106201172
18.1328125,952.7642211914062,27.738380432128906
18.1484375,952.7852172851562,27.72772979736328
18.1640625,952.7703857421875,27.714500427246094
18.1796875,952.7655029296875,27.718910217285156
18.1953125,952.7719116210938,27.714500427246094
18.2109375,952.7750854492188,27.70384979248047
18.2265625,952.7711791992188,27.696128845214844
18.2421875,952.7756958007812,27.699066162109375
18.2578125,952.7706298828125,27.69062042236328
18.2734375,952.7619018554688,27.680694580078125
18.2890625,952.7783203125,27.698333740234375
18.3046875,952.7734375,27.694656372070312
18.3203125,952.760498046875,27.685104370117188
18.3359375,952.7698364257812,27.675918579101562
18.3515625,952.7826538085938,27.67113494873047
18.3671875,952.7780151367188,27.66857147216797
18.3828125,952.767578125,27.66857147216797
18.3984375,952.77294921875,27.6715087890625
18.4140625,952.7630004882812,27.680328369140625
18.4296875,952.7662963867188,27.667098999023438
18.4453125,952.7446899414062,27.65679931640625
18.4609375,952.7640380859375,27.649459838867188
18.4765625,952.7465209960938,27.647621154785156
18.4921875,952.7660522460938,27.650558471679688
18.5078125,952.7669067382812,27.648727416992188
18.5234375,952.7548217773438,27.647621154785156
18.5390625,952.7583618164062,27.632919311523438
18.5546875,952.7664794921875,27.63695526123047
18.5703125,952.7620849609375,27.645050048828125
18.5859375,952.7545166015625,27.631088256835938
18.6015625,952.7692260742188,27.631820678710938
18.6171875,952.7555541992188,27.639907836914062
18.6328125,952.7623291015625,27.64136505126953
18.6484375,952.757080078125,27.62152099609375
18.6640625,952.7557373046875,27.625198364257812
18.6796875,952.7638549804688,27.632186889648438
18.6953125,952.7645263671875,27.62042236328125
18.7109375,952.7514038085938,27.61785888671875
18.7265625,952.759521484375,27.628135681152344
18.7421875,952.749267578125,27.611244201660156
18.7578125,952.7630004882812,27.6031494140625
18.7734375,952.841796875,27.604629516601562
18.7890625,952.8616943359375,27.61675262451172
18.8046875,953.0374145507812,27.604629516601562
18.8203125,953.1808471679688,27.609397888183594
18.8359375,953.3493041992188,27.60498809814453
18.8515625,953.7718505859375,27.610496520996094
18.8671875,953.7855224609375,27.589920043945312
18.8828125,953.8993530273438,27.60425567626953
18.8984375,954.4938354492188,27.596168518066406
18.9140625,954.929443359375,27.60167694091797
18.9296875,953.3711547851562,27.610496520996094
18.9453125,956.149169921875,27.610496520996094
18.9609375,956.3794555664062,27.614547729492188
18.9765625,956.857421875,27.611244201660156
18.9921875,957.2855224609375,27.61931610107422
19.0078125,956.0224609375,27.622268676757812
19.0234375,956.273193359375,27.632186889648438
19.0390625,956.487060546875,27.649459838867188
19.0546875,956.3170776367188,27.6715087890625
19.0703125,956.275146484375,27.681427001953125
19.0859375,956.4598388671875,27.693557739257812
19.1015625,955.56396484375,27.685462951660156
19.1171875,955.8518676757812,27.712295532226562
19.1328125,955.5634155273438,27.719642639160156
19.1484375,956.4027709960938,27.738021850585938
19.1640625,956.6127319335938,27.743896484375
19.1796875,955.3982543945312,27.742431640625
19.1953125,955.7383422851562,27.747573852539062
19.2109375,955.1444091796875,27.767417907714844
19.2265625,954.6145629882812,27.76483917236328
19.2421875,954.2423095703125,27.774765014648438
19.2578125,954.6038818359375,27.79901885986328
19.2734375,954.0862426757812,27.81334686279297
19.2890625,953.6862182617188,27.807479858398438
19.3046875,953.0550537109375,27.818862915039062
19.3203125,952.8859252929688,27.820335388183594
19.3359375,952.8848266601562,27.842010498046875
19.3515625,952.9312133789062,27.840179443359375
19.3671875,952.9244384765625,27.842384338378906
19.3828125,953.0274658203125,27.855613708496094
19.3984375,952.8900756835938,27.857818603515625
19.4140625,952.8527221679688,27.873985290527344
19.4296875,952.8543701171875,27.88134002685547
19.4453125,952.8310546875,27.886856079101562
19.4609375,952.840576171875,27.90081787109375
19.4765625,952.8253173828125,27.88574981689453
19.4921875,952.8237915039062,27.898605346679688
19.5078125,952.8172607421875,27.90264892578125
19.5234375,952.8206787109375,27.90264892578125
19.5390625,952.82421875,27.898605346679688
19.5546875,952.8250732421875,27.913673400878906
19.5703125,952.8265380859375,27.90044403076172
19.5859375,952.829345703125,27.90229034423828
19.6015625,952.8259887695312,27.911834716796875
19.6171875,952.814453125,27.914413452148438
19.6328125,952.8146362304688,27.913673400878906
19.6484375,952.8086547851562,27.911109924316406
19.6640625,952.811279296875,27.906700134277344
19.6796875,952.8037109375,27.906700134277344
19.6953125,952.8079223632812,27.90485382080078
19.7109375,952.8064575195312,27.908531188964844
19.7265625,952.8008422851562,27.907424926757812
19.7421875,952.8038330078125,27.898605346679688
19.7578125,952.8029174804688,27.890892028808594
19.7734375,952.7991943359375,27.896408081054688
19.7890625,952.810546875,27.894927978515625
19.8046875,952.7924194335938,27.896034240722656
19.8203125,952.8115234375,27.887954711914062
19.8359375,952.807861328125,27.891624450683594
19.8515625,952.7979736328125,27.888687133789062
19.8671875,952.800048828125,27.874725341796875
19.8828125,952.7927856445312,27.86773681640625
19.8984375,952.7849731445312,27.872146606445312
19.9140625,952.7781982421875,27.86737060546875
19.9296875,952.798583984375,27.873626708984375
19.9453125,952.790283203125,27.855987548828125
19.9609375,952.7987060546875,27.855613708496094
19.9765625,952.7872314453125,27.859649658203125
19.9921875,952.7978515625,27.861495971679688
20.0078125,952.787841796875,27.859291076660156
20.0234375,952.7858276367188,27.836502075195312
20.0390625,952.7847290039062,27.83283233642578
20.0546875,952.7850341796875,27.836502075195312
20.0703125,952.7967529296875,27.826576232910156
20.0859375,952.7857055664062,27.80968475341797
20.1015625,952.7755737304688,27.819229125976562
20.1171875,952.7819213867188,27.820335388183594
20.1328125,952.7855834960938,27.819229125976562
20.1484375,952.7760009765625,27.8148193359375
20.1640625,952.77734375,27.804901123046875
20.1796875,952.7727661132812,27.806373596191406
20.1953125,952.766845703125,27.803802490234375
20.2109375,952.7659912109375,27.79608154296875
20.2265625,952.7659301757812,27.793502807617188
20.2421875,952.7907104492188,27.785789489746094
20.2578125,952.7684326171875,27.787994384765625
20.2734375,952.761474609375,27.781753540039062
20.2890625,952.7799682617188,27.776611328125
20.3046875,952.7550048828125,27.766685485839844
20.3203125,952.7797241210938,27.772933959960938
20.3359375,952.7635498046875,27.772933959960938
20.3515625,952.7832641601562,27.776611328125
20.3671875,952.7590942382812,27.76117706298828
20.3828125,952.7743530273438,27.745742797851562
20.3984375,952.7697143554688,27.751983642578125
20.4140625,952.75732421875,27.754188537597656
20.4296875,952.76953125,27.750511169433594
20.4453125,952.7523803710938,27.74720001220703
20.4609375,952.7562255859375,27.734718322753906
20.4765625,952.7478637695312,27.734718322753906
20.4921875,952.7687377929688,27.735443115234375
20.5078125,952.7718505859375,27.745742797851562
20.5234375,952.7404174804688,27.739852905273438
20.5390625,952.745361328125,27.732872009277344
20.5546875,952.7446899414062,27.730308532714844
20.5703125,952.7682495117188,27.731033325195312
20.5859375,952.746826171875,27.72625732421875
20.6015625,952.7840576171875,27.72405242919922
20.6171875,952.7868041992188,27.718910217285156
20.6328125,952.849609375,27.721115112304688
20.6484375,952.8666381835938,27.709716796875
20.6640625,953.0023803710938,27.722213745117188
20.6796875,953.2211303710938,27.719284057617188
20.6953125,953.1019897460938,27.714126586914062
20.7109375,954.2174682617188,27.70751190185547
20.7265625,953.528076171875,27.700897216796875
20.7421875,953.8094482421875,27.70751190185547
20.7578125,954.1033935546875,27.700164794921875
20.7734375,953.88818359375,27.710464477539062
20.7890625,954.6268310546875,27.715232849121094
20.8046875,954.3728637695312,27.72699737548828
20.8203125,953.7355346679688,27.715232849121094
20.8359375,953.9273071289062,27.730308532714844
20.8515625,954.700439453125,27.74169158935547
20.8671875,954.3313598632812,27.72772979736328
20.8828125,956.3003540039062,27.731765747070312
20.8984375,956.0383911132812,27.738754272460938
20.9140625,955.3948974609375,27.757492065429688
20.9296875,956.3099975585938,27.75676727294922
20.9453125,956.8256225585938,27.754188537597656
20.9609375,955.8170166015625,27.768150329589844
20.9765625,956.2286987304688,27.76483917236328
20.9921875,954.8758544921875,27.785057067871094
21.0078125,954.4663696289062,27.79534912109375
21.0234375,956.2367553710938,27.789466857910156
21.0390625,955.7154541015625,27.80011749267578
21.0546875,956.4269409179688,27.805999755859375
21.0703125,955.60498046875,27.804527282714844
21.0859375,954.4014892578125,27.809310913085938
21.1015625,954.1559448242188,27.818862915039062
21.1171875,954.411865234375,27.83135986328125
21.1328125,955.0673828125,27.836502075195312
21.1484375,954.2559204101562,27.850830078125
21.1640625,953.5835571289062,27.846420288085938
21.1796875,953.5048828125,27.858917236328125
21.1953125,953.2568359375,27.86737060546875
21.2109375,952.9414672851562,27.886856079101562
21.2265625,953.1544189453125,27.887954711914062
21.2421875,953.1420288085938,27.89897918701172
21.2578125,953.1340942382812,27.907424926757812
21.2734375,953.0213623046875,27.9202880859375
21.2890625,952.9085083007812,27.932785034179688
21.3046875,952.8594970703125,27.928375244140625
21.3203125,952.8370361328125,27.929847717285156
21.3359375,952.8400268554688,27.944183349609375
21.3515625,952.8295288085938,27.957412719726562
21.3671875,952.8248901367188,27.964752197265625
21.3828125,952.8267822265625,27.97247314453125
21.3984375,952.8173828125,27.97650909423828
21.4140625,952.8207397460938,27.97026824951172
21.4296875,952.806396484375,27.97394561767578
21.4453125,952.818115234375,27.994522094726562
21.4609375,952.8201293945312,27.99304962158203
21.4765625,952.8153076171875,27.993423461914062
21.4921875,952.80029296875,27.991943359375
21.5078125,952.8032836914062,27.977981567382812
21.5234375,952.8108520507812,27.967330932617188
21.5390625,952.7977294921875,27.97284698486328
21.5546875,952.7982788085938,27.97100067138672
21.5703125,952.7999877929688,27.980194091796875
21.5859375,952.804443359375,27.982025146484375
21.6015625,952.8088989257812,27.965484619140625
21.6171875,952.8023071289062,27.95777130126953
21.6328125,952.7962036132812,27.961074829101562
21.6484375,952.7947998046875,27.966232299804688
21.6640625,952.7982788085938,27.95777130126953
21.6796875,952.7986450195312,27.95189666748047
21.6953125,952.7897338867188,27.940872192382812
21.7109375,952.784423828125,27.933517456054688
21.7265625,952.7991943359375,27.944541931152344
21.7421875,952.7853393554688,27.93756866455078
21.7578125,952.7799072265625,27.930953979492188
21.7734375,952.7994995117188,27.92249298095703
21.7890625,952.7903442382812,27.926544189453125
21.8046875,952.7907104492188,27.926170349121094
21.8203125,952.785888671875,27.914047241210938
21.8359375,952.7973022460938,27.913673400878906
21.8515625,952.7877197265625,27.915145874023438
21.8671875,952.7896728515625,27.908905029296875
21.8828125,952.7830200195312,27.906700134277344
21.8984375,952.7965698242188,27.892723083496094
21.9140625,952.781982421875,27.891624450683594
21.9296875,952.782470703125,27.897506713867188
21.9453125,952.7669067382812,27.88465118408203
21.9609375,952.7716674804688,27.874725341796875
21.9765625,952.79638671875,27.876556396484375
21.9921875,952.7882690429688,27.88574981689453
22.0078125,952.7896728515625,27.875457763671875
22.0234375,952.78857421875,27.872146606445312
22.0390625,952.7650756835938,27.871047973632812
22.0546875,952.7869873046875,27.855613708496094
22.0703125,952.7813110351562,27.86663818359375
22.0859375,952.7919921875,27.873626708984375
22.1015625,952.7843017578125,27.86737060546875
22.1171875,952.7902221679688,27.86846923828125
22.1328125,952.776611328125,27.85047149658203
22.1484375,952.771240234375,27.845687866210938
22.1640625,952.770751953125,27.840179443359375
22.1796875,952.7798461914062,27.836502075195312
22.1953125,952.7818603515625,27.836502075195312
22.2109375,952.780029296875,27.822540283203125
22.2265625,952.7654418945312,27.836502075195312
22.2421875,952.78662109375,27.83098602294922
22.2578125,952.7890625,27.826576232910156
22.2734375,952.760498046875,27.821807861328125
22.2890625,952.7713012695312,27.840911865234375
22.3046875,952.7691040039062,27.822914123535156
22.3203125,952.7750854492188,27.825851440429688
22.3359375,952.7544555664062,27.818862915039062
22.3515625,952.7877807617188,27.806732177734375
22.3671875,952.7705078125,27.820335388183594
22.3828125,952.7569580078125,27.823272705078125
22.3984375,952.7703857421875,27.83062744140625
22.4140625,952.7770385742188,27.810409545898438
22.4296875,952.7709350585938,27.819961547851562
22.4453125,952.7819213867188,27.810409545898438
22.4609375,952.7738037109375,27.805274963378906
22.4765625,952.7769165039062,27.817031860351562
22.4921875,952.7876586914062,27.81334686279297
22.5078125,952.7944946289062,27.806732177734375
22.5234375,953.02099609375,27.805633544921875
22.5390625,953.1367797851562,27.79718017578125
22.5546875,954.1248168945312,27.80011749267578
22.5703125,955.0642700195312,27.80011749267578
22.5859375,956.9299926757812,27.79608154296875
22.6015625,957.228271484375,27.79608154296875
22.6171875,955.5079345703125,27.79425048828125
22.6328125,954.1209716796875,27.79901885986328
22.6484375,954.0020141601562,27.79791259765625
22.6640625,955.6727905273438,27.805633544921875
22.6796875,955.2999877929688,27.805633544921875
22.6953125,953.9923706054688,27.79645538330078
22.7109375,954.810302734375,27.808212280273438
22.7265625,954.3116455078125,27.81409454345703
22.7421875,954.3887329101562,27.816299438476562
22.7578125,955.38818359375,27.826950073242188
22.7734375,954.822265625,27.838706970214844
22.7890625,955.4405517578125,27.82842254638672
22.8046875,955.2617797851562,27.83283233642578
22.8203125,955.097412109375,27.836502075195312
22.8359375,955.1371459960938,27.845687866210938
22.8515625,955.3660888671875,27.836502075195312
22.8671875,955.0488891601562,27.84716796875
22.8828125,955.10546875,27.853782653808594
22.8984375,954.741943359375,27.86737060546875
22.9140625,954.1491088867188,27.871047973632812
22.9296875,953.973876953125,27.86516571044922
22.9453125,955.3465576171875,27.879493713378906
22.9609375,955.3497314453125,27.893096923828125
22.9765625,955.4238891601562,27.888687133789062
22.9921875,954.9609375,27.895675659179688
23.0078125,954.0773315429688,27.887588500976562
23.0234375,953.042724609375,27.907424926757812
23.0390625,953.0028686523438,27.923965454101562
23.0546875,953.3858642578125,27.925796508789062
23.0703125,953.169677734375,27.930580139160156
23.0859375,953.0679321289062,27.93829345703125
23.1015625,952.9222412109375,27.944183349609375
23.1171875,952.8306884765625,27.957412719726562
23.1328125,952.8374633789062,27.959976196289062
23.1484375,952.81982421875,27.97394561767578
23.1640625,952.8240966796875,27.967330932617188
23.1796875,952.8168334960938,27.9893798828125
23.1953125,952.8286743164062,27.99304962158203
23.2109375,952.8080444335938,28.012535095214844
23.2265625,952.8244018554688,28.00848388671875
23.2421875,952.8017578125,28.014739990234375
23.2578125,952.8084716796875,28.00995635986328
23.2734375,952.8038940429688,28.00481414794922
23.2890625,952.817626953125,28.020980834960938
23.3046875,952.8048706054688,28.022811889648438
23.3203125,952.8248291015625,28.005172729492188
23.3359375,952.8265991210938,28.00995635986328
23.3515625,952.8008422851562,28.001869201660156
23.3671875,952.8233642578125,27.998199462890625
23.3828125,952.8020629882812,28.011062622070312
23.3984375,952.80810546875,28.00922393798828
23.4140625,952.822265625,28.00848388671875
23.4296875,952.8125610351562,28.00958251953125
23.4453125,952.791748046875,27.998199462890625
23.4609375,952.7907104492188,28.001510620117188
23.4765625,952.7849731445312,27.998931884765625
23.4921875,952.8014526367188,27.987533569335938
23.5078125,952.7997436523438,27.987533569335938
23.5234375,952.784912109375,27.979087829589844
23.5390625,952.7924194335938,27.982025146484375
23.5546875,952.7908325195312,27.982025146484375
23.5703125,952.795654296875,27.982025146484375
23.5859375,952.7950439453125,27.97430419921875
23.6015625,952.8008422851562,27.964027404785156
23.6171875,952.7885131835938,27.961822509765625
23.6328125,952.7864379882812,27.948219299316406
23.6484375,952.781005859375,27.957412719726562
23.6640625,952.7799682617188,27.944183349609375
23.6796875,952.79248046875,27.942337036132812
23.6953125,952.7899169921875,27.931312561035156
23.7109375,952.7905883789062,27.934616088867188
23.7265625,952.7784423828125,27.926544189453125
23.7421875,952.7757568359375,27.9188232421875
23.7578125,952.7684326171875,27.922134399414062
23.7734375,952.781982421875,27.906700134277344
23.7890625,952.7720336914062,27.914772033691406
23.8046875,952.7680053710938,27.914047241210938
23.8203125,952.7865600585938,27.91992950439453
23.8359375,952.7637329101562,27.90485382080078
23.8515625,952.7742919921875,27.907058715820312
23.8671875,952.7649536132812,27.90229034423828
23.8828125,952.7680053710938,27.90412139892578
23.8984375,952.7734985351562,27.896408081054688
23.9140625,952.7811279296875,27.894927978515625
23.9296875,952.77685546875,27.891624450683594
23.9453125,952.7830810546875,27.890892028808594
23.9609375,952.7633666992188,27.891265869140625
23.9765625,952.7776489257812,27.870315551757812
23.9921875,952.7565307617188,27.871047973632812
24.0078125,952.7744140625,27.859649658203125
24.0234375,952.7625732421875,27.879493713378906
24.0390625,952.7645263671875,27.855613708496094
24.0546875,952.7526245117188,27.85047149658203
24.0703125,952.7651977539062,27.842758178710938
24.0859375,952.7788696289062,27.856719970703125
24.1015625,952.7796020507812,27.854141235351562
24.1171875,952.7704467773438,27.855613708496094
24.1328125,952.7598266601562,27.861129760742188
24.1484375,952.7603759765625,27.845321655273438
24.1640625,952.7796630859375,27.85120391845703
24.1796875,952.7491455078125,27.85047149658203
24.1953125,952.7562866210938,27.842384338378906
24.2109375,952.7506713867188,27.836502075195312
24.2265625,952.7716674804688,27.83539581298828
24.2421875,952.7518310546875,27.83283233642578
24.2578125,952.7576293945312,27.836502075195312
24.2734375,952.8482055664062,27.836502075195312
24.2890625,953.1417846679688,27.818130493164062
24.3046875,953.58154296875,27.841278076171875
24.3203125,953.914794921875,27.839447021484375
24.3359375,954.1559448242188,27.845321655273438
24.3515625,955.2532348632812,27.823638916015625
24.3671875,954.8391723632812,27.826950073242188
24.3828125,955.0776977539062,27.826576232910156
24.3984375,954.8479614257812,27.822540283203125
24.4140625,956.7254638671875,27.83026123046875
24.4296875,956.694580078125,27.83283233642578
24.4453125,956.6537475585938,27.857444763183594
24.4609375,956.4599609375,27.840179443359375
24.4765625,956.4260864257812,27.85009765625
24.4921875,955.8616943359375,27.85120391845703
24.5078125,956.7926635742188,27.8489990234375
24.5234375,956.2158203125,27.852676391601562
24.5390625,956.0230102539062,27.859649658203125
24.5546875,955.4193725585938,27.873626708984375
24.5703125,955.8192749023438,27.873985290527344
24.5859375,955.718505859375,27.86846923828125
24.6015625,955.1917114257812,27.8861083984375
24.6171875,955.6038818359375,27.888687133789062
24.6328125,955.6680908203125,27.906700134277344
24.6484375,954.8976440429688,27.906700134277344
24.6640625,955.6477661132812,27.91845703125
24.6796875,955.0282592773438,27.91845703125
24.6953125,955.378662109375,27.932785034179688
24.7109375,955.079833984375,27.926170349121094
24.7265625,954.962890625,27.9195556640625
24.7421875,955.5643310546875,27.947845458984375
24.7578125,956.5477294921875,27.945281982421875
24.7734375,956.332763671875,27.948219299316406
24.7890625,956.892333984375,27.959617614746094
24.8046875,955.6410522460938,27.958145141601562
24.8203125,956.3555908203125,27.982025146484375
24.8359375,954.6598510742188,27.981666564941406
24.8515625,954.0606689453125,27.986434936523438
24.8671875,953.5413818359375,28.00848388671875
24.8828125,953.2764892578125,28.012535095214844
24.8984375,953.558349609375,28.020980834960938
24.9140625,953.4158325195312,28.04265594482422
24.9296875,953.4071655273438,28.053321838378906
24.9453125,953.1135864257812,28.04706573486328
24.9609375,953.0795288085938,28.066551208496094
24.9765625,953.0341796875,28.07610321044922
24.9921875,952.9244995117188,28.087127685546875
25.0078125,952.8622436523438,28.084190368652344
25.0234375,952.8602294921875,28.095947265625
25.0390625,952.8296508789062,28.11358642578125
25.0546875,952.8313598632812,28.12718963623047
25.0703125,952.8165893554688,28.140045166015625
25.0859375,952.8370361328125,28.14739227294922
25.1015625,952.8275756835938,28.12975311279297
25.1171875,952.8168334960938,28.143722534179688
25.1328125,952.8170776367188,28.162826538085938
25.1484375,952.8165893554688,28.159889221191406
25.1640625,952.8162231445312,28.16246795654297
25.1796875,952.8242797851562,28.163192749023438
25.1953125,952.8212890625,28.161361694335938
25.2109375,952.8050537109375,28.163192749023438
25.2265625,952.811767578125,28.15290069580078
25.2421875,952.816162109375,28.158782958984375
25.2578125,952.808349609375,28.143722534179688
25.2734375,952.8087158203125,28.146286010742188
25.2890625,952.791015625,28.143722534179688
25.3046875,952.7871704101562,28.138214111328125
25.3203125,952.8117065429688,28.11652374267578
25.3359375,952.8018798828125,28.138946533203125
25.3515625,952.7986450195312,28.126815795898438
25.3671875,952.8123168945312,28.11175537109375
25.3828125,952.8019409179688,28.11762237548828
25.3984375,952.8013305664062,28.102561950683594
25.4140625,952.7998046875,28.095947265625
25.4296875,952.7991943359375,28.11175537109375
25.4453125,952.7924194335938,28.08124542236328
25.4609375,952.7970581054688,28.083091735839844
25.4765625,952.793701171875,28.074630737304688
25.4921875,952.794677734375,28.072799682617188
25.5078125,952.8052368164062,28.069114685058594
25.5234375,952.8073120117188,28.071319580078125
25.5390625,952.8128051757812,28.0614013671875
25.5546875,952.8088989257812,28.069488525390625
25.5703125,952.79833984375,28.053321838378906
25.5859375,952.7894897460938,28.0625
25.6015625,952.8071899414062,28.04706573486328
25.6171875,952.8038330078125,28.056991577148438
25.6328125,952.7982788085938,28.04706573486328
25.6484375,952.7877197265625,28.048171997070312
25.6640625,952.8027954101562,28.034584045410156
25.6796875,952.8049926757812,28.031631469726562
25.6953125,952.8088989257812,28.030899047851562
25.7109375,952.8087768554688,28.030899047851562
25.7265625,952.7921142578125,28.027969360351562
25.7421875,952.8175659179688,28.016197204589844
25.7578125,952.7972412109375,28.020980834960938
25.7734375,952.8048706054688,28.015838623046875
25.7890625,952.802001953125,28.014366149902344
25.8046875,952.7994995117188,28.00481414794922
25.8203125,952.8020629882812,27.995620727539062
25.8359375,952.797607421875,27.9901123046875
25.8515625,952.7880859375,27.9912109375
25.8671875,952.7905883789062,27.980560302734375
25.8828125,952.793701171875,27.982025146484375
25.8984375,952.7830810546875,27.982025146484375
25.9140625,952.7932739257812,27.97209930419922
25.9296875,952.7821044921875,27.979087829589844
25.9453125,952.79296875,27.985702514648438
25.9609375,952.7936401367188,27.977256774902344
25.9765625,952.792724609375,27.967330932617188
25.9921875,952.7738647460938,27.97247314453125
26.0078125,952.7952880859375,27.987533569335938
26.0234375,952.7704467773438,27.965484619140625
26.0390625,952.7927856445312,27.961822509765625
26.0546875,952.7678833007812,27.963653564453125
26.0703125,952.7848510742188,27.95556640625
26.0859375,952.785888671875,27.958511352539062
26.1015625,952.7897338867188,27.947845458984375
26.1171875,952.7874145507812,27.943809509277344
26.1328125,952.7583618164062,27.947845458984375
26.1484375,952.7821044921875,27.943809509277344
26.1640625,952.7685546875,27.93498992919922
26.1796875,952.776611328125,27.928375244140625
26.1953125,952.75927734375,27.934616088867188
26.2109375,952.7646484375,27.926902770996094
26.2265625,952.7590942382812,27.930580139160156
26.2421875,952.7755737304688,27.930580139160156
26.2578125,952.7672729492188,27.92249298095703
26.2734375,952.763427734375,27.91992950439453
26.2890625,952.7601318359375,27.909637451171875
26.3046875,952.8040161132812,27.920654296875
26.3203125,952.742919921875,27.92249298095703
26.3359375,952.6743774414062,27.922134399414062
26.3515625,952.6373291015625,27.926544189453125
26.3671875,952.583251953125,27.913673400878906
26.3828125,952.4766845703125,27.915145874023438
26.3984375,952.5199584960938,27.91992950439453
26.4140625,952.9054565429688,27.930580139160156
26.4296875,953.2669067382812,27.926902770996094
26.4453125,953.5851440429688,27.913673400878906
26.4609375,953.7875366210938,27.91661834716797
26.4765625,954.64599609375,27.923965454101562
26.4921875,954.0173950195312,27.925064086914062
26.5078125,954.1435546875,27.926902770996094
26.5234375,954.4088745117188,27.930953979492188
26.5390625,953.3428955078125,27.930580139160156
26.5546875,953.8239135742188,27.93498992919922
26.5703125,953.5985107421875,27.946746826171875
26.5859375,953.243408203125,27.958145141601562
26.6015625,954.023193359375,27.982025146484375
26.6171875,954.3450317382812,27.982765197753906
26.6328125,953.0354614257812,27.984970092773438
26.6484375,954.0341796875,27.995620727539062
26.6640625,953.7335205078125,28.003341674804688
26.6796875,953.24609375,28.019149780273438
26.6953125,953.7998046875,28.019882202148438
26.7109375,953.5298461914062,28.035308837890625
26.7265625,953.3071899414062,28.033477783203125
26.7421875,954.083740234375,28.052947998046875
26.7578125,953.5050048828125,28.053680419921875
26.7734375,953.2135009765625,28.067283630371094
26.7890625,952.8011474609375,28.07683563232422
26.8046875,952.6914672851562,28.07757568359375
26.8203125,953.2725830078125,28.083091735839844
26.8359375,953.1727294921875,28.09557342529297
26.8515625,953.16015625,28.0941162109375
26.8671875,953.281982421875,28.12718963623047
26.8828125,952.9690551757812,28.141517639160156
26.8984375,953.1522216796875,28.153274536132812
26.9140625,953.2191162109375,28.173492431640625
26.9296875,953.1505737304688,28.195541381835938
26.9453125,953.1049194335938,28.187454223632812
26.9609375,952.9702758789062,28.19774627685547
26.9765625,952.8929443359375,28.20361328125
26.9921875,952.8480224609375,28.226768493652344
27.0078125,952.8312377929688,28.248085021972656
27.0234375,952.8435668945312,28.248817443847656
27.0390625,952.8377075195312,28.282257080078125
27.0546875,952.8343505859375,28.287399291992188
27.0703125,952.821044921875,28.29180908203125
27.0859375,952.8496704101562,28.312026977539062
27.1015625,952.825927734375,28.3087158203125
27.1171875,952.8214721679688,28.314964294433594
27.1328125,952.8358154296875,28.314964294433594
27.1484375,952.8460083007812,28.314964294433594
27.1640625,952.8268432617188,28.331138610839844
27.1796875,952.8284912109375,28.335174560546875
27.1953125,952.8389892578125,28.32635498046875
27.2109375,952.8374633789062,28.313125610351562
27.2265625,952.8212890625,28.320114135742188
27.2421875,952.8374633789062,28.319374084472656
27.2578125,952.8297729492188,28.313125610351562
27.2734375,952.8344116210938,28.314964294433594
27.2890625,952.8268432617188,28.314964294433594
27.3046875,952.8161010742188,28.299896240234375
27.3203125,952.8306884765625,28.30467987060547
27.3359375,952.8228149414062,28.298797607421875
27.3515625,952.8324584960938,28.295120239257812
27.3671875,952.8242797851562,28.28924560546875
27.3828125,952.8195190429688,28.29071044921875
27.3984375,952.8239135742188,28.28997802734375
27.4140625,952.8237915039062,28.28924560546875
27.4296875,952.8057861328125,28.263893127441406
27.4453125,952.8134155273438,28.258010864257812
27.4609375,952.8187866210938,28.261314392089844
27.4765625,952.823974609375,28.25653076171875
27.4921875,952.8203735351562,28.23926544189453
27.5078125,952.8187255859375,28.231552124023438
27.5234375,952.8125610351562,28.22089385986328
27.5390625,952.8200073242188,28.23668670654297
27.5546875,952.8214721679688,28.22089385986328
27.5703125,952.8253173828125,28.22015380859375
27.5859375,952.8042602539062,28.207664489746094
27.6015625,952.8257446289062,28.18341064453125
27.6171875,952.7952880859375,28.2025146484375
27.6328125,952.8084716796875,28.18561553955078
27.6484375,952.8092041015625,28.195899963378906
27.6640625,952.8198852539062,28.193695068359375
27.6796875,952.811767578125,28.18376922607422
27.6953125,952.8030395507812,28.173118591308594
27.7109375,952.8145751953125,28.171646118164062
27.7265625,952.8108520507812,28.172386169433594
27.7421875,952.8120727539062,28.163925170898438
27.7578125,952.8142700195312,28.155479431152344
27.7734375,952.809814453125,28.155105590820312
27.7890625,952.8056640625,28.156211853027344
27.8046875,952.8134765625,28.14665985107422
27.8203125,952.8048095703125,28.140777587890625
27.8359375,952.8089599609375,28.14886474609375
27.8515625,952.8097534179688,28.1312255859375
27.8671875,952.7978515625,28.11248779296875
27.8828125,952.7882080078125,28.101829528808594
27.8984375,952.8063354492188,28.09300994873047
27.9140625,952.8037109375,28.081619262695312
27.9296875,952.80615234375,28.086753845214844
27.9453125,952.7958984375,28.092269897460938
27.9609375,952.8125610351562,28.081619262695312
27.9765625,952.80615234375,28.084548950195312
27.9921875,952.7980346679688,28.07830810546875
28.0078125,952.8111572265625,28.069862365722656
28.0234375,952.7869873046875,28.08124542236328
28.0390625,952.8688354492188,28.07978057861328
28.0546875,953.1407470703125,28.066909790039062
28.0703125,953.4525756835938,28.06104278564453
28.0859375,954.368408203125,28.073898315429688
28.1015625,954.7213745117188,28.06214141845703
28.1171875,954.99609375,28.067283630371094
28.1328125,955.9835205078125,28.058837890625
28.1484375,956.9605102539062,28.065078735351562
28.1640625,957.3675537109375,28.06214141845703
28.1796875,957.9285888671875,28.0614013671875
28.1953125,958.0279541015625,28.057357788085938
28.2109375,956.7041015625,28.069114685058594
28.2265625,956.9884033203125,28.07940673828125
28.2421875,956.9691772460938,28.084548950195312
28.2578125,957.4219970703125,28.084922790527344
28.2734375,958.3911743164062,28.116165161132812
28.2890625,957.3732299804688,28.127914428710938
28.3046875,958.5877685546875,28.13343048095703
28.3203125,958.1351318359375,28.153648376464844
28.3359375,957.1677856445312,28.1683349609375
28.3515625,957.2796020507812,28.19774627685547
28.3671875,958.070068359375,28.20030975341797
28.3828125,957.5062255859375,28.215011596679688
28.3984375,957.8323974609375,28.242202758789062
28.4140625,957.5115356445312,28.258010864257812
28.4296875,956.7848510742188,28.28924560546875
28.4453125,957.5270385742188,28.299171447753906
28.4609375,957.2485961914062,28.32746124267578
28.4765625,957.2042846679688,28.345474243164062
28.4921875,957.0939331054688,28.354293823242188
28.5078125,956.9030151367188,28.382583618164062
28.5234375,956.3942260742188,28.39691162109375
28.5390625,956.3383178710938,28.41124725341797
28.5546875,955.33984375,28.43109130859375
28.5703125,955.5597534179688,28.453140258789062
28.5859375,954.5584106445312,28.480697631835938
28.6015625,954.39990234375,28.48694610595703
28.6171875,953.86474609375,28.513404846191406
28.6328125,953.4671020507812,28.549423217773438
28.6484375,953.1699829101562,28.558242797851562
28.6640625,952.999267578125,28.58690643310547
28.6796875,952.8944091796875,28.60344696044922
28.6953125,952.8685913085938,28.64496612548828
28.7109375,952.8469848632812,28.650482177734375
28.7265625,952.8594970703125,28.64569854736328
28.7421875,952.8452758789062,28.6622314453125
28.7578125,952.8606567382812,28.67730712890625
28.7734375,952.8382568359375,28.67877197265625
28.7890625,952.84912109375,28.69715118408203
28.8046875,952.8455810546875,28.71479034423828
28.8203125,952.8330078125,28.707077026367188
28.8359375,952.8453979492188,28.719558715820312
28.8515625,952.8406982421875,28.71148681640625
28.8671875,952.835693359375,28.710006713867188
28.8828125,952.8396606445312,28.71552276611328
28.8984375,952.8402099609375,28.71479034423828
28.9140625,952.8402099609375,28.701560974121094
28.9296875,952.8388671875,28.683921813964844
28.9453125,952.8359375,28.697509765625
28.9609375,952.8462524414062,28.681716918945312
28.9765625,952.8369140625,28.672897338867188
28.9921875,952.8563842773438,28.671051025390625
29.0078125,952.8406982421875,28.664810180664062
29.0234375,952.8358154296875,28.664077758789062
29.0390625,952.8369140625,28.655258178710938
29.0546875,952.8276977539062,28.649749755859375
29.0703125,952.833740234375,28.62915802001953
29.0859375,952.856201171875,28.620712280273438
29.1015625,952.835693359375,28.600135803222656
29.1171875,952.8336791992188,28.60344696044922
29.1328125,952.833984375,28.597190856933594
29.1484375,952.8369140625,28.577346801757812
29.1640625,952.8313598632812,28.560073852539062
29.1796875,952.8482055664062,28.5556640625
29.1953125,952.83154296875,28.560073852539062
29.2109375,952.8224487304688,28.547576904296875
29.2265625,952.8236694335938,28.545013427734375
29.2421875,952.8311767578125,28.53802490234375
29.2578125,952.8172607421875,28.51966094970703
29.2734375,952.82568359375,28.510093688964844
29.2890625,952.8192749023438,28.515609741210938
29.3046875,952.8173828125,28.50017547607422
29.3203125,952.8267211914062,28.489517211914062
29.3359375,952.8196411132812,28.474815368652344
29.3515625,952.8187255859375,28.46343231201172
29.3671875,952.8362426757812,28.475189208984375
29.3828125,952.8410034179688,28.46416473388672
29.3984375,952.8117065429688,28.44835662841797
29.4140625,952.8156127929688,28.449462890625
29.4296875,952.8162231445312,28.438812255859375
29.4453125,952.8240966796875,28.426307678222656
29.4609375,952.8348388671875,28.42999267578125
29.4765625,952.8245239257812,28.41124725341797
29.4921875,952.8286743164062,28.41124725341797
29.5078125,952.81005859375,28.409042358398438
29.5234375,952.8117065429688,28.408309936523438
29.5390625,952.8343505859375,28.387725830078125
29.5546875,952.8155517578125,28.391029357910156
29.5703125,952.8129272460938,28.381484985351562
29.5859375,952.8250732421875,28.391029357910156
29.6015625,952.8391723632812,28.367523193359375
29.6171875,952.8338012695312,28.36163330078125
29.6328125,952.8231201171875,28.36163330078125
29.6484375,952.8206787109375,28.357955932617188
29.6640625,952.8071899414062,28.335174560546875
29.6796875,952.823486328125,28.336654663085938
29.6953125,952.8075561523438,28.330398559570312
29.7109375,952.8128051757812,28.334449768066406
29.7265625,952.8305053710938,28.33995819091797
29.7421875,952.8031005859375,28.335174560546875
29.7578125,952.8192749023438,28.320114135742188
29.7734375,952.8058471679688,28.313125610351562
29.7890625,952.8236694335938,28.3076171875
29.8046875,952.8135986328125,28.3087158203125
29.8203125,952.813720703125,28.302833557128906
29.8359375,952.8070678710938,28.312026977539062
29.8515625,952.825927734375,28.294761657714844
29.8671875,952.8206787109375,28.294761657714844
29.8828125,952.8063354492188,28.294761657714844
29.8984375,952.812255859375,28.28594207763672
29.9140625,952.808349609375,28.286300659179688
29.9296875,952.8114624023438,28.277847290039062
29.9453125,952.8147583007812,28.267929077148438
29.9609375,952.8006591796875,28.263145446777344
29.9765625,952.7954711914062,28.259841918945312
29.9921875,952.8148193359375,28.263893127441406
30.0078125,952.8463134765625,28.261688232421875
30.0234375,953.0696411132812,28.247711181640625
30.0390625,953.3576049804688,28.229713439941406
30.0546875,954.1271362304688,28.228614807128906
30.0703125,955.1295776367188,28.222732543945312
30.0859375,955.831298828125,28.20325469970703
30.1015625,956.7824096679688,28.21904754638672
30.1171875,957.9197387695312,28.216110229492188
30.1328125,957.7592163085938,28.2025146484375
30.1484375,956.5848999023438,28.198104858398438
30.1640625,957.5977783203125,28.194793701171875
30.1796875,956.5310668945312,28.191131591796875
30.1953125,957.9306030273438,28.195167541503906
30.2109375,957.8173217773438,28.191490173339844
30.2265625,958.5119018554688,28.206924438476562
30.2421875,958.3103637695312,28.244049072265625
30.2578125,957.613037109375,28.247711181640625
30.2734375,957.5968017578125,28.258010864257812
30.2890625,958.1939697265625,28.276748657226562
30.3046875,957.1973876953125,28.283737182617188
30.3203125,957.0765380859375,28.295486450195312
30.3359375,957.2642211914062,28.299171447753906
30.3515625,956.9957885742188,28.314964294433594
30.3671875,955.9926147460938,28.32746124267578
30.3828125,956.4822998046875,28.357955932617188
30.3984375,956.7465209960938,28.370826721191406
30.4140625,956.1460571289062,28.39177703857422
30.4296875,955.783203125,28.39543914794922
30.4453125,955.2869873046875,28.41162109375
30.4609375,954.4814453125,28.435874938964844
30.4765625,954.6582641601562,28.437705993652344
30.4921875,953.9022216796875,28.46489715576172
30.5078125,953.958740234375,28.47040557861328
30.5234375,953.5446166992188,28.488418579101562
30.5390625,953.1041259765625,28.48180389404297
30.5546875,952.9414672851562,28.497970581054688
30.5703125,952.8999633789062,28.512672424316406
30.5859375,952.86083984375,28.512672424316406
30.6015625,952.876953125,28.51525115966797
30.6171875,952.8539428710938,28.51966094970703
30.6328125,952.8231811523438,28.542068481445312
30.6484375,952.8566284179688,28.531417846679688
30.6640625,952.829833984375,28.55493927001953
30.6796875,952.82373046875,28.549423217773438
30.6953125,952.8416748046875,28.545013427734375
30.7109375,952.8281860351562,28.57073211669922
30.7265625,952.8276977539062,28.563758850097656
30.7421875,952.8275756835938,28.564483642578125
30.7578125,952.8390502929688,28.55493927001953
30.7734375,952.8350830078125,28.55309295654297
30.7890625,952.82421875,28.545013427734375
30.8046875,952.8305053710938,28.542068481445312
30.8203125,952.8194580078125,28.524070739746094
30.8359375,952.8182373046875,28.515609741210938
30.8515625,952.8162231445312,28.513404846191406
30.8671875,952.8268432617188,28.50312042236328
30.8828125,952.8150634765625,28.48694610595703
30.8984375,952.8145751953125,28.489891052246094
30.9140625,952.8148193359375,28.48180389404297
30.9296875,952.8212890625,28.475189208984375
30.9453125,952.8116455078125,28.46563720703125
30.9609375,952.8340454101562,28.463790893554688
30.9765625,952.8259887695312,28.456817626953125
30.9921875,952.8169555664062,28.438079833984375
31.0078125,952.8126831054688,28.439910888671875
31.0234375,952.8361206054688,28.440284729003906
31.0390625,952.8333129882812,28.435874938964844
31.0546875,952.8203125,28.418594360351562
31.0703125,952.8353881835938,28.41565704345703
31.0859375,952.817626953125,28.41492462158203
31.1015625,952.8211669921875,28.417129516601562
31.1171875,952.8309936523438,28.403533935546875
31.1328125,952.814208984375,28.39764404296875
31.1484375,952.8110961914062,28.405731201171875
31.1640625,952.8089599609375,28.39398193359375
31.1796875,952.8328857421875,28.38220977783203
31.1953125,952.81201171875,28.374496459960938
31.2109375,952.814208984375,28.370826721191406
31.2265625,952.8060913085938,28.35906219482422
31.2421875,952.8067016601562,28.349884033203125
31.2578125,952.817138671875,28.36200714111328
31.2734375,952.8129272460938,28.364944458007812
31.2890625,952.8103637695312,28.356124877929688
31.3046875,952.8303833007812,28.335906982421875
31.3203125,952.8204956054688,28.328567504882812
31.3359375,952.8019409179688,28.319015502929688
31.3515625,952.802734375,28.315704345703125
31.3671875,952.7910766601562,28.299896240234375
31.3828125,952.7991333007812,28.299896240234375
31.3984375,952.8038940429688,28.29218292236328
31.4140625,952.8089599609375,28.29218292236328
31.4296875,952.800048828125,28.312026977539062
31.4453125,952.807373046875,28.29180908203125
31.4609375,952.8108520507812,28.293289184570312
31.4765625,952.7984008789062,28.29071044921875
31.4921875,952.8161010742188,28.274169921875
31.5078125,952.7935180664062,28.276748657226562
31.5234375,952.7925415039062,28.259109497070312
31.5390625,952.793701171875,28.2723388671875
31.5546875,952.796875,28.25653076171875
31.5703125,952.7935180664062,28.266098022460938
31.5859375,952.792724609375,28.25322723388672
31.6015625,952.8016357421875,28.23853302001953
31.6171875,952.7882080078125,28.228614807128906
31.6328125,952.7836303710938,28.226036071777344
31.6484375,952.79052734375,28.2352294921875
31.6640625,952.7788696289062,28.233383178710938
31.6796875,952.79248046875,28.22015380859375
31.6953125,952.7882080078125,28.22089385986328
31.7109375,952.7858276367188,28.208396911621094
31.7265625,952.8013916015625,28.222732543945312
31.7421875,952.7980346679688,28.211334228515625
31.7578125,952.7705078125,28.21538543701172
31.7734375,952.7852172851562,28.199951171875
