# Time (seconds),Pressure,Temp
0.0078125,953.1178588867188,26.937644958496094
0.0234375,953.1367797851562,26.946823120117188
0.0390625,953.15625,26.956390380859375
0.0546875,953.138671875,26.942413330078125
0.0703125,953.1409301757812,26.941314697265625
0.0859375,953.1371459960938,26.94902801513672
0.1015625,953.137939453125,26.941680908203125
0.1171875,953.1295166015625,26.96410369873047
0.1328125,953.1454467773438,26.95233917236328
0.1484375,953.1304321289062,26.94792938232422
0.1640625,953.1312866210938,26.946823120117188
0.1796875,953.1365356445312,26.94719696044922
0.1953125,953.1365966796875,26.937644958496094
0.2109375,953.1463623046875,26.958953857421875
0.2265625,953.1293334960938,26.946090698242188
0.2421875,953.1256713867188,26.95233917236328
0.2578125,953.1436767578125,26.962631225585938
0.2734375,953.1315307617188,26.94977569580078
0.2890625,953.124267578125,26.960052490234375
0.3046875,953.1426391601562,26.955642700195312
0.3203125,953.1290283203125,26.94866943359375
0.3359375,953.1283569335938,26.943893432617188
0.3515625,953.13623046875,26.954910278320312
0.3671875,953.1373291015625,26.957122802734375
0.3828125,953.1442260742188,26.944992065429688
0.3984375,953.1362915039062,26.955642700195312
0.4140625,953.1266479492188,26.963729858398438
0.4296875,953.1364135742188,26.958595275878906
0.4453125,953.1387939453125,26.953079223632812
0.4609375,953.1412963867188,26.956390380859375
0.4765625,953.1321411132812,26.955642700195312
0.4921875,953.130859375,26.958953857421875
0.5078125,953.1323852539062,26.955642700195312
0.5234375,953.1373901367188,26.962257385253906
0.5390625,953.142333984375,26.96410369873047
0.5546875,953.1382446289062,26.96483612060547
0.5703125,953.1305541992188,26.951980590820312
0.5859375,953.1370239257812,26.951980590820312
0.6015625,953.1370239257812,26.94866943359375
0.6171875,953.1612548828125,26.943893432617188
0.6328125,953.1254272460938,26.963729858398438
0.6484375,953.1298217773438,26.956390380859375
0.6640625,953.1619873046875,26.958221435546875
0.6796875,953.1507568359375,26.956390380859375
0.6953125,953.1350708007812,26.96556854248047
0.7109375,953.1204223632812,26.960800170898438
0.7265625,953.1624145507812,26.962257385253906
0.7421875,953.1088256835938,26.95160675048828
0.7578125,953.1448364257812,26.96410369873047
0.7734375,953.1412963867188,26.961898803710938
0.7890625,953.1625366210938,26.96483612060547
0.8046875,953.1568603515625,26.9681396484375
0.8203125,953.1470336914062,26.960800170898438
0.8359375,953.1934814453125,26.971824645996094
0.8515625,953.152099609375,26.96741485595703
0.8671875,953.1427001953125,26.956390380859375
0.8828125,953.137451171875,26.962631225585938
0.8984375,953.1614379882812,26.9652099609375
0.9140625,953.1383666992188,26.9688720703125
0.9296875,953.1638793945312,26.959320068359375
0.9453125,953.1873779296875,26.976593017578125
0.9609375,953.1508178710938,26.971824645996094
0.9765625,953.1342163085938,26.971450805664062
0.9921875,953.1246948242188,26.96410369873047
1.0078125,953.1298828125,26.961158752441406
1.0234375,953.1666259765625,26.974388122558594
1.0390625,953.1649169921875,26.97107696533203
1.0546875,953.1251831054688,26.953079223632812
1.0703125,953.1633911132812,26.957489013671875
1.0859375,953.1883544921875,26.955642700195312
1.1015625,953.1619262695312,26.961532592773438
1.1171875,953.1571655273438,26.94977569580078
1.1328125,953.1284790039062,26.954910278320312
1.1484375,953.1139526367188,26.953079223632812
1.1640625,953.1563110351562,26.9659423828125
1.1796875,953.0792846679688,26.962257385253906
1.1953125,953.1846923828125,26.95233917236328
1.2109375,953.168701171875,26.9652099609375
1.2265625,953.1622314453125,26.95160675048828
1.2421875,953.1735229492188,26.962257385253906
1.2578125,953.1703491210938,26.963729858398438
1.2734375,953.1871948242188,26.960800170898438
1.2890625,953.1743774414062,26.95233917236328
1.3046875,953.1878051757812,26.951980590820312
1.3203125,953.1867065429688,26.954544067382812
1.3359375,953.1641845703125,26.951980590820312
1.3515625,953.1813354492188,26.95160675048828
1.3671875,953.1842651367188,26.960800170898438
1.3828125,953.1708374023438,26.946090698242188
1.3984375,953.187255859375,26.944992065429688
1.4140625,953.1727905273438,26.956390380859375
1.4296875,953.1632080078125,26.951980590820312
1.4453125,953.1813354492188,26.945724487304688
1.4609375,953.1759033203125,26.942413330078125
1.4765625,953.1599731445312,26.940582275390625
1.4921875,953.1603393554688,26.94719696044922
1.5078125,953.1741943359375,26.944259643554688
1.5234375,953.1756591796875,26.937644958496094
1.5390625,953.1786499023438,26.944992065429688
1.5546875,953.169189453125,26.942054748535156
1.5703125,953.1696166992188,26.944259643554688
1.5859375,953.1625366210938,26.93470001220703
1.6015625,953.1748046875,26.944259643554688
1.6171875,953.1619262695312,26.939483642578125
1.6328125,953.1740112304688,26.939483642578125
1.6484375,953.1566772460938,26.93029022216797
1.6640625,953.1612548828125,26.9324951171875
1.6796875,953.1685791015625,26.935440063476562
1.6953125,953.1689453125,26.944992065429688
1.7109375,953.1799926757812,26.93579864501953
1.7265625,953.1629638671875,26.940208435058594
1.7421875,953.1610107421875,26.937644958496094
1.7578125,953.1613159179688,26.940582275390625
1.7734375,953.1788940429688,26.93396759033203
1.7890625,953.1782836914062,26.929183959960938
1.8046875,953.1742553710938,26.935073852539062
1.8203125,953.1729736328125,26.942413330078125
1.8359375,953.1868286132812,26.937644958496094
1.8515625,953.1798706054688,26.936546325683594
1.8671875,953.1690673828125,26.942413330078125
1.8828125,953.159423828125,26.94977569580078
1.8984375,953.1625366210938,26.940582275390625
1.9140625,953.1646118164062,26.943893432617188
1.9296875,953.1309204101562,26.95233917236328
1.9453125,953.1627197265625,26.952713012695312
1.9609375,953.1693725585938,26.951980590820312
1.9765625,953.1615600585938,26.94792938232422
1.9921875,953.1605224609375,26.929183959960938
2.0078125,953.1791381835938,26.938003540039062
2.0234375,953.1792602539062,26.939483642578125
2.0390625,953.163330078125,26.951980590820312
2.0546875,953.1668701171875,26.94719696044922
2.0703125,953.1300048828125,26.94940185546875
2.0859375,953.1613159179688,26.942413330078125
2.1015625,953.1409301757812,26.939483642578125
2.1171875,953.14599609375,26.939483642578125
2.1328125,953.1369018554688,26.934341430664062
2.1484375,953.160888671875,26.956390380859375
2.1640625,953.1350708007812,26.93579864501953
2.1796875,953.1749267578125,26.92955780029297
2.1953125,953.1701049804688,26.94902801513672
2.2109375,953.1367797851562,26.94792938232422
2.2265625,953.13671875,26.95233917236328
2.2421875,953.1615600585938,26.945724487304688
2.2578125,953.162109375,26.958221435546875
2.2734375,953.11669921875,26.962257385253906
2.2890625,953.1572265625,26.951980590820312
2.3046875,953.1597290039062,26.951980590820312
2.3203125,953.1442260742188,26.95233917236328
2.3359375,953.1746826171875,26.941314697265625
2.3515625,953.1282348632812,26.95160675048828
2.3671875,953.1871948242188,26.951980590820312
2.3828125,953.141845703125,26.958953857421875
2.3984375,953.1388549804688,26.94866943359375
2.4140625,953.1875,26.953079223632812
2.4296875,953.1627807617188,26.94792938232422
2.4453125,953.1444091796875,26.94792938232422
2.4609375,953.13671875,26.943519592285156
2.4765625,953.1607666015625,26.962631225585938
2.4921875,953.18115234375,26.957847595214844
2.5078125,953.1460571289062,26.946823120117188
2.5234375,953.1633911132812,26.94792938232422
2.5390625,953.1689453125,26.942413330078125
2.5546875,953.1724853515625,26.938751220703125
2.5703125,953.1470336914062,26.938751220703125
2.5859375,953.1602172851562,26.940582275390625
2.6015625,953.1939086914062,26.937644958496094
2.6171875,953.1427612304688,26.922943115234375
2.6328125,953.1825561523438,26.93470001220703
2.6484375,953.1640625,26.93359375
2.6640625,953.1734008789062,26.944259643554688
2.6796875,953.1965942382812,26.940582275390625
2.6953125,953.192626953125,26.93029022216797
2.7109375,953.1953125,26.940208435058594
2.7265625,953.185546875,26.93470001220703
2.7421875,953.19091796875,26.934341430664062
2.7578125,953.1741333007812,26.93470001220703
2.7734375,953.1939086914062,26.941680908203125
2.7890625,953.1820678710938,26.9324951171875
2.8046875,953.1793823242188,26.942413330078125
2.8203125,953.1886596679688,26.929183959960938
2.8359375,953.1820068359375,26.9324951171875
2.8515625,953.190673828125,26.93029022216797
2.8671875,953.17919921875,26.929183959960938
2.8828125,953.1939697265625,26.9310302734375
2.8984375,953.183349609375,26.924774169921875
2.9140625,953.1619262695312,26.940582275390625
2.9296875,953.1939086914062,26.938751220703125
2.9453125,953.1912841796875,26.93396759033203
2.9609375,953.1860961914062,26.938377380371094
2.9765625,953.1721801757812,26.936904907226562
2.9921875,953.1773071289062,26.9324951171875
3.0078125,953.1847534179688,26.93396759033203
3.0234375,953.1800537109375,26.929183959960938
3.0390625,953.1873779296875,26.9324951171875
3.0546875,953.1942749023438,26.924774169921875
3.0703125,953.181640625,26.922943115234375
3.0859375,953.1849975585938,26.938751220703125
3.1015625,953.188232421875,26.922943115234375
3.1171875,953.1658935546875,26.93396759033203
3.1328125,953.1788940429688,26.938751220703125
3.1484375,953.17333984375,26.929183959960938
3.1640625,953.1724243164062,26.934341430664062
3.1796875,953.160888671875,26.93029022216797
3.1953125,953.1671752929688,26.926620483398438
3.2109375,953.1721801757812,26.928451538085938
3.2265625,953.1664428710938,26.929183959960938
3.2421875,953.1616821289062,26.924774169921875
3.2578125,953.1630249023438,26.93029022216797
3.2734375,953.1588134765625,26.936904907226562
3.2890625,953.16357421875,26.924774169921875
3.3046875,953.1630249023438,26.937644958496094
3.3203125,953.1691284179688,26.926620483398438
3.3359375,953.1506958007812,26.9310302734375
3.3515625,953.1552734375,26.9324951171875
3.3671875,953.1548461914062,26.923316955566406
3.3828125,953.1419067382812,26.919265747070312
3.3984375,953.1607055664062,26.922943115234375
3.4140625,953.159912109375,26.938751220703125
3.4296875,953.16796875,26.9310302734375
3.4453125,953.1714477539062,26.9310302734375
3.4609375,953.1552734375,26.929183959960938
3.4765625,953.1837768554688,26.934341430664062
3.4921875,953.1513671875,26.929183959960938
3.5078125,953.1419067382812,26.939483642578125
3.5234375,953.160888671875,26.937644958496094
3.5390625,953.1367797851562,26.944259643554688
3.5546875,953.14404296875,26.942413330078125
3.5703125,953.1599731445312,26.944259643554688
3.5859375,953.16796875,26.939483642578125
3.6015625,953.1800537109375,26.941680908203125
3.6171875,953.1127319335938,26.93029022216797
3.6328125,953.1605834960938,26.940582275390625
3.6484375,953.1676635742188,26.940582275390625
3.6640625,953.1801147460938,26.916702270507812
3.6796875,953.1861572265625,26.934341430664062
3.6953125,953.136474609375,26.939483642578125
3.7109375,953.1812133789062,26.924774169921875
3.7265625,953.1582641601562,26.9310302734375
3.7421875,953.1660766601562,26.929183959960938
3.7578125,953.1593627929688,26.936546325683594
3.7734375,953.1600341796875,26.924774169921875
3.7890625,953.1259765625,26.9324951171875
3.8046875,953.16796875,26.936904907226562
3.8203125,953.1612548828125,26.929183959960938
3.8359375,953.1342163085938,26.91595458984375
3.8515625,953.1580200195312,26.925880432128906
3.8671875,953.1541748046875,26.9324951171875
3.8828125,953.1798706054688,26.924774169921875
3.8984375,953.1552734375,26.922943115234375
3.9140625,953.1580810546875,26.920364379882812
3.9296875,953.1644287109375,26.91302490234375
3.9453125,953.1607055664062,26.918533325195312
3.9609375,953.1600341796875,26.920364379882812
3.9765625,953.1339721679688,26.904571533203125
3.9921875,953.1454467773438,26.91118621826172
4.0078125,953.1586303710938,26.918533325195312
4.0234375,953.1534423828125,26.922569274902344
4.0390625,953.157470703125,26.91191864013672
4.0546875,953.1551513671875,26.922210693359375
4.0703125,953.16162109375,26.921112060546875
4.0859375,953.1722412109375,26.917434692382812
4.1015625,953.1796875,26.916702270507812
4.1171875,953.1569213867188,26.924774169921875
4.1328125,953.2120971679688,26.921470642089844
4.1484375,953.1925659179688,26.925521850585938
4.1640625,953.1786499023438,26.919631958007812
4.1796875,953.1852416992188,26.91485595703125
4.1953125,953.18359375,26.917800903320312
4.2109375,953.1791381835938,26.904571533203125
4.2265625,953.178955078125,26.922210693359375
4.2421875,953.1896362304688,26.910446166992188
4.2578125,953.19091796875,26.906036376953125
4.2734375,953.18505859375,26.91485595703125
4.2890625,953.18359375,26.904571533203125
4.3046875,953.1962890625,26.919265747070312
4.3203125,953.1923217773438,26.910446166992188
4.3359375,953.1825561523438,26.904571533203125
4.3515625,953.1848754882812,26.902725219726562
4.3671875,953.1764526367188,26.917434692382812
4.3828125,953.171142578125,26.908241271972656
4.3984375,953.1798706054688,26.919265747070312
4.4140625,953.17919921875,26.906036376953125
4.4296875,953.1845092773438,26.917434692382812
4.4453125,953.184326171875,26.901268005371094
4.4609375,953.1840209960938,26.901268005371094
4.4765625,953.1714477539062,26.8975830078125
4.4921875,953.1770629882812,26.889137268066406
4.5078125,953.1714477539062,26.901992797851562
4.5234375,953.1625366210938,26.900161743164062
4.5390625,953.1605834960938,26.901992797851562
4.5546875,953.169677734375,26.892074584960938
4.5703125,953.18310546875,26.888397216796875
4.5859375,953.175537109375,26.91191864013672
4.6015625,953.1748046875,26.89795684814453
4.6171875,953.1759643554688,26.89795684814453
4.6328125,953.1759643554688,26.904571533203125
4.6484375,953.15625,26.904571533203125
4.6640625,953.1848754882812,26.8953857421875
4.6796875,953.1613159179688,26.890975952148438
4.6953125,953.1519165039062,26.89501190185547
4.7109375,953.1869506835938,26.89795684814453
4.7265625,953.1837158203125,26.902725219726562
4.7421875,953.1583862304688,26.902725219726562
4.7578125,953.1871948242188,26.904571533203125
4.7734375,953.1466674804688,26.8983154296875
4.7890625,953.1041870117188,26.8983154296875
4.8046875,953.1580200195312,26.904571533203125
4.8203125,953.13232421875,26.910446166992188
4.8359375,953.125732421875,26.910446166992188
4.8515625,953.1568603515625,26.906776428222656
4.8671875,953.102783203125,26.904571533203125
4.8828125,953.1484985351562,26.897216796875
4.8984375,953.1561279296875,26.910446166992188
4.9140625,953.1234130859375,26.917434692382812
4.9296875,953.1270141601562,26.925521850585938
4.9453125,953.1947631835938,26.904571533203125
4.9609375,953.1688232421875,26.91485595703125
4.9765625,953.1053466796875,26.91118621826172
4.9921875,953.1849975585938,26.8983154296875
5.0078125,953.1753540039062,26.904571533203125
5.0234375,953.1766357421875,26.921112060546875
5.0390625,953.2147216796875,26.917434692382812
5.0546875,953.1856079101562,26.917434692382812
5.0703125,953.1945190429688,26.91191864013672
5.0859375,953.180908203125,26.906036376953125
5.1015625,953.1917114257812,26.904571533203125
5.1171875,953.1747436523438,26.906036376953125
5.1328125,953.1527709960938,26.907882690429688
5.1484375,953.156005859375,26.91229248046875
5.1640625,953.1774291992188,26.910446166992188
5.1796875,953.185546875,26.921112060546875
5.1953125,953.1561279296875,26.910446166992188
5.2109375,953.1221923828125,26.919265747070312
5.2265625,953.1774291992188,26.910446166992188
5.2421875,953.1777954101562,26.910446166992188
5.2578125,953.1239624023438,26.909339904785156
5.2734375,953.1561279296875,26.917800903320312
5.2890625,953.1779174804688,26.916702270507812
5.3046875,953.1443481445312,26.916702270507812
5.3203125,953.1162109375,26.919265747070312
5.3359375,953.1326293945312,26.91229248046875
5.3515625,953.1785888671875,26.922210693359375
5.3671875,953.1513671875,26.907508850097656
5.3828125,953.1834106445312,26.917434692382812
5.3984375,953.135986328125,26.917800903320312
5.4140625,953.1635131835938,26.907508850097656
5.4296875,953.1337890625,26.901626586914062
5.4453125,953.1685180664062,26.925521850585938
5.4609375,953.215576171875,26.917800903320312
5.4765625,953.1862182617188,26.91412353515625
5.4921875,953.2044067382812,26.921112060546875
5.5078125,953.1973876953125,26.919631958007812
5.5234375,953.2073364257812,26.916702270507812
5.5390625,953.2070922851562,26.919265747070312
5.5546875,953.201904296875,26.917800903320312
5.5703125,953.1976318359375,26.921112060546875
5.5859375,953.1895751953125,26.922210693359375
5.6015625,953.1956787109375,26.917800903320312
5.6171875,953.197021484375,26.921112060546875
5.6328125,953.1950073242188,26.907508850097656
5.6484375,953.1983642578125,26.919265747070312
5.6640625,953.2012939453125,26.921112060546875
5.6796875,953.1866455078125,26.91485595703125
5.6953125,953.1996459960938,26.927352905273438
5.7109375,953.2093505859375,26.921470642089844
5.7265625,953.1985473632812,26.922210693359375
5.7421875,953.2052001953125,26.917434692382812
5.7578125,953.189208984375,26.921112060546875
5.7734375,953.190185546875,26.916702270507812
5.7890625,953.1885986328125,26.929183959960938
5.8046875,953.17724609375,26.918533325195312
5.8203125,953.1900024414062,26.927352905273438
5.8359375,953.1800537109375,26.917434692382812
5.8515625,953.1898193359375,26.907508850097656
5.8671875,953.1893310546875,26.921470642089844
5.8828125,953.18896484375,26.916702270507812
5.8984375,953.2010498046875,26.91229248046875
5.9140625,953.2072143554688,26.924774169921875
5.9296875,953.1953125,26.921112060546875
5.9453125,953.1962280273438,26.919265747070312
5.9609375,953.1905517578125,26.919265747070312
5.9765625,953.1851196289062,26.919265747070312
5.9921875,953.188720703125,26.917434692382812
6.0078125,953.1790161132812,26.9324951171875
6.0234375,953.18115234375,26.917800903320312
6.0390625,953.1958618164062,26.917800903320312
6.0546875,953.1802978515625,26.921470642089844
6.0703125,953.1782836914062,26.917800903320312
6.0859375,953.1779174804688,26.929183959960938
6.1015625,953.2023315429688,26.925521850585938
6.1171875,953.1421508789062,26.926620483398438
6.1328125,953.1602172851562,26.922943115234375
6.1484375,953.1342163085938,26.929183959960938
6.1640625,953.1658935546875,26.925880432128906
6.1796875,953.1632080078125,26.925521850585938
6.1953125,953.1409912109375,26.937644958496094
6.2109375,953.1857299804688,26.920005798339844
6.2265625,953.1380004882812,26.918533325195312
6.2421875,953.1337280273438,26.921112060546875
6.2578125,953.1573486328125,26.9324951171875
6.2734375,953.1165161132812,26.934341430664062
6.2890625,953.2063598632812,26.91485595703125
6.3046875,953.2033081054688,26.934341430664062
6.3203125,953.1591186523438,26.924774169921875
6.3359375,953.1600341796875,26.938751220703125
6.3515625,953.1602172851562,26.924774169921875
6.3671875,953.1607055664062,26.93029022216797
6.3828125,953.17919921875,26.929183959960938
6.3984375,953.1856079101562,26.9306640625
6.4140625,953.1283569335938,26.93029022216797
6.4296875,953.1869506835938,26.921112060546875
6.4453125,953.102294921875,26.920364379882812
6.4609375,953.1417236328125,26.920364379882812
6.4765625,953.1781616210938,26.934341430664062
6.4921875,953.1854248046875,26.937644958496094
6.5078125,953.0955200195312,26.922943115234375
6.5234375,953.1969604492188,26.922943115234375
6.5390625,953.162841796875,26.9324951171875
6.5546875,953.161376953125,26.9306640625
6.5703125,953.1605834960938,26.923316955566406
6.5859375,953.1736450195312,26.937644958496094
6.6015625,953.16015625,26.93396759033203
6.6171875,953.160888671875,26.937644958496094
6.6328125,953.1469116210938,26.922943115234375
6.6484375,953.1671142578125,26.938003540039062
6.6640625,953.158935546875,26.928451538085938
6.6796875,953.1627807617188,26.934341430664062
6.6953125,953.177734375,26.929183959960938
6.7109375,953.1270751953125,26.937644958496094
6.7265625,953.158935546875,26.93029022216797
6.7421875,953.1869506835938,26.93396759033203
6.7578125,953.15625,26.929183959960938
6.7734375,953.1742553710938,26.929183959960938
6.7890625,953.1791381835938,26.924774169921875
6.8046875,953.1666259765625,26.934341430664062
6.8203125,953.1998291015625,26.934341430664062
6.8359375,953.1597290039062,26.928451538085938
6.8515625,953.134765625,26.928451538085938
6.8671875,953.134765625,26.921844482421875
6.8828125,953.1304321289062,26.934341430664062
6.8984375,953.1591186523438,26.929183959960938
6.9140625,953.2059326171875,26.921470642089844
6.9296875,953.2069091796875,26.921470642089844
6.9453125,953.2075805664062,26.936904907226562
6.9609375,953.2138061523438,26.922210693359375
6.9765625,953.2111206054688,26.928451538085938
6.9921875,953.184326171875,26.9324951171875
7.0078125,953.2044067382812,26.921112060546875
7.0234375,953.200927734375,26.929183959960938
7.0390625,953.189208984375,26.921844482421875
7.0546875,953.1854248046875,26.921112060546875
7.0703125,953.200927734375,26.919631958007812
7.0859375,953.1852416992188,26.919265747070312
7.1015625,953.1946411132812,26.936904907226562
7.1171875,953.1953125,26.934341430664062
7.1328125,953.1873168945312,26.924774169921875
7.1484375,953.1869506835938,26.9310302734375
7.1640625,953.1851196289062,26.91485595703125
7.1796875,953.179443359375,26.921470642089844
7.1953125,953.1842041015625,26.934341430664062
7.2109375,953.1795043945312,26.921844482421875
7.2265625,953.1920166015625,26.91559600830078
7.2421875,953.2015380859375,26.940582275390625
7.2578125,953.1824951171875,26.922943115234375
7.2734375,953.1807861328125,26.924774169921875
7.2890625,953.1809692382812,26.917800903320312
7.3046875,953.180908203125,26.927352905273438
7.3203125,953.1979370117188,26.921470642089844
7.3359375,953.1722412109375,26.929183959960938
7.3515625,953.1820068359375,26.9324951171875
7.3671875,953.1889038085938,26.924774169921875
7.3828125,953.1970825195312,26.919265747070312
7.3984375,953.17138671875,26.91229248046875
7.4140625,953.1737060546875,26.929183959960938
7.4296875,953.1754760742188,26.93029022216797
7.4453125,953.1869506835938,26.93029022216797
7.4609375,953.1647338867188,26.929183959960938
7.4765625,953.1754760742188,26.940582275390625
7.4921875,953.1879272460938,26.924774169921875
7.5078125,953.181640625,26.929183959960938
7.5234375,953.1796875,26.9324951171875
7.5390625,953.1768798828125,26.929931640625
7.5546875,953.1868286132812,26.925880432128906
7.5703125,953.1565551757812,26.93029022216797
7.5859375,953.1558227539062,26.918533325195312
7.6015625,953.1463012695312,26.93213653564453
7.6171875,953.156005859375,26.924774169921875
7.6328125,953.1427612304688,26.922210693359375
7.6484375,953.1586303710938,26.920364379882812
7.6640625,953.1697387695312,26.921112060546875
7.6796875,953.128662109375,26.926254272460938
7.6953125,953.1965942382812,26.92882537841797
7.7109375,953.1873168945312,26.9310302734375
7.7265625,953.1505737304688,26.917800903320312
7.7421875,953.180908203125,26.925521850585938
7.7578125,953.1613159179688,26.907508850097656
7.7734375,953.1588745117188,26.920364379882812
7.7890625,953.203857421875,26.925880432128906
7.8046875,953.1792602539062,26.921470642089844
7.8203125,953.13818359375,26.921112060546875
7.8359375,953.190185546875,26.922943115234375
7.8515625,953.1658935546875,26.91485595703125
7.8671875,953.1854248046875,26.908241271972656
7.8828125,953.1583251953125,26.918533325195312
7.8984375,953.1851196289062,26.925521850585938
7.9140625,953.15771484375,26.921112060546875
7.9296875,953.1860961914062,26.921470642089844
7.9453125,953.1561279296875,26.925521850585938
7.9609375,953.1588745117188,26.9324951171875
7.9765625,953.190673828125,26.91559600830078
7.9921875,953.1669311523438,26.917800903320312
8.0078125,953.180908203125,26.922943115234375
8.0234375,953.1759643554688,26.925521850585938
8.0390625,953.2025756835938,26.91559600830078
8.0546875,953.1925659179688,26.91522216796875
8.0703125,953.1567993164062,26.907882690429688
8.0859375,953.1769409179688,26.916702270507812
8.1015625,953.152099609375,26.91229248046875
8.1171875,953.1749267578125,26.91485595703125
8.1328125,953.1585083007812,26.91374969482422
8.1484375,953.1649780273438,26.91229248046875
8.1640625,953.1994018554688,26.89795684814453
8.1796875,953.185546875,26.910446166992188
8.1953125,953.1801147460938,26.904571533203125
8.2109375,953.1861572265625,26.917800903320312
8.2265625,953.1856689453125,26.904571533203125
8.2421875,953.1813354492188,26.909339904785156
8.2578125,953.1770629882812,26.917434692382812
8.2734375,953.1837158203125,26.91412353515625
8.2890625,953.1775512695312,26.910812377929688
8.3046875,953.1969604492188,26.917800903320312
8.3203125,953.1862182617188,26.8983154296875
8.3359375,953.1842651367188,26.90052032470703
8.3515625,953.1834106445312,26.901626586914062
8.3671875,953.188232421875,26.901992797851562
8.3828125,953.1906127929688,26.919265747070312
8.3984375,953.1851196289062,26.91374969482422
8.4140625,953.1923828125,26.904205322265625
8.4296875,953.1932373046875,26.91229248046875
8.4453125,953.1923217773438,26.902725219726562
8.4609375,953.1721801757812,26.893173217773438
8.4765625,953.1873779296875,26.8975830078125
8.4921875,953.1788940429688,26.902366638183594
8.5078125,953.1793823242188,26.897216796875
8.5234375,953.187255859375,26.893905639648438
8.5390625,953.1951904296875,26.89501190185547
8.5546875,953.2024536132812,26.897216796875
8.5703125,953.1788330078125,26.890975952148438
8.5859375,953.1859741210938,26.883628845214844
8.6015625,953.1925048828125,26.900161743164062
8.6171875,953.2030029296875,26.8983154296875
8.6328125,953.2100830078125,26.87994384765625
8.6484375,953.192626953125,26.888397216796875
8.6640625,953.1934814453125,26.895751953125
8.6796875,953.1840209960938,26.8975830078125
8.6953125,953.1830444335938,26.89942169189453
8.7109375,953.1873779296875,26.91485595703125
8.7265625,953.18359375,26.8983154296875
8.7421875,953.1842651367188,26.8953857421875
8.7578125,953.1834716796875,26.89685821533203
8.7734375,953.188232421875,26.89501190185547
8.7890625,953.1852416992188,26.889137268066406
8.8046875,953.182861328125,26.904571533203125
8.8203125,953.171142578125,26.901992797851562
8.8359375,953.2062377929688,26.901268005371094
8.8515625,953.1845703125,26.8953857421875
8.8671875,953.182861328125,26.91229248046875
8.8828125,953.1803588867188,26.8953857421875
8.8984375,953.1834716796875,26.8983154296875
8.9140625,953.18310546875,26.8975830078125
8.9296875,953.1806030273438,26.902725219726562
8.9453125,953.1829223632812,26.902725219726562
8.9609375,953.1847534179688,26.904571533203125
8.9765625,953.1848754882812,26.8975830078125
8.9921875,953.182373046875,26.8953857421875
9.0078125,953.1583251953125,26.897216796875
9.0234375,953.1710815429688,26.895751953125
9.0390625,953.17578125,26.88288116455078
9.0546875,953.1474609375,26.89611053466797
9.0703125,953.1524658203125,26.906036376953125
9.0859375,953.1563720703125,26.887664794921875
9.1015625,953.1635131835938,26.893173217773438
9.1171875,953.1557006835938,26.897216796875
9.1328125,953.1680908203125,26.8983154296875
9.1484375,953.1328735351562,26.888397216796875
9.1640625,953.1749877929688,26.891700744628906
9.1796875,953.1771850585938,26.889137268066406
9.1953125,953.1751098632812,26.897216796875
9.2109375,953.1573486328125,26.888038635253906
9.2265625,953.1605834960938,26.8983154296875
9.2421875,953.185546875,26.89501190185547
9.2578125,953.1636352539062,26.89501190185547
9.2734375,953.1505126953125,26.89501190185547
9.2890625,953.1761474609375,26.897216796875
9.3046875,953.1537475585938,26.906036376953125
9.3203125,953.1701049804688,26.893173217773438
9.3359375,953.1957397460938,26.886566162109375
9.3515625,953.1663818359375,26.883628845214844
9.3671875,953.182861328125,26.892807006835938
9.3828125,953.150390625,26.886566162109375
9.3984375,953.155029296875,26.892807006835938
9.4140625,953.1879272460938,26.881423950195312
9.4296875,953.1837768554688,26.888397216796875
9.4453125,953.1881103515625,26.892074584960938
9.4609375,953.1873168945312,26.88288116455078
9.4765625,953.1840209960938,26.892807006835938
9.4921875,953.1676635742188,26.893905639648438
9.5078125,953.183349609375,26.884353637695312
9.5234375,953.180419921875,26.883628845214844
9.5390625,953.1751098632812,26.883987426757812
9.5546875,953.1708984375,26.8946533203125
9.5703125,953.1642456054688,26.884353637695312
9.5859375,953.1678466796875,26.884353637695312
9.6015625,953.17578125,26.868553161621094
9.6171875,953.19873046875,26.876266479492188
9.6328125,953.1306762695312,26.890243530273438
9.6484375,953.1566162109375,26.887290954589844
9.6640625,953.1611328125,26.88288116455078
9.6796875,953.1427612304688,26.870399475097656
9.6953125,953.1528930664062,26.883628845214844
9.7109375,953.1798706054688,26.874435424804688
9.7265625,953.173583984375,26.883628845214844
9.7421875,953.185302734375,26.868553161621094
9.7578125,953.1759643554688,26.874435424804688
9.7734375,953.1514892578125,26.874435424804688
9.7890625,953.1305541992188,26.8612060546875
9.8046875,953.1513671875,26.87774658203125
9.8203125,953.1744995117188,26.87957763671875
9.8359375,953.16748046875,26.855697631835938
9.8515625,953.1746826171875,26.873703002929688
9.8671875,953.1884765625,26.85973358154297
9.8828125,953.1954345703125,26.8612060546875
9.8984375,953.19677734375,26.86157989501953
9.9140625,953.2051391601562,26.865615844726562
9.9296875,953.1935424804688,26.853485107421875
9.9453125,953.1930541992188,26.8604736328125
9.9609375,953.1871948242188,26.86157989501953
9.9765625,953.192626953125,26.86157989501953
9.9921875,953.1890258789062,26.856422424316406
10.0078125,953.1724243164062,26.8604736328125
10.0234375,953.1805419921875,26.84760284423828
10.0390625,953.1822509765625,26.84539794921875
10.0546875,953.1911010742188,26.851287841796875
10.0703125,953.1897583007812,26.85973358154297
10.0859375,953.17333984375,26.84394073486328
10.1015625,953.1920776367188,26.852760314941406
10.1171875,953.1821899414062,26.856063842773438
10.1328125,953.177734375,26.851287841796875
10.1484375,953.1713256835938,26.852386474609375
10.1640625,953.1828002929688,26.86157989501953
10.1796875,953.19921875,26.849449157714844
10.1953125,953.1752319335938,26.847244262695312
10.2109375,953.1732788085938,26.86524200439453
10.2265625,953.1727294921875,26.84650421142578
10.2421875,953.1654663085938,26.8612060546875
10.2578125,953.1890258789062,26.856422424316406
10.2734375,953.1747436523438,26.849449157714844
10.2890625,953.179443359375,26.852760314941406
10.3046875,953.1797485351562,26.84539794921875
10.3203125,953.173095703125,26.84209442138672
10.3359375,953.1715698242188,26.84283447265625
10.3515625,953.169921875,26.83953094482422
10.3671875,953.1701049804688,26.852386474609375
10.3828125,953.1785888671875,26.849449157714844
10.3984375,953.1740112304688,26.856422424316406
10.4140625,953.1771850585938,26.858627319335938
10.4296875,953.172607421875,26.852760314941406
10.4453125,953.1779174804688,26.864517211914062
10.4609375,953.154052734375,26.86157989501953
10.4765625,953.1519165039062,26.86157989501953
10.4921875,953.1567993164062,26.86083221435547
10.5078125,953.1536254882812,26.854217529296875
10.5234375,953.1608276367188,26.85826873779297
10.5390625,953.151611328125,26.856796264648438
10.5546875,953.1544799804688,26.85973358154297
10.5703125,953.1739501953125,26.851287841796875
10.5859375,953.1515502929688,26.851287841796875
10.6015625,953.1466674804688,26.856422424316406
10.6171875,953.173583984375,26.86157989501953
10.6328125,953.177734375,26.854217529296875
10.6484375,953.1470947265625,26.856422424316406
10.6640625,953.14013671875,26.851654052734375
10.6796875,953.1599731445312,26.855697631835938
10.6953125,953.1878662109375,26.86157989501953
10.7109375,953.1866455078125,26.867820739746094
10.7265625,953.1580200195312,26.858627319335938
10.7421875,953.1809692382812,26.85973358154297
10.7578125,953.1876831054688,26.863037109375
10.7734375,953.1331176757812,26.852386474609375
10.7890625,953.1666259765625,26.86414337158203
10.8046875,953.1803588867188,26.863784790039062
10.8203125,953.1646728515625,26.863784790039062
10.8359375,953.1766357421875,26.872962951660156
10.8515625,953.1919555664062,26.874061584472656
10.8671875,953.2076416015625,26.85973358154297
10.8828125,953.1314697265625,26.867088317871094
10.8984375,953.1573486328125,26.852386474609375
10.9140625,953.1468505859375,26.8612060546875
10.9296875,953.1920166015625,26.85826873779297
10.9453125,953.1653442382812,26.867820739746094
10.9609375,953.136474609375,26.867820739746094
10.9765625,953.1973876953125,26.858627319335938
10.9921875,953.201904296875,26.86524200439453
11.0078125,953.16015625,26.866714477539062
11.0234375,953.1728515625,26.85900115966797
11.0390625,953.1356201171875,26.852760314941406
11.0546875,953.18701171875,26.846878051757812
11.0703125,953.1373901367188,26.858627319335938
11.0859375,953.201904296875,26.86083221435547
11.1015625,953.1524658203125,26.849449157714844
11.1171875,953.171142578125,26.846878051757812
11.1328125,953.1840209960938,26.84539794921875
11.1484375,953.165283203125,26.856063842773438
11.1640625,953.1801147460938,26.852760314941406
11.1796875,953.164794921875,26.86083221435547
11.1953125,953.1513061523438,26.847976684570312
11.2109375,953.1995849609375,26.851654052734375
11.2265625,953.1665649414062,26.852386474609375
11.2421875,953.1373291015625,26.853485107421875
11.2578125,953.1798095703125,26.851654052734375
11.2734375,953.151611328125,26.849807739257812
11.2890625,953.2081909179688,26.849807739257812
11.3046875,953.17529296875,26.846878051757812
11.3203125,953.1881713867188,26.84356689453125
11.3359375,953.1806640625,26.853858947753906
11.3515625,953.2073974609375,26.833648681640625
11.3671875,953.1862182617188,26.84283447265625
11.3828125,953.1763916015625,26.819686889648438
11.3984375,953.197998046875,26.84394073486328
11.4140625,953.200439453125,26.82996368408203
11.4296875,953.1895751953125,26.84319305419922
11.4453125,953.1925048828125,26.838783264160156
11.4609375,953.1713256835938,26.837326049804688
11.4765625,953.1925659179688,26.836219787597656
11.4921875,953.18896484375,26.836952209472656
11.5078125,953.1883544921875,26.840255737304688
11.5234375,953.1839599609375,26.84394073486328
11.5390625,953.1890258789062,26.84429931640625
11.5546875,953.178955078125,26.840255737304688
11.5703125,953.1839599609375,26.833648681640625
11.5859375,953.1778564453125,26.834373474121094
11.6015625,953.1875610351562,26.836219787597656
11.6171875,953.1781616210938,26.84503936767578
11.6328125,953.171875,26.822616577148438
11.6484375,953.1815185546875,26.835479736328125
11.6640625,953.1685791015625,26.82555389404297
11.6796875,953.1669311523438,26.834373474121094
11.6953125,953.1774291992188,26.82555389404297
11.7109375,953.176513671875,26.833648681640625
11.7265625,953.164794921875,26.821517944335938
11.7421875,953.1629638671875,26.819686889648438
11.7578125,953.171142578125,26.82299041748047
11.7734375,953.1672973632812,26.819686889648438
11.7890625,953.1681518554688,26.830711364746094
11.8046875,953.1644287109375,26.832542419433594
11.8203125,953.1521606445312,26.820045471191406
11.8359375,953.1646118164062,26.821517944335938
11.8515625,953.1534423828125,26.8248291015625
11.8671875,953.1483154296875,26.816734313964844
11.8828125,953.14990234375,26.8248291015625
11.8984375,953.168701171875,26.825927734375
11.9140625,953.1688232421875,26.82813262939453
11.9296875,953.1486206054688,26.817481994628906
11.9453125,953.1708984375,26.832916259765625
11.9609375,953.1580810546875,26.832916259765625
11.9765625,953.1694946289062,26.833648681640625
11.9921875,953.154052734375,26.837326049804688
12.0078125,953.1531982421875,26.819686889648438
12.0234375,953.1508178710938,26.82630157470703
12.0390625,953.157470703125,26.82813262939453
12.0546875,953.1624145507812,26.833648681640625
12.0703125,953.1605834960938,26.834373474121094
12.0859375,953.169677734375,26.838783264160156
12.1015625,953.176513671875,26.832168579101562
12.1171875,953.176513671875,26.849807739257812
12.1328125,953.1903076171875,26.849075317382812
12.1484375,953.1710815429688,26.836578369140625
12.1640625,953.1203002929688,26.849807739257812
12.1796875,953.176513671875,26.837326049804688
12.1953125,953.1644897460938,26.838424682617188
12.2109375,953.130615234375,26.837326049804688
12.2265625,953.1735229492188,26.83953094482422
12.2421875,953.1527709960938,26.849807739257812
12.2578125,953.1567993164062,26.829605102539062
12.2734375,953.14404296875,26.84209442138672
12.2890625,953.1798706054688,26.836219787597656
12.3046875,953.1781616210938,26.84394073486328
12.3203125,953.165771484375,26.836219787597656
12.3359375,953.1763916015625,26.838424682617188
12.3515625,953.1891479492188,26.833648681640625
12.3671875,953.1689453125,26.82555389404297
12.3828125,953.1262817382812,26.823348999023438
12.3984375,953.1476440429688,26.82996368408203
12.4140625,953.1488647460938,26.82996368408203
12.4296875,953.1495361328125,26.834373474121094
12.4453125,953.1636352539062,26.82996368408203
12.4609375,953.1692504882812,26.82555389404297
12.4765625,953.1430053710938,26.830337524414062
12.4921875,953.0806884765625,26.82299041748047
12.5078125,953.169677734375,26.833648681640625
12.5234375,953.149169921875,26.82299041748047
12.5390625,953.1763305664062,26.815635681152344
12.5546875,953.1755981445312,26.833648681640625
12.5703125,953.180908203125,26.833648681640625
12.5859375,953.17138671875,26.82445526123047
12.6015625,953.1763916015625,26.82740020751953
12.6171875,953.1534423828125,26.825927734375
12.6328125,953.1478881835938,26.82996368408203
12.6484375,953.1470947265625,26.833648681640625
12.6640625,953.1558227539062,26.82813262939453
12.6796875,953.2276611328125,26.825927734375
12.6953125,953.1801147460938,26.825927734375
12.7109375,953.197998046875,26.82886505126953
12.7265625,953.203125,26.8248291015625
12.7421875,953.1961669921875,26.820045471191406
12.7578125,953.1992797851562,26.80608367919922
12.7734375,953.1996459960938,26.80866241455078
12.7890625,953.1771850585938,26.81232452392578
12.8046875,953.1967163085938,26.81122589111328
12.8203125,953.177490234375,26.82299041748047
12.8359375,953.191162109375,26.812698364257812
12.8515625,953.18896484375,26.833648681640625
12.8671875,953.2060546875,26.821517944335938
12.8828125,953.2083129882812,26.833648681640625
12.8984375,953.1731567382812,26.812698364257812
12.9140625,953.1942749023438,26.822250366210938
12.9296875,953.1851196289062,26.82299041748047
12.9453125,953.17919921875,26.82299041748047
12.9609375,953.1889038085938,26.80866241455078
12.9765625,953.1969604492188,26.812698364257812
12.9921875,953.17578125,26.81049346923828
13.0078125,953.1971435546875,26.815635681152344
13.0234375,953.1755981445312,26.81049346923828
13.0390625,953.1755981445312,26.80718994140625
13.0546875,953.192626953125,26.80718994140625
13.0703125,953.187255859375,26.800941467285156
13.0859375,953.1920166015625,26.80718994140625
13.1015625,953.1937255859375,26.810867309570312
13.1171875,953.1762084960938,26.798736572265625
13.1328125,953.1845703125,26.80902099609375
13.1484375,953.1856079101562,26.80608367919922
13.1640625,953.1686401367188,26.815277099609375
13.1796875,953.1808471679688,26.810867309570312
13.1953125,953.172607421875,26.810867309570312
13.2109375,953.1702270507812,26.816734313964844
13.2265625,953.1762084960938,26.80718994140625
13.2421875,953.168701171875,26.80902099609375
13.2578125,953.1646728515625,26.818580627441406
13.2734375,953.1721801757812,26.813430786132812
13.2890625,953.1638793945312,26.80902099609375
13.3046875,953.181396484375,26.8248291015625
13.3203125,953.1632690429688,26.813430786132812
13.3359375,953.1531982421875,26.814170837402344
13.3515625,953.1490478515625,26.81232452392578
13.3671875,953.1752319335938,26.80976104736328
13.3828125,953.1485595703125,26.80791473388672
13.3984375,953.17529296875,26.811599731445312
13.4140625,953.158935546875,26.814529418945312
13.4296875,953.1574096679688,26.80425262451172
13.4453125,953.1486206054688,26.820045471191406
13.4609375,953.1478881835938,26.818206787109375
13.4765625,953.1602172851562,26.82299041748047
13.4921875,953.148193359375,26.82666015625
13.5078125,953.192138671875,26.812698364257812
13.5234375,953.1692504882812,26.819686889648438
13.5390625,953.0868530273438,26.814170837402344
13.5546875,953.1610107421875,26.815635681152344
13.5703125,953.1707763671875,26.817481994628906
13.5859375,953.169189453125,26.8248291015625
13.6015625,953.1321411132812,26.817481994628906
13.6171875,953.16015625,26.813430786132812
13.6328125,953.1782836914062,26.80535125732422
13.6484375,953.2037353515625,26.810867309570312
13.6640625,953.161865234375,26.812698364257812
13.6796875,953.1405029296875,26.81049346923828
13.6953125,953.1427001953125,26.8248291015625
13.7109375,953.1878051757812,26.813430786132812
13.7265625,953.169921875,26.81011962890625
13.7421875,953.173095703125,26.820045471191406
13.7578125,953.1593017578125,26.82555389404297
13.7734375,953.1256713867188,26.8248291015625
13.7890625,953.1465454101562,26.81011962890625
13.8046875,953.1552124023438,26.812698364257812
13.8203125,953.1752319335938,26.812698364257812
13.8359375,953.1823120117188,26.810867309570312
13.8515625,953.159423828125,26.797637939453125
13.8671875,953.146240234375,26.80681610107422
13.8828125,953.1788940429688,26.80535125732422
13.8984375,953.148193359375,26.812698364257812
13.9140625,953.1507568359375,26.80425262451172
13.9296875,953.1522216796875,26.811599731445312
13.9453125,953.1613159179688,26.80718994140625
13.9609375,953.1800537109375,26.80608367919922
13.9765625,953.1649780273438,26.80425262451172
13.9921875,953.1685180664062,26.798736572265625
14.0078125,953.1768798828125,26.802406311035156
14.0234375,953.2005004882812,26.796531677246094
14.0390625,953.1449584960938,26.79027557373047
14.0546875,953.1455078125,26.796531677246094
14.0703125,953.1730346679688,26.80425262451172
14.0859375,953.1689453125,26.796531677246094
14.1015625,953.200439453125,26.800201416015625
14.1171875,953.1895141601562,26.80425262451172
14.1328125,953.2252197265625,26.786239624023438
14.1484375,953.2012939453125,26.79027557373047
14.1640625,953.1939086914062,26.799842834472656
14.1796875,953.2031860351562,26.803504943847656
14.1953125,953.1845092773438,26.78661346435547
14.2109375,953.1983642578125,26.777793884277344
14.2265625,953.1939086914062,26.799468994140625
14.2421875,953.1715698242188,26.795791625976562
14.2578125,953.1998291015625,26.786239624023438
14.2734375,953.1815185546875,26.791748046875
14.2890625,953.1953125,26.79027557373047
14.3046875,953.1825561523438,26.795791625976562
14.3203125,953.1884155273438,26.795059204101562
14.3359375,953.1956176757812,26.79027557373047
14.3515625,953.1759643554688,26.79468536376953
14.3671875,953.1781616210938,26.781829833984375
14.3828125,953.1954345703125,26.788070678710938
14.3984375,953.2015380859375,26.795791625976562
14.4140625,953.18310546875,26.795791625976562
14.4296875,953.1842651367188,26.79027557373047
14.4453125,953.184326171875,26.788818359375
14.4609375,953.1710815429688,26.776687622070312
14.4765625,953.1842651367188,26.776687622070312
14.4921875,953.1740112304688,26.77153778076172
14.5078125,953.1800537109375,26.77484130859375
14.5234375,953.1821899414062,26.779624938964844
14.5390625,953.178466796875,26.784767150878906
14.5546875,953.1688232421875,26.795059204101562
14.5703125,953.1842041015625,26.77484130859375
14.5859375,953.1810913085938,26.78917694091797
14.6015625,953.1729736328125,26.788818359375
14.6171875,953.1770629882812,26.781455993652344
14.6328125,953.172607421875,26.781829833984375
14.6484375,953.1703491210938,26.764564514160156
14.6640625,953.1842651367188,26.79027557373047
14.6796875,953.1801147460938,26.77410888671875
14.6953125,953.1749877929688,26.786239624023438
14.7109375,953.1797485351562,26.787338256835938
14.7265625,953.1672973632812,26.781829833984375
14.7421875,953.17578125,26.78917694091797
14.7578125,953.1800537109375,26.776687622070312
14.7734375,953.1704711914062,26.788070678710938
14.7890625,953.1583862304688,26.78661346435547
14.8046875,953.1649169921875,26.779251098632812
14.8203125,953.1593627929688,26.781829833984375
14.8359375,953.163818359375,26.779624938964844
14.8515625,953.170654296875,26.783660888671875
14.8671875,953.1490478515625,26.7899169921875
14.8828125,953.1663818359375,26.782562255859375
14.8984375,953.150146484375,26.793228149414062
14.9140625,953.16796875,26.784034729003906
14.9296875,953.157958984375,26.78955078125
14.9453125,953.15380859375,26.795059204101562
14.9609375,953.1956176757812,26.79027557373047
14.9765625,953.1801147460938,26.793228149414062
14.9921875,953.16796875,26.782203674316406
15.0078125,953.1530151367188,26.7913818359375
15.0234375,953.1953125,26.79027557373047
15.0390625,953.1724243164062,26.788818359375
15.0546875,953.1818237304688,26.79285430908203
15.0703125,953.177490234375,26.795791625976562
15.0859375,953.1914672851562,26.796531677246094
15.1015625,953.1669921875,26.784034729003906
15.1171875,953.1633911132812,26.796531677246094
15.1328125,953.1527099609375,26.79027557373047
15.1484375,953.1669921875,26.793960571289062
15.1640625,953.1996459960938,26.784767150878906
15.1796875,953.1939697265625,26.800567626953125
15.1953125,953.2028198242188,26.79027557373047
15.2109375,953.1448974609375,26.788818359375
15.2265625,953.1412353515625,26.804977416992188
15.2421875,953.172607421875,26.7913818359375
15.2578125,953.1468505859375,26.780357360839844
15.2734375,953.1630249023438,26.798736572265625
15.2890625,953.1613159179688,26.779624938964844
15.3046875,953.1724853515625,26.784034729003906
15.3203125,953.1514892578125,26.79027557373047
15.3359375,953.16162109375,26.784034729003906
15.3515625,953.1729736328125,26.77594757080078
15.3671875,953.1619873046875,26.77594757080078
15.3828125,953.1590576171875,26.777793884277344
15.3984375,953.1508178710938,26.787338256835938
15.4140625,953.1445922851562,26.79027557373047
15.4296875,953.1478881835938,26.779624938964844
15.4453125,953.151611328125,26.779624938964844
15.4609375,953.1145629882812,26.787338256835938
15.4765625,953.121826171875,26.794326782226562
15.4921875,953.182373046875,26.78917694091797
15.5078125,953.1735229492188,26.7913818359375
15.5234375,953.1767578125,26.782928466796875
15.5390625,953.1447143554688,26.784034729003906
15.5546875,953.1932373046875,26.766021728515625
15.5703125,953.1514892578125,26.781829833984375
15.5859375,953.217529296875,26.784767150878906
15.6015625,953.2005004882812,26.786239624023438
15.6171875,953.1947631835938,26.784034729003906
15.6328125,953.1956787109375,26.784767150878906
15.6484375,953.2041015625,26.782562255859375
15.6640625,953.2003784179688,26.786239624023438
15.6796875,953.194091796875,26.77191162109375
15.6953125,953.1873168945312,26.77227783203125
15.7109375,953.186767578125,26.780357360839844
15.7265625,953.194091796875,26.776687622070312
15.7421875,953.2003784179688,26.781455993652344
15.7578125,953.1935424804688,26.782562255859375
15.7734375,953.1764526367188,26.784408569335938
15.7890625,953.1837768554688,26.781097412109375
15.8046875,953.1929321289062,26.767501831054688
15.8203125,953.1934814453125,26.780357360839844
15.8359375,953.1755981445312,26.781829833984375
15.8515625,953.1751098632812,26.785140991210938
15.8671875,953.1946411132812,26.781097412109375
15.8828125,953.1792602539062,26.77484130859375
15.8984375,953.173828125,26.77484130859375
15.9140625,953.1744384765625,26.7913818359375
15.9296875,953.1880493164062,26.77410888671875
15.9453125,953.1904296875,26.783660888671875
15.9609375,953.18310546875,26.781455993652344
15.9765625,953.175048828125,26.77374267578125
15.9921875,953.1904296875,26.778518676757812
16.0078125,953.1981201171875,26.782928466796875
16.0234375,953.1788330078125,26.77484130859375
16.0390625,953.1942138671875,26.780357360839844
16.0546875,953.1660766601562,26.77153778076172
16.0703125,953.1646118164062,26.770431518554688
16.0859375,953.1847534179688,26.78917694091797
16.1015625,953.1669311523438,26.798736572265625
16.1171875,953.1762084960938,26.77521514892578
16.1328125,953.16552734375,26.781455993652344
16.1484375,953.172607421875,26.782562255859375
16.1640625,953.1728515625,26.77191162109375
16.1796875,953.1754760742188,26.782562255859375
16.1953125,953.1644897460938,26.781829833984375
16.2109375,953.1519165039062,26.77521514892578
16.2265625,953.1719970703125,26.779998779296875
16.2421875,953.1451416015625,26.781455993652344
16.2578125,953.1069946289062,26.775588989257812
16.2734375,953.1553955078125,26.780357360839844
16.2890625,953.1755981445312,26.801300048828125
16.3046875,953.1663818359375,26.77191162109375
16.3203125,953.1412963867188,26.777793884277344
16.3359375,953.1723022460938,26.78917694091797
16.3515625,953.1836547851562,26.79212188720703
16.3671875,953.1731567382812,26.797637939453125
16.3828125,953.1779174804688,26.793960571289062
16.3984375,953.1602172851562,26.78955078125
16.4140625,953.169921875,26.777793884277344
16.4296875,953.1717529296875,26.780357360839844
16.4453125,953.1821899414062,26.784408569335938
16.4609375,953.1766967773438,26.78844451904297
16.4765625,953.1495361328125,26.782203674316406
16.4921875,953.1829223632812,26.794326782226562
16.5078125,953.1734008789062,26.795791625976562
16.5234375,953.1860961914062,26.795791625976562
16.5390625,953.1591186523438,26.796531677246094
16.5546875,953.176513671875,26.793228149414062
16.5703125,953.1763305664062,26.782203674316406
16.5859375,953.125,26.788818359375
16.6015625,953.1465454101562,26.791748046875
16.6171875,953.1528930664062,26.800201416015625
16.6328125,953.1954345703125,26.795791625976562
16.6484375,953.2057495117188,26.79027557373047
16.6640625,953.1856079101562,26.79027557373047
16.6796875,953.1681518554688,26.79027557373047
16.6953125,953.1801147460938,26.79027557373047
16.7109375,953.1640625,26.802406311035156
16.7265625,953.1849975585938,26.80681610107422
16.7421875,953.1937255859375,26.784767150878906
16.7578125,953.1766967773438,26.784034729003906
16.7734375,953.1729736328125,26.79027557373047
16.7890625,953.1675415039062,26.793960571289062
16.8046875,953.1674194335938,26.788818359375
16.8203125,953.1627197265625,26.80425262451172
16.8359375,953.1786499023438,26.80608367919922
16.8515625,953.1751098632812,26.788818359375
16.8671875,953.1345825195312,26.803504943847656
16.8828125,953.167724609375,26.782562255859375
16.8984375,953.1668701171875,26.784408569335938
16.9140625,953.159912109375,26.793960571289062
16.9296875,953.185302734375,26.793228149414062
16.9453125,953.1775512695312,26.79102325439453
16.9609375,953.1837768554688,26.79212188720703
16.9765625,953.1707763671875,26.801300048828125
16.9921875,953.1932373046875,26.799842834472656
17.0078125,953.1954345703125,26.78955078125
17.0234375,953.1818237304688,26.7913818359375
17.0390625,953.2018432617188,26.787338256835938
17.0546875,953.1978149414062,26.77301025390625
17.0703125,953.1993408203125,26.784767150878906
17.0859375,953.194580078125,26.777793884277344
17.1015625,953.200439453125,26.778518676757812
17.1171875,953.1951293945312,26.780357360839844
17.1328125,953.2036743164062,26.788070678710938
17.1484375,953.1876831054688,26.779624938964844
17.1640625,953.1749267578125,26.77374267578125
17.1796875,953.186279296875,26.77301025390625
17.1953125,953.1682739257812,26.77704620361328
17.2109375,953.1746826171875,26.786239624023438
17.2265625,953.172607421875,26.77410888671875
17.2421875,953.17138671875,26.80425262451172
17.2578125,953.1749877929688,26.779624938964844
17.2734375,953.1915893554688,26.795059204101562
17.2890625,953.1770629882812,26.79027557373047
17.3046875,953.184326171875,26.779624938964844
17.3203125,953.1671752929688,26.788818359375
17.3359375,953.1471557617188,26.779624938964844
17.3515625,953.1761474609375,26.777793884277344
17.3671875,953.1788940429688,26.781455993652344
17.3828125,953.1630859375,26.785865783691406
17.3984375,953.170654296875,26.79027557373047
17.4140625,953.1771850585938,26.779251098632812
17.4296875,953.15576171875,26.788818359375
17.4453125,953.1657104492188,26.79027557373047
17.4609375,953.1920776367188,26.780357360839844
17.4765625,953.1774291992188,26.781097412109375
17.4921875,953.1702880859375,26.796531677246094
17.5078125,953.1658935546875,26.780357360839844
17.5234375,953.1660766601562,26.781829833984375
17.5390625,953.1722412109375,26.77594757080078
17.5546875,953.1571655273438,26.779624938964844
17.5703125,953.1647338867188,26.780357360839844
17.5859375,953.1571044921875,26.78917694091797
17.6015625,953.1651611328125,26.782203674316406
17.6171875,953.1697998046875,26.79468536376953
17.6328125,953.1214599609375,26.79248046875
17.6484375,953.1445922851562,26.784767150878906
17.6640625,953.1569213867188,26.784767150878906
17.6796875,953.1138916015625,26.777793884277344
17.6953125,953.1102294921875,26.780357360839844
17.7109375,953.116455078125,26.786972045898438
17.7265625,953.1063842773438,26.79212188720703
17.7421875,953.1593627929688,26.794326782226562
17.7578125,953.0616455078125,26.784034729003906
17.7734375,953.1144409179688,26.787338256835938
17.7890625,953.1153564453125,26.787338256835938
17.8046875,953.1427612304688,26.784034729003906
17.8203125,953.1024780273438,26.79468536376953
17.8359375,953.1322631835938,26.793960571289062
17.8515625,953.16796875,26.784767150878906
17.8671875,953.098876953125,26.800567626953125
17.8828125,953.1871948242188,26.782203674316406
17.8984375,953.1710205078125,26.79027557373047
17.9140625,953.1675415039062,26.80425262451172
17.9296875,953.1235961914062,26.795059204101562
17.9453125,953.1537475585938,26.784034729003906
17.9609375,953.1376342773438,26.800201416015625
17.9765625,953.0902709960938,26.796531677246094
17.9921875,953.1287231445312,26.793228149414062
18.0078125,953.1165161132812,26.802406311035156
18.0234375,953.1856079101562,26.799468994140625
18.0390625,953.1990356445312,26.79468536376953
18.0546875,953.1399536132812,26.81011962890625
18.0703125,953.1970825195312,26.80976104736328
18.0859375,953.0888671875,26.798736572265625
18.1015625,953.2102661132812,26.802406311035156
18.1171875,953.2177734375,26.817481994628906
18.1328125,953.1171875,26.799468994140625
18.1484375,953.1632080078125,26.813072204589844
18.1640625,953.1382446289062,26.8248291015625
18.1796875,953.10888671875,26.80791473388672
18.1953125,953.1884765625,26.80535125732422
18.2109375,953.140380859375,26.80608367919922
18.2265625,953.2032470703125,26.81049346923828
18.2421875,953.1780395507812,26.810867309570312
18.2578125,953.3787841796875,26.80902099609375
18.2734375,953.2053833007812,26.816734313964844
18.2890625,953.3052978515625,26.818580627441406
18.3046875,953.2212524414062,26.811965942382812
18.3203125,953.150146484375,26.80608367919922
18.3359375,953.0843505859375,26.810867309570312
18.3515625,953.21630859375,26.80535125732422
18.3671875,953.1398315429688,26.803504943847656
18.3828125,953.122314453125,26.804977416992188
18.3984375,953.1697387695312,26.82666015625
18.4140625,953.1820068359375,26.80608367919922
18.4296875,953.1996459960938,26.815277099609375
18.4453125,953.2017822265625,26.821144104003906
18.4609375,953.2077026367188,26.80718994140625
18.4765625,953.2009887695312,26.814529418945312
18.4921875,953.2094116210938,26.810867309570312
18.5078125,953.2108154296875,26.816375732421875
18.5234375,953.2208862304688,26.810867309570312
18.5390625,953.2269897460938,26.80902099609375
18.5546875,953.210693359375,26.82555389404297
18.5703125,953.21240234375,26.812698364257812
18.5859375,953.2015380859375,26.80608367919922
18.6015625,953.2080078125,26.813796997070312
18.6171875,953.2010498046875,26.821144104003906
18.6328125,953.202392578125,26.816375732421875
18.6484375,953.2042846679688,26.804977416992188
18.6640625,953.2007446289062,26.816375732421875
18.6796875,953.2120361328125,26.80608367919922
18.6953125,953.2062377929688,26.82299041748047
18.7109375,953.1852416992188,26.80791473388672
18.7265625,953.1998291015625,26.820045471191406
18.7421875,953.1981201171875,26.819313049316406
18.7578125,953.1854248046875,26.80902099609375
18.7734375,953.1771850585938,26.80608367919922
18.7890625,953.1967163085938,26.811965942382812
18.8046875,953.1895141601562,26.80976104736328
18.8203125,953.1904296875,26.80902099609375
18.8359375,953.1862182617188,26.80718994140625
18.8515625,953.1937255859375,26.80608367919922
18.8671875,953.185302734375,26.796890258789062
18.8828125,953.1844482421875,26.80425262451172
18.8984375,953.1696166992188,26.798736572265625
18.9140625,953.1738891601562,26.80866241455078
18.9296875,953.1557006835938,26.80608367919922
18.9453125,953.169189453125,26.80976104736328
18.9609375,953.167236328125,26.799095153808594
18.9765625,953.1594848632812,26.80718994140625
18.9921875,953.1752319335938,26.78955078125
19.0078125,953.169921875,26.796531677246094
19.0234375,953.1633911132812,26.794326782226562
19.0390625,953.162109375,26.80791473388672
19.0546875,953.1675415039062,26.79027557373047
19.0703125,953.16162109375,26.800201416015625
19.0859375,953.1524047851562,26.80902099609375
19.1015625,953.1671142578125,26.798736572265625
19.1171875,953.1488037109375,26.80425262451172
19.1328125,953.1719970703125,26.795791625976562
19.1484375,953.1131591796875,26.80535125732422
19.1640625,953.1224975585938,26.795791625976562
19.1796875,953.173583984375,26.80791473388672
19.1953125,953.0904541015625,26.80902099609375
19.2109375,953.1604614257812,26.79468536376953
19.2265625,953.1536254882812,26.799842834472656
19.2421875,953.156005859375,26.796531677246094
19.2578125,953.1591796875,26.794326782226562
19.2734375,953.12255859375,26.800201416015625
19.2890625,953.1476440429688,26.798736572265625
19.3046875,953.1852416992188,26.80535125732422
19.3203125,953.1596069335938,26.800941467285156
19.3359375,953.1895751953125,26.797637939453125
19.3515625,953.1450805664062,26.818206787109375
19.3671875,953.1632690429688,26.80902099609375
19.3828125,953.1546020507812,26.79027557373047
19.3984375,953.1914672851562,26.795059204101562
19.4140625,953.1962280273438,26.80681610107422
19.4296875,953.1549072265625,26.799095153808594
19.4453125,953.1529541015625,26.795791625976562
19.4609375,953.165771484375,26.79027557373047
19.4765625,953.13232421875,26.78955078125
19.4921875,953.1729736328125,26.81049346923828
19.5078125,953.1678466796875,26.79468536376953
19.5234375,953.111328125,26.800567626953125
19.5390625,953.16748046875,26.796531677246094
19.5546875,953.1574096679688,26.798736572265625
19.5703125,953.1368408203125,26.80425262451172
19.5859375,953.1755981445312,26.799468994140625
19.6015625,953.1530151367188,26.788818359375
19.6171875,953.1764526367188,26.799842834472656
19.6328125,953.1775512695312,26.799468994140625
19.6484375,953.1356811523438,26.798736572265625
19.6640625,953.175048828125,26.793228149414062
19.6796875,953.1530151367188,26.79468536376953
19.6953125,953.1710815429688,26.79468536376953
19.7109375,953.1549072265625,26.799468994140625
19.7265625,953.1350708007812,26.793960571289062
19.7421875,953.1805419921875,26.802406311035156
19.7578125,953.1515502929688,26.80608367919922
19.7734375,953.1751098632812,26.796890258789062
19.7890625,953.1329956054688,26.795791625976562
19.8046875,953.1585693359375,26.799468994140625
19.8203125,953.1841430664062,26.795791625976562
19.8359375,953.1161499023438,26.802047729492188
19.8515625,953.1764526367188,26.788818359375
19.8671875,953.1513671875,26.798736572265625
19.8828125,953.1942138671875,26.80902099609375
19.8984375,953.2035522460938,26.799468994140625
19.9140625,953.2056274414062,26.795791625976562
19.9296875,953.2093505859375,26.79102325439453
19.9453125,953.2041015625,26.798736572265625
19.9609375,953.2001342773438,26.795791625976562
19.9765625,953.2003784179688,26.799468994140625
19.9921875,953.2003173828125,26.793960571289062
20.0078125,953.1954345703125,26.79468536376953
20.0234375,953.1895751953125,26.79212188720703
20.0390625,953.1994018554688,26.79027557373047
20.0546875,953.177734375,26.80535125732422
20.0703125,953.2061767578125,26.784034729003906
20.0859375,953.1939086914062,26.799842834472656
20.1015625,953.1834716796875,26.798736572265625
20.1171875,953.1935424804688,26.79468536376953
20.1328125,953.1876831054688,26.79468536376953
20.1484375,953.18896484375,26.784034729003906
20.1640625,953.1837158203125,26.799468994140625
20.1796875,953.1834716796875,26.784034729003906
20.1953125,953.1807861328125,26.79027557373047
20.2109375,953.1693725585938,26.799468994140625
20.2265625,953.1846923828125,26.79027557373047
20.2421875,953.1884765625,26.795791625976562
20.2578125,953.1716918945312,26.800941467285156
20.2734375,953.1776123046875,26.798370361328125
20.2890625,953.1797485351562,26.799468994140625
20.3046875,953.1739501953125,26.795791625976562
20.3203125,953.171142578125,26.788818359375
20.3359375,953.1776123046875,26.79212188720703
20.3515625,953.1802978515625,26.797637939453125
20.3671875,953.1808471679688,26.795433044433594
20.3828125,953.1842651367188,26.805709838867188
20.3984375,953.1727294921875,26.80718994140625
20.4140625,953.1884155273438,26.80718994140625
20.4296875,953.1884155273438,26.795059204101562
20.4453125,953.1860961914062,26.80718994140625
20.4609375,953.1859741210938,26.799468994140625
20.4765625,953.1787109375,26.788070678710938
20.4921875,953.1865234375,26.79468536376953
20.5078125,953.1554565429688,26.793960571289062
20.5234375,953.1674194335938,26.796531677246094
20.5390625,953.1820068359375,26.79102325439453
20.5546875,953.1802368164062,26.795791625976562
20.5703125,953.15380859375,26.79027557373047
20.5859375,953.1675415039062,26.804977416992188
20.6015625,953.148193359375,26.788818359375
20.6171875,953.1591186523438,26.798370361328125
20.6328125,953.0973510742188,26.800201416015625
20.6484375,953.156005859375,26.786239624023438
20.6640625,953.0973510742188,26.80902099609375
20.6796875,953.0983276367188,26.80902099609375
20.6953125,953.1749267578125,26.80425262451172
20.7109375,953.1242065429688,26.80608367919922
20.7265625,953.1625366210938,26.802406311035156
20.7421875,953.1455078125,26.819313049316406
20.7578125,953.1173095703125,26.830711364746094
20.7734375,953.15185546875,26.818206787109375
20.7890625,953.1643676757812,26.80718994140625
20.8046875,953.123779296875,26.812698364257812
20.8203125,953.1895141601562,26.816375732421875
20.8359375,953.218017578125,26.80791473388672
20.8515625,953.1431274414062,26.80902099609375
20.8671875,953.1162109375,26.811965942382812
20.8828125,953.1907348632812,26.80608367919922
20.8984375,953.1530151367188,26.813796997070312
20.9140625,953.1783447265625,26.802406311035156
20.9296875,953.1598510742188,26.799095153808594
20.9453125,953.1409912109375,26.802780151367188
20.9609375,953.1742553710938,26.80902099609375
20.9765625,953.1484985351562,26.79468536376953
20.9921875,953.2026977539062,26.80718994140625
21.0078125,953.1973876953125,26.798736572265625
21.0234375,953.1630859375,26.80608367919922
21.0390625,953.1788330078125,26.80976104736328
21.0546875,953.1749877929688,26.800201416015625
21.0703125,953.188232421875,26.800941467285156
21.0859375,953.1549072265625,26.799468994140625
21.1015625,953.169189453125,26.811965942382812
21.1171875,953.1488647460938,26.798736572265625
21.1328125,953.1959838867188,26.79212188720703
21.1484375,953.1796875,26.799468994140625
21.1640625,953.1458129882812,26.804977416992188
21.1796875,953.189453125,26.799468994140625
21.1953125,953.1661987304688,26.793960571289062
21.2109375,953.17333984375,26.800201416015625
21.2265625,953.1859130859375,26.801673889160156
21.2421875,953.1962280273438,26.80608367919922
21.2578125,953.2032470703125,26.79212188720703
21.2734375,953.1922607421875,26.788818359375
21.2890625,953.1866455078125,26.799468994140625
21.3046875,953.2062377929688,26.799468994140625
21.3203125,953.21044921875,26.798736572265625
21.3359375,953.225830078125,26.80608367919922
21.3515625,953.23974609375,26.80608367919922
21.3671875,953.2337036132812,26.804977416992188
21.3828125,953.2199096679688,26.80608367919922
21.3984375,953.2182006835938,26.80425262451172
21.4140625,953.2210083007812,26.80425262451172
21.4296875,953.2060546875,26.80608367919922
21.4453125,953.225341796875,26.795791625976562
21.4609375,953.2327270507812,26.80535125732422
21.4765625,953.2199096679688,26.80425262451172
21.4921875,953.210205078125,26.796157836914062
21.5078125,953.2094116210938,26.79468536376953
21.5234375,953.2326049804688,26.788818359375
21.5390625,953.2009887695312,26.799468994140625
21.5546875,953.2229614257812,26.80718994140625
21.5703125,953.19921875,26.798736572265625
21.5859375,953.225830078125,26.793228149414062
21.6015625,953.2098388671875,26.798736572265625
21.6171875,953.2048950195312,26.79027557373047
21.6328125,953.1962280273438,26.801300048828125
21.6484375,953.200439453125,26.800941467285156
21.6640625,953.2021484375,26.798736572265625
21.6796875,953.201904296875,26.799468994140625
21.6953125,953.1846923828125,26.799468994140625
21.7109375,953.2003173828125,26.80791473388672
21.7265625,953.1998291015625,26.795059204101562
21.7421875,953.2022705078125,26.80718994140625
21.7578125,953.1842041015625,26.800567626953125
21.7734375,953.18359375,26.795791625976562
21.7890625,953.169921875,26.803504943847656
21.8046875,953.1814575195312,26.80608367919922
21.8203125,953.1954345703125,26.799468994140625
21.8359375,953.188232421875,26.796157836914062
21.8515625,953.193359375,26.796531677246094
21.8671875,953.1669921875,26.798736572265625
21.8828125,953.1834106445312,26.80535125732422
21.8984375,953.177490234375,26.80608367919922
21.9140625,953.185302734375,26.80425262451172
21.9296875,953.1660766601562,26.80902099609375
21.9453125,953.1754760742188,26.80535125732422
21.9609375,953.166748046875,26.803504943847656
21.9765625,953.1701049804688,26.795059204101562
21.9921875,953.1663208007812,26.795059204101562
22.0078125,953.1680908203125,26.800567626953125
22.0234375,953.1883544921875,26.799468994140625
22.0390625,953.1554565429688,26.797637939453125
22.0546875,953.1694946289062,26.800567626953125
22.0703125,953.1615600585938,26.80608367919922
22.0859375,953.1513061523438,26.795059204101562
22.1015625,953.165771484375,26.78955078125
22.1171875,953.1663208007812,26.799468994140625
22.1328125,953.0986328125,26.80425262451172
22.1484375,953.1612548828125,26.80791473388672
22.1640625,953.1400756835938,26.803504943847656
22.1796875,953.0535888671875,26.79248046875
22.1953125,953.1385498046875,26.799095153808594
22.2109375,953.1781005859375,26.802406311035156
22.2265625,953.1311645507812,26.798736572265625
22.2421875,953.1392211914062,26.79248046875
22.2578125,953.09912109375,26.80791473388672
22.2734375,953.1699829101562,26.800941467285156
22.2890625,953.1393432617188,26.813430786132812
22.3046875,953.1466064453125,26.815277099609375
22.3203125,953.1329956054688,26.80535125732422
22.3359375,953.1427612304688,26.80866241455078
22.3515625,953.1151123046875,26.825927734375
22.3671875,953.1192016601562,26.80791473388672
22.3828125,953.107177734375,26.811599731445312
22.3984375,953.0974731445312,26.833648681640625
22.4140625,953.1575317382812,26.833648681640625
22.4296875,953.1707763671875,26.830711364746094
22.4453125,953.0914916992188,26.833648681640625
22.4609375,953.175537109375,26.82555389404297
22.4765625,953.16162109375,26.822616577148438
22.4921875,953.2095947265625,26.833648681640625
22.5078125,953.1414794921875,26.830711364746094
22.5234375,953.1763916015625,26.833648681640625
22.5390625,953.1079711914062,26.836219787597656
22.5546875,953.1071166992188,26.840988159179688
22.5703125,953.1349487304688,26.830711364746094
22.5859375,953.1177978515625,26.830711364746094
22.6015625,953.1918334960938,26.82555389404297
22.6171875,953.120361328125,26.82372283935547
22.6328125,953.1171875,26.832542419433594
22.6484375,953.1748046875,26.82299041748047
22.6640625,953.1708374023438,26.82740020751953
22.6796875,953.1485595703125,26.832542419433594
22.6953125,953.1593017578125,26.82740020751953
22.7109375,953.1749267578125,26.832542419433594
22.7265625,953.1915283203125,26.832916259765625
22.7421875,953.1694946289062,26.832168579101562
22.7578125,953.1962280273438,26.836219787597656
22.7734375,953.1710205078125,26.82740020751953
22.7890625,953.2191162109375,26.833648681640625
22.8046875,953.2365112304688,26.838783264160156
22.8203125,953.2219848632812,26.833648681640625
22.8359375,953.2376098632812,26.832542419433594
22.8515625,953.2363891601562,26.82813262939453
22.8671875,953.2286987304688,26.84503936767578
22.8828125,953.2387084960938,26.829605102539062
22.8984375,953.2079467773438,26.832542419433594
22.9140625,953.223876953125,26.839889526367188
22.9296875,953.2144165039062,26.853858947753906
22.9453125,953.2318725585938,26.850914001464844
22.9609375,953.22265625,26.833648681640625
22.9765625,953.2365112304688,26.836219787597656
22.9921875,953.2074584960938,26.84503936767578
23.0078125,953.21484375,26.84539794921875
23.0234375,953.2376098632812,26.839889526367188
23.0390625,953.2131958007812,26.850914001464844
23.0546875,953.2196655273438,26.839157104492188
23.0703125,953.2166748046875,26.82555389404297
23.0859375,953.202880859375,26.832168579101562
23.1015625,953.2196044921875,26.833648681640625
23.1171875,953.2036743164062,26.840255737304688
23.1328125,953.215576171875,26.833648681640625
23.1484375,953.202392578125,26.839889526367188
23.1640625,953.2042846679688,26.833648681640625
23.1796875,953.2036743164062,26.853858947753906
23.1953125,953.2013549804688,26.849807739257812
23.2109375,953.200439453125,26.839889526367188
23.2265625,953.2042846679688,26.853858947753906
23.2421875,953.1954345703125,26.86083221435547
23.2578125,953.2092895507812,26.849807739257812
23.2734375,953.2099609375,26.853858947753906
23.2890625,953.2109375,26.837684631347656
23.3046875,953.2057495117188,26.834747314453125
23.3203125,953.1982421875,26.836952209472656
23.3359375,953.1865234375,26.847244262695312
23.3515625,953.201904296875,26.84650421142578
23.3671875,953.2000732421875,26.853858947753906
23.3828125,953.1942138671875,26.846145629882812
23.3984375,953.2036743164062,26.84503936767578
23.4140625,953.1873168945312,26.847976684570312
23.4296875,953.2020263671875,26.855323791503906
23.4453125,953.2015380859375,26.849807739257812
23.4609375,953.200439453125,26.856422424316406
23.4765625,953.18310546875,26.858627319335938
23.4921875,953.1905517578125,26.84650421142578
23.5078125,953.1762084960938,26.849449157714844
23.5234375,953.1591186523438,26.84650421142578
23.5390625,953.1535034179688,26.840988159179688
23.5546875,953.1475830078125,26.850914001464844
23.5703125,953.171875,26.849807739257812
23.5859375,953.1525268554688,26.851654052734375
23.6015625,953.1456298828125,26.84394073486328
23.6171875,953.187255859375,26.847244262695312
23.6328125,953.181640625,26.849807739257812
23.6484375,953.1663818359375,26.852386474609375
23.6640625,953.1271362304688,26.836219787597656
23.6796875,953.1447143554688,26.839157104492188
23.6953125,953.1569213867188,26.84394073486328
23.7109375,953.1860961914062,26.836219787597656
23.7265625,953.1280517578125,26.849807739257812
23.7421875,953.1915283203125,26.854217529296875
23.7578125,953.198486328125,26.849807739257812
23.7734375,953.1860961914062,26.836219787597656
23.7890625,953.1465454101562,26.84394073486328
23.8046875,953.1549682617188,26.84429931640625
23.8203125,953.1484985351562,26.853858947753906
23.8359375,953.1482543945312,26.84429931640625
23.8515625,953.2005004882812,26.852760314941406
23.8671875,953.1541137695312,26.84209442138672
23.8828125,953.1798706054688,26.854217529296875
23.8984375,953.1608276367188,26.853858947753906
23.9140625,953.2080078125,26.848350524902344
23.9296875,953.1339111328125,26.839889526367188
23.9453125,953.1307373046875,26.84539794921875
23.9609375,953.1760864257812,26.84394073486328
23.9765625,953.1423950195312,26.846878051757812
23.9921875,953.151123046875,26.838783264160156
24.0078125,953.1085205078125,26.829605102539062
24.0234375,953.1165161132812,26.838783264160156
24.0390625,953.181396484375,26.83953094482422
24.0546875,953.1951904296875,26.852012634277344
24.0703125,953.1444091796875,26.847244262695312
24.0859375,953.1959838867188,26.850914001464844
24.1015625,953.1790161132812,26.836219787597656
24.1171875,953.1172485351562,26.833648681640625
24.1328125,953.16357421875,26.834373474121094
24.1484375,953.1248168945312,26.834373474121094
24.1640625,953.194091796875,26.82740020751953
24.1796875,953.1827392578125,26.8248291015625
24.1953125,953.168701171875,26.82555389404297
24.2109375,953.2015991210938,26.817840576171875
24.2265625,953.212158203125,26.82996368408203
24.2421875,953.2289428710938,26.832168579101562
24.2578125,953.2130126953125,26.82886505126953
24.2734375,953.2203979492188,26.833648681640625
24.2890625,953.2125854492188,26.831069946289062
24.3046875,953.212890625,26.835479736328125
24.3203125,953.2115478515625,26.819686889648438
24.3359375,953.2051391601562,26.836219787597656
24.3515625,953.20263671875,26.836219787597656
24.3671875,953.2164916992188,26.847244262695312
24.3828125,953.1983642578125,26.833648681640625
24.3984375,953.2162475585938,26.833648681640625
24.4140625,953.2054443359375,26.833648681640625
24.4296875,953.1815185546875,26.834373474121094
24.4453125,953.1797485351562,26.82555389404297
24.4609375,953.1759033203125,26.82813262939453
24.4765625,953.1989135742188,26.82189178466797
24.4921875,953.1821899414062,26.833274841308594
24.5078125,953.1844482421875,26.82630157470703
24.5234375,953.1771850585938,26.852012634277344
24.5390625,953.1796875,26.84246826171875
24.5546875,953.1800537109375,26.833648681640625
24.5703125,953.1880493164062,26.833648681640625
24.5859375,953.1778564453125,26.833648681640625
24.6015625,953.1845092773438,26.820045471191406
24.6171875,953.176513671875,26.81049346923828
24.6328125,953.1702270507812,26.8248291015625
24.6484375,953.1871948242188,26.811965942382812
24.6640625,953.163818359375,26.811599731445312
24.6796875,953.1751098632812,26.833648681640625
24.6953125,953.183349609375,26.80866241455078
24.7109375,953.170654296875,26.830711364746094
24.7265625,953.1763916015625,26.821144104003906
24.7421875,953.16357421875,26.833648681640625
24.7578125,953.1737060546875,26.833648681640625
24.7734375,953.1904296875,26.80976104736328
24.7890625,953.1438598632812,26.82886505126953
24.8046875,953.1821899414062,26.810867309570312
24.8203125,953.1469116210938,26.82299041748047
24.8359375,953.1463623046875,26.825927734375
24.8515625,953.1466064453125,26.811599731445312
24.8671875,953.1301879882812,26.819686889648438
24.8828125,953.1137084960938,26.820045471191406
24.8984375,953.1329345703125,26.810867309570312
24.9140625,953.1403198242188,26.819313049316406
24.9296875,953.1143798828125,26.829605102539062
24.9453125,953.1380004882812,26.80902099609375
24.9609375,953.1593017578125,26.812698364257812
24.9765625,953.1871948242188,26.817840576171875
24.9921875,953.1248779296875,26.832542419433594
25.0078125,953.0487060546875,26.815635681152344
25.0234375,953.2042846679688,26.819686889648438
25.0390625,953.1681518554688,26.810867309570312
25.0546875,953.1552734375,26.818206787109375
25.0703125,953.1405029296875,26.812698364257812
25.0859375,953.1357421875,26.8248291015625
25.1015625,953.1853637695312,26.812698364257812
25.1171875,953.1967163085938,26.830711364746094
25.1328125,953.0974731445312,26.819686889648438
25.1484375,953.0162963867188,26.819686889648438
25.1640625,953.1567993164062,26.820045471191406
25.1796875,953.1340942382812,26.821144104003906
25.1953125,953.1282348632812,26.82555389404297
25.2109375,953.1549682617188,26.833648681640625
25.2265625,953.1964111328125,26.830711364746094
25.2421875,953.1859130859375,26.830711364746094
25.2578125,953.07421875,26.821144104003906
25.2734375,953.1790161132812,26.819686889648438
25.2890625,953.19677734375,26.833648681640625
25.3046875,953.1611328125,26.825927734375
25.3203125,953.1256713867188,26.819313049316406
25.3359375,953.1603393554688,26.830711364746094
25.3515625,953.1506958007812,26.813430786132812
25.3671875,953.1973876953125,26.810867309570312
25.3828125,953.1762084960938,26.811599731445312
25.3984375,953.2080078125,26.833648681640625
25.4140625,953.1283569335938,26.821144104003906
25.4296875,953.1563110351562,26.819686889648438
25.4453125,953.1053466796875,26.836219787597656
25.4609375,953.1071166992188,26.833648681640625
25.4765625,953.149169921875,26.821144104003906
25.4921875,953.1580810546875,26.82996368408203
25.5078125,953.1644287109375,26.830711364746094
25.5234375,953.1680297851562,26.82630157470703
25.5390625,953.1688842773438,26.833648681640625
25.5546875,953.1987915039062,26.836219787597656
25.5703125,953.2176513671875,26.836219787597656
25.5859375,953.2074584960938,26.847976684570312
25.6015625,953.2152099609375,26.813430786132812
25.6171875,953.206298828125,26.830711364746094
25.6328125,953.2134399414062,26.837326049804688
25.6484375,953.216552734375,26.836219787597656
25.6640625,953.20263671875,26.836219787597656
25.6796875,953.20263671875,26.817481994628906
25.6953125,953.2020263671875,26.813430786132812
25.7109375,953.2015991210938,26.829605102539062
25.7265625,953.2031860351562,26.833648681640625
25.7421875,953.2060546875,26.834373474121094
25.7578125,953.2024536132812,26.835479736328125
25.7734375,953.209716796875,26.848350524902344
25.7890625,953.2020263671875,26.834373474121094
25.8046875,953.2001342773438,26.82372283935547
25.8203125,953.198486328125,26.829605102539062
25.8359375,953.2085571289062,26.832168579101562
25.8515625,953.1920776367188,26.836219787597656
25.8671875,953.2092895507812,26.836219787597656
25.8828125,953.2068481445312,26.829238891601562
25.8984375,953.1714477539062,26.832168579101562
25.9140625,953.1807861328125,26.834747314453125
25.9296875,953.188720703125,26.840255737304688
25.9453125,953.1821899414062,26.84466552734375
25.9609375,953.1777954101562,26.837326049804688
25.9765625,953.1782836914062,26.832168579101562
25.9921875,953.177734375,26.84503936767578
26.0078125,953.1802368164062,26.846878051757812
26.0234375,953.1976928710938,26.849075317382812
26.0390625,953.179443359375,26.834373474121094
26.0546875,953.169677734375,26.836578369140625
26.0703125,953.1781616210938,26.834373474121094
26.0859375,953.1762084960938,26.830711364746094
26.1015625,953.1841430664062,26.834373474121094
26.1171875,953.1905517578125,26.832542419433594
26.1328125,953.1808471679688,26.825927734375
26.1484375,953.1891479492188,26.82813262939453
26.1640625,953.1773071289062,26.836219787597656
26.1796875,953.1256103515625,26.835479736328125
26.1953125,953.1649780273438,26.82555389404297
26.2109375,953.176513671875,26.821144104003906
26.2265625,953.1527709960938,26.836952209472656
26.2421875,953.160888671875,26.818206787109375
26.2578125,953.1549072265625,26.832542419433594
26.2734375,953.1300659179688,26.833648681640625
26.2890625,953.1414794921875,26.820045471191406
26.3046875,953.11328125,26.810867309570312
26.3203125,953.1242065429688,26.815635681152344
26.3359375,953.1002197265625,26.833648681640625
26.3515625,953.11279296875,26.82555389404297
26.3671875,953.176513671875,26.819686889648438
26.3828125,953.1603393554688,26.811599731445312
26.3984375,953.1756591796875,26.82189178466797
26.4140625,953.1217651367188,26.82996368408203
26.4296875,953.139892578125,26.810867309570312
26.4453125,953.1905517578125,26.832916259765625
26.4609375,953.1144409179688,26.836952209472656
26.4765625,953.1776123046875,26.833648681640625
26.4921875,953.14208984375,26.84429931640625
26.5078125,953.1538696289062,26.833648681640625
26.5234375,953.1450805664062,26.834014892578125
26.5390625,953.180908203125,26.833648681640625
26.5546875,953.1701049804688,26.836219787597656
26.5703125,953.1154174804688,26.821144104003906
26.5859375,953.1318359375,26.84394073486328
26.6015625,953.0784912109375,26.837326049804688
26.6171875,953.110107421875,26.830337524414062
26.6328125,953.1686401367188,26.851654052734375
26.6484375,953.1193237304688,26.849075317382812
26.6640625,953.1184692382812,26.839889526367188
26.6796875,953.1248168945312,26.829238891601562
26.6953125,953.1769409179688,26.84394073486328
26.7109375,953.1705932617188,26.833648681640625
26.7265625,953.1641845703125,26.82630157470703
26.7421875,953.1669921875,26.848350524902344
26.7578125,953.086669921875,26.836219787597656
26.7734375,953.179443359375,26.840988159179688
26.7890625,953.1188354492188,26.830711364746094
26.8046875,953.083740234375,26.839889526367188
26.8203125,953.0094604492188,26.836952209472656
26.8359375,953.1752319335938,26.850914001464844
26.8515625,953.193359375,26.853858947753906
26.8671875,953.2354736328125,26.864517211914062
26.8828125,953.1552734375,26.829605102539062
26.8984375,953.1320190429688,26.84209442138672
26.9140625,953.2152099609375,26.84394073486328
26.9296875,953.136474609375,26.84650421142578
26.9453125,953.1522216796875,26.83953094482422
26.9609375,953.1546020507812,26.836219787597656
26.9765625,953.1817626953125,26.837326049804688
26.9921875,953.228515625,26.834747314453125
27.0078125,953.2067260742188,26.848350524902344
27.0234375,953.205078125,26.854217529296875
27.0390625,953.2617797851562,26.847244262695312
27.0546875,953.2341918945312,26.847976684570312
27.0703125,953.2342529296875,26.854591369628906
27.0859375,953.2218017578125,26.849807739257812
27.1015625,953.2380981445312,26.84760284423828
27.1171875,953.2264404296875,26.867088317871094
27.1328125,953.2272338867188,26.866714477539062
27.1484375,953.2260131835938,26.8604736328125
27.1640625,953.2290649414062,26.849807739257812
27.1796875,953.2380981445312,26.857528686523438
27.1953125,953.210693359375,26.86157989501953
27.2109375,953.2224731445312,26.86157989501953
27.2265625,953.2315673828125,26.86157989501953
27.2421875,953.2051391601562,26.868553161621094
27.2578125,953.221435546875,26.86157989501953
27.2734375,953.2111206054688,26.86157989501953
27.2890625,953.2063598632812,26.867088317871094
27.3046875,953.2110595703125,26.867088317871094
27.3203125,953.2093505859375,26.857528686523438
27.3359375,953.2119140625,26.868553161621094
27.3515625,953.1861572265625,26.86157989501953
27.3671875,953.1920166015625,26.871498107910156
27.3828125,953.1786499023438,26.864883422851562
27.3984375,953.1965942382812,26.86524200439453
27.4140625,953.1995239257812,26.865615844726562
27.4296875,953.1900024414062,26.86524200439453
27.4453125,953.1846923828125,26.85900115966797
27.4609375,953.1774291992188,26.859375
27.4765625,953.1906127929688,26.86083221435547
27.4921875,953.1865234375,26.85717010498047
27.5078125,953.1724853515625,26.8612060546875
27.5234375,953.187255859375,26.865615844726562
27.5390625,953.181640625,26.86157989501953
27.5546875,953.1759033203125,26.857528686523438
27.5703125,953.1796875,26.850555419921875
27.5859375,953.184326171875,26.86414337158203
27.6015625,953.1665649414062,26.86157989501953
27.6171875,953.1836547851562,26.854591369628906
27.6328125,953.154296875,26.86083221435547
27.6484375,953.1500854492188,26.863037109375
27.6640625,953.1395874023438,26.852760314941406
27.6796875,953.1337890625,26.855697631835938
27.6953125,953.1657104492188,26.8612060546875
27.7109375,953.139404296875,26.857528686523438
27.7265625,953.1611328125,26.849807739257812
27.7421875,953.17529296875,26.857528686523438
27.7578125,953.157470703125,26.870758056640625
27.7734375,953.1390991210938,26.856063842773438
27.7890625,953.112548828125,26.850914001464844
27.8046875,953.1162109375,26.852386474609375
27.8203125,953.0608520507812,26.849075317382812
27.8359375,953.1692504882812,26.851654052734375
27.8515625,953.0823364257812,26.856796264648438
27.8671875,953.0952758789062,26.849807739257812
27.8828125,953.1931762695312,26.852012634277344
27.8984375,953.1450805664062,26.85900115966797
27.9140625,953.0352172851562,26.856796264648438
27.9296875,953.0780029296875,26.86083221435547
27.9453125,953.0807495117188,26.852386474609375
27.9609375,953.107421875,26.856796264648438
27.9765625,953.1521606445312,26.85973358154297
27.9921875,953.1912231445312,26.867088317871094
28.0078125,953.1859741210938,26.854591369628906
28.0234375,953.0914916992188,26.870758056640625
28.0390625,953.1360473632812,26.855323791503906
28.0546875,953.1489868164062,26.870758056640625
28.0703125,953.0919189453125,26.856796264648438
28.0859375,953.1945190429688,26.868553161621094
28.1015625,953.1532592773438,26.854591369628906
28.1171875,953.174560546875,26.850555419921875
28.1328125,953.1669921875,26.856796264648438
28.1484375,953.1719360351562,26.84577178955078
28.1640625,953.1426391601562,26.858627319335938
28.1796875,953.151123046875,26.858627319335938
28.1953125,953.1170043945312,26.857528686523438
28.2109375,953.1287841796875,26.852386474609375
28.2265625,953.1528930664062,26.857528686523438
28.2421875,953.1635131835938,26.865615844726562
28.2578125,953.1887817382812,26.87590789794922
28.2734375,953.1235961914062,26.86157989501953
28.2890625,953.163330078125,26.85900115966797
28.3046875,953.1349487304688,26.863037109375
28.3203125,953.2442016601562,26.857528686523438
28.3359375,953.1915893554688,26.87957763671875
28.3515625,953.1298217773438,26.86157989501953
28.3671875,953.0927734375,26.874061584472656
28.3828125,953.2117919921875,26.87737274169922
28.3984375,953.1458129882812,26.86157989501953
28.4140625,953.2021484375,26.872962951660156
28.4296875,953.2171020507812,26.868553161621094
28.4453125,953.2166137695312,26.87811279296875
28.4609375,953.2133178710938,26.871856689453125
28.4765625,953.2127075195312,26.884353637695312
28.4921875,953.197265625,26.86524200439453
28.5078125,953.2216796875,26.86083221435547
28.5234375,953.206298828125,26.868194580078125
28.5390625,953.2099609375,26.871856689453125
28.5546875,953.2169189453125,26.868553161621094
28.5703125,953.2005004882812,26.87774658203125
28.5859375,953.209716796875,26.883987426757812
28.6015625,953.2103881835938,26.87664031982422
28.6171875,953.2096557617188,26.87847137451172
28.6328125,953.2169799804688,26.86157989501953
28.6484375,953.2081909179688,26.883628845214844
28.6640625,953.2103881835938,26.8612060546875
28.6796875,953.1884765625,26.8612060546875
28.6953125,953.1860961914062,26.868553161621094
28.7109375,953.202880859375,26.88031768798828
28.7265625,953.1974487304688,26.867820739746094
28.7421875,953.2028198242188,26.87957763671875
28.7578125,953.184814453125,26.871856689453125
28.7734375,953.1881713867188,26.87774658203125
28.7890625,953.1846923828125,26.868553161621094
28.8046875,953.178955078125,26.884353637695312
28.8203125,953.189453125,26.88031768798828
28.8359375,953.176513671875,26.884353637695312
28.8515625,953.180419921875,26.871498107910156
28.8671875,953.1930541992188,26.868194580078125
28.8828125,953.1848754882812,26.864517211914062
28.8984375,953.1719970703125,26.870399475097656
28.9140625,953.1744384765625,26.875534057617188
28.9296875,953.1917114257812,26.86083221435547
28.9453125,953.1805419921875,26.884353637695312
28.9609375,953.1781005859375,26.86524200439453
28.9765625,953.1798095703125,26.86157989501953
28.9921875,953.1842651367188,26.868553161621094
29.0078125,953.1682739257812,26.864517211914062
29.0234375,953.1994018554688,26.865615844726562
29.0390625,953.1517944335938,26.868553161621094
29.0546875,953.1526489257812,26.856063842773438
29.0703125,953.1586303710938,26.87957763671875
29.0859375,953.088623046875,26.88031768798828
29.1015625,953.0875854492188,26.87884521484375
29.1171875,953.1004638671875,26.883628845214844
29.1328125,953.158935546875,26.86157989501953
29.1484375,953.1227416992188,26.867820739746094
29.1640625,953.1531982421875,26.874435424804688
29.1796875,953.1066284179688,26.875534057617188
29.1953125,953.146240234375,26.872604370117188
29.2109375,953.1459350585938,26.868194580078125
29.2265625,953.1143798828125,26.873703002929688
29.2421875,953.0845336914062,26.865615844726562
29.2578125,953.1517944335938,26.87847137451172
29.2734375,953.12255859375,26.868553161621094
29.2890625,953.2070922851562,26.87590789794922
29.3046875,953.0315551757812,26.854591369628906
29.3203125,953.0914916992188,26.871856689453125
29.3359375,953.0765380859375,26.884353637695312
29.3515625,953.105224609375,26.88067626953125
29.3671875,953.1300048828125,26.886566162109375
29.3828125,953.0595092773438,26.883628845214844
29.3984375,953.1475830078125,26.88288116455078
29.4140625,953.09912109375,26.883628845214844
29.4296875,953.1524047851562,26.883628845214844
29.4453125,953.18701171875,26.892074584960938
29.4609375,953.1119384765625,26.873703002929688
29.4765625,953.1209106445312,26.883255004882812
29.4921875,953.121826171875,26.889137268066406
29.5078125,953.068115234375,26.88288116455078
29.5234375,953.09912109375,26.87774658203125
29.5390625,953.1219482421875,26.88288116455078
29.5546875,953.1206665039062,26.888038635253906
29.5703125,953.0805053710938,26.883987426757812
29.5859375,953.1373901367188,26.89685821533203
29.6015625,953.1207885742188,26.901626586914062
29.6171875,953.1404418945312,26.8983154296875
29.6328125,953.1036376953125,26.8953857421875
29.6484375,953.087158203125,26.902725219726562
29.6640625,953.1577758789062,26.8983154296875
29.6796875,953.1430053710938,26.89685821533203
29.6953125,953.1339721679688,26.902366638183594
29.7109375,953.1118774414062,26.8983154296875
29.7265625,953.093505859375,26.904571533203125
29.7421875,953.1395263671875,26.8983154296875
29.7578125,953.1914672851562,26.890243530273438
29.7734375,953.1398315429688,26.910446166992188
29.7890625,953.1747436523438,26.904571533203125
29.8046875,953.2034301757812,26.902725219726562
29.8203125,953.2188110351562,26.901268005371094
29.8359375,953.2168579101562,26.906036376953125
29.8515625,953.2622680664062,26.902725219726562
29.8671875,953.2307739257812,26.906036376953125
29.8828125,953.2155151367188,26.902725219726562
29.8984375,953.2235717773438,26.906036376953125
29.9140625,953.2120361328125,26.91229248046875
29.9296875,953.234130859375,26.900161743164062
29.9453125,953.2149047851562,26.907508850097656
29.9609375,953.2269897460938,26.91412353515625
29.9765625,953.2134399414062,26.91118621826172
29.9921875,953.2113037109375,26.91374969482422
30.0078125,953.2115478515625,26.91229248046875
30.0234375,953.216796875,26.918533325195312
30.0390625,953.2282104492188,26.91559600830078
30.0546875,953.2051391601562,26.921112060546875
30.0703125,953.1956176757812,26.920364379882812
30.0859375,953.2146606445312,26.91412353515625
30.1015625,953.2073974609375,26.919265747070312
30.1171875,953.2120971679688,26.900161743164062
30.1328125,953.2071533203125,26.921470642089844
30.1484375,953.200927734375,26.917800903320312
30.1640625,953.194580078125,26.921112060546875
30.1796875,953.200927734375,26.907882690429688
30.1953125,953.206787109375,26.91595458984375
30.2109375,953.2117919921875,26.921112060546875
30.2265625,953.2057495117188,26.910446166992188
30.2421875,953.2070922851562,26.91559600830078
30.2578125,953.211669921875,26.904571533203125
30.2734375,953.2034301757812,26.919265747070312
30.2890625,953.1983642578125,26.916702270507812
30.3046875,953.200439453125,26.917800903320312
30.3203125,953.194580078125,26.904571533203125
30.3359375,953.1981201171875,26.904571533203125
30.3515625,953.2022705078125,26.919265747070312
30.3671875,953.1970825195312,26.907882690429688
30.3828125,953.1942749023438,26.925521850585938
30.3984375,953.1976928710938,26.922210693359375
30.4140625,953.19873046875,26.921470642089844
30.4296875,953.2015380859375,26.91706085205078
30.4453125,953.1998901367188,26.91229248046875
30.4609375,953.1803588867188,26.910446166992188
30.4765625,953.1879272460938,26.919265747070312
30.4921875,953.1636352539062,26.925880432128906
30.5078125,953.1488037109375,26.917800903320312
30.5234375,953.13427734375,26.904571533203125
30.5390625,953.096435546875,26.907508850097656
30.5546875,953.1141357421875,26.89942169189453
30.5703125,953.1240234375,26.919265747070312
30.5859375,953.0901489257812,26.91485595703125
30.6015625,953.1442260742188,26.925521850585938
30.6171875,953.1068725585938,26.921470642089844
30.6328125,953.1585083007812,26.91302490234375
30.6484375,953.12060546875,26.921470642089844
30.6640625,953.147705078125,26.920364379882812
30.6796875,953.1901245117188,26.919265747070312
30.6953125,953.1857299804688,26.917800903320312
30.7109375,953.1403198242188,26.91118621826172
30.7265625,953.1777954101562,26.911544799804688
30.7421875,953.2041015625,26.91559600830078
30.7578125,953.2069091796875,26.917800903320312
30.7734375,953.2018432617188,26.8983154296875
30.7890625,953.1986694335938,26.919265747070312
30.8046875,953.1995239257812,26.910446166992188
30.8203125,953.19873046875,26.91229248046875
30.8359375,953.1828002929688,26.921112060546875
