# Time (seconds),Pressure,Temp
0.0078125,953.0604248046875,27.49842071533203
0.0234375,953.1301879882812,27.4954833984375
0.0390625,953.112060546875,27.502456665039062
0.0546875,953.1240234375,27.491806030273438
0.0703125,953.1248779296875,27.500625610351562
0.0859375,953.1232299804688,27.501358032226562
0.1015625,953.1192016601562,27.487770080566406
0.1171875,953.1202392578125,27.507614135742188
0.1328125,953.1156005859375,27.51312255859375
0.1484375,953.1197509765625,27.497314453125
0.1640625,953.124267578125,27.503204345703125
0.1796875,953.1289672851562,27.491806030273438
0.1953125,953.126708984375,27.485565185546875
0.2109375,953.1159057617188,27.49768829345703
0.2265625,953.1260986328125,27.502456665039062
0.2421875,953.1258544921875,27.491806030273438
0.2578125,953.121826171875,27.510543823242188
0.2734375,953.1200561523438,27.499526977539062
0.2890625,953.1190185546875,27.49768829345703
0.3046875,953.1260986328125,27.506134033203125
0.3203125,953.1227416992188,27.487396240234375
0.3359375,953.1195678710938,27.491806030273438
0.3515625,953.1295776367188,27.49768829345703
0.3671875,953.1128540039062,27.507614135742188
0.3828125,953.12109375,27.501724243164062
0.3984375,953.1276245117188,27.505409240722656
0.4140625,953.1292114257812,27.489974975585938
0.4296875,953.1251831054688,27.49474334716797
0.4453125,953.128173828125,27.506134033203125
0.4609375,953.1130981445312,27.501724243164062
0.4765625,953.119873046875,27.487770080566406
0.4921875,953.126220703125,27.492904663085938
0.5078125,953.1166381835938,27.484817504882812
0.5234375,953.12890625,27.484085083007812
0.5390625,953.1276245117188,27.482986450195312
0.5546875,953.1144409179688,27.481155395507812
0.5703125,953.1226196289062,27.502456665039062
0.5859375,953.1205444335938,27.49474334716797
0.6015625,953.120361328125,27.504661560058594
0.6171875,953.1207885742188,27.503936767578125
0.6328125,953.1278076171875,27.511276245117188
0.6484375,953.1237182617188,27.506134033203125
0.6640625,953.1197509765625,27.49658966064453
0.6796875,953.1270751953125,27.49842071533203
0.6953125,953.1301879882812,27.506134033203125
0.7109375,953.1197509765625,27.508712768554688
0.7265625,953.1150512695312,27.486663818359375
0.7421875,953.1153564453125,27.502456665039062
0.7578125,953.12890625,27.489974975585938
0.7734375,953.1264038085938,27.502098083496094
0.7890625,953.11328125,27.49768829345703
0.8046875,953.1271362304688,27.490333557128906
0.8203125,953.1193237304688,27.48004913330078
0.8359375,953.1152954101562,27.484817504882812
0.8515625,953.116943359375,27.49401092529297
0.8671875,953.134033203125,27.485565185546875
0.8828125,953.1260986328125,27.509445190429688
0.8984375,953.1188354492188,27.508346557617188
0.9140625,953.1211547851562,27.489974975585938
0.9296875,953.1245727539062,27.51495361328125
0.9453125,953.1205444335938,27.49401092529297
0.9609375,953.11669921875,27.508346557617188
0.9765625,953.1246948242188,27.49474334716797
0.9921875,953.1137084960938,27.49474334716797
1.0078125,953.120361328125,27.503936767578125
1.0234375,953.121826171875,27.49768829345703
1.0390625,953.12841796875,27.504302978515625
1.0546875,953.1074829101562,27.49842071533203
1.0703125,953.1099853515625,27.502456665039062
1.0859375,953.135986328125,27.499526977539062
1.1015625,953.1213989257812,27.489227294921875
1.1171875,953.1216430664062,27.505409240722656
1.1328125,953.1292114257812,27.489974975585938
1.1484375,953.1533203125,27.507614135742188
1.1640625,953.1311645507812,27.4954833984375
1.1796875,953.0737915039062,27.49768829345703
1.1953125,953.1068725585938,27.4954833984375
1.2109375,953.0302124023438,27.504302978515625
1.2265625,953.1063232421875,27.50025177001953
1.2421875,953.0874633789062,27.49768829345703
1.2578125,953.108642578125,27.51532745361328
1.2734375,953.1397705078125,27.504661560058594
1.2890625,953.0938720703125,27.503204345703125
1.3046875,953.1306762695312,27.507614135742188
1.3203125,953.109130859375,27.508346557617188
1.3359375,953.1007690429688,27.49768829345703
1.3515625,953.087158203125,27.49658966064453
1.3671875,953.0977783203125,27.484817504882812
1.3828125,953.0464477539062,27.482986450195312
1.3984375,953.0820922851562,27.484817504882812
1.4140625,953.1510620117188,27.502456665039062
1.4296875,953.0570678710938,27.499526977539062
1.4453125,953.1154174804688,27.491806030273438
1.4609375,953.1505126953125,27.474166870117188
1.4765625,953.1385498046875,27.47930908203125
1.4921875,953.1141357421875,27.48040771484375
1.5078125,953.1965942382812,27.466445922851562
1.5234375,953.0272216796875,27.466445922851562
1.5390625,953.0858154296875,27.470855712890625
1.5546875,953.1126098632812,27.47930908203125
1.5703125,953.1409301757812,27.471588134765625
1.5859375,953.0523071289062,27.473068237304688
1.6015625,953.0889892578125,27.471588134765625
1.6171875,953.11865234375,27.449913024902344
1.6328125,953.060302734375,27.470130920410156
1.6484375,953.091552734375,27.473793029785156
1.6640625,953.1289672851562,27.461669921875
1.6796875,953.009521484375,27.470855712890625
1.6953125,953.1287231445312,27.473434448242188
1.7109375,953.103271484375,27.4598388671875
1.7265625,953.1348876953125,27.466445922851562
1.7421875,953.0828857421875,27.466445922851562
1.7578125,953.0673217773438,27.44550323486328
1.7734375,953.1160888671875,27.448440551757812
1.7890625,953.1038208007812,27.466819763183594
1.8046875,953.1295166015625,27.456527709960938
1.8203125,953.130859375,27.466445922851562
1.8359375,953.1055297851562,27.455429077148438
1.8515625,953.0955200195312,27.44367218017578
1.8671875,953.1159057617188,27.456153869628906
1.8828125,953.134521484375,27.454322814941406
1.8984375,953.0841064453125,27.456153869628906
1.9140625,953.1362915039062,27.44292449951172
1.9296875,953.1414794921875,27.44623565673828
1.9453125,953.1675415039062,27.453216552734375
1.9609375,953.1633911132812,27.44146728515625
1.9765625,953.1856079101562,27.44367218017578
1.9921875,953.1840209960938,27.45690155029297
2.0078125,953.1787109375,27.450645446777344
2.0234375,953.1864624023438,27.43926239013672
2.0390625,953.1925659179688,27.435577392578125
2.0546875,953.1832885742188,27.436683654785156
2.0703125,953.17138671875,27.430442810058594
2.0859375,953.1707763671875,27.430442810058594
2.1015625,953.1707763671875,27.43926239013672
2.1171875,953.1697998046875,27.42418670654297
2.1328125,953.1653442382812,27.430068969726562
2.1484375,953.159912109375,27.432647705078125
2.1640625,953.1787109375,27.4256591796875
2.1796875,953.1607666015625,27.434478759765625
2.1953125,953.171142578125,27.430442810058594
2.2109375,953.180908203125,27.434478759765625
2.2265625,953.1650390625,27.44329833984375
2.2421875,953.166015625,27.42713165283203
2.2578125,953.1704711914062,27.42345428466797
2.2734375,953.1593017578125,27.438156127929688
2.2890625,953.1529541015625,27.438514709472656
2.3046875,953.1674194335938,27.432647705078125
2.3203125,953.1553955078125,27.4256591796875
2.3359375,953.153564453125,27.419418334960938
2.3515625,953.1475830078125,27.428237915039062
2.3671875,953.1764526367188,27.44109344482422
2.3828125,953.1509399414062,27.435577392578125
2.3984375,953.1593627929688,27.433746337890625
2.4140625,953.1729736328125,27.419418334960938
2.4296875,953.1541137695312,27.4256591796875
2.4453125,953.1596069335938,27.433746337890625
2.4609375,953.1770629882812,27.430068969726562
2.4765625,953.1665649414062,27.422348022460938
2.4921875,953.1526489257812,27.417572021484375
2.5078125,953.1534423828125,27.438156127929688
2.5234375,953.156005859375,27.42528533935547
2.5390625,953.1546630859375,27.427490234375
2.5546875,953.1519165039062,27.4267578125
2.5703125,953.1704711914062,27.427490234375
2.5859375,953.1644287109375,27.42713165283203
2.6015625,953.1470947265625,27.433746337890625
2.6171875,953.1531982421875,27.418670654296875
2.6328125,953.1528930664062,27.42162322998047
2.6484375,953.1686401367188,27.422348022460938
2.6640625,953.1477661132812,27.429336547851562
2.6796875,953.1365356445312,27.416465759277344
2.6953125,953.1448974609375,27.4256591796875
2.7109375,953.1427612304688,27.42272186279297
2.7265625,953.1544189453125,27.42162322998047
2.7421875,953.1435546875,27.421981811523438
2.7578125,953.1298217773438,27.430442810058594
2.7734375,953.1319580078125,27.422348022460938
2.7890625,953.1311645507812,27.429336547851562
2.8046875,953.1676635742188,27.42859649658203
2.8203125,953.1388549804688,27.433006286621094
2.8359375,953.1674194335938,27.430068969726562
2.8515625,953.1551513671875,27.4256591796875
2.8671875,953.1732788085938,27.4256591796875
2.8828125,953.1516723632812,27.422348022460938
2.8984375,953.1351928710938,27.423080444335938
2.9140625,953.1610717773438,27.42528533935547
2.9296875,953.1427001953125,27.419776916503906
2.9453125,953.1368408203125,27.4256591796875
2.9609375,953.15234375,27.40911865234375
2.9765625,953.1351318359375,27.4263916015625
2.9921875,953.1356201171875,27.418670654296875
3.0078125,953.1911010742188,27.41022491455078
3.0234375,953.1214599609375,27.40839385986328
3.0390625,953.139892578125,27.411697387695312
3.0546875,953.1760864257812,27.413162231445312
3.0703125,953.15771484375,27.411697387695312
3.0859375,953.171875,27.415367126464844
3.1015625,953.1280517578125,27.413902282714844
3.1171875,953.09375,27.40618896484375
3.1328125,953.1325073242188,27.402877807617188
3.1484375,953.1710205078125,27.39258575439453
3.1640625,953.1443481445312,27.418670654296875
3.1796875,953.1074829101562,27.403610229492188
3.1953125,953.1513671875,27.401779174804688
3.2109375,953.1111450195312,27.40692138671875
3.2265625,953.0996704101562,27.40654754638672
3.2421875,953.151611328125,27.398468017578125
3.2578125,953.1532592773438,27.418670654296875
3.2734375,953.0614013671875,27.396621704101562
3.2890625,953.1381225585938,27.412429809570312
3.3046875,953.1432495117188,27.40911865234375
3.3203125,953.1298217773438,27.394790649414062
3.3359375,953.1170043945312,27.377883911132812
3.3515625,953.1475830078125,27.38890838623047
3.3671875,953.1110229492188,27.387069702148438
3.3828125,953.173583984375,27.394790649414062
3.3984375,953.1385498046875,27.379730224609375
3.4140625,953.1710815429688,27.3885498046875
3.4296875,953.1696166992188,27.385971069335938
3.4453125,953.1555786132812,27.377151489257812
3.4609375,953.1564331054688,27.377883911132812
3.4765625,953.1337890625,27.37053680419922
3.4921875,953.1415405273438,27.359886169433594
3.5078125,953.1087036132812,27.364654541015625
3.5234375,953.1534423828125,27.367233276367188
3.5390625,953.1525268554688,27.35730743408203
3.5546875,953.1019287109375,27.359886169433594
3.5703125,953.0902099609375,27.360610961914062
3.5859375,953.1961669921875,27.362449645996094
3.6015625,953.1926879882812,27.342247009277344
3.6171875,953.1768798828125,27.35547637939453
3.6328125,953.184814453125,27.348487854003906
3.6484375,953.177490234375,27.35216522216797
3.6640625,953.1683349609375,27.349960327148438
3.6796875,953.176513671875,27.342971801757812
3.6953125,953.1990966796875,27.35216522216797
3.7109375,953.1766967773438,27.345550537109375
3.7265625,953.1467895507812,27.359886169433594
3.7421875,953.1781005859375,27.348487854003906
3.7578125,953.1655883789062,27.35216522216797
3.7734375,953.1641235351562,27.350318908691406
3.7890625,953.1688232421875,27.347755432128906
3.8046875,953.1588745117188,27.360610961914062
3.8203125,953.1697998046875,27.35216522216797
3.8359375,953.1724853515625,27.348114013671875
3.8515625,953.1458129882812,27.332679748535156
3.8671875,953.1455078125,27.349594116210938
3.8828125,953.1747436523438,27.341873168945312
3.8984375,953.1691284179688,27.345184326171875
3.9140625,953.1837768554688,27.329376220703125
3.9296875,953.16015625,27.331222534179688
3.9453125,953.150146484375,27.334884643554688
3.9609375,953.1390991210938,27.33673095703125
3.9765625,953.1710205078125,27.341140747070312
3.9921875,953.1637573242188,27.327545166015625
4.0078125,953.138427734375,27.33673095703125
4.0234375,953.169189453125,27.33966827392578
4.0390625,953.1395874023438,27.33966827392578
4.0546875,953.1557006835938,27.341873168945312
4.0703125,953.1697387695312,27.348114013671875
4.0859375,953.1458129882812,27.33783721923828
4.1015625,953.1675415039062,27.33746337890625
4.1171875,953.1675415039062,27.33452606201172
4.1328125,953.137939453125,27.328643798828125
4.1484375,953.1558227539062,27.344078063964844
4.1640625,953.1561279296875,27.331222534179688
4.1796875,953.157958984375,27.33636474609375
4.1953125,953.1577758789062,27.327545166015625
4.2109375,953.1085815429688,27.328269958496094
4.2265625,953.106201171875,27.328269958496094
4.2421875,953.0733642578125,27.327545166015625
4.2578125,953.1300659179688,27.332679748535156
4.2734375,953.0750732421875,27.33599090576172
4.2890625,953.1368408203125,27.333786010742188
4.3046875,953.1384887695312,27.33673095703125
4.3203125,953.0532836914062,27.33673095703125
4.3359375,953.044921875,27.33856201171875
4.3515625,953.1275634765625,27.342971801757812
4.3671875,953.0586547851562,27.340042114257812
4.3828125,953.0458374023438,27.341140747070312
4.3984375,953.164794921875,27.33525848388672
4.4140625,953.1314697265625,27.33966827392578
4.4296875,953.0684814453125,27.348487854003906
4.4453125,953.0951538085938,27.329376220703125
4.4609375,953.1219482421875,27.342971801757812
4.4765625,953.1148071289062,27.35730743408203
4.4921875,953.0881958007812,27.345184326171875
4.5078125,953.1365966796875,27.342247009277344
4.5234375,953.0776977539062,27.350318908691406
4.5390625,953.0216674804688,27.342971801757812
4.5546875,953.1190185546875,27.33783721923828
4.5703125,953.0963745117188,27.344078063964844
4.5859375,953.0958251953125,27.33819580078125
4.6015625,953.0581665039062,27.341140747070312
4.6171875,953.0130004882812,27.33856201171875
4.6328125,953.1448974609375,27.326438903808594
4.6484375,953.1072998046875,27.328269958496094
4.6640625,953.0930786132812,27.33673095703125
4.6796875,953.118408203125,27.333786010742188
4.6953125,953.1151123046875,27.33673095703125
4.7109375,953.0921630859375,27.33673095703125
4.7265625,953.1041259765625,27.344810485839844
4.7421875,953.0881958007812,27.347381591796875
4.7578125,953.1063232421875,27.345550537109375
4.7734375,953.1091918945312,27.33856201171875
4.7890625,953.126953125,27.341140747070312
4.8046875,953.1044921875,27.331954956054688
4.8203125,953.1484985351562,27.341873168945312
4.8359375,953.05859375,27.33783721923828
4.8515625,953.0927734375,27.341873168945312
4.8671875,953.0592041015625,27.331954956054688
4.8828125,953.1639404296875,27.333786010742188
4.8984375,953.1181640625,27.332679748535156
4.9140625,953.0911254882812,27.33563232421875
4.9296875,953.0979614257812,27.344078063964844
4.9453125,953.107177734375,27.342247009277344
4.9609375,953.1661987304688,27.347015380859375
4.9765625,953.1224975585938,27.33452606201172
4.9921875,953.1348876953125,27.33856201171875
5.0078125,953.1359252929688,27.334884643554688
5.0234375,953.0787963867188,27.34040069580078
5.0390625,953.114501953125,27.33856201171875
5.0546875,953.11865234375,27.340042114257812
5.0703125,953.1612548828125,27.342971801757812
5.0859375,953.1250610351562,27.350318908691406
5.1015625,953.139404296875,27.341140747070312
5.1171875,953.19482421875,27.33783721923828
5.1328125,953.1818237304688,27.333786010742188
5.1484375,953.2047729492188,27.332679748535156
5.1640625,953.1748046875,27.330474853515625
5.1796875,953.2014770507812,27.33856201171875
5.1953125,953.2111206054688,27.333786010742188
5.2109375,953.2000732421875,27.332321166992188
5.2265625,953.1956787109375,27.33856201171875
5.2421875,953.1968383789062,27.341140747070312
5.2578125,953.1900024414062,27.33673095703125
5.2734375,953.1895141601562,27.331954956054688
5.2890625,953.178955078125,27.325706481933594
5.3046875,953.1716918945312,27.334884643554688
5.3203125,953.1828002929688,27.341140747070312
5.3359375,953.1834106445312,27.332679748535156
5.3515625,953.1664428710938,27.330116271972656
5.3671875,953.1925048828125,27.329376220703125
5.3828125,953.1792602539062,27.312103271484375
5.3984375,953.16748046875,27.331222534179688
5.4140625,953.179443359375,27.324607849121094
5.4296875,953.1686401367188,27.325706481933594
5.4453125,953.1675415039062,27.331222534179688
5.4609375,953.1746826171875,27.3209228515625
5.4765625,953.171875,27.327545166015625
5.4921875,953.1742553710938,27.31835174560547
5.5078125,953.1668701171875,27.327545166015625
5.5234375,953.1742553710938,27.334884643554688
5.5390625,953.1683959960938,27.325706481933594
5.5546875,953.1723022460938,27.325706481933594
5.5703125,953.1646118164062,27.325706481933594
5.5859375,953.1567993164062,27.324607849121094
5.6015625,953.1657104492188,27.330116271972656
5.6171875,953.145263671875,27.314682006835938
5.6328125,953.1563110351562,27.330474853515625
5.6484375,953.174560546875,27.31835174560547
5.6640625,953.1734008789062,27.331222534179688
5.6796875,953.1663208007812,27.331222534179688
5.6953125,953.1680908203125,27.314682006835938
5.7109375,953.1730346679688,27.313941955566406
5.7265625,953.1633911132812,27.313209533691406
5.7421875,953.1669311523438,27.31835174560547
5.7578125,953.1590576171875,27.313941955566406
5.7734375,953.1663818359375,27.312103271484375
5.7890625,953.1727905273438,27.313941955566406
5.8046875,953.1663818359375,27.316513061523438
5.8203125,953.1654663085938,27.3187255859375
5.8359375,953.1321411132812,27.31578826904297
5.8515625,953.0948486328125,27.313583374023438
5.8671875,953.139404296875,27.32019805908203
5.8828125,953.141845703125,27.316513061523438
5.8984375,953.1409301757812,27.328269958496094
5.9140625,953.1314086914062,27.313941955566406
5.9296875,953.1275634765625,27.312103271484375
5.9453125,953.1136474609375,27.3209228515625
5.9609375,953.1676635742188,27.329376220703125
5.9765625,953.1344604492188,27.308425903320312
5.9921875,953.1587524414062,27.3209228515625
6.0078125,953.1138305664062,27.319091796875
6.0234375,953.1566772460938,27.309906005859375
6.0390625,953.1414794921875,27.30218505859375
6.0546875,953.1610717773438,27.313941955566406
6.0703125,953.1060791015625,27.311378479003906
6.0859375,953.1272583007812,27.316513061523438
6.1015625,953.092529296875,27.312835693359375
6.1171875,953.1339721679688,27.31835174560547
6.1328125,953.1661987304688,27.330474853515625
6.1484375,953.138671875,27.31761932373047
6.1640625,953.1942749023438,27.314682006835938
6.1796875,953.1437377929688,27.312103271484375
6.1953125,953.125,27.311378479003906
6.2109375,953.0938110351562,27.31835174560547
6.2265625,953.15185546875,27.311378479003906
6.2421875,953.1398315429688,27.330474853515625
6.2578125,953.1064453125,27.31688690185547
6.2734375,953.169677734375,27.329742431640625
6.2890625,953.1547241210938,27.330474853515625
6.3046875,953.1990356445312,27.309906005859375
6.3203125,953.1444091796875,27.307693481445312
6.3359375,953.1430053710938,27.30071258544922
6.3515625,953.1028442382812,27.312103271484375
6.3671875,953.1488647460938,27.308067321777344
6.3828125,953.1353149414062,27.307327270507812
6.3984375,953.14599609375,27.314682006835938
6.4140625,953.1454467773438,27.307693481445312
6.4296875,953.0820922851562,27.308067321777344
6.4453125,953.12451171875,27.308799743652344
6.4609375,953.1300659179688,27.296302795410156
6.4765625,953.1646118164062,27.305862426757812
6.4921875,953.1195678710938,27.296302795410156
6.5078125,953.1300048828125,27.290428161621094
6.5234375,953.1262817382812,27.30181121826172
6.5390625,953.1460571289062,27.304763793945312
6.5546875,953.1468505859375,27.29814910888672
6.5703125,953.108642578125,27.306968688964844
6.5859375,953.157958984375,27.293365478515625
6.6015625,953.1237182617188,27.29814910888672
6.6171875,953.14208984375,27.294464111328125
6.6328125,953.1710205078125,27.306594848632812
6.6484375,953.1398315429688,27.311378479003906
6.6640625,953.0896606445312,27.30181121826172
6.6796875,953.1555786132812,27.307693481445312
6.6953125,953.1688232421875,27.288223266601562
6.7109375,953.1619873046875,27.30401611328125
6.7265625,953.1624755859375,27.297401428222656
6.7421875,953.1688842773438,27.289329528808594
6.7578125,953.1705322265625,27.29924774169922
6.7734375,953.1661376953125,27.30145263671875
6.7890625,953.1884765625,27.295944213867188
6.8046875,953.1956787109375,27.297775268554688
6.8203125,953.2036743164062,27.289329528808594
6.8359375,953.1950073242188,27.294097900390625
6.8515625,953.1792602539062,27.293739318847656
6.8671875,953.1930541992188,27.290428161621094
6.8828125,953.1903076171875,27.288223266601562
6.8984375,953.1715698242188,27.28271484375
6.9140625,953.169921875,27.290428161621094
6.9296875,953.1771850585938,27.28050994873047
6.9453125,953.194091796875,27.28675079345703
6.9609375,953.1702270507812,27.28271484375
6.9765625,953.169921875,27.28417205810547
6.9921875,953.1646118164062,27.28491973876953
7.0078125,953.1712036132812,27.272789001464844
7.0234375,953.16357421875,27.272789001464844
7.0390625,953.1873779296875,27.275726318359375
7.0546875,953.1702880859375,27.275352478027344
7.0703125,953.1625366210938,27.275726318359375
7.0859375,953.1566162109375,27.28050994873047
7.1015625,953.1696166992188,27.275352478027344
7.1171875,953.1625366210938,27.272789001464844
7.1328125,953.1622924804688,27.278305053710938
7.1484375,953.162841796875,27.273895263671875
7.1640625,953.1624145507812,27.28050994873047
7.1796875,953.1773071289062,27.26984405517578
7.1953125,953.1619262695312,27.276458740234375
7.2109375,953.1619873046875,27.26653289794922
7.2265625,953.1515502929688,27.26837921142578
7.2421875,953.132568359375,27.259185791015625
7.2578125,953.1429443359375,27.26653289794922
7.2734375,953.1652221679688,27.26653289794922
7.2890625,953.1610717773438,27.276100158691406
7.3046875,953.1583862304688,27.263229370117188
7.3203125,953.166748046875,27.259185791015625
7.3359375,953.1387939453125,27.263595581054688
7.3515625,953.16552734375,27.26911163330078
7.3671875,953.1548461914062,27.272789001464844
7.3828125,953.1838989257812,27.26728057861328
7.3984375,953.1671752929688,27.26911163330078
7.4140625,953.1195068359375,27.28417205810547
7.4296875,953.1454467773438,27.26984405517578
7.4453125,953.1590576171875,27.26728057861328
7.4609375,953.1396484375,27.255882263183594
7.4765625,953.17138671875,27.26728057861328
7.4921875,953.1694946289062,27.25147247314453
7.5078125,953.151123046875,27.272048950195312
7.5234375,953.1610717773438,27.26911163330078
7.5390625,953.1499633789062,27.26653289794922
7.5546875,953.16943359375,27.26911163330078
7.5703125,953.138671875,27.26396942138672
7.5859375,953.169189453125,27.26800537109375
7.6015625,953.1653442382812,27.281234741210938
7.6171875,953.1708374023438,27.26911163330078
7.6328125,953.1087036132812,27.26911163330078
7.6484375,953.1637573242188,27.259185791015625
7.6640625,953.1591186523438,27.24964141845703
7.6796875,953.156982421875,27.254051208496094
7.6953125,953.1407470703125,27.24964141845703
7.7109375,953.1731567382812,27.259185791015625
7.7265625,953.1566772460938,27.24964141845703
7.7421875,953.1743774414062,27.263595581054688
7.7578125,953.1344604492188,27.259185791015625
7.7734375,953.16748046875,27.24706268310547
7.7890625,953.1663208007812,27.24779510498047
7.8046875,953.134033203125,27.26653289794922
7.8203125,953.1759643554688,27.243759155273438
7.8359375,953.1911010742188,27.255508422851562
7.8515625,953.1958618164062,27.25330352783203
7.8671875,953.1130981445312,27.240447998046875
7.8828125,953.1657104492188,27.243026733398438
7.8984375,953.1456298828125,27.243759155273438
7.9140625,953.1915893554688,27.240821838378906
7.9296875,953.1089477539062,27.246688842773438
7.9453125,953.2056884765625,27.238616943359375
7.9609375,953.194091796875,27.240074157714844
7.9765625,953.1560668945312,27.240821838378906
7.9921875,953.1615600585938,27.244857788085938
8.0078125,953.15771484375,27.240821838378906
8.0234375,953.1657104492188,27.24964141845703
8.0390625,953.1731567382812,27.25
8.0546875,953.1898803710938,27.244857788085938
8.0703125,953.2180786132812,27.238975524902344
8.0859375,953.1613159179688,27.23456573486328
8.1015625,953.140625,27.223182678222656
8.1171875,953.1573486328125,27.234939575195312
8.1328125,953.154296875,27.23089599609375
8.1484375,953.1790161132812,27.226119995117188
8.1640625,953.188720703125,27.239349365234375
8.1796875,953.1409912109375,27.239349365234375
8.1953125,953.1930541992188,27.22979736328125
8.2109375,953.1867065429688,27.218772888183594
8.2265625,953.1569213867188,27.23089599609375
8.2421875,953.1868286132812,27.228317260742188
8.2578125,953.1878051757812,27.220230102539062
8.2734375,953.1881713867188,27.223907470703125
8.2890625,953.1652221679688,27.222434997558594
8.3046875,953.1954956054688,27.2147216796875
8.3203125,953.1984252929688,27.219871520996094
8.3359375,953.1905517578125,27.210678100585938
8.3515625,953.1871948242188,27.219871520996094
8.3671875,953.203125,27.21692657470703
8.3828125,953.190185546875,27.21692657470703
8.3984375,953.190185546875,27.21692657470703
8.4140625,953.2028198242188,27.219497680664062
8.4296875,953.1898193359375,27.218772888183594
8.4453125,953.1891479492188,27.219497680664062
8.4609375,953.189208984375,27.218772888183594
8.4765625,953.0971069335938,27.218772888183594
8.4921875,953.1109008789062,27.202964782714844
8.5078125,953.1517944335938,27.19928741455078
8.5234375,953.1591796875,27.21436309814453
8.5390625,953.14453125,27.228317260742188
8.5546875,953.147705078125,27.205543518066406
8.5703125,953.2034301757812,27.203697204589844
8.5859375,953.1512451171875,27.204795837402344
8.6015625,953.1692504882812,27.203697204589844
8.6171875,953.1942138671875,27.19635009765625
8.6328125,953.1559448242188,27.217666625976562
8.6484375,953.202880859375,27.20995330810547
8.6640625,953.2091674804688,27.185699462890625
8.6796875,953.1919555664062,27.205543518066406
8.6953125,953.1908569335938,27.198928833007812
8.7109375,953.1543579101562,27.186431884765625
8.7265625,953.177001953125,27.193771362304688
8.7421875,953.1723022460938,27.19855499267578
8.7578125,953.1639404296875,27.19341278076172
8.7734375,953.185546875,27.198928833007812
8.7890625,953.2075805664062,27.19597625732422
8.8046875,953.20849609375,27.18091583251953
8.8203125,953.160888671875,27.189361572265625
8.8359375,953.1844482421875,27.184593200683594
8.8515625,953.1918334960938,27.173927307128906
8.8671875,953.18359375,27.191207885742188
8.8828125,953.1817016601562,27.18091583251953
8.8984375,953.1848754882812,27.18274688720703
8.9140625,953.2071533203125,27.187530517578125
8.9296875,953.1788940429688,27.173568725585938
8.9453125,953.1954345703125,27.168060302734375
8.9609375,953.18896484375,27.170989990234375
8.9765625,953.1915893554688,27.17723846435547
8.9921875,953.1856689453125,27.16290283203125
9.0078125,953.1836547851562,27.167312622070312
9.0234375,953.1817626953125,27.166580200195312
9.0390625,953.1906127929688,27.165855407714844
9.0546875,953.181640625,27.173927307128906
9.0703125,953.1829223632812,27.148941040039062
9.0859375,953.1530151367188,27.153724670410156
9.1015625,953.1582641601562,27.166580200195312
9.1171875,953.1744384765625,27.155929565429688
9.1328125,953.1758422851562,27.16033935546875
9.1484375,953.1654663085938,27.166580200195312
9.1640625,953.182861328125,27.16510772705078
9.1796875,953.1658935546875,27.155929565429688
9.1953125,953.1519165039062,27.158493041992188
9.2109375,953.1575317382812,27.152984619140625
9.2265625,953.1683349609375,27.16033935546875
9.2421875,953.1625366210938,27.148574829101562
9.2578125,953.1810913085938,27.169158935546875
9.2734375,953.1759033203125,27.149673461914062
9.2890625,953.1758422851562,27.16033935546875
9.3046875,953.1588745117188,27.152252197265625
9.3203125,953.1485595703125,27.154457092285156
9.3359375,953.164794921875,27.16033935546875
9.3515625,953.1524047851562,27.155929565429688
9.3671875,953.1519165039062,27.153350830078125
9.3828125,953.151611328125,27.153724670410156
9.3984375,953.1535034179688,27.149673461914062
9.4140625,953.1536254882812,27.156661987304688
9.4296875,953.1567993164062,27.16033935546875
9.4453125,953.1524047851562,27.15997314453125
9.4609375,953.15771484375,27.15959930419922
9.4765625,953.1522216796875,27.15997314453125
9.4921875,953.151123046875,27.155189514160156
9.5078125,953.1571655273438,27.170989990234375
9.5234375,953.150390625,27.153350830078125
9.5390625,953.1444091796875,27.152252197265625
9.5546875,953.1502685546875,27.16107177734375
9.5703125,953.158935546875,27.15703582763672
9.5859375,953.1644897460938,27.170623779296875
9.6015625,953.1658325195312,27.16033935546875
9.6171875,953.151123046875,27.166213989257812
9.6328125,953.1738891601562,27.148941040039062
9.6484375,953.1810913085938,27.16107177734375
9.6640625,953.158935546875,27.175033569335938
9.6796875,953.15380859375,27.17650604248047
9.6953125,953.1527099609375,27.175399780273438
9.7109375,953.1557006835938,27.14636993408203
9.7265625,953.1807861328125,27.167312622070312
9.7421875,953.1901245117188,27.16254425048828
9.7578125,953.1830444335938,27.151519775390625
9.7734375,953.1473388671875,27.15886688232422
9.7890625,953.17724609375,27.165481567382812
9.8046875,953.2000732421875,27.169158935546875
9.8203125,953.1908569335938,27.17833709716797
9.8359375,953.2210693359375,27.158493041992188
9.8515625,953.2095947265625,27.171722412109375
9.8671875,953.1588745117188,27.17577362060547
9.8828125,953.1603393554688,27.164749145507812
9.8984375,953.1258544921875,27.16400909423828
9.9140625,953.1825561523438,27.16290283203125
9.9296875,953.13818359375,27.17833709716797
9.9453125,953.1678466796875,27.17577362060547
9.9609375,953.2034912109375,27.173927307128906
9.9765625,953.1590576171875,27.170989990234375
9.9921875,953.1658935546875,27.16254425048828
10.0078125,953.1627197265625,27.16217041015625
10.0234375,953.2021484375,27.155929565429688
10.0390625,953.1787109375,27.16107177734375
10.0546875,953.1823120117188,27.16033935546875
10.0703125,953.173828125,27.151519775390625
10.0859375,953.185546875,27.16033935546875
10.1015625,953.1588745117188,27.148941040039062
10.1171875,953.2205200195312,27.15997314453125
10.1328125,953.15771484375,27.149673461914062
10.1484375,953.1608276367188,27.15997314453125
10.1640625,953.1864013671875,27.16144561767578
10.1796875,953.1470336914062,27.148574829101562
10.1953125,953.1786499023438,27.16290283203125
10.2109375,953.1460571289062,27.170623779296875
10.2265625,953.1371459960938,27.167312622070312
10.2421875,953.1596069335938,27.152252197265625
10.2578125,953.1569213867188,27.149673461914062
10.2734375,953.1410522460938,27.150047302246094
10.2890625,953.1524658203125,27.150421142578125
10.3046875,953.1812133789062,27.16033935546875
10.3203125,953.1774291992188,27.16033935546875
10.3359375,953.164794921875,27.14196014404297
10.3515625,953.1714477539062,27.158493041992188
10.3671875,953.199951171875,27.155189514160156
10.3828125,953.1858520507812,27.154830932617188
10.3984375,953.2044067382812,27.16033935546875
10.4140625,953.2102661132812,27.148216247558594
10.4296875,953.201904296875,27.1427001953125
10.4453125,953.189453125,27.15886688232422
10.4609375,953.178466796875,27.150779724121094
10.4765625,953.18896484375,27.145263671875
10.4921875,953.200439453125,27.149673461914062
10.5078125,953.1842041015625,27.149673461914062
10.5234375,953.200927734375,27.152984619140625
10.5390625,953.1964721679688,27.154830932617188
10.5546875,953.182861328125,27.149673461914062
10.5703125,953.1961669921875,27.16033935546875
10.5859375,953.1786499023438,27.16180419921875
10.6015625,953.1895751953125,27.15997314453125
10.6171875,953.1864013671875,27.169158935546875
10.6328125,953.1873168945312,27.153350830078125
10.6484375,953.1832885742188,27.16033935546875
10.6640625,953.1822509765625,27.158493041992188
10.6796875,953.1796875,27.149673461914062
10.6953125,953.1889038085938,27.147109985351562
10.7109375,953.1934204101562,27.166580200195312
10.7265625,953.18701171875,27.16033935546875
10.7421875,953.1786499023438,27.147109985351562
10.7578125,953.1838989257812,27.155189514160156
10.7734375,953.1953735351562,27.16033935546875
10.7890625,953.1619262695312,27.157760620117188
10.8046875,953.2017211914062,27.149673461914062
10.8203125,953.1758422851562,27.16180419921875
10.8359375,953.2021484375,27.155189514160156
10.8515625,953.16796875,27.153350830078125
10.8671875,953.1815185546875,27.168792724609375
10.8828125,953.1806030273438,27.166580200195312
10.8984375,953.1691284179688,27.15813446044922
10.9140625,953.1861572265625,27.169158935546875
10.9296875,953.1842651367188,27.174301147460938
10.9453125,953.1967163085938,27.15886688232422
10.9609375,953.1826171875,27.170989990234375
10.9765625,953.1713256835938,27.166954040527344
10.9921875,953.20263671875,27.171722412109375
11.0078125,953.1845092773438,27.166954040527344
11.0234375,953.1798095703125,27.166954040527344
11.0390625,953.1475830078125,27.166580200195312
11.0546875,953.1906127929688,27.170989990234375
11.0703125,953.1886596679688,27.172470092773438
11.0859375,953.1786499023438,27.168060302734375
11.1015625,953.1651611328125,27.17577362060547
11.1171875,953.1663818359375,27.16180419921875
11.1328125,953.2026977539062,27.168418884277344
11.1484375,953.1686401367188,27.172470092773438
11.1640625,953.1524047851562,27.170989990234375
11.1796875,953.170654296875,27.172470092773438
11.1953125,953.16015625,27.171722412109375
11.2109375,953.203125,27.169891357421875
11.2265625,953.1293334960938,27.171722412109375
11.2421875,953.1857299804688,27.171722412109375
11.2578125,953.1851196289062,27.16180419921875
11.2734375,953.1895751953125,27.158493041992188
11.2890625,953.1820068359375,27.16327667236328
11.3046875,953.1836547851562,27.164749145507812
11.3203125,953.1832885742188,27.164749145507812
11.3359375,953.1742553710938,27.172096252441406
11.3515625,953.203125,27.16217041015625
11.3671875,953.1214599609375,27.170265197753906
11.3828125,953.1880493164062,27.148941040039062
11.3984375,953.1841430664062,27.171722412109375
11.4140625,953.1983642578125,27.165481567382812
11.4296875,953.1487426757812,27.16254425048828
11.4453125,953.2021484375,27.16180419921875
11.4609375,953.147705078125,27.16033935546875
11.4765625,953.12841796875,27.16217041015625
11.4921875,953.1549072265625,27.155929565429688
11.5078125,953.2015380859375,27.16033935546875
11.5234375,953.1524047851562,27.156661987304688
11.5390625,953.2003784179688,27.170989990234375
11.5546875,953.1492919921875,27.16107177734375
11.5703125,953.1912841796875,27.165855407714844
11.5859375,953.1857299804688,27.14636993408203
11.6015625,953.1633911132812,27.1416015625
11.6171875,953.1767578125,27.145263671875
11.6328125,953.1974487304688,27.15997314453125
11.6484375,953.1266479492188,27.1416015625
11.6640625,953.173095703125,27.150047302246094
11.6796875,953.1703491210938,27.1434326171875
11.6953125,953.1482543945312,27.151153564453125
11.7109375,953.15625,27.149673461914062
11.7265625,953.1805419921875,27.136817932128906
11.7421875,953.1781005859375,27.14563751220703
11.7578125,953.2083129882812,27.152984619140625
11.7734375,953.1671752929688,27.14636993408203
11.7890625,953.2101440429688,27.140121459960938
11.8046875,953.1102294921875,27.150779724121094
11.8203125,953.1591186523438,27.14380645751953
11.8359375,953.163818359375,27.14490509033203
11.8515625,953.1759033203125,27.152252197265625
11.8671875,953.1825561523438,27.152252197265625
11.8828125,953.1741943359375,27.140121459960938
11.8984375,953.19873046875,27.14636993408203
11.9140625,953.2118530273438,27.153724670410156
11.9296875,953.194091796875,27.138290405273438
11.9453125,953.2045288085938,27.131675720214844
11.9609375,953.1967163085938,27.150421142578125
11.9765625,953.2075805664062,27.1427001953125
11.9921875,953.2115478515625,27.14636993408203
12.0078125,953.2083129882812,27.149673461914062
12.0234375,953.200927734375,27.1416015625
12.0390625,953.1881103515625,27.145263671875
12.0546875,953.1890258789062,27.147842407226562
12.0703125,953.1959228515625,27.14490509033203
12.0859375,953.1837158203125,27.148574829101562
12.1015625,953.1810913085938,27.140121459960938
12.1171875,953.1831665039062,27.14305877685547
12.1328125,953.1793823242188,27.134986877441406
12.1484375,953.1838989257812,27.147842407226562
12.1640625,953.1821899414062,27.146743774414062
12.1796875,953.1773071289062,27.137550354003906
12.1953125,953.1798706054688,27.137924194335938
12.2109375,953.1775512695312,27.139022827148438
12.2265625,953.163330078125,27.132781982421875
12.2421875,953.1836547851562,27.137924194335938
12.2578125,953.1799926757812,27.138648986816406
12.2734375,953.17529296875,27.12762451171875
12.2890625,953.165771484375,27.130935668945312
12.3046875,953.1810913085938,27.130577087402344
12.3203125,953.1708984375,27.12579345703125
12.3359375,953.1787109375,27.138290405273438
12.3515625,953.1519165039062,27.12358856201172
12.3671875,953.1612548828125,27.140121459960938
12.3828125,953.1633911132812,27.139022827148438
12.3984375,953.1567993164062,27.148574829101562
12.4140625,953.1798706054688,27.135711669921875
12.4296875,953.1773071289062,27.12689208984375
12.4453125,953.1621704101562,27.133140563964844
12.4609375,953.149658203125,27.130577087402344
12.4765625,953.1559448242188,27.134986877441406
12.4921875,953.1773071289062,27.138648986816406
12.5078125,953.1567993164062,27.130577087402344
12.5234375,953.17333984375,27.137924194335938
12.5390625,953.155517578125,27.140121459960938
12.5546875,953.1538696289062,27.14305877685547
12.5703125,953.1847534179688,27.147109985351562
12.5859375,953.2084350585938,27.140853881835938
12.6015625,953.1814575195312,27.148574829101562
12.6171875,953.1798706054688,27.14490509033203
12.6328125,953.1478881835938,27.134986877441406
12.6484375,953.1797485351562,27.14636993408203
12.6640625,953.1443481445312,27.14563751220703
12.6796875,953.173583984375,27.146011352539062
12.6953125,953.1784057617188,27.1441650390625
12.7109375,953.1925659179688,27.146743774414062
12.7265625,953.20068359375,27.133880615234375
12.7421875,953.1484985351562,27.1427001953125
12.7578125,953.2001953125,27.135345458984375
12.7734375,953.19287109375,27.153724670410156
12.7890625,953.1582641601562,27.13939666748047
12.8046875,953.152099609375,27.12579345703125
12.8203125,953.1798706054688,27.130203247070312
12.8359375,953.2012939453125,27.137191772460938
12.8515625,953.1666870117188,27.135345458984375
12.8671875,953.2042236328125,27.137924194335938
12.8828125,953.1626586914062,27.123214721679688
12.8984375,953.1827392578125,27.134613037109375
12.9140625,953.1563110351562,27.12873077392578
12.9296875,953.1791381835938,27.136817932128906
12.9453125,953.1864624023438,27.122116088867188
12.9609375,953.16162109375,27.12652587890625
12.9765625,953.162109375,27.12652587890625
12.9921875,953.1250610351562,27.14636993408203
13.0078125,953.1688842773438,27.12873077392578
13.0234375,953.1647338867188,27.133140563964844
13.0390625,953.1861572265625,27.135345458984375
13.0546875,953.1708374023438,27.135345458984375
13.0703125,953.1588134765625,27.12982940673828
13.0859375,953.188720703125,27.12726593017578
13.1015625,953.176513671875,27.12358856201172
13.1171875,953.1785888671875,27.129470825195312
13.1328125,953.1234741210938,27.129104614257812
13.1484375,953.1725463867188,27.12762451171875
13.1640625,953.1992797851562,27.12873077392578
13.1796875,953.15576171875,27.12358856201172
13.1953125,953.1929321289062,27.119911193847656
13.2109375,953.153076171875,27.121009826660156
13.2265625,953.1400756835938,27.12726593017578
13.2421875,953.2094116210938,27.10668182373047
13.2578125,953.1691284179688,27.10668182373047
13.2734375,953.1708984375,27.115875244140625
13.2890625,953.184326171875,27.10594940185547
13.3046875,953.1194458007812,27.09014129638672
13.3203125,953.1871948242188,27.097503662109375
13.3359375,953.1969604492188,27.102272033691406
13.3515625,953.1776123046875,27.10411834716797
13.3671875,953.1951293945312,27.100433349609375
13.3828125,953.1935424804688,27.083168029785156
13.3984375,953.1943359375,27.098602294921875
13.4140625,953.1820678710938,27.10411834716797
13.4296875,953.1915893554688,27.087203979492188
13.4453125,953.1821899414062,27.09014129638672
13.4609375,953.1776123046875,27.09234619140625
13.4765625,953.1611328125,27.097862243652344
13.4921875,953.1784057617188,27.09014129638672
13.5078125,953.1763916015625,27.083168029785156
13.5234375,953.1734008789062,27.083168029785156
13.5390625,953.17578125,27.081321716308594
13.5546875,953.1732788085938,27.084632873535156
13.5703125,953.1513061523438,27.078758239746094
13.5859375,953.1669311523438,27.069198608398438
13.6015625,953.1677856445312,27.082794189453125
13.6171875,953.1583251953125,27.096755981445312
13.6328125,953.1759033203125,27.080596923828125
13.6484375,953.1743774414062,27.09051513671875
13.6640625,953.1728515625,27.078018188476562
13.6796875,953.1740112304688,27.097862243652344
13.6953125,953.1622314453125,27.07691192626953
13.7109375,953.1739501953125,27.086837768554688
13.7265625,953.1749267578125,27.084632873535156
13.7421875,953.1448364257812,27.080963134765625
13.7578125,953.146240234375,27.08647918701172
13.7734375,953.150390625,27.081321716308594
13.7890625,953.156982421875,27.080963134765625
13.8046875,953.1569213867188,27.065528869628906
13.8203125,953.171630859375,27.07324981689453
13.8359375,953.1407470703125,27.05633544921875
13.8515625,953.1719360351562,27.065528869628906
13.8671875,953.139892578125,27.079864501953125
13.8828125,953.1497192382812,27.077659606933594
13.8984375,953.1740112304688,27.07324981689453
13.9140625,953.1407470703125,27.07691192626953
13.9296875,953.1566162109375,27.07508087158203
13.9453125,953.1492919921875,27.077285766601562
13.9609375,953.1739501953125,27.077285766601562
13.9765625,953.1124267578125,27.08868408203125
13.9921875,953.14404296875,27.080963134765625
14.0078125,953.1217651367188,27.099334716796875
14.0234375,953.1116333007812,27.080963134765625
14.0390625,953.0990600585938,27.08868408203125
14.0546875,953.1488037109375,27.093093872070312
14.0703125,953.1253662109375,27.09051513671875
14.0859375,953.1203002929688,27.087203979492188
14.1015625,953.1588134765625,27.080963134765625
14.1171875,953.10498046875,27.09014129638672
14.1328125,953.1506958007812,27.08647918701172
14.1484375,953.130615234375,27.095298767089844
14.1640625,953.1536254882812,27.100433349609375
14.1796875,953.1224975585938,27.081321716308594
14.1953125,953.1690673828125,27.083168029785156
14.2109375,953.1333618164062,27.081321716308594
14.2265625,953.1027221679688,27.081321716308594
14.2421875,953.1349487304688,27.07508087158203
14.2578125,953.1696166992188,27.09234619140625
14.2734375,953.197021484375,27.097862243652344
14.2890625,953.1831665039062,27.078018188476562
14.3046875,953.150146484375,27.08941650390625
14.3203125,953.1213989257812,27.084632873535156
14.3359375,953.1573486328125,27.08647918701172
14.3515625,953.1713256835938,27.08647918701172
14.3671875,953.106689453125,27.084632873535156
14.3828125,953.1693725585938,27.09014129638672
14.3984375,953.1680297851562,27.080963134765625
14.4140625,953.1205444335938,27.09051513671875
14.4296875,953.1423950195312,27.084632873535156
14.4453125,953.1740112304688,27.07691192626953
14.4609375,953.1494140625,27.084274291992188
14.4765625,953.1513061523438,27.087203979492188
14.4921875,953.1535034179688,27.080963134765625
14.5078125,953.14453125,27.080223083496094
14.5234375,953.157470703125,27.08904266357422
14.5390625,953.1428833007812,27.079116821289062
14.5546875,953.1705932617188,27.085006713867188
14.5703125,953.1448974609375,27.081321716308594
14.5859375,953.1451416015625,27.07324981689453
14.6015625,953.1669921875,27.077659606933594
14.6171875,953.1752319335938,27.0728759765625
14.6328125,953.1598510742188,27.079116821289062
14.6484375,953.1251220703125,27.076553344726562
14.6640625,953.180419921875,27.0721435546875
14.6796875,953.1519165039062,27.065528869628906
14.6953125,953.1495361328125,27.084632873535156
14.7109375,953.162109375,27.085006713867188
14.7265625,953.2028198242188,27.080963134765625
14.7421875,953.194091796875,27.080596923828125
14.7578125,953.194091796875,27.081321716308594
14.7734375,953.20068359375,27.09014129638672
14.7890625,953.2069091796875,27.073974609375
14.8046875,953.1956787109375,27.069564819335938
14.8203125,953.2012329101562,27.067733764648438
14.8359375,953.193359375,27.07140350341797
14.8515625,953.2069091796875,27.082794189453125
14.8671875,953.2020263671875,27.09234619140625
14.8828125,953.1748046875,27.069564819335938
14.8984375,953.1934814453125,27.060020446777344
14.9140625,953.184814453125,27.073974609375
14.9296875,953.1753540039062,27.080963134765625
14.9453125,953.1904296875,27.076553344726562
14.9609375,953.175048828125,27.05927276611328
14.9765625,953.1655883789062,27.0721435546875
14.9921875,953.1727905273438,27.077285766601562
15.0078125,953.1798706054688,27.064056396484375
15.0234375,953.1821899414062,27.069564819335938
15.0390625,953.1588134765625,27.069564819335938
15.0546875,953.1743774414062,27.05596923828125
15.0703125,953.1795654296875,27.05633544921875
15.0859375,953.1575317382812,27.073974609375
15.1015625,953.1622314453125,27.05633544921875
15.1171875,953.1683349609375,27.05927276611328
15.1328125,953.1661987304688,27.05633544921875
15.1484375,953.1707763671875,27.05633544921875
15.1640625,953.1665649414062,27.067733764648438
15.1796875,953.1688232421875,27.05927276611328
15.1953125,953.1661987304688,27.05927276611328
15.2109375,953.1799926757812,27.061477661132812
15.2265625,953.1675415039062,27.07470703125
15.2421875,953.1713256835938,27.065887451171875
15.2578125,953.1727905273438,27.05817413330078
15.2734375,953.1708984375,27.067367553710938
15.2890625,953.1610717773438,27.05633544921875
15.3046875,953.1618041992188,27.05633544921875
15.3203125,953.1665649414062,27.05927276611328
15.3359375,953.1602172851562,27.05229949951172
15.3515625,953.1630859375,27.05633544921875
15.3671875,953.1485595703125,27.05633544921875
15.3828125,953.1485595703125,27.05927276611328
15.3984375,953.1763916015625,27.05120086669922
15.4140625,953.1468505859375,27.060020446777344
15.4296875,953.163330078125,27.05927276611328
15.4453125,953.142333984375,27.065887451171875
15.4609375,953.1417236328125,27.05744171142578
15.4765625,953.1349487304688,27.060020446777344
15.4921875,953.1830444335938,27.044586181640625
15.5078125,953.1654663085938,27.060020446777344
15.5234375,953.1830444335938,27.05376434326172
15.5390625,953.1387939453125,27.071044921875
15.5546875,953.1422729492188,27.05633544921875
15.5703125,953.1551513671875,27.05927276611328
15.5859375,953.1752319335938,27.05744171142578
15.6015625,953.1056518554688,27.05927276611328
15.6171875,953.1393432617188,27.062957763671875
15.6328125,953.1438598632812,27.046791076660156
15.6484375,953.1458129882812,27.05927276611328
15.6640625,953.139892578125,27.05633544921875
15.6796875,953.12890625,27.07140350341797
15.6953125,953.1477661132812,27.069198608398438
15.7109375,953.1486206054688,27.060020446777344
15.7265625,953.1489868164062,27.05744171142578
15.7421875,953.1474609375,27.060020446777344
15.7578125,953.1806640625,27.065887451171875
15.7734375,953.1447143554688,27.060020446777344
15.7890625,953.1477661132812,27.061477661132812
15.8046875,953.1998901367188,27.07508087158203
15.8203125,953.1504516601562,27.0721435546875
15.8359375,953.1710205078125,27.060020446777344
15.8515625,953.157958984375,27.05633544921875
15.8671875,953.1365966796875,27.05120086669922
15.8828125,953.1104736328125,27.05633544921875
15.8984375,953.1510009765625,27.049354553222656
15.9140625,953.1897583007812,27.046791076660156
15.9296875,953.1381225585938,27.05120086669922
15.9453125,953.135498046875,27.041275024414062
15.9609375,953.1333618164062,27.05376434326172
15.9765625,953.1435546875,27.061477661132812
15.9921875,953.1412963867188,27.05633544921875
16.0078125,953.0918579101562,27.05303192138672
16.0234375,953.1404418945312,27.05633544921875
16.0390625,953.1845092773438,27.05633544921875
16.0546875,953.1987915039062,27.042007446289062
16.0703125,953.171142578125,27.047889709472656
16.0859375,953.1417236328125,27.046791076660156
16.1015625,953.1428833007812,27.043479919433594
16.1171875,953.1878662109375,27.05303192138672
16.1328125,953.1715698242188,27.046791076660156
16.1484375,953.1231079101562,27.047889709472656
16.1640625,953.169921875,27.046791076660156
16.1796875,953.1607666015625,27.047889709472656
16.1953125,953.1429443359375,27.043838500976562
16.2109375,953.1981811523438,27.048622131347656
16.2265625,953.1699829101562,27.045318603515625
16.2421875,953.1994018554688,27.0386962890625
16.2578125,953.1827392578125,27.047149658203125
16.2734375,953.1918334960938,27.042007446289062
16.2890625,953.1998291015625,27.050827026367188
16.3046875,953.1976318359375,27.04053497314453
16.3203125,953.2013549804688,27.05523681640625
16.3359375,953.184814453125,27.0394287109375
16.3515625,953.1875610351562,27.052658081054688
16.3671875,953.20263671875,27.034286499023438
16.3828125,953.1912231445312,27.04053497314453
16.3984375,953.1822509765625,27.044586181640625
16.4140625,953.1868286132812,27.043838500976562
16.4296875,953.1981811523438,27.0357666015625
16.4453125,953.1884155273438,27.035018920898438
16.4609375,953.1834716796875,27.052658081054688
16.4765625,953.1846923828125,27.040176391601562
16.4921875,953.1727294921875,27.025466918945312
16.5078125,953.184326171875,27.028045654296875
16.5234375,953.1840209960938,27.03907012939453
16.5390625,953.1791381835938,27.0386962890625
16.5546875,953.1851196289062,27.0394287109375
16.5703125,953.188720703125,27.029876708984375
16.5859375,953.1890258789062,27.040176391601562
16.6015625,953.169677734375,27.0357666015625
16.6171875,953.1722412109375,27.040176391601562
16.6328125,953.17333984375,27.030250549316406
16.6484375,953.1705322265625,27.027305603027344
16.6640625,953.1701049804688,27.026199340820312
16.6796875,953.167724609375,27.026199340820312
16.6953125,953.1700439453125,27.023269653320312
16.7109375,953.1632690429688,27.027305603027344
16.7265625,953.173828125,27.012611389160156
16.7421875,953.1675415039062,27.014816284179688
16.7578125,953.1719360351562,27.027305603027344
16.7734375,953.1636352539062,27.02178955078125
16.7890625,953.1612548828125,27.027305603027344
16.8046875,953.1618041992188,27.03539276123047
16.8203125,953.1686401367188,27.026199340820312
16.8359375,953.1688842773438,27.03466033935547
16.8515625,953.1649169921875,27.032455444335938
16.8671875,953.1593627929688,27.026199340820312
16.8828125,953.1456298828125,27.026199340820312
16.8984375,953.167724609375,27.02178955078125
16.9140625,953.1685180664062,27.028045654296875
16.9296875,953.1691284179688,27.026199340820312
16.9453125,953.167724609375,27.011871337890625
16.9609375,953.1621704101562,27.026199340820312
16.9765625,953.16357421875,27.023269653320312
16.9921875,953.1585083007812,27.023269653320312
17.0078125,953.145263671875,27.014450073242188
17.0234375,953.1331176757812,27.012611389160156
17.0390625,953.1603393554688,27.017379760742188
17.0546875,953.0993041992188,27.026199340820312
17.0703125,953.167724609375,27.013717651367188
17.0859375,953.1431884765625,27.025466918945312
17.1015625,953.1119995117188,27.02178955078125
17.1171875,953.1236572265625,27.028778076171875
17.1328125,953.146484375,27.029876708984375
17.1484375,953.177001953125,27.026199340820312
17.1640625,953.1688842773438,27.02178955078125
17.1796875,953.1421508789062,27.027305603027344
17.1953125,953.1762084960938,27.033187866210938
17.2109375,953.1403198242188,27.026199340820312
17.2265625,953.15576171875,27.03907012939453
17.2421875,953.1641845703125,27.0386962890625
17.2578125,953.1163330078125,27.034286499023438
17.2734375,953.1529541015625,27.028045654296875
17.2890625,953.0776977539062,27.034286499023438
17.3046875,953.1398315429688,27.028045654296875
17.3203125,953.0889892578125,27.034286499023438
17.3359375,953.1708374023438,27.028045654296875
17.3515625,953.1128540039062,27.036865234375
17.3671875,953.1388549804688,27.033187866210938
17.3828125,953.1660766601562,27.030982971191406
17.3984375,953.120361328125,27.026199340820312
17.4140625,953.1700439453125,27.042381286621094
17.4296875,953.1663208007812,27.03466033935547
17.4453125,953.1630859375,27.026199340820312
17.4609375,953.141357421875,27.026199340820312
17.4765625,953.1742553710938,27.033920288085938
17.4921875,953.1942138671875,27.042381286621094
17.5078125,953.169921875,27.026199340820312
17.5234375,953.1766967773438,27.031715393066406
17.5390625,953.1705932617188,27.032455444335938
17.5546875,953.1605834960938,27.026199340820312
17.5703125,953.1365966796875,27.025466918945312
17.5859375,953.1119995117188,27.025466918945312
17.6015625,953.1574096679688,27.028045654296875
17.6171875,953.1445922851562,27.023269653320312
17.6328125,953.1357421875,27.024742126464844
17.6484375,953.200439453125,27.011871337890625
17.6640625,953.1345825195312,27.014450073242188
17.6796875,953.12890625,27.004898071289062
17.6953125,953.0818481445312,27.011871337890625
17.7109375,953.1884155273438,27.012611389160156
17.7265625,953.1873168945312,27.022537231445312
17.7421875,953.206787109375,27.02178955078125
17.7578125,953.2085571289062,27.017379760742188
17.7734375,953.1936645507812,27.012237548828125
17.7890625,953.2069091796875,27.012237548828125
17.8046875,953.2021484375,27.010406494140625
17.8203125,953.2211303710938,27.009307861328125
17.8359375,953.1923217773438,27.02178955078125
17.8515625,953.1905517578125,27.02178955078125
17.8671875,953.196533203125,27.014816284179688
17.8828125,953.1886596679688,27.00379180908203
17.8984375,953.1786499023438,27.013717651367188
17.9140625,953.1964111328125,27.00452423095703
17.9296875,953.190673828125,27.008201599121094
17.9453125,953.1964721679688,27.00452423095703
17.9609375,953.1769409179688,27.007102966308594
17.9765625,953.1951293945312,27.00452423095703
17.9921875,953.1930541992188,27.005996704101562
18.0078125,953.163330078125,27.00379180908203
18.0234375,953.1660766601562,27.02105712890625
18.0390625,953.164794921875,27.011138916015625
18.0546875,953.163818359375,27.00452423095703
18.0703125,953.1697998046875,27.017379760742188
18.0859375,953.1829223632812,27.004150390625
18.1015625,953.1691284179688,27.004150390625
18.1171875,953.1630859375,26.997177124023438
18.1328125,953.1702270507812,27.017379760742188
18.1484375,953.1644287109375,27.012611389160156
18.1640625,953.1675415039062,27.00635528564453
18.1796875,953.1675415039062,27.011871337890625
18.1953125,953.1663208007812,27.00011444091797
18.2109375,953.16748046875,26.991668701171875
18.2265625,953.1510620117188,27.009307861328125
18.2421875,953.173828125,27.00452423095703
18.2578125,953.1369018554688,27.00048828125
18.2734375,953.1651611328125,26.994598388671875
18.2890625,953.16162109375,26.993499755859375
18.3046875,953.1644287109375,27.011871337890625
18.3203125,953.1537475585938,27.00452423095703
18.3359375,953.1787109375,27.010040283203125
18.3515625,953.1320190429688,27.015174865722656
18.3671875,953.1678466796875,26.996078491210938
18.3828125,953.1294555664062,27.001220703125
18.3984375,953.1484985351562,27.012237548828125
18.4140625,953.1250610351562,27.012611389160156
18.4296875,953.09521484375,27.012237548828125
18.4453125,953.1232299804688,27.007102966308594
18.4609375,953.1437377929688,27.010040283203125
18.4765625,953.1320190429688,27.007827758789062
18.4921875,953.112060546875,27.008201599121094
18.5078125,953.0840454101562,27.02178955078125
18.5234375,953.1463623046875,27.00635528564453
18.5390625,953.085693359375,27.014450073242188
18.5546875,953.0900268554688,27.00452423095703
18.5703125,953.1356811523438,26.995330810546875
18.5859375,953.14794921875,27.009307861328125
18.6015625,953.14208984375,27.02143096923828
18.6171875,953.140380859375,27.02105712890625
18.6328125,953.1176147460938,27.00452423095703
18.6484375,953.0836791992188,27.010040283203125
18.6640625,953.1499633789062,27.02105712890625
18.6796875,953.0763549804688,27.027305603027344
18.6953125,953.0930786132812,27.011871337890625
18.7109375,953.1136474609375,27.00635528564453
18.7265625,953.1239624023438,27.013717651367188
18.7421875,953.0809936523438,27.00452423095703
18.7578125,953.16796875,26.994232177734375
18.7734375,953.1233520507812,27.007102966308594
18.7890625,953.1138916015625,27.00048828125
18.8046875,953.1233520507812,26.998641967773438
18.8203125,953.1362915039062,26.994972229003906
18.8359375,953.1412963867188,26.988357543945312
18.8515625,953.1610107421875,26.996437072753906
18.8671875,953.135498046875,27.0023193359375
18.8828125,953.1951904296875,27.001220703125
18.8984375,953.1484985351562,26.991668701171875
18.9140625,953.1762084960938,26.993499755859375
18.9296875,953.1787109375,26.99828338623047
18.9453125,953.1577758789062,26.993499755859375
18.9609375,953.1118774414062,26.995330810546875
18.9765625,953.1360473632812,26.992401123046875
18.9921875,953.1661376953125,26.990921020507812
19.0078125,953.1038818359375,26.98577880859375
19.0234375,953.1499633789062,26.98651123046875
19.0390625,953.1297607421875,26.976959228515625
19.0546875,953.1287231445312,26.979896545410156
19.0703125,953.109375,26.979896545410156
19.0859375,953.1613159179688,26.982101440429688
19.1015625,953.1412353515625,26.981369018554688
19.1171875,953.1214599609375,26.982101440429688
19.1328125,953.1466064453125,26.981002807617188
19.1484375,953.1954345703125,26.982101440429688
19.1640625,953.197998046875,26.978797912597656
19.1796875,953.2012329101562,26.976959228515625
19.1953125,953.2034912109375,26.979896545410156
19.2109375,953.198974609375,26.978439331054688
19.2265625,953.2059936523438,26.974761962890625
19.2421875,953.205078125,26.976959228515625
19.2578125,953.205810546875,26.975486755371094
19.2734375,953.1830444335938,26.963729858398438
19.2890625,953.1788330078125,26.960426330566406
19.3046875,953.1820678710938,26.9681396484375
19.3203125,953.1744384765625,26.96300506591797
19.3359375,953.1805419921875,26.963363647460938
19.3515625,953.1740112304688,26.980270385742188
19.3671875,953.17333984375,26.96741485595703
19.3828125,953.1624145507812,26.96410369873047
19.3984375,953.1800537109375,26.96666717529297
19.4140625,953.1683349609375,26.961158752441406
19.4296875,953.1708374023438,26.971824645996094
19.4453125,953.162841796875,26.96741485595703
19.4609375,953.1714477539062,26.970718383789062
19.4765625,953.1693725585938,26.96741485595703
19.4921875,953.1654663085938,26.96741485595703
19.5078125,953.1780395507812,26.96741485595703
19.5234375,953.183349609375,26.96410369873047
19.5390625,953.1591796875,26.96997833251953
19.5546875,953.1597290039062,26.96851348876953
19.5703125,953.1710205078125,26.971450805664062
19.5859375,953.1665649414062,26.961532592773438
19.6015625,953.16552734375,26.960800170898438
19.6171875,953.1582641601562,26.96851348876953
19.6328125,953.1830444335938,26.9659423828125
19.6484375,953.1665649414062,26.96300506591797
19.6640625,953.182373046875,26.96997833251953
19.6796875,953.16748046875,26.9652099609375
19.6953125,953.1658935546875,26.971450805664062
19.7109375,953.167724609375,26.959320068359375
19.7265625,953.1640625,26.961898803710938
19.7421875,953.1697387695312,26.951980590820312
19.7578125,953.1646118164062,26.95233917236328
19.7734375,953.1878051757812,26.962257385253906
19.7890625,953.1392822265625,26.960800170898438
19.8046875,953.1390991210938,26.964462280273438
19.8203125,953.1484375,26.96851348876953
19.8359375,953.1141967773438,26.960426330566406
19.8515625,953.1449584960938,26.962631225585938
19.8671875,953.1243286132812,26.9659423828125
19.8828125,953.1025390625,26.964462280273438
19.8984375,953.1466674804688,26.954185485839844
19.9140625,953.1658935546875,26.9681396484375
19.9296875,953.1619873046875,26.9681396484375
19.9453125,953.0985717773438,26.959693908691406
19.9609375,953.1641235351562,26.961898803710938
19.9765625,953.0717163085938,26.96741485595703
19.9921875,953.106201171875,26.9681396484375
20.0078125,953.1380004882812,26.972549438476562
20.0234375,953.1097412109375,26.96556854248047
20.0390625,953.141357421875,26.96741485595703
20.0546875,953.106201171875,26.959693908691406
20.0703125,953.1886596679688,26.96483612060547
20.0859375,953.1460571289062,26.962631225585938
20.1015625,953.1429443359375,26.96997833251953
20.1171875,953.1322631835938,26.9681396484375
20.1328125,953.1744384765625,26.979537963867188
20.1484375,953.1636352539062,26.97107696533203
20.1640625,953.1388549804688,26.96997833251953
20.1796875,953.163330078125,26.9681396484375
20.1953125,953.1649169921875,26.979171752929688
20.2109375,953.1653442382812,26.9681396484375
20.2265625,953.1672973632812,26.961532592773438
20.2421875,953.16015625,26.977691650390625
20.2578125,953.1102905273438,26.976234436035156
20.2734375,953.1812133789062,26.978439331054688
20.2890625,953.1319580078125,26.97107696533203
20.3046875,953.1113891601562,26.979537963867188
20.3203125,953.1272583007812,26.98761749267578
20.3359375,953.1597290039062,26.98320770263672
20.3515625,953.1862182617188,26.98394775390625
20.3671875,953.13427734375,26.96997833251953
20.3828125,953.1465454101562,26.974761962890625
20.3984375,953.1626586914062,26.992401123046875
20.4140625,953.1421508789062,26.974761962890625
20.4296875,953.1393432617188,26.977691650390625
20.4453125,953.1378784179688,26.98358154296875
20.4609375,953.1412963867188,26.98615264892578
20.4765625,953.1547241210938,26.979896545410156
20.4921875,953.1642456054688,26.976959228515625
20.5078125,953.1681518554688,26.972923278808594
20.5234375,953.1527709960938,26.980270385742188
20.5390625,953.1756591796875,26.978797912597656
20.5546875,953.1725463867188,26.96741485595703
20.5703125,953.1702880859375,26.9652099609375
20.5859375,953.1353759765625,26.98064422607422
20.6015625,953.1596069335938,26.970352172851562
20.6171875,953.1388549804688,26.976593017578125
20.6328125,953.197998046875,26.976959228515625
20.6484375,953.1878662109375,26.96997833251953
20.6640625,953.1812133789062,26.96997833251953
20.6796875,953.2034301757812,26.98358154296875
20.6953125,953.2059326171875,26.98688507080078
20.7109375,953.21044921875,26.98468017578125
20.7265625,953.1917114257812,26.976593017578125
20.7421875,953.197998046875,26.975486755371094
20.7578125,953.2176513671875,26.978439331054688
20.7734375,953.2107543945312,26.977691650390625
20.7890625,953.192138671875,26.979171752929688
20.8046875,953.1773071289062,26.976234436035156
20.8203125,953.190185546875,26.976593017578125
20.8359375,953.1819458007812,26.963729858398438
20.8515625,953.1824951171875,26.978439331054688
20.8671875,953.1743774414062,26.974761962890625
20.8828125,953.1912841796875,26.977691650390625
20.8984375,953.1886596679688,26.96410369873047
20.9140625,953.1908569335938,26.971824645996094
20.9296875,953.1658935546875,26.976959228515625
20.9453125,953.184326171875,26.96997833251953
20.9609375,953.1741333007812,26.961532592773438
20.9765625,953.1906127929688,26.96851348876953
20.9921875,953.1661987304688,26.96997833251953
21.0078125,953.1741333007812,26.978439331054688
21.0234375,953.1653442382812,26.971824645996094
21.0390625,953.159912109375,26.972183227539062
21.0546875,953.1629638671875,26.96410369873047
21.0703125,953.1658325195312,26.96410369873047
21.0859375,953.1652221679688,26.971450805664062
21.1015625,953.1832885742188,26.961532592773438
21.1171875,953.1810913085938,26.962631225585938
21.1328125,953.1710205078125,26.95233917236328
21.1484375,953.1692504882812,26.973655700683594
21.1640625,953.1654663085938,26.973655700683594
21.1796875,953.1834106445312,26.972183227539062
21.1953125,953.1552124023438,26.959693908691406
21.2109375,953.170654296875,26.96483612060547
21.2265625,953.1747436523438,26.9659423828125
21.2421875,953.159423828125,26.961532592773438
21.2578125,953.158935546875,26.963363647460938
21.2734375,953.1393432617188,26.960800170898438
21.2890625,953.1612548828125,26.96997833251953
21.3046875,953.1454467773438,26.974761962890625
21.3203125,953.1417236328125,26.975486755371094
21.3359375,953.1256103515625,26.97107696533203
21.3515625,953.1969604492188,26.973655700683594
21.3671875,953.2007446289062,26.98320770263672
21.3828125,953.1646728515625,26.975486755371094
21.3984375,953.1566162109375,26.975860595703125
21.4140625,953.1837158203125,26.975486755371094
21.4296875,953.1769409179688,26.972923278808594
21.4453125,953.1426391601562,26.974761962890625
21.4609375,953.18359375,26.98394775390625
21.4765625,953.1653442382812,26.973655700683594
21.4921875,953.164794921875,26.975860595703125
21.5078125,953.1866455078125,26.974761962890625
21.5234375,953.1393432617188,26.976593017578125
21.5390625,953.1783447265625,26.971824645996094
21.5546875,953.162841796875,26.98320770263672
21.5703125,953.1646728515625,26.974761962890625
21.5859375,953.177490234375,26.981369018554688
21.6015625,953.15966796875,26.974761962890625
21.6171875,953.1751098632812,26.98761749267578
21.6328125,953.1417846679688,26.975860595703125
21.6484375,953.17529296875,26.974761962890625
21.6640625,953.190673828125,26.974761962890625
21.6796875,953.1967163085938,26.976234436035156
21.6953125,953.1024169921875,26.96666717529297
21.7109375,953.175537109375,26.973281860351562
21.7265625,953.1923217773438,26.974761962890625
21.7421875,953.1697387695312,26.973655700683594
21.7578125,953.1469116210938,26.98577880859375
21.7734375,953.1624755859375,26.972923278808594
21.7890625,953.1492919921875,26.96997833251953
21.8046875,953.1651611328125,26.96851348876953
21.8203125,953.171630859375,26.96997833251953
21.8359375,953.19140625,26.974388122558594
21.8515625,953.1768798828125,26.972923278808594
21.8671875,953.13671875,26.9681396484375
21.8828125,953.1697387695312,26.96741485595703
21.8984375,953.212646484375,26.9681396484375
21.9140625,953.190673828125,26.974388122558594
21.9296875,953.1703491210938,26.972183227539062
21.9453125,953.1283569335938,26.963363647460938
21.9609375,953.1740112304688,26.9659423828125
21.9765625,953.1025390625,26.956390380859375
21.9921875,953.23193359375,26.960800170898438
22.0078125,953.183349609375,26.955642700195312
22.0234375,953.2180786132812,26.9659423828125
22.0390625,953.1671752929688,26.958595275878906
22.0546875,953.1939086914062,26.963363647460938
22.0703125,953.0706787109375,26.94940185546875
22.0859375,953.1971435546875,26.94977569580078
22.1015625,953.1625366210938,26.94902801513672
22.1171875,953.20849609375,26.94977569580078
22.1328125,953.1990356445312,26.95233917236328
22.1484375,953.2039794921875,26.961532592773438
22.1640625,953.2020263671875,26.959320068359375
22.1796875,953.1926879882812,26.961532592773438
22.1953125,953.2048950195312,26.96741485595703
22.2109375,953.1864013671875,26.960800170898438
22.2265625,953.1900024414062,26.953079223632812
22.2421875,953.208251953125,26.9659423828125
22.2578125,953.1909790039062,26.96741485595703
22.2734375,953.1934814453125,26.96410369873047
22.2890625,953.1705322265625,26.962257385253906
22.3046875,953.1738891601562,26.9681396484375
22.3203125,953.1823120117188,26.954910278320312
22.3359375,953.1827392578125,26.94830322265625
22.3515625,953.1892700195312,26.94757080078125
22.3671875,953.1862182617188,26.960800170898438
22.3828125,953.1905517578125,26.958953857421875
22.3984375,953.1903076171875,26.956390380859375
22.4140625,953.1823120117188,26.944992065429688
22.4296875,953.17578125,26.945724487304688
22.4453125,953.18896484375,26.94866943359375
22.4609375,953.1892700195312,26.945724487304688
22.4765625,953.179443359375,26.94792938232422
22.4921875,953.1820678710938,26.94757080078125
22.5078125,953.1886596679688,26.95233917236328
22.5234375,953.176513671875,26.953079223632812
22.5390625,953.1717529296875,26.94792938232422
22.5546875,953.1724853515625,26.95160675048828
22.5703125,953.1800537109375,26.95233917236328
22.5859375,953.1621704101562,26.955642700195312
22.6015625,953.1619262695312,26.951980590820312
22.6171875,953.1800537109375,26.943893432617188
22.6328125,953.1756591796875,26.942413330078125
22.6484375,953.1665649414062,26.956390380859375
22.6640625,953.161376953125,26.955642700195312
22.6796875,953.173828125,26.96410369873047
22.6953125,953.1837158203125,26.943893432617188
22.7109375,953.1744384765625,26.96410369873047
22.7265625,953.1825561523438,26.956390380859375
22.7421875,953.1739501953125,26.952713012695312
22.7578125,953.1658325195312,26.963729858398438
22.7734375,953.169921875,26.953079223632812
22.7890625,953.173583984375,26.963729858398438
22.8046875,953.169921875,26.960426330566406
22.8203125,953.1898803710938,26.94977569580078
22.8359375,953.1889038085938,26.960800170898438
22.8515625,953.1666259765625,26.95160675048828
22.8671875,953.2135620117188,26.961898803710938
22.8828125,953.1942138671875,26.958953857421875
22.8984375,953.1801147460938,26.956390380859375
22.9140625,953.2145385742188,26.956390380859375
22.9296875,953.2134399414062,26.95123291015625
22.9453125,953.1954956054688,26.963729858398438
22.9609375,953.2272338867188,26.956016540527344
22.9765625,953.2252807617188,26.956390380859375
22.9921875,953.2366333007812,26.958595275878906
23.0078125,953.1646118164062,26.96483612060547
23.0234375,953.1251831054688,26.952713012695312
23.0390625,953.2381591796875,26.960800170898438
23.0546875,953.1983642578125,26.953079223632812
23.0703125,953.2112426757812,26.96997833251953
23.0859375,953.2051391601562,26.960052490234375
23.1015625,953.1934204101562,26.953079223632812
23.1171875,953.1747436523438,26.974388122558594
23.1328125,953.1864624023438,26.956390380859375
23.1484375,953.2313232421875,26.963729858398438
23.1640625,953.2750854492188,26.959693908691406
23.1796875,953.1832885742188,26.96483612060547
23.1953125,953.2237548828125,26.96851348876953
23.2109375,953.2726440429688,26.958221435546875
23.2265625,953.2009887695312,26.961898803710938
23.2421875,953.189453125,26.96483612060547
23.2578125,953.1825561523438,26.956390380859375
23.2734375,953.2449951171875,26.963729858398438
23.2890625,953.2619018554688,26.956390380859375
23.3046875,953.1763305664062,26.971450805664062
23.3203125,953.1891479492188,26.973655700683594
23.3359375,953.1995849609375,26.961898803710938
23.3515625,953.2235107421875,26.975128173828125
23.3671875,953.1954956054688,26.964462280273438
23.3828125,953.1837158203125,26.963729858398438
23.3984375,953.1895751953125,26.960800170898438
23.4140625,953.1989135742188,26.953079223632812
23.4296875,953.253662109375,26.957122802734375
23.4453125,953.1883544921875,26.956390380859375
23.4609375,953.2014770507812,26.977691650390625
23.4765625,953.1754760742188,26.961532592773438
23.4921875,953.2007446289062,26.96741485595703
23.5078125,953.2114868164062,26.974761962890625
23.5234375,953.2229614257812,26.973655700683594
23.5390625,953.1356201171875,26.96997833251953
23.5546875,953.2129516601562,26.974761962890625
23.5703125,953.2212524414062,26.963363647460938
23.5859375,953.2367553710938,26.98064422607422
23.6015625,953.193115234375,26.9681396484375
23.6171875,953.2216796875,26.974388122558594
23.6328125,953.2223510742188,26.961532592773438
23.6484375,953.1488037109375,26.970718383789062
23.6640625,953.21240234375,26.976959228515625
23.6796875,953.2112426757812,26.974761962890625
23.6953125,953.2135009765625,26.974761962890625
23.7109375,953.219970703125,26.97107696533203
23.7265625,953.2064819335938,26.9652099609375
23.7421875,953.2052612304688,26.9681396484375
23.7578125,953.2127685546875,26.9681396484375
23.7734375,953.1995849609375,26.96300506591797
23.7890625,953.212890625,26.956390380859375
23.8046875,953.1984252929688,26.973655700683594
23.8203125,953.1959228515625,26.972183227539062
23.8359375,953.1898193359375,26.979171752929688
23.8515625,953.1917114257812,26.977691650390625
23.8671875,953.1951904296875,26.971450805664062
23.8828125,953.1754760742188,26.974029541015625
23.8984375,953.1918334960938,26.972923278808594
23.9140625,953.1808471679688,26.979896545410156
23.9296875,953.1840209960938,26.98174285888672
23.9453125,953.1842651367188,26.974761962890625
23.9609375,953.18359375,26.972923278808594
23.9765625,953.175537109375,26.970352172851562
23.9921875,953.1633911132812,26.973655700683594
24.0078125,953.1834106445312,26.973655700683594
24.0234375,953.1834106445312,26.971824645996094
24.0390625,953.1748046875,26.975860595703125
24.0546875,953.1788940429688,26.973655700683594
24.0703125,953.1731567382812,26.96630859375
24.0859375,953.1622924804688,26.971824645996094
24.1015625,953.178466796875,26.973655700683594
24.1171875,953.1660766601562,26.971450805664062
24.1328125,953.1832885742188,26.974388122558594
24.1484375,953.177490234375,26.96997833251953
24.1640625,953.1710815429688,26.96410369873047
24.1796875,953.1717529296875,26.979537963867188
24.1953125,953.1828002929688,26.957489013671875
24.2109375,953.1661987304688,26.9652099609375
24.2265625,953.1593017578125,26.964462280273438
24.2421875,953.1633911132812,26.9659423828125
24.2578125,953.1766967773438,26.96851348876953
24.2734375,953.15966796875,26.974761962890625
24.2890625,953.1649169921875,26.959320068359375
24.3046875,953.1587524414062,26.963363647460938
24.3203125,953.190185546875,26.975486755371094
24.3359375,953.1614379882812,26.96997833251953
24.3515625,953.1705322265625,26.971450805664062
24.3671875,953.1539916992188,26.972549438476562
24.3828125,953.1325073242188,26.96410369873047
24.3984375,953.1920776367188,26.956390380859375
24.4140625,953.1895141601562,26.974761962890625
24.4296875,953.1763916015625,26.9681396484375
24.4453125,953.1823120117188,26.972923278808594
24.4609375,953.175537109375,26.971450805664062
24.4765625,953.2100830078125,26.972923278808594
24.4921875,953.2131958007812,26.976234436035156
24.5078125,953.163330078125,26.975486755371094
24.5234375,953.19140625,26.964462280273438
24.5390625,953.202880859375,26.972549438476562
24.5546875,953.2179565429688,26.976234436035156
24.5703125,953.1908569335938,26.962257385253906
24.5859375,953.1643676757812,26.96997833251953
24.6015625,953.219482421875,26.972549438476562
24.6171875,953.2227172851562,26.961532592773438
24.6328125,953.1935424804688,26.970718383789062
24.6484375,953.213623046875,26.975128173828125
24.6640625,953.214111328125,26.971824645996094
24.6796875,953.2303466796875,26.974761962890625
24.6953125,953.2229614257812,26.96997833251953
24.7109375,953.240966796875,26.96741485595703
24.7265625,953.2096557617188,26.977691650390625
24.7421875,953.1862182617188,26.964462280273438
24.7578125,953.19921875,26.974761962890625
24.7734375,953.1768798828125,26.975486755371094
24.7890625,953.2230224609375,26.970718383789062
24.8046875,953.2034912109375,26.972183227539062
24.8203125,953.19287109375,26.96666717529297
24.8359375,953.216796875,26.96997833251953
24.8515625,953.220703125,26.977333068847656
24.8671875,953.1813354492188,26.961158752441406
24.8828125,953.231201171875,26.96666717529297
24.8984375,953.201171875,26.962631225585938
24.9140625,953.2020874023438,26.96410369873047
24.9296875,953.2015991210938,26.964462280273438
24.9453125,953.1890258789062,26.958595275878906
24.9609375,953.1962280273438,26.957122802734375
24.9765625,953.1680297851562,26.962257385253906
24.9921875,953.1619873046875,26.9681396484375
25.0078125,953.2288818359375,26.94866943359375
25.0234375,953.1696166992188,26.957847595214844
25.0390625,953.20458984375,26.96997833251953
25.0546875,953.257080078125,26.96483612060547
25.0703125,953.1753540039062,26.963729858398438
25.0859375,953.240966796875,26.962631225585938
25.1015625,953.2163696289062,26.963729858398438
25.1171875,953.2129516601562,26.972549438476562
25.1328125,953.2138061523438,26.962257385253906
25.1484375,953.2122192382812,26.956390380859375
25.1640625,953.2020874023438,26.96997833251953
25.1796875,953.1848754882812,26.9681396484375
25.1953125,953.177490234375,26.9652099609375
25.2109375,953.1820068359375,26.96741485595703
25.2265625,953.191162109375,26.96483612060547
25.2421875,953.1974487304688,26.96410369873047
25.2578125,953.184326171875,26.960800170898438
25.2734375,953.1953125,26.9659423828125
25.2890625,953.1814575195312,26.96483612060547
25.3046875,953.1837158203125,26.977691650390625
25.3203125,953.1903686523438,26.96410369873047
25.3359375,953.1669311523438,26.96997833251953
25.3515625,953.18310546875,26.962257385253906
25.3671875,953.1727905273438,26.96410369873047
25.3828125,953.1759033203125,26.96666717529297
25.3984375,953.1909790039062,26.954544067382812
25.4140625,953.1845092773438,26.9681396484375
25.4296875,953.1858520507812,26.97107696533203
25.4453125,953.1819458007812,26.957847595214844
25.4609375,953.1646118164062,26.962631225585938
25.4765625,953.185302734375,26.960800170898438
25.4921875,953.1797485351562,26.95233917236328
25.5078125,953.1692504882812,26.961898803710938
25.5234375,953.182861328125,26.9659423828125
25.5390625,953.1749267578125,26.96741485595703
25.5546875,953.1641845703125,26.971824645996094
25.5703125,953.1760864257812,26.961532592773438
25.5859375,953.1636352539062,26.96997833251953
25.6015625,953.19140625,26.960426330566406
25.6171875,953.1820678710938,26.96666717529297
25.6328125,953.159423828125,26.956390380859375
25.6484375,953.163818359375,26.957122802734375
25.6640625,953.1459350585938,26.960800170898438
25.6796875,953.1774291992188,26.960800170898438
25.6953125,953.164794921875,26.962257385253906
25.7109375,953.185302734375,26.96410369873047
25.7265625,953.1747436523438,26.96997833251953
25.7421875,953.1334838867188,26.9681396484375
25.7578125,953.1332397460938,26.960426330566406
25.7734375,953.1318359375,26.955642700195312
25.7890625,953.1373901367188,26.9681396484375
25.8046875,953.1326293945312,26.960800170898438
25.8203125,953.132568359375,26.9659423828125
25.8359375,953.1760864257812,26.960052490234375
25.8515625,953.1325073242188,26.956390380859375
25.8671875,953.1237182617188,26.957489013671875
25.8828125,953.2188110351562,26.96410369873047
25.8984375,953.168701171875,26.96410369873047
25.9140625,953.1903076171875,26.96483612060547
25.9296875,953.1412963867188,26.971450805664062
25.9453125,953.1593017578125,26.979537963867188
25.9609375,953.1630859375,26.9681396484375
25.9765625,953.2277221679688,26.963729858398438
25.9921875,953.2135009765625,26.96851348876953
26.0078125,953.2068481445312,26.972923278808594
26.0234375,953.183349609375,26.96741485595703
26.0390625,953.188720703125,26.971824645996094
26.0546875,953.1748046875,26.974761962890625
26.0703125,953.18359375,26.96851348876953
26.0859375,953.1912841796875,26.975486755371094
26.1015625,953.1627197265625,26.975128173828125
26.1171875,953.1853637695312,26.975860595703125
26.1328125,953.238037109375,26.98174285888672
26.1484375,953.160888671875,26.990562438964844
26.1640625,953.1851196289062,26.98761749267578
26.1796875,953.2009887695312,26.98688507080078
26.1953125,953.198486328125,26.979896545410156
26.2109375,953.223388671875,26.979896545410156
26.2265625,953.2223510742188,26.976959228515625
26.2421875,953.2207641601562,26.974761962890625
26.2578125,953.1841430664062,26.994598388671875
26.2734375,953.1945190429688,26.975486755371094
26.2890625,953.1585083007812,26.979896545410156
26.3046875,953.2598876953125,26.98394775390625
26.3203125,953.1951904296875,26.993499755859375
26.3359375,953.2570190429688,26.993125915527344
26.3515625,953.2003173828125,27.011138916015625
26.3671875,953.246826171875,26.990188598632812
26.3828125,953.2280883789062,26.995330810546875
26.3984375,953.2041015625,26.993125915527344
26.4140625,953.2056884765625,26.98541259765625
26.4296875,953.2532348632812,26.996437072753906
26.4453125,953.253173828125,26.994232177734375
26.4609375,953.1859741210938,26.98871612548828
26.4765625,953.1801147460938,26.98871612548828
26.4921875,953.187255859375,26.98615264892578
26.5078125,953.203125,26.98468017578125
26.5234375,953.1995239257812,26.995330810546875
26.5390625,953.2285766601562,26.994598388671875
26.5546875,953.2022705078125,26.989463806152344
26.5703125,953.1903686523438,26.980270385742188
26.5859375,953.2008666992188,26.977691650390625
26.6015625,953.2202758789062,26.98394775390625
26.6171875,953.2113037109375,26.98615264892578
26.6328125,953.2073364257812,26.98358154296875
26.6484375,953.1945190429688,26.98394775390625
26.6640625,953.2130737304688,26.995330810546875
26.6796875,953.208251953125,26.990188598632812
26.6953125,953.1958618164062,26.98358154296875
26.7109375,953.2017211914062,26.993499755859375
26.7265625,953.2068481445312,26.994598388671875
26.7421875,953.2010498046875,26.992401123046875
26.7578125,953.1923828125,26.998641967773438
26.7734375,953.197265625,26.994598388671875
26.7890625,953.21240234375,26.992027282714844
26.8046875,953.1935424804688,26.98651123046875
26.8203125,953.1930541992188,26.98394775390625
26.8359375,953.1671752929688,26.993873596191406
26.8515625,953.192626953125,26.993125915527344
26.8671875,953.171630859375,26.979896545410156
26.8828125,953.1923217773438,26.988357543945312
26.8984375,953.1867065429688,26.98394775390625
26.9140625,953.1922607421875,26.98247528076172
26.9296875,953.1920776367188,26.979171752929688
26.9453125,953.1702270507812,26.979896545410156
26.9609375,953.1762084960938,26.974761962890625
26.9765625,953.190673828125,26.98505401611328
26.9921875,953.1767578125,26.987258911132812
27.0078125,953.1739501953125,26.98541259765625
27.0234375,953.1809692382812,26.98761749267578
27.0390625,953.1812133789062,26.982101440429688
27.0546875,953.1770629882812,26.973655700683594
27.0703125,953.1786499023438,26.975860595703125
27.0859375,953.1806640625,26.970352172851562
27.1015625,953.1681518554688,26.981002807617188
27.1171875,953.1734008789062,26.974761962890625
27.1328125,953.1649169921875,26.977691650390625
27.1484375,953.1742553710938,26.98651123046875
27.1640625,953.1876831054688,26.979896545410156
27.1796875,953.1821899414062,26.98064422607422
27.1953125,953.1925048828125,26.96741485595703
27.2109375,953.1660766601562,26.98320770263672
27.2265625,953.1957397460938,26.96997833251953
27.2421875,953.1884155273438,26.981369018554688
27.2578125,953.1423950195312,26.970718383789062
27.2734375,953.1633911132812,26.976593017578125
27.2890625,953.2022705078125,26.974761962890625
27.3046875,953.21875,26.98430633544922
27.3203125,953.2603149414062,26.98394775390625
27.3359375,953.1611328125,26.974761962890625
27.3515625,953.1644287109375,26.979896545410156
27.3671875,953.2353515625,26.972923278808594
27.3828125,953.2454223632812,26.991668701171875
27.3984375,953.275390625,26.973281860351562
27.4140625,953.1821899414062,26.98394775390625
27.4296875,953.186279296875,26.970718383789062
27.4453125,953.1945190429688,26.978439331054688
27.4609375,953.1946411132812,26.975860595703125
27.4765625,953.2177124023438,26.98394775390625
27.4921875,953.2412109375,26.976959228515625
27.5078125,953.2763671875,26.979537963867188
27.5234375,953.2180786132812,26.96997833251953
27.5390625,953.1824951171875,26.982101440429688
27.5546875,953.1573486328125,26.979896545410156
27.5703125,953.2384033203125,26.98358154296875
27.5859375,953.1951293945312,26.98064422607422
27.6015625,953.2073974609375,26.979171752929688
27.6171875,953.2001342773438,26.978797912597656
27.6328125,953.2239379882812,26.9681396484375
27.6484375,953.2916259765625,26.962257385253906
27.6640625,953.2415161132812,26.975486755371094
27.6796875,953.2384643554688,26.97107696533203
27.6953125,953.1825561523438,26.975860595703125
27.7109375,953.236328125,26.976593017578125
27.7265625,953.2650756835938,26.974761962890625
27.7421875,953.2505493164062,26.96410369873047
27.7578125,953.1968383789062,26.98064422607422
27.7734375,953.19482421875,26.971824645996094
27.7890625,953.1832885742188,26.978439331054688
27.8046875,953.1737060546875,26.975486755371094
27.8203125,953.2361450195312,26.976593017578125
27.8359375,953.2363891601562,26.972923278808594
27.8515625,953.2161254882812,26.9681396484375
27.8671875,953.1925048828125,26.973655700683594
27.8828125,953.1912231445312,26.9688720703125
27.8984375,953.1901245117188,26.978065490722656
27.9140625,953.171875,26.972183227539062
27.9296875,953.199951171875,26.978439331054688
27.9453125,953.2198486328125,26.976593017578125
27.9609375,953.1969604492188,26.976234436035156
27.9765625,953.195068359375,26.977691650390625
27.9921875,953.2196655273438,26.976959228515625
28.0078125,953.1771850585938,26.9652099609375
28.0234375,953.2154541015625,26.978439331054688
28.0390625,953.2059936523438,26.971824645996094
28.0546875,953.2094116210938,26.98394775390625
28.0703125,953.21435546875,26.975860595703125
28.0859375,953.2028198242188,26.971824645996094
28.1015625,953.1998901367188,26.96300506591797
28.1171875,953.1990356445312,26.972923278808594
28.1328125,953.1953125,26.98064422607422
28.1484375,953.2122192382812,26.9652099609375
28.1640625,953.1969604492188,26.972923278808594
28.1796875,953.20068359375,26.976593017578125
28.1953125,953.1957397460938,26.975486755371094
28.2109375,953.1919555664062,26.98320770263672
28.2265625,953.2017211914062,26.96851348876953
28.2421875,953.21044921875,26.96666717529297
28.2578125,953.1976318359375,26.975486755371094
28.2734375,953.1836547851562,26.9681396484375
28.2890625,953.190673828125,26.96410369873047
28.3046875,953.1973876953125,26.96741485595703
28.3203125,953.191162109375,26.964462280273438
28.3359375,953.1825561523438,26.9659423828125
28.3515625,953.1820678710938,26.971450805664062
28.3671875,953.1856079101562,26.960426330566406
28.3828125,953.18505859375,26.96851348876953
28.3984375,953.1912841796875,26.98064422607422
28.4140625,953.190673828125,26.975486755371094
28.4296875,953.1836547851562,26.970718383789062
28.4453125,953.1861572265625,26.96997833251953
28.4609375,953.165771484375,26.96666717529297
28.4765625,953.173095703125,26.964462280273438
28.4921875,953.1890258789062,26.96997833251953
28.5078125,953.1763916015625,26.96741485595703
28.5234375,953.1654663085938,26.96483612060547
28.5390625,953.1825561523438,26.963729858398438
28.5546875,953.1710815429688,26.9681396484375
28.5703125,953.1708984375,26.973655700683594
28.5859375,953.1719970703125,26.96410369873047
28.6015625,953.1747436523438,26.956390380859375
28.6171875,953.1769409179688,26.973655700683594
28.6328125,953.1588745117188,26.96666717529297
28.6484375,953.1779174804688,26.971450805664062
28.6640625,953.1646728515625,26.960426330566406
28.6796875,953.1616821289062,26.96410369873047
28.6953125,953.1939086914062,26.9652099609375
28.7109375,953.0905151367188,26.9681396484375
28.7265625,953.212158203125,26.951980590820312
28.7421875,953.1209106445312,26.96410369873047
28.7578125,953.091064453125,26.9652099609375
28.7734375,953.09716796875,26.972183227539062
28.7890625,953.108642578125,26.9659423828125
28.8046875,953.108642578125,26.974388122558594
28.8203125,953.0687255859375,26.9659423828125
28.8359375,953.015380859375,26.975860595703125
28.8515625,953.0534057617188,26.976593017578125
28.8671875,953.1557006835938,26.976234436035156
28.8828125,953.1716918945312,26.975486755371094
28.8984375,953.1572265625,26.977691650390625
28.9140625,953.2095336914062,26.976593017578125
28.9296875,953.1926879882812,26.991668701171875
28.9453125,953.2036743164062,26.978439331054688
28.9609375,953.1737060546875,26.96924591064453
28.9765625,953.212890625,26.974761962890625
28.9921875,953.1936645507812,26.979896545410156
29.0078125,953.1828002929688,26.973655700683594
29.0234375,953.167236328125,26.98394775390625
29.0390625,953.1802368164062,26.98761749267578
29.0546875,953.128662109375,26.974761962890625
29.0703125,953.2055053710938,26.98394775390625
29.0859375,953.1922607421875,26.98394775390625
29.1015625,953.2603149414062,26.9681396484375
29.1171875,953.190673828125,26.98320770263672
29.1328125,953.2692260742188,26.98358154296875
29.1484375,953.280517578125,26.98394775390625
29.1640625,953.221435546875,26.979896545410156
29.1796875,953.2073364257812,26.987258911132812
29.1953125,953.2630004882812,26.976959228515625
29.2109375,953.173583984375,26.98394775390625
29.2265625,953.201171875,26.975860595703125
29.2421875,953.2321166992188,27.008934020996094
29.2578125,953.2288208007812,26.995704650878906
29.2734375,953.22021484375,26.996078491210938
29.2890625,953.2632446289062,26.990188598632812
29.3046875,953.2418823242188,26.994598388671875
29.3203125,953.2315673828125,26.994972229003906
29.3359375,953.2399291992188,26.995330810546875
29.3515625,953.223876953125,27.012611389160156
29.3671875,953.2040405273438,27.00452423095703
29.3828125,953.185302734375,27.009307861328125
29.3984375,953.2227783203125,26.990562438964844
29.4140625,953.2567749023438,27.010040283203125
29.4296875,953.239013671875,27.011871337890625
29.4453125,953.23388671875,27.011871337890625
29.4609375,953.1997680664062,27.00452423095703
29.4765625,953.2133178710938,27.011871337890625
29.4921875,953.2092895507812,26.99828338623047
29.5078125,953.1942138671875,27.008560180664062
29.5234375,953.2227172851562,26.99938201904297
29.5390625,953.1979370117188,27.011871337890625
29.5546875,953.2045288085938,27.010040283203125
29.5703125,953.2138671875,27.00194549560547
29.5859375,953.2029418945312,27.00084686279297
29.6015625,953.1915283203125,27.00379180908203
29.6171875,953.1984252929688,27.00269317626953
29.6328125,953.2012329101562,26.99828338623047
29.6484375,953.188232421875,27.00379180908203
29.6640625,953.2007446289062,26.99938201904297
29.6796875,953.1919555664062,26.994232177734375
29.6953125,953.1859741210938,27.00048828125
29.7109375,953.1973876953125,26.993873596191406
29.7265625,953.19677734375,26.993499755859375
29.7421875,953.2044067382812,26.996810913085938
29.7578125,953.2018432617188,27.001220703125
29.7734375,953.1862182617188,26.997177124023438
29.7890625,953.1780395507812,26.98761749267578
29.8046875,953.1661987304688,26.990188598632812
29.8203125,953.1802978515625,26.974761962890625
29.8359375,953.1919555664062,26.982101440429688
29.8515625,953.1795043945312,26.987991333007812
29.8671875,953.1644897460938,26.98394775390625
29.8828125,953.1778564453125,26.993499755859375
29.8984375,953.1883544921875,26.990921020507812
29.9140625,953.2001342773438,26.987258911132812
29.9296875,953.1954345703125,26.977691650390625
29.9453125,953.1724853515625,26.995330810546875
29.9609375,953.1682739257812,26.98174285888672
29.9765625,953.160888671875,26.972923278808594
29.9921875,953.1749267578125,26.979896545410156
30.0078125,953.1702880859375,26.98688507080078
30.0234375,953.1577758789062,26.974761962890625
30.0390625,953.1632690429688,26.98394775390625
30.0546875,953.16357421875,26.975486755371094
30.0703125,953.1775512695312,26.98394775390625
30.0859375,953.1671752929688,26.975860595703125
30.1015625,953.169921875,26.976593017578125
30.1171875,953.1580200195312,26.98064422607422
30.1328125,953.1632080078125,26.96997833251953
30.1484375,953.1723022460938,26.979537963867188
30.1640625,953.1660766601562,26.98761749267578
30.1796875,953.1788330078125,26.974761962890625
30.1953125,953.1602783203125,26.98651123046875
30.2109375,953.1722412109375,26.98174285888672
30.2265625,953.1655883789062,26.971824645996094
30.2421875,953.1903686523438,26.98394775390625
30.2578125,953.1611328125,26.96997833251953
30.2734375,953.19140625,26.972923278808594
30.2890625,953.1629638671875,26.974761962890625
30.3046875,953.1787109375,26.972549438476562
30.3203125,953.2191772460938,26.971450805664062
30.3359375,953.1736450195312,26.975860595703125
30.3515625,953.1837158203125,26.9681396484375
30.3671875,953.1630859375,26.981002807617188
30.3828125,953.20263671875,26.96997833251953
30.3984375,953.2362060546875,26.970718383789062
30.4140625,953.2177124023438,26.98394775390625
30.4296875,953.23046875,26.975860595703125
30.4453125,953.1920166015625,26.96851348876953
30.4609375,953.1739501953125,26.98688507080078
30.4765625,953.2486572265625,26.98468017578125
30.4921875,953.2322998046875,26.978439331054688
30.5078125,953.2550659179688,26.98577880859375
30.5234375,953.2431640625,26.979896545410156
30.5390625,953.2528076171875,26.995704650878906
30.5546875,953.2190551757812,26.98320770263672
30.5703125,953.19091796875,26.981369018554688
30.5859375,953.2074584960938,26.976593017578125
30.6015625,953.2308959960938,26.98761749267578
30.6171875,953.24755859375,26.976959228515625
30.6328125,953.184326171875,26.978439331054688
30.6484375,953.2066040039062,26.979896545410156
30.6640625,953.2205200195312,26.98761749267578
