# Time (seconds),Pressure,Temp
0.0078125,953.3527221679688,28.916542053222656
0.0234375,953.238037109375,28.921676635742188
0.0390625,953.2493286132812,28.922409057617188
0.0546875,953.2254638671875,28.928298950195312
0.0703125,953.2462768554688,28.919845581054688
0.0859375,953.2532348632812,28.92315673828125
0.1015625,953.2470092773438,28.920204162597656
0.1171875,953.2479248046875,28.92095184326172
0.1328125,953.2504272460938,28.92461395263672
0.1484375,953.2567749023438,28.92278289794922
0.1640625,953.235595703125,28.914337158203125
0.1796875,953.2348022460938,28.917266845703125
0.1953125,953.2476196289062,28.929397583007812
0.2109375,953.2423095703125,28.928298950195312
0.2265625,953.234375,28.917266845703125
0.2421875,953.2476196289062,28.92572021484375
0.2578125,953.2501831054688,28.916900634765625
0.2734375,953.2489013671875,28.912490844726562
0.2890625,953.2269287109375,28.92646026611328
0.3046875,953.2413330078125,28.917999267578125
0.3203125,953.245361328125,28.921676635742188
0.3359375,953.2385864257812,28.92572021484375
0.3515625,953.2472534179688,28.919845581054688
0.3671875,953.232421875,28.92095184326172
0.3828125,953.248046875,28.92461395263672
0.3984375,953.2459716796875,28.92461395263672
0.4140625,953.239990234375,28.915435791015625
0.4296875,953.2474975585938,28.92646026611328
0.4453125,953.2461547851562,28.92388916015625
0.4609375,953.2387084960938,28.912490844726562
0.4765625,953.2525634765625,28.917999267578125
0.4921875,953.2477416992188,28.915069580078125
0.5078125,953.2330932617188,28.931228637695312
0.5234375,953.234130859375,28.916168212890625
0.5390625,953.2326049804688,28.928298950195312
0.5546875,953.2474975585938,28.933074951171875
0.5703125,953.2551879882812,28.928298950195312
0.5859375,953.2374267578125,28.917266845703125
0.6015625,953.2339477539062,28.92205047607422
0.6171875,953.255859375,28.929397583007812
0.6328125,953.251953125,28.92095184326172
0.6484375,953.249267578125,28.931228637695312
0.6640625,953.2467041015625,28.917266845703125
0.6796875,953.2530517578125,28.917266845703125
0.6953125,953.2399291992188,28.931228637695312
0.7109375,953.2508544921875,28.92572021484375
0.7265625,953.2359008789062,28.92461395263672
0.7421875,953.2417602539062,28.928298950195312
0.7578125,953.2361450195312,28.932334899902344
0.7734375,953.255126953125,28.930130004882812
0.7890625,953.2489013671875,28.917999267578125
0.8046875,953.2567749023438,28.927566528320312
0.8203125,953.254638671875,28.92095184326172
0.8359375,953.26123046875,28.92315673828125
0.8515625,953.2482299804688,28.916168212890625
0.8671875,953.2536010742188,28.936012268066406
0.8828125,953.2626953125,28.914337158203125
0.8984375,953.2504272460938,28.917999267578125
0.9140625,953.269287109375,28.92315673828125
0.9296875,953.2500610351562,28.917266845703125
0.9453125,953.2679443359375,28.928298950195312
0.9609375,953.25,28.92095184326172
0.9765625,953.2533569335938,28.917266845703125
0.9921875,953.2476196289062,28.914337158203125
1.0078125,953.2492065429688,28.917266845703125
1.0234375,953.2620239257812,28.921676635742188
1.0390625,953.2540283203125,28.908447265625
1.0546875,953.2455444335938,28.91028594970703
1.0703125,953.25,28.931228637695312
1.0859375,953.2622680664062,28.912490844726562
1.1015625,953.2633666992188,28.912490844726562
1.1171875,953.2687377929688,28.931976318359375
1.1328125,953.2897338867188,28.922409057617188
1.1484375,953.2786254882812,28.935279846191406
1.1640625,953.29248046875,28.938217163085938
1.1796875,953.2944946289062,28.947036743164062
1.1953125,953.2918701171875,28.94225311279297
1.2109375,953.3187866210938,28.93859100341797
1.2265625,953.2939453125,28.934539794921875
1.2421875,953.3043823242188,28.929397583007812
1.2578125,953.3194580078125,28.92498779296875
1.2734375,953.284912109375,28.937118530273438
1.2890625,953.301513671875,28.929397583007812
1.3046875,953.2930908203125,28.931976318359375
1.3203125,953.2932739257812,28.9444580078125
1.3359375,953.2921752929688,28.930496215820312
1.3515625,953.2986450195312,28.949615478515625
1.3671875,953.3243408203125,28.942626953125
1.3828125,953.3146362304688,28.945205688476562
1.3984375,953.3018798828125,28.947036743164062
1.4140625,953.29248046875,28.949241638183594
1.4296875,953.3094482421875,28.949974060058594
1.4453125,953.2993774414062,28.951446533203125
1.4609375,953.328125,28.945938110351562
1.4765625,953.3042602539062,28.949974060058594
1.4921875,953.3203125,28.943359375
1.5078125,953.3345336914062,28.948135375976562
1.5234375,953.310546875,28.96026611328125
1.5390625,953.296142578125,28.948867797851562
1.5546875,953.296875,28.952545166015625
1.5703125,953.2952880859375,28.933074951171875
1.5859375,953.31201171875,28.937843322753906
1.6015625,953.3196411132812,28.938217163085938
1.6171875,953.2969360351562,28.945205688476562
1.6328125,953.297607421875,28.935279846191406
1.6484375,953.2913208007812,28.933074951171875
1.6640625,953.3030395507812,28.947036743164062
1.6796875,953.3151245117188,28.938949584960938
1.6953125,953.2927856445312,28.93859100341797
1.7109375,953.2939453125,28.933074951171875
1.7265625,953.29052734375,28.943359375
1.7421875,953.3225708007812,28.933074951171875
1.7578125,953.3156127929688,28.93968963623047
1.7734375,953.302490234375,28.930130004882812
1.7890625,953.3038940429688,28.930130004882812
1.8046875,953.2973022460938,28.935638427734375
1.8203125,953.3140258789062,28.943359375
1.8359375,953.3064575195312,28.947036743164062
1.8515625,953.2984008789062,28.922409057617188
1.8671875,953.3115234375,28.945205688476562
1.8828125,953.297607421875,28.950714111328125
1.8984375,953.3107299804688,28.92498779296875
1.9140625,953.3231811523438,28.92572021484375
1.9296875,953.3327026367188,28.945205688476562
1.9453125,953.3179321289062,28.949615478515625
1.9609375,953.3165893554688,28.949974060058594
1.9765625,953.3167114257812,28.947036743164062
1.9921875,953.3204956054688,28.94189453125
2.0078125,953.3236694335938,28.947036743164062
2.0234375,953.3247680664062,28.9415283203125
2.0390625,953.3158569335938,28.93859100341797
2.0546875,953.29638671875,28.935638427734375
2.0703125,953.3134765625,28.938949584960938
2.0859375,953.2939453125,28.943359375
2.1015625,953.29443359375,28.94666290283203
2.1171875,953.3008422851562,28.933807373046875
2.1328125,953.2941284179688,28.949615478515625
2.1484375,953.3034057617188,28.933074951171875
2.1640625,953.2922973632812,28.929397583007812
2.1796875,953.296142578125,28.922409057617188
2.1953125,953.3031616210938,28.931976318359375
2.2109375,953.3088989257812,28.928298950195312
2.2265625,953.3145141601562,28.930130004882812
2.2421875,953.317626953125,28.934539794921875
2.2578125,953.3043823242188,28.930130004882812
2.2734375,953.3194580078125,28.931976318359375
2.2890625,953.3088989257812,28.938949584960938
2.3046875,953.30419921875,28.932334899902344
2.3203125,953.305908203125,28.92792510986328
2.3359375,953.3253173828125,28.928665161132812
2.3515625,953.3253784179688,28.9437255859375
2.3671875,953.2987060546875,28.937118530273438
2.3828125,953.3123168945312,28.92498779296875
2.3984375,953.314208984375,28.938217163085938
2.4140625,953.322021484375,28.940048217773438
2.4296875,953.3079223632812,28.94225311279297
2.4453125,953.310546875,28.938217163085938
2.4609375,953.3196411132812,28.929397583007812
2.4765625,953.3086547851562,28.931228637695312
2.4921875,953.3196411132812,28.938949584960938
2.5078125,953.3274536132812,28.9407958984375
2.5234375,953.3038330078125,28.940048217773438
2.5390625,953.3263549804688,28.945938110351562
2.5546875,953.3042602539062,28.935638427734375
2.5703125,953.3092651367188,28.9415283203125
2.5859375,953.3050537109375,28.930130004882812
2.6015625,953.2996826171875,28.938949584960938
2.6171875,953.3125610351562,28.930130004882812
2.6328125,953.302734375,28.945938110351562
2.6484375,953.3162231445312,28.937118530273438
2.6640625,953.296875,28.919845581054688
2.6796875,953.3028564453125,28.919845581054688
2.6953125,953.2987060546875,28.92095184326172
2.7109375,953.3107299804688,28.928298950195312
2.7265625,953.3006591796875,28.929397583007812
2.7421875,953.3008422851562,28.931228637695312
2.7578125,953.2938842773438,28.930130004882812
2.7734375,953.290771484375,28.920578002929688
2.7890625,953.2874755859375,28.935279846191406
2.8046875,953.296630859375,28.92498779296875
2.8203125,953.2963256835938,28.92498779296875
2.8359375,953.295654296875,28.931228637695312
2.8515625,953.295654296875,28.930130004882812
2.8671875,953.3086547851562,28.917999267578125
2.8828125,953.2841796875,28.930130004882812
2.8984375,953.296142578125,28.918746948242188
2.9140625,953.2908325195312,28.912132263183594
2.9296875,953.2955322265625,28.921676635742188
2.9453125,953.3067016601562,28.920204162597656
2.9609375,953.2957763671875,28.917266845703125
2.9765625,953.2841186523438,28.9080810546875
2.9921875,953.2993774414062,28.917266845703125
3.0078125,953.294921875,28.922409057617188
3.0234375,953.2900390625,28.917266845703125
3.0390625,953.2930908203125,28.92461395263672
3.0546875,953.2955932617188,28.931228637695312
3.0703125,953.3004760742188,28.916900634765625
3.0859375,953.294921875,28.917266845703125
3.1015625,953.2930908203125,28.920204162597656
3.1171875,953.300537109375,28.914337158203125
3.1328125,953.2939453125,28.929397583007812
3.1484375,953.3104248046875,28.917999267578125
3.1640625,953.28662109375,28.920204162597656
3.1796875,953.289794921875,28.916900634765625
3.1953125,953.299560546875,28.920204162597656
3.2109375,953.2993774414062,28.90587615966797
3.2265625,953.30810546875,28.901466369628906
3.2421875,953.2706298828125,28.894851684570312
3.2578125,953.2980346679688,28.899261474609375
3.2734375,953.2888793945312,28.914337158203125
3.2890625,953.3161010742188,28.90772247314453
3.3046875,953.3028564453125,28.9066162109375
3.3203125,953.3165283203125,28.91028594970703
3.3359375,953.307861328125,28.91138458251953
3.3515625,953.3032836914062,28.90955352783203
3.3671875,953.3185424804688,28.921676635742188
3.3828125,953.307861328125,28.917266845703125
3.3984375,953.3014526367188,28.904037475585938
3.4140625,953.30615234375,28.920204162597656
3.4296875,953.3148193359375,28.912132263183594
3.4453125,953.3146362304688,28.915435791015625
3.4609375,953.3251953125,28.912490844726562
3.4765625,953.3219604492188,28.921310424804688
3.4921875,953.3365478515625,28.921676635742188
3.5078125,953.3204345703125,28.918746948242188
3.5234375,953.3027954101562,28.914337158203125
3.5390625,953.3071899414062,28.929397583007812
3.5546875,953.3212280273438,28.931228637695312
3.5703125,953.2908935546875,28.922409057617188
3.5859375,953.302001953125,28.938949584960938
3.6015625,953.2969970703125,28.916168212890625
3.6171875,953.325927734375,28.917999267578125
3.6328125,953.3134765625,28.931228637695312
3.6484375,953.2963256835938,28.934181213378906
3.6640625,953.323486328125,28.92461395263672
3.6796875,953.31591796875,28.929397583007812
3.6953125,953.296142578125,28.915069580078125
3.7109375,953.313232421875,28.930130004882812
3.7265625,953.3092651367188,28.916168212890625
3.7421875,953.3043823242188,28.921676635742188
3.7578125,953.2994995117188,28.931976318359375
3.7734375,953.2974853515625,28.914337158203125
3.7890625,953.3024291992188,28.928298950195312
3.8046875,953.3096923828125,28.90514373779297
3.8203125,953.3103637695312,28.920204162597656
3.8359375,953.3203125,28.912490844726562
3.8515625,953.3034057617188,28.904769897460938
3.8671875,953.2947998046875,28.900360107421875
3.8828125,953.3009033203125,28.903671264648438
3.8984375,953.3234252929688,28.915794372558594
3.9140625,953.3251953125,28.88933563232422
3.9296875,953.3256225585938,28.894851684570312
3.9453125,953.3189697265625,28.902206420898438
3.9609375,953.308349609375,28.894851684570312
3.9765625,953.326171875,28.921676635742188
3.9921875,953.3090209960938,28.928298950195312
4.0078125,953.3263549804688,28.900733947753906
4.0234375,953.3219604492188,28.90441131591797
4.0390625,953.3253784179688,28.899261474609375
4.0546875,953.3301391601562,28.914337158203125
4.0703125,953.3250732421875,28.920204162597656
4.0859375,953.3333129882812,28.920204162597656
4.1015625,953.3370361328125,28.920204162597656
4.1171875,953.3268432617188,28.916542053222656
4.1328125,953.3389892578125,28.92461395263672
4.1484375,953.3326416015625,28.928298950195312
4.1640625,953.3330078125,28.92095184326172
4.1796875,953.33349609375,28.919479370117188
4.1953125,953.3320922851562,28.912490844726562
4.2109375,953.3314819335938,28.903671264648438
4.2265625,953.3246459960938,28.916900634765625
4.2421875,953.3211669921875,28.917266845703125
4.2578125,953.3074951171875,28.914337158203125
4.2734375,953.308349609375,28.92315673828125
4.2890625,953.2955322265625,28.91028594970703
4.3046875,953.3037109375,28.910659790039062
4.3203125,953.3193359375,28.908447265625
4.3359375,953.3095092773438,28.90955352783203
4.3515625,953.3245849609375,28.916900634765625
4.3671875,953.3121948242188,28.92646026611328
4.3828125,953.3023071289062,28.915794372558594
4.3984375,953.3240356445312,28.90955352783203
4.4140625,953.323974609375,28.920204162597656
4.4296875,953.2993774414062,28.903671264648438
4.4453125,953.3186645507812,28.914337158203125
4.4609375,953.3071899414062,28.899261474609375
4.4765625,953.3008422851562,28.915435791015625
4.4921875,953.302490234375,28.912490844726562
4.5078125,953.2950439453125,28.902206420898438
4.5234375,953.2933349609375,28.91138458251953
4.5390625,953.30859375,28.900360107421875
4.5546875,953.3075561523438,28.908447265625
4.5703125,953.3053588867188,28.92646026611328
4.5859375,953.308349609375,28.90587615966797
4.6015625,953.315185546875,28.908447265625
4.6171875,953.3017578125,28.920204162597656
4.6328125,953.2874145507812,28.903671264648438
4.6484375,953.2875366210938,28.9066162109375
4.6640625,953.298583984375,28.897796630859375
4.6796875,953.2982788085938,28.91028594970703
4.6953125,953.294189453125,28.91138458251953
4.7109375,953.294921875,28.90955352783203
4.7265625,953.306640625,28.912132263183594
4.7421875,953.2990112304688,28.917266845703125
4.7578125,953.2918701171875,28.92095184326172
4.7734375,953.3005981445312,28.895217895507812
4.7890625,953.3141479492188,28.91028594970703
4.8046875,953.2994995117188,28.90882110595703
4.8203125,953.2857055664062,28.914337158203125
4.8359375,953.2939453125,28.903671264648438
4.8515625,953.2988891601562,28.91028594970703
4.8671875,953.3056030273438,28.912490844726562
4.8828125,953.2860717773438,28.903671264648438
4.8984375,953.2982788085938,28.902206420898438
4.9140625,953.2939453125,28.903671264648438
4.9296875,953.2988891601562,28.91138458251953
4.9453125,953.2900390625,28.901107788085938
4.9609375,953.2921142578125,28.902206420898438
4.9765625,953.3304443359375,28.899261474609375
4.9921875,953.331298828125,28.903671264648438
5.0078125,953.3120727539062,28.894851684570312
5.0234375,953.4468383789062,28.900733947753906
5.0390625,953.4080200195312,28.904037475585938
5.0546875,953.3580932617188,28.887130737304688
5.0703125,953.3576049804688,28.892288208007812
5.0859375,953.3814697265625,28.896697998046875
5.1015625,953.3968505859375,28.88750457763672
5.1171875,953.4157104492188,28.899261474609375
5.1328125,953.4329223632812,28.894851684570312
5.1484375,953.4241943359375,28.896697998046875
5.1640625,953.3819580078125,28.88861083984375
5.1796875,953.4384765625,28.88677215576172
5.1953125,953.4412841796875,28.894851684570312
5.2109375,953.3948364257812,28.916542053222656
5.2265625,953.4292602539062,28.896324157714844
5.2421875,953.4757690429688,28.899261474609375
5.2578125,953.3672485351562,28.897796630859375
5.2734375,953.4680786132812,28.902206420898438
5.2890625,953.4679565429688,28.91028594970703
5.3046875,953.3868408203125,28.899627685546875
5.3203125,953.3983154296875,28.894851684570312
5.3359375,953.4391479492188,28.90587615966797
5.3515625,953.412109375,28.912490844726562
5.3671875,953.4426879882812,28.89154052734375
5.3828125,953.373046875,28.9066162109375
5.3984375,953.376953125,28.894851684570312
5.4140625,953.3978881835938,28.912490844726562
5.4296875,953.4414672851562,28.901466369628906
5.4453125,953.4462890625,28.903671264648438
5.4609375,953.3778686523438,28.91028594970703
5.4765625,953.4334106445312,28.90955352783203
5.4921875,953.3837280273438,28.912857055664062
5.5078125,953.376953125,28.92095184326172
5.5234375,953.3968505859375,28.908447265625
5.5390625,953.3878173828125,28.9080810546875
5.5546875,953.4093627929688,28.90955352783203
5.5703125,953.3670043945312,28.91138458251953
5.5859375,953.4287109375,28.917266845703125
5.6015625,953.3773803710938,28.90955352783203
5.6171875,953.3687133789062,28.916900634765625
5.6328125,953.3792114257812,28.920204162597656
5.6484375,953.3717041015625,28.920204162597656
5.6640625,953.3746948242188,28.91028594970703
5.6796875,953.40234375,28.9080810546875
5.6953125,953.3865966796875,28.927566528320312
5.7109375,953.3748168945312,28.917266845703125
5.7265625,953.3522338867188,28.928298950195312
5.7421875,953.3670654296875,28.92646026611328
5.7578125,953.3848876953125,28.92646026611328
5.7734375,953.3572998046875,28.931228637695312
5.7890625,953.356689453125,28.929397583007812
5.8046875,953.3409423828125,28.931976318359375
5.8203125,953.35546875,28.928298950195312
5.8359375,953.3341674804688,28.917266845703125
5.8515625,953.3319091796875,28.934181213378906
5.8671875,953.3282470703125,28.914337158203125
5.8828125,953.3388061523438,28.90514373779297
5.8984375,953.3223266601562,28.929397583007812
5.9140625,953.32958984375,28.920204162597656
5.9296875,953.3262329101562,28.921676635742188
5.9453125,953.3215942382812,28.904037475585938
5.9609375,953.3162841796875,28.914337158203125
5.9765625,953.319091796875,28.931228637695312
5.9921875,953.2963256835938,28.92278289794922
6.0078125,953.318115234375,28.917999267578125
6.0234375,953.3075561523438,28.916900634765625
6.0390625,953.3134155273438,28.912490844726562
6.0546875,953.3009643554688,28.9066162109375
6.0703125,953.290771484375,28.914337158203125
6.0859375,953.3209228515625,28.9073486328125
6.1015625,953.3016357421875,28.916900634765625
6.1171875,953.3200073242188,28.90955352783203
6.1328125,953.302490234375,28.899261474609375
6.1484375,953.3164672851562,28.9080810546875
6.1640625,953.3024291992188,28.90441131591797
6.1796875,953.3223266601562,28.90697479248047
6.1953125,953.3267822265625,28.899261474609375
6.2109375,953.3193359375,28.90514373779297
6.2265625,953.3080444335938,28.88861083984375
6.2421875,953.318359375,28.90514373779297
6.2578125,953.3247680664062,28.902206420898438
6.2734375,953.308349609375,28.894851684570312
6.2890625,953.3052368164062,28.90955352783203
6.3046875,953.2994384765625,28.90955352783203
6.3203125,953.2910766601562,28.88750457763672
6.3359375,953.2919311523438,28.91138458251953
6.3515625,953.3170166015625,28.881263732910156
6.3671875,953.2960815429688,28.900733947753906
6.3828125,953.3058471679688,28.89044189453125
6.3984375,953.2957763671875,28.899261474609375
6.4140625,953.3056640625,28.88677215576172
6.4296875,953.288818359375,28.90331268310547
6.4453125,953.3137817382812,28.90587615966797
6.4609375,953.2907104492188,28.88933563232422
6.4765625,953.2999267578125,28.88861083984375
6.4921875,953.2919921875,28.881988525390625
6.5078125,953.2896728515625,28.894493103027344
6.5234375,953.3040161132812,28.893020629882812
6.5390625,953.2894287109375,28.894851684570312
6.5546875,953.2974243164062,28.884201049804688
6.5703125,953.28857421875,28.894851684570312
6.5859375,953.3052368164062,28.893020629882812
6.6015625,953.3068237304688,28.900733947753906
6.6171875,953.2860717773438,28.877212524414062
6.6328125,953.2855224609375,28.88677215576172
6.6484375,953.2810668945312,28.896697998046875
6.6640625,953.2975463867188,28.892288208007812
6.6796875,953.2930297851562,28.883827209472656
6.6953125,953.2802124023438,28.899261474609375
6.7109375,953.2888793945312,28.877952575683594
6.7265625,953.2944946289062,28.88861083984375
6.7421875,953.2967529296875,28.886032104492188
6.7578125,953.2977294921875,28.88750457763672
6.7734375,953.3063354492188,28.881263732910156
6.7890625,953.2853393554688,28.893020629882812
6.8046875,953.29248046875,28.877212524414062
6.8203125,953.2819213867188,28.893020629882812
6.8359375,953.2907104492188,28.87500762939453
6.8515625,953.2847290039062,28.878684997558594
6.8671875,953.298828125,28.883468627929688
6.8828125,953.3279418945312,28.879058837890625
6.8984375,953.3323364257812,28.88933563232422
6.9140625,953.3848266601562,28.881263732910156
6.9296875,953.4228515625,28.886032104492188
6.9453125,953.4172973632812,28.89191436767578
6.9609375,953.4830322265625,28.89044189453125
6.9765625,953.4375,28.899261474609375
6.9921875,953.4796142578125,28.900733947753906
7.0078125,953.5221557617188,28.886032104492188
7.0234375,953.4872436523438,28.90882110595703
7.0390625,953.49609375,28.897796630859375
7.0546875,953.4100341796875,28.90587615966797
7.0703125,953.4431762695312,28.916900634765625
7.0859375,953.4418334960938,28.914337158203125
7.1015625,953.4966430664062,28.912490844726562
7.1171875,953.4612426757812,28.92095184326172
7.1328125,953.4638061523438,28.930130004882812
7.1484375,953.5196533203125,28.929397583007812
7.1640625,953.490966796875,28.94225311279297
7.1796875,953.6392822265625,28.937118530273438
7.1953125,953.5274658203125,28.932334899902344
7.2109375,953.5486450195312,28.932334899902344
7.2265625,953.4571533203125,28.934906005859375
7.2421875,953.5005493164062,28.9444580078125
7.2578125,953.48046875,28.947036743164062
7.2734375,953.5213623046875,28.952178955078125
7.2890625,953.4620971679688,28.954383850097656
7.3046875,953.4892578125,28.966148376464844
7.3203125,953.4970092773438,28.96430206298828
7.3359375,953.5123291015625,28.966506958007812
7.3515625,953.4898071289062,28.97386932373047
7.3671875,953.5084838867188,28.986724853515625
7.3828125,953.4955444335938,28.99848175048828
7.3984375,953.5474243164062,29.001052856445312
7.4140625,953.5009765625,28.99333953857422
7.4296875,953.5283203125,29.01024627685547
7.4453125,953.5563354492188,29.01538848876953
7.4609375,953.5233154296875,29.015762329101562
7.4765625,953.4176635742188,29.023834228515625
7.4921875,953.4554443359375,29.016860961914062
7.5078125,953.5414428710938,29.038909912109375
7.5234375,953.5746459960938,29.043319702148438
7.5390625,953.5470581054688,29.035606384277344
7.5546875,953.5313110351562,29.046630859375
7.5703125,953.530029296875,29.046630859375
7.5859375,953.5199584960938,29.055076599121094
7.6015625,953.5166015625,29.060958862304688
7.6171875,953.5022583007812,29.055809020996094
7.6328125,953.4838256835938,29.06572723388672
7.6484375,953.516357421875,29.077125549316406
7.6640625,953.5068359375,29.060958862304688
7.6796875,953.478271484375,29.08336639404297
7.6953125,953.50146484375,29.077125549316406
7.7109375,953.517578125,29.092933654785156
7.7265625,953.4921875,29.09734344482422
7.7421875,953.4609985351562,29.110198974609375
7.7578125,953.43359375,29.094390869140625
7.7734375,953.4325561523438,29.116439819335938
7.7890625,953.3989868164062,29.110198974609375
7.8046875,953.3780517578125,29.114608764648438
7.8203125,953.3909912109375,29.122695922851562
7.8359375,953.3732299804688,29.1190185546875
7.8515625,953.37890625,29.1190185546875
7.8671875,953.3753051757812,29.132980346679688
7.8828125,953.3754272460938,29.13482666015625
7.8984375,953.3780517578125,29.131874084472656
7.9140625,953.3544311523438,29.130043029785156
7.9296875,953.3541870117188,29.13518524169922
7.9453125,953.354736328125,29.126007080078125
7.9609375,953.3759765625,29.13959503173828
7.9765625,953.355224609375,29.13555908203125
7.9921875,953.361328125,29.126739501953125
8.0078125,953.3699951171875,29.13555908203125
8.0234375,953.3482666015625,29.134078979492188
8.0390625,953.3480834960938,29.144744873046875
8.0546875,953.3688354492188,29.12305450439453
8.0703125,953.3565673828125,29.1190185546875
8.0859375,953.3519897460938,29.126365661621094
8.1015625,953.3460693359375,29.126365661621094
8.1171875,953.3592529296875,29.1171875
8.1328125,953.3589477539062,29.11939239501953
8.1484375,953.3705444335938,29.105056762695312
8.1640625,953.341064453125,29.10541534423828
8.1796875,953.3505859375,29.108367919921875
8.1953125,953.3508911132812,29.11939239501953
8.2109375,953.3519897460938,29.112403869628906
8.2265625,953.3405151367188,29.107620239257812
8.2421875,953.3400268554688,29.110198974609375
8.2578125,953.3402709960938,29.104690551757812
8.2734375,953.3505859375,29.104690551757812
8.2890625,953.3368530273438,29.108726501464844
8.3046875,953.3323974609375,29.094764709472656
8.3203125,953.333984375,29.0826416015625
8.3359375,953.3239135742188,29.072715759277344
8.3515625,953.310302734375,29.07970428466797
8.3671875,953.3187866210938,29.0826416015625
8.3828125,953.311279296875,29.06683349609375
8.3984375,953.3175048828125,29.070510864257812
8.4140625,953.3214721679688,29.057281494140625
8.4296875,953.3057861328125,29.068679809570312
8.4453125,953.3253784179688,29.05249786376953
8.4609375,953.3130493164062,29.059486389160156
8.4765625,953.3292846679688,29.06500244140625
8.4921875,953.3064575195312,29.055450439453125
8.5078125,953.3169555664062,29.049560546875
8.5234375,953.3126831054688,29.04698944091797
8.5390625,953.3280029296875,29.042953491210938
8.5546875,953.30859375,29.037811279296875
8.5703125,953.3134155273438,29.035606384277344
8.5859375,953.3119506835938,29.035232543945312
8.6015625,953.2975463867188,29.039268493652344
8.6171875,953.2883911132812,29.03155517578125
8.6328125,953.3121948242188,29.034500122070312
8.6484375,953.2963256835938,29.03302764892578
8.6640625,953.3003540039062,29.036705017089844
8.6796875,953.310302734375,29.03302764892578
8.6953125,953.3009643554688,29.02935028076172
8.7109375,953.3005981445312,29.02788543701172
8.7265625,953.3047485351562,29.027145385742188
8.7421875,953.3583984375,29.021629333496094
8.7578125,953.3692016601562,29.036705017089844
8.7734375,953.4412231445312,29.019065856933594
8.7890625,953.3689575195312,29.02935028076172
8.8046875,953.4249267578125,29.03044891357422
8.8203125,953.3916015625,29.027145385742188
8.8359375,953.4767456054688,29.021629333496094
8.8515625,953.4307861328125,29.026412963867188
8.8671875,953.4933471679688,29.023475646972656
8.8828125,953.4357299804688,29.016860961914062
8.8984375,953.4075317382812,29.03376007080078
8.9140625,953.4176635742188,29.02788543701172
8.9296875,953.4977416992188,29.024208068847656
8.9453125,953.4286499023438,29.025314331054688
8.9609375,953.413818359375,29.03229522705078
8.9765625,953.4270629882812,29.035606384277344
8.9921875,953.3956909179688,29.037063598632812
9.0078125,953.4185791015625,29.040374755859375
9.0234375,953.4212036132812,29.04625701904297
9.0390625,953.4595336914062,29.035606384277344
9.0546875,953.4369506835938,29.05029296875
9.0703125,953.4013671875,29.057655334472656
9.0859375,953.458251953125,29.056182861328125
9.1015625,953.416748046875,29.06572723388672
9.1171875,953.4309692382812,29.06316375732422
9.1328125,953.4408569335938,29.060218811035156
9.1484375,953.4417724609375,29.07013702392578
9.1640625,953.434326171875,29.078956604003906
9.1796875,953.4203491210938,29.076393127441406
9.1953125,953.4475708007812,29.08336639404297
9.2109375,953.4913330078125,29.08336639404297
9.2265625,953.4578857421875,29.095497131347656
9.2421875,953.4440307617188,29.10285186767578
9.2578125,953.4794311523438,29.10541534423828
9.2734375,953.4509887695312,29.130043029785156
9.2890625,953.4271850585938,29.11939239501953
9.3046875,953.4702758789062,29.128211975097656
9.3203125,953.4312133789062,29.129310607910156
9.3359375,953.4485473632812,29.122695922851562
9.3515625,953.4408569335938,29.12305450439453
9.3671875,953.4479370117188,29.130775451660156
9.3828125,953.4046020507812,29.13482666015625
9.3984375,953.4282836914062,29.13848876953125
9.4140625,953.4196166992188,29.151718139648438
9.4296875,953.4334716796875,29.144744873046875
9.4453125,953.4041137695312,29.145851135253906
9.4609375,953.4000854492188,29.15209197998047
9.4765625,953.4263916015625,29.160537719726562
9.4921875,953.4140625,29.160537719726562
9.5078125,953.3948974609375,29.15723419189453
9.5234375,953.3921508789062,29.153564453125
9.5390625,953.3732299804688,29.162384033203125
9.5546875,953.4005126953125,29.164215087890625
9.5703125,953.3910522460938,29.15467071533203
9.5859375,953.3602905273438,29.16790008544922
9.6015625,953.3729248046875,29.15723419189453
9.6171875,953.3814086914062,29.17083740234375
9.6328125,953.358154296875,29.15650177001953
9.6484375,953.3567504882812,29.164588928222656
9.6640625,953.3636474609375,29.159080505371094
9.6796875,953.3571166992188,29.166053771972656
9.6953125,953.3471069335938,29.16790008544922
9.7109375,953.3579711914062,29.164215087890625
9.7265625,953.3575439453125,29.17266845703125
9.7421875,953.349609375,29.180023193359375
9.7578125,953.3771362304688,29.166053771972656
9.7734375,953.3345336914062,29.159080505371094
9.7890625,953.3421630859375,29.17266845703125
9.8046875,953.3572998046875,29.1561279296875
9.8203125,953.3555908203125,29.156875610351562
9.8359375,953.3592529296875,29.150985717773438
9.8515625,953.3455200195312,29.157608032226562
9.8671875,953.3522338867188,29.15135955810547
9.8828125,953.3599853515625,29.150985717773438
9.8984375,953.3263549804688,29.141799926757812
9.9140625,953.3404541015625,29.130775451660156
9.9296875,953.340576171875,29.130775451660156
9.9453125,953.3345947265625,29.144744873046875
9.9609375,953.344970703125,29.13703155517578
9.9765625,953.3167114257812,29.130775451660156
9.9921875,953.3453979492188,29.1197509765625
10.0078125,953.337646484375,29.129310607910156
10.0234375,953.3242797851562,29.107620239257812
10.0390625,953.3203735351562,29.110572814941406
10.0546875,953.30810546875,29.110572814941406
10.0703125,953.3187866210938,29.110572814941406
10.0859375,953.3355102539062,29.104690551757812
10.1015625,953.3182373046875,29.09734344482422
10.1171875,953.3253173828125,29.098068237304688
10.1328125,953.3050537109375,29.094764709472656
10.1484375,953.3029174804688,29.078956604003906
10.1640625,953.3056030273438,29.076393127441406
10.1796875,953.3153686523438,29.07970428466797
10.1953125,953.3050537109375,29.087051391601562
10.2109375,953.3057861328125,29.077499389648438
10.2265625,953.2952270507812,29.070510864257812
10.2421875,953.3016967773438,29.06389617919922
10.2578125,953.3040161132812,29.069778442382812
10.2734375,953.2932739257812,29.079330444335938
10.2890625,953.2994995117188,29.074546813964844
10.3046875,953.3063354492188,29.071609497070312
10.3203125,953.2947387695312,29.053245544433594
10.3359375,953.2880249023438,29.052871704101562
10.3515625,953.2975463867188,29.059486389160156
10.3671875,953.3089599609375,29.055076599121094
10.3828125,953.3001098632812,29.055450439453125
10.3984375,953.321044921875,29.052871704101562
10.4140625,953.308349609375,29.055076599121094
10.4296875,953.30859375,29.044784545898438
10.4453125,953.3087158203125,29.041473388671875
10.4609375,953.3185424804688,29.051040649414062
10.4765625,953.30224609375,29.051040649414062
10.4921875,953.3081665039062,29.054702758789062
10.5078125,953.30859375,29.036705017089844
10.5234375,953.2960205078125,29.040374755859375
10.5390625,953.3125,29.035964965820312
10.5546875,953.3443603515625,29.02861785888672
10.5703125,953.3560791015625,29.035606384277344
10.5859375,953.4010620117188,29.03082275390625
10.6015625,953.4471435546875,29.034500122070312
10.6171875,953.463623046875,29.033401489257812
10.6328125,953.436767578125,29.038909912109375
10.6484375,953.4718627929688,29.0491943359375
10.6640625,953.4783325195312,29.03485870361328
10.6796875,953.4547729492188,29.036705017089844
10.6953125,953.5595703125,29.039642333984375
10.7109375,953.5509033203125,29.0491943359375
10.7265625,953.4855346679688,29.045150756835938
10.7421875,953.479736328125,29.051040649414062
10.7578125,953.5628051757812,29.04442596435547
10.7734375,953.4228515625,29.04625701904297
10.7890625,953.4522705078125,29.053970336914062
10.8046875,953.448974609375,29.052139282226562
10.8203125,953.4331665039062,29.06536865234375
10.8359375,953.49365234375,29.068679809570312
10.8515625,953.464111328125,29.060958862304688
10.8671875,953.4537963867188,29.076019287109375
10.8828125,953.443359375,29.076019287109375
10.8984375,953.4320068359375,29.070510864257812
10.9140625,953.4649047851562,29.08336639404297
10.9296875,953.4440307617188,29.08594512939453
10.9453125,953.4306030273438,29.109100341796875
10.9609375,953.4579467773438,29.10285186767578
10.9765625,953.4065551757812,29.116439819335938
10.9921875,953.4329223632812,29.1182861328125
11.0078125,953.4451904296875,29.123428344726562
11.0234375,953.4192504882812,29.130775451660156
11.0390625,953.4840698242188,29.131874084472656
11.0546875,953.4727783203125,29.143272399902344
11.0703125,953.466796875,29.13518524169922
11.0859375,953.49169921875,29.145103454589844
11.1015625,953.4537353515625,29.157974243164062
11.1171875,953.4729614257812,29.151718139648438
11.1328125,953.4783325195312,29.160537719726562
11.1484375,953.4684448242188,29.164947509765625
11.1640625,953.4611206054688,29.17340850830078
11.1796875,953.4672241210938,29.166053771972656
11.1953125,953.478515625,29.193252563476562
11.2109375,953.481201171875,29.19178009033203
11.2265625,953.5383911132812,29.193984985351562
11.2421875,953.498046875,29.192153930664062
11.2578125,953.5008544921875,29.203903198242188
11.2734375,953.516357421875,29.20648193359375
11.2890625,953.5978393554688,29.214202880859375
11.3046875,953.4827270507812,29.212722778320312
11.3203125,953.4969482421875,29.22447967529297
11.3359375,953.4896850585938,29.235877990722656
11.3515625,953.446533203125,29.24211883544922
11.3671875,953.4412231445312,29.235504150390625
11.3828125,953.4317016601562,29.24066162109375
11.3984375,953.45849609375,29.250938415527344
11.4140625,953.4176635742188,29.26416778564453
11.4296875,953.3932495117188,29.27483367919922
11.4453125,953.4009399414062,29.282180786132812
11.4609375,953.3692626953125,29.281448364257812
11.4765625,953.391357421875,29.300552368164062
11.4921875,953.39453125,29.291732788085938
11.5078125,953.3637084960938,29.288421630859375
11.5234375,953.39208984375,29.2935791015625
11.5390625,953.369873046875,29.297988891601562
11.5546875,953.3630981445312,29.31304931640625
11.5703125,953.3711547851562,29.316726684570312
11.5859375,953.3631591796875,29.30901336669922
11.6015625,953.3641967773438,29.31195068359375
11.6171875,953.37109375,29.31598663330078
11.6328125,953.357177734375,29.31378173828125
11.6484375,953.3712158203125,29.307540893554688
11.6640625,953.3419189453125,29.306060791015625
11.6796875,953.3597412109375,29.298721313476562
11.6953125,953.3577880859375,29.306808471679688
11.7109375,953.3412475585938,29.297988891601562
11.7265625,953.33740234375,29.292831420898438
11.7421875,953.3541870117188,29.298721313476562
11.7578125,953.34521484375,29.29137420654297
11.7734375,953.3474731445312,29.27850341796875
11.7890625,953.3306884765625,29.27739715576172
11.8046875,953.3539428710938,29.281448364257812
11.8203125,953.3399658203125,29.272262573242188
11.8359375,953.3270874023438,29.251686096191406
11.8515625,953.3316040039062,29.26306915283203
11.8671875,953.3369140625,29.239181518554688
11.8828125,953.3363647460938,29.256820678710938
11.8984375,953.3500366210938,29.24028778076172
11.9140625,953.3239135742188,29.2255859375
11.9296875,953.3457641601562,29.229637145996094
11.9453125,953.3282470703125,29.220069885253906
11.9609375,953.3207397460938,29.20941925048828
11.9765625,953.3208618164062,29.212356567382812
11.9921875,953.323486328125,29.20574188232422
12.0078125,953.32177734375,29.200973510742188
12.0234375,953.3187866210938,29.199493408203125
12.0390625,953.3187255859375,29.200225830078125
12.0546875,953.3145141601562,29.200225830078125
12.0703125,953.3390502929688,29.19140625
12.0859375,953.3286743164062,29.185897827148438
12.1015625,953.3214721679688,29.1888427734375
12.1171875,953.3128662109375,29.174514770507812
12.1328125,953.3114624023438,29.16790008544922
12.1484375,953.308349609375,29.17046356201172
12.1640625,953.3080444335938,29.158706665039062
12.1796875,953.3146362304688,29.163490295410156
12.1953125,953.31396484375,29.148788452148438
12.2109375,953.3070678710938,29.144378662109375
12.2265625,953.2958374023438,29.141067504882812
12.2421875,953.3128662109375,29.151718139648438
12.2578125,953.31396484375,29.13445281982422
12.2734375,953.3092041015625,29.139236450195312
12.2890625,953.3073120117188,29.141799926757812
12.3046875,953.3129272460938,29.13775634765625
12.3203125,953.3221435546875,29.13482666015625
12.3359375,953.322998046875,29.131874084472656
12.3515625,953.3448486328125,29.13445281982422
12.3671875,953.353515625,29.128936767578125
12.3828125,953.421142578125,29.130043029785156
12.3984375,953.4093017578125,29.12305450439453
12.4140625,953.429443359375,29.122695922851562
12.4296875,953.4557495117188,29.127464294433594
12.4453125,953.4269409179688,29.112403869628906
12.4609375,953.4283447265625,29.117919921875
12.4765625,953.471923828125,29.114234924316406
12.4921875,953.4871826171875,29.11939239501953
12.5078125,953.4708862304688,29.1182861328125
12.5234375,953.49951171875,29.126365661621094
12.5390625,953.4483642578125,29.121597290039062
12.5546875,953.486083984375,29.121597290039062
12.5703125,953.4777221679688,29.1190185546875
12.5859375,953.4380493164062,29.124900817871094
12.6015625,953.5831909179688,29.117919921875
12.6171875,953.4994506835938,29.123428344726562
12.6328125,953.5411987304688,29.130043029785156
12.6484375,953.509033203125,29.126739501953125
12.6640625,953.5625,29.124526977539062
12.6796875,953.5491943359375,29.124900817871094
12.6953125,953.4295654296875,29.131874084472656
12.7109375,953.5546875,29.130043029785156
12.7265625,953.4845581054688,29.13555908203125
12.7421875,953.434814453125,29.131149291992188
12.7578125,953.4912109375,29.141067504882812
12.7734375,953.453857421875,29.142166137695312
12.7890625,953.5030517578125,29.143272399902344
12.8046875,953.4351196289062,29.143272399902344
12.8203125,953.4345092773438,29.13848876953125
12.8359375,953.4536743164062,29.15282440185547
12.8515625,953.4921875,29.15135955810547
12.8671875,953.4801635742188,29.163490295410156
12.8828125,953.4364624023438,29.16899871826172
12.8984375,953.5217895507812,29.15650177001953
12.9140625,953.4668579101562,29.156875610351562
12.9296875,953.5015258789062,29.17083740234375
12.9453125,953.4825439453125,29.17266845703125
12.9609375,953.4989624023438,29.180381774902344
12.9765625,953.518798828125,29.177444458007812
12.9921875,953.4533081054688,29.17266845703125
13.0078125,953.4727172851562,29.184066772460938
13.0234375,953.4594116210938,29.185165405273438
13.0390625,953.4876098632812,29.174514770507812
13.0546875,953.4573364257812,29.187744140625
13.0703125,953.49560546875,29.1903076171875
13.0859375,953.47021484375,29.17376708984375
13.1015625,953.457763671875,29.17340850830078
13.1171875,953.4457397460938,29.178176879882812
13.1328125,953.4947509765625,29.192153930664062
13.1484375,953.4320678710938,29.202072143554688
13.1640625,953.4067993164062,29.218612670898438
13.1796875,953.3935546875,29.20684051513672
13.1953125,953.3864135742188,29.219711303710938
13.2109375,953.4013671875,29.200225830078125
13.2265625,953.3743286132812,29.218612670898438
13.2421875,953.3761596679688,29.214935302734375
13.2578125,953.3626098632812,29.21015167236328
13.2734375,953.3610229492188,29.213455200195312
13.2890625,953.3804321289062,29.220443725585938
13.3046875,953.3798828125,29.214561462402344
13.3203125,953.3613891601562,29.20941925048828
13.3359375,953.362060546875,29.217864990234375
13.3515625,953.3617553710938,29.218612670898438
13.3671875,953.345703125,29.22412109375
13.3828125,953.3480224609375,29.22779083251953
13.3984375,953.3501586914062,29.219345092773438
13.4140625,953.3482055664062,29.214561462402344
13.4296875,953.3524169921875,29.214561462402344
13.4453125,953.3518676757812,29.204635620117188
13.4609375,953.3233642578125,29.22081756591797
13.4765625,953.324951171875,29.210891723632812
13.4921875,953.323974609375,29.216766357421875
13.5078125,953.3311767578125,29.213829040527344
13.5234375,953.362548828125,29.20904541015625
13.5390625,953.3303833007812,29.214561462402344
13.5546875,953.3309326171875,29.209793090820312
13.5703125,953.362060546875,29.20941925048828
13.5859375,953.3364868164062,29.192153930664062
13.6015625,953.345458984375,29.20721435546875
13.6171875,953.3541259765625,29.204635620117188
13.6328125,953.3359375,29.193984985351562
13.6484375,953.3198852539062,29.1884765625
13.6640625,953.337890625,29.19140625
13.6796875,953.3190307617188,29.180023193359375
13.6953125,953.3514404296875,29.19178009033203
13.7109375,953.3441772460938,29.181854248046875
13.7265625,953.3200073242188,29.175247192382812
13.7421875,953.339599609375,29.17266845703125
13.7578125,953.303466796875,29.185165405273438
13.7734375,953.3184814453125,29.174514770507812
13.7890625,953.3270263671875,29.164215087890625
13.8046875,953.32177734375,29.155029296875
13.8203125,953.3345947265625,29.177078247070312
13.8359375,953.3331909179688,29.162742614746094
13.8515625,953.3137817382812,29.15723419189453
13.8671875,953.3377685546875,29.159439086914062
13.8828125,953.3440551757812,29.162742614746094
13.8984375,953.316162109375,29.161643981933594
13.9140625,953.319091796875,29.16790008544922
13.9296875,953.3173217773438,29.150985717773438
13.9453125,953.3156127929688,29.15467071533203
13.9609375,953.3130493164062,29.158706665039062
13.9765625,953.322998046875,29.164947509765625
13.9921875,953.3098754882812,29.151718139648438
14.0078125,953.3228759765625,29.15282440185547
14.0234375,953.3248291015625,29.15209197998047
14.0390625,953.3181762695312,29.151718139648438
14.0546875,953.3115234375,29.153564453125
14.0703125,953.330810546875,29.144378662109375
14.0859375,953.313232421875,29.143646240234375
14.1015625,953.3298950195312,29.130775451660156
14.1171875,953.3226318359375,29.143646240234375
14.1328125,953.3239135742188,29.140335083007812
14.1484375,953.3396606445312,29.147308349609375
14.1640625,953.3589477539062,29.130775451660156
14.1796875,953.4242553710938,29.13959503173828
14.1953125,953.3869018554688,29.144378662109375
14.2109375,953.4202270507812,29.14069366455078
14.2265625,953.4652709960938,29.141441345214844
14.2421875,953.4701538085938,29.148056030273438
14.2578125,953.4331665039062,29.143646240234375
14.2734375,953.4351196289062,29.13775634765625
14.2890625,953.5368041992188,29.13886260986328
14.3046875,953.4794921875,29.143646240234375
14.3203125,953.607177734375,29.1531982421875
14.3359375,953.568115234375,29.15723419189453
14.3515625,953.5254516601562,29.159080505371094
14.3671875,953.521484375,29.15576934814453
14.3828125,953.5372924804688,29.16790008544922
14.3984375,953.5265502929688,29.174514770507812
14.4140625,953.5894165039062,29.186996459960938
14.4296875,953.4735107421875,29.187744140625
14.4453125,953.599609375,29.179283142089844
14.4609375,953.4691162109375,29.192153930664062
14.4765625,953.5247192382812,29.198394775390625
14.4921875,953.4888916015625,29.199127197265625
14.5078125,953.5266723632812,29.20574188232422
14.5234375,953.5440673828125,29.218612670898438
14.5390625,953.4957885742188,29.2230224609375
14.5546875,953.5254516601562,29.216407775878906
14.5703125,953.5587768554688,29.231468200683594
14.5859375,953.5453491210938,29.231468200683594
14.6015625,953.6206665039062,29.253890991210938
14.6171875,953.4944458007812,29.238815307617188
14.6328125,953.5275268554688,29.269325256347656
14.6484375,953.5646362304688,29.272987365722656
14.6640625,953.5794067382812,29.27850341796875
14.6796875,953.5238037109375,29.281448364257812
14.6953125,953.5186767578125,29.287689208984375
14.7109375,953.57373046875,29.27739715576172
14.7265625,953.6127319335938,29.299087524414062
14.7421875,953.5712890625,29.31084442138672
14.7578125,953.6243286132812,29.297988891601562
14.7734375,953.5341186523438,29.306060791015625
14.7890625,953.5360717773438,29.316726684570312
14.8046875,953.5365600585938,29.327011108398438
14.8203125,953.4849243164062,29.317459106445312
14.8359375,953.4356079101562,29.318557739257812
14.8515625,953.4877319335938,29.328857421875
14.8671875,953.4713745117188,29.324806213378906
14.8828125,953.4554443359375,29.322967529296875
14.8984375,953.443359375,29.322967529296875
14.9140625,953.4415283203125,29.321495056152344
14.9296875,953.4240112304688,29.318191528320312
14.9453125,953.471435546875,29.328857421875
14.9609375,953.4181518554688,29.324806213378906
14.9765625,953.4196166992188,29.322967529296875
14.9921875,953.4039916992188,29.324806213378906
15.0078125,953.408203125,29.327011108398438
15.0234375,953.4119873046875,29.322967529296875
15.0390625,953.3978881835938,29.328857421875
15.0546875,953.3739013671875,29.323341369628906
15.0703125,953.4164428710938,29.324447631835938
15.0859375,953.3878784179688,29.318191528320312
15.1015625,953.396240234375,29.299819946289062
15.1171875,953.3776245117188,29.306060791015625
15.1328125,953.3639526367188,29.31598663330078
15.1484375,953.3649291992188,29.307907104492188
15.1640625,953.3551635742188,29.31378173828125
15.1796875,953.3723754882812,29.292831420898438
15.1953125,953.3673706054688,29.29541015625
15.2109375,953.366455078125,29.306808471679688
15.2265625,953.3567504882812,29.300552368164062
15.2421875,953.3633422851562,29.286590576171875
15.2578125,953.3380737304688,29.27739715576172
15.2734375,953.35693359375,29.284759521484375
15.2890625,953.3617553710938,29.285118103027344
15.3046875,953.3463134765625,29.27997589111328
15.3203125,953.3552856445312,29.27777099609375
15.3359375,953.3539428710938,29.272262573242188
15.3515625,953.3426513671875,29.268951416015625
15.3671875,953.3297729492188,29.27483367919922
15.3828125,953.3429565429688,29.274459838867188
15.3984375,953.35302734375,29.270782470703125
15.4140625,953.3472290039062,29.26416778564453
15.4296875,953.3477783203125,29.26306915283203
15.4453125,953.3447265625,29.25865936279297
15.4609375,953.3550415039062,29.26050567626953
15.4765625,953.34326171875,29.250938415527344
15.4921875,953.3327026367188,29.24322509765625
15.5078125,953.3307495117188,29.250938415527344
15.5234375,953.3405151367188,29.236251831054688
15.5390625,953.323486328125,29.222274780273438
15.5546875,953.329833984375,29.22081756591797
15.5703125,953.324951171875,29.232574462890625
15.5859375,953.327880859375,29.22888946533203
15.6015625,953.3323364257812,29.22081756591797
15.6171875,953.3302612304688,29.216766357421875
15.6328125,953.321533203125,29.214202880859375
15.6484375,953.3357543945312,29.217864990234375
15.6640625,953.3324584960938,29.204635620117188
15.6796875,953.3233642578125,29.203536987304688
15.6953125,953.3201904296875,29.200599670410156
15.7109375,953.3361206054688,29.201705932617188
15.7265625,953.3296508789062,29.21015167236328
15.7421875,953.3239135742188,29.196189880371094
15.7578125,953.3219604492188,29.187744140625
15.7734375,953.3217163085938,29.20500946044922
15.7890625,953.3192749023438,29.180023193359375
15.8046875,953.3156127929688,29.19140625
15.8203125,953.3112182617188,29.175613403320312
15.8359375,953.3121948242188,29.179283142089844
15.8515625,953.3262329101562,29.185165405273438
15.8671875,953.3065185546875,29.181854248046875
15.8828125,953.3103637695312,29.1903076171875
15.8984375,953.310546875,29.169357299804688
15.9140625,953.3079223632812,29.180381774902344
15.9296875,953.3024291992188,29.174514770507812
15.9453125,953.3090209960938,29.1903076171875
15.9609375,953.3374633789062,29.184066772460938
15.9765625,953.3267211914062,29.162384033203125
15.9921875,953.3114624023438,29.176345825195312
16.0078125,953.31640625,29.17120361328125
16.0234375,953.31591796875,29.17340850830078
16.0390625,953.3101196289062,29.16790008544922
16.0546875,953.3095703125,29.164215087890625
16.0703125,953.3116455078125,29.161285400390625
16.0859375,953.3209228515625,29.160537719726562
16.1015625,953.3082885742188,29.1561279296875
16.1171875,953.3102416992188,29.15650177001953
16.1328125,953.3370971679688,29.160537719726562
16.1484375,953.3190307617188,29.1561279296875
16.1640625,953.3681640625,29.15650177001953
16.1796875,953.4052734375,29.15650177001953
16.1953125,953.4297485351562,29.15467071533203
16.2109375,953.4439697265625,29.160537719726562
16.2265625,953.4403686523438,29.17266845703125
16.2421875,953.4469604492188,29.15576934814453
16.2578125,953.4571533203125,29.160537719726562
16.2734375,953.436767578125,29.17266845703125
16.2890625,953.4755859375,29.160537719726562
16.3046875,953.4630737304688,29.174514770507812
16.3203125,953.4429321289062,29.168258666992188
16.3359375,953.4470825195312,29.178176879882812
16.3515625,953.4302368164062,29.180023193359375
16.3671875,953.4076538085938,29.180755615234375
16.3828125,953.3485717773438,29.174514770507812
16.3984375,953.4334106445312,29.176345825195312
16.4140625,953.4532470703125,29.176345825195312
16.4296875,953.40966796875,29.19140625
16.4453125,953.4332885742188,29.19178009033203
16.4609375,953.4171752929688,29.1903076171875
16.4765625,953.4462280273438,29.1895751953125
16.4921875,953.4235229492188,29.20500946044922
16.5078125,953.4674682617188,29.200973510742188
16.5234375,953.4891967773438,29.199127197265625
16.5390625,953.4555053710938,29.200973510742188
16.5546875,953.412109375,29.195083618164062
16.5703125,953.4235229492188,29.200225830078125
16.5859375,953.4711303710938,29.200973510742188
16.6015625,953.4102172851562,29.196922302246094
16.6171875,953.4727172851562,29.20648193359375
16.6328125,953.4341430664062,29.22888946533203
16.6484375,953.4196166992188,29.217864990234375
16.6640625,953.4454345703125,29.219345092773438
16.6796875,953.432373046875,29.214935302734375
16.6953125,953.4398193359375,29.228530883789062
16.7109375,953.462646484375,29.216033935546875
16.7265625,953.5330810546875,29.2237548828125
16.7421875,953.4603881835938,29.22447967529297
16.7578125,953.4609985351562,29.22447967529297
16.7734375,953.42333984375,29.227432250976562
16.7890625,953.4786376953125,29.22705841064453
16.8046875,953.4456787109375,29.232574462890625
16.8203125,953.4152221679688,29.236610412597656
16.8359375,953.395263671875,29.231094360351562
16.8515625,953.4677124023438,29.22338104248047
16.8671875,953.4185180664062,29.22447967529297
16.8828125,953.4077758789062,29.250938415527344
16.8984375,953.4259643554688,29.228164672851562
16.9140625,953.4453125,29.231468200683594
16.9296875,953.46044921875,29.235877990722656
16.9453125,953.4520263671875,29.245071411132812
16.9609375,953.3955078125,29.231094360351562
16.9765625,953.3887329101562,29.237350463867188
16.9921875,953.3756103515625,29.246902465820312
17.0078125,953.3837890625,29.267478942871094
17.0234375,953.3912353515625,29.247276306152344
17.0390625,953.361083984375,29.250938415527344
17.0546875,953.3614501953125,29.256820678710938
17.0703125,953.3704223632812,29.25865936279297
17.0859375,953.3670043945312,29.251686096191406
17.1015625,953.3597412109375,29.257553100585938
17.1171875,953.380615234375,29.25830078125
17.1328125,953.35498046875,29.252410888671875
17.1484375,953.3621826171875,29.26050567626953
17.1640625,953.3594360351562,29.254989624023438
17.1796875,953.3571166992188,29.26123046875
17.1953125,953.3817138671875,29.254249572753906
17.2109375,953.3653564453125,29.25609588623047
17.2265625,953.3589477539062,29.24652862548828
17.2421875,953.3519897460938,29.245071411132812
17.2578125,953.3549194335938,29.252410888671875
17.2734375,953.358642578125,29.250938415527344
17.2890625,953.3416748046875,29.245803833007812
17.3046875,953.34716796875,29.245071411132812
17.3203125,953.3644409179688,29.238815307617188
17.3359375,953.354248046875,29.252410888671875
17.3515625,953.3544311523438,29.24028778076172
17.3671875,953.356201171875,29.238082885742188
17.3828125,953.3351440429688,29.227432250976562
17.3984375,953.3268432617188,29.231468200683594
17.4140625,953.3349609375,29.22447967529297
17.4296875,953.3516235351562,29.214935302734375
17.4453125,953.348876953125,29.22081756591797
17.4609375,953.3404541015625,29.20648193359375
17.4765625,953.331298828125,29.212356567382812
17.4921875,953.3240966796875,29.202430725097656
17.5078125,953.3154296875,29.20831298828125
17.5234375,953.3284301757812,29.20941925048828
17.5390625,953.3011474609375,29.21015167236328
17.5546875,953.3125,29.20758819580078
17.5703125,953.3087158203125,29.195083618164062
17.5859375,953.29443359375,29.185165405273438
17.6015625,953.3065185546875,29.193252563476562
17.6171875,953.30078125,29.198394775390625
17.6328125,953.3011474609375,29.198394775390625
17.6484375,953.291015625,29.18920135498047
17.6640625,953.3134765625,29.193252563476562
17.6796875,953.3204956054688,29.175247192382812
17.6953125,953.2988891601562,29.185165405273438
17.7109375,953.3059692382812,29.16790008544922
17.7265625,953.2969970703125,29.17156219482422
17.7421875,953.2805786132812,29.17266845703125
17.7578125,953.2975463867188,29.162384033203125
17.7734375,953.2899169921875,29.180023193359375
17.7890625,953.3030395507812,29.174514770507812
17.8046875,953.3090209960938,29.1561279296875
17.8203125,953.2899169921875,29.150985717773438
17.8359375,953.2869262695312,29.15650177001953
17.8515625,953.2988891601562,29.157608032226562
17.8671875,953.2960205078125,29.160537719726562
17.8828125,953.2861328125,29.145477294921875
17.8984375,953.2911987304688,29.15576934814453
17.9140625,953.2988891601562,29.139968872070312
17.9296875,953.2852783203125,29.145477294921875
17.9453125,953.2905883789062,29.147308349609375
17.9609375,953.3009033203125,29.140335083007812
17.9765625,953.2835083007812,29.13555908203125
17.9921875,953.2896118164062,29.134078979492188
18.0078125,953.2960815429688,29.139968872070312
18.0234375,953.3187255859375,29.145103454589844
18.0390625,953.371826171875,29.142166137695312
18.0546875,953.3912963867188,29.13555908203125
18.0703125,953.3720703125,29.13372039794922
18.0859375,953.3767700195312,29.130043029785156
18.1015625,953.4032592773438,29.126007080078125
18.1171875,953.4052124023438,29.123428344726562
18.1328125,953.4551391601562,29.122695922851562
18.1484375,953.4300537109375,29.130043029785156
18.1640625,953.4384765625,29.123428344726562
18.1796875,953.4306640625,29.13518524169922
18.1953125,953.5143432617188,29.125633239746094
18.2109375,953.4314575195312,29.129310607910156
18.2265625,953.4683227539062,29.13555908203125
18.2421875,953.46484375,29.13813018798828
18.2578125,953.513427734375,29.121597290039062
18.2734375,953.459716796875,29.130775451660156
18.2890625,953.4840698242188,29.13518524169922
18.3046875,953.5729370117188,29.143646240234375
18.3203125,953.4327392578125,29.140335083007812
18.3359375,953.4921875,29.144744873046875
18.3515625,953.4620361328125,29.150985717773438
18.3671875,953.491943359375,29.159080505371094
18.3828125,953.5501098632812,29.153564453125
18.3984375,953.4498291015625,29.156875610351562
18.4140625,953.4848022460938,29.164215087890625
18.4296875,953.4418334960938,29.16973114013672
18.4453125,953.5021362304688,29.164215087890625
18.4609375,953.4305419921875,29.177444458007812
18.4765625,953.5239868164062,29.187744140625
18.4921875,953.5864868164062,29.16790008544922
18.5078125,953.4984130859375,29.1895751953125
18.5234375,953.5555419921875,29.193252563476562
18.5390625,953.5171508789062,29.197296142578125
18.5546875,953.4942016601562,29.187744140625
18.5703125,953.5177612304688,29.201705932617188
18.5859375,953.5155029296875,29.213455200195312
18.6015625,953.5502319335938,29.214202880859375
18.6171875,953.5299682617188,29.22412109375
18.6328125,953.5512084960938,29.22447967529297
18.6484375,953.5530395507812,29.220443725585938
18.6640625,953.4989013671875,29.231468200683594
18.6796875,953.4437866210938,29.252784729003906
18.6953125,953.5415649414062,29.24139404296875
18.7109375,953.541015625,29.250938415527344
18.7265625,953.49951171875,29.255348205566406
18.7421875,953.4862060546875,29.267478942871094
18.7578125,953.4868774414062,29.27960205078125
18.7734375,953.4891967773438,29.27777099609375
18.7890625,953.4992065429688,29.27593994140625
18.8046875,953.4380493164062,29.288063049316406
18.8203125,953.4572143554688,29.29541015625
18.8359375,953.4400024414062,29.29578399658203
18.8515625,953.4729614257812,29.304962158203125
18.8671875,953.4313354492188,29.31195068359375
18.8828125,953.4356689453125,29.324806213378906
18.8984375,953.4244384765625,29.317459106445312
18.9140625,953.3966674804688,29.33216094970703
18.9296875,953.4053955078125,29.33216094970703
18.9453125,953.4017944335938,29.34722900390625
18.9609375,953.3991088867188,29.336196899414062
18.9765625,953.3681030273438,29.336570739746094
18.9921875,953.3651123046875,29.333267211914062
19.0078125,953.3809204101562,29.337303161621094
19.0234375,953.3682861328125,29.337677001953125
19.0390625,953.3844604492188,29.342086791992188
19.0546875,953.37890625,29.337303161621094
19.0703125,953.3981323242188,29.34832763671875
19.0859375,953.3663330078125,29.333267211914062
19.1015625,953.3678588867188,29.333267211914062
19.1171875,953.3743286132812,29.342819213867188
19.1328125,953.3974609375,29.34759521484375
19.1484375,953.3662109375,29.34722900390625
19.1640625,953.3937377929688,29.335830688476562
19.1796875,953.3734741210938,29.33289337158203
19.1953125,953.3648071289062,29.343185424804688
19.2109375,953.3604736328125,29.32775115966797
19.2265625,953.3726196289062,29.33362579345703
19.2421875,953.3678588867188,29.3314208984375
19.2578125,953.371826171875,29.318557739257812
19.2734375,953.3645629882812,29.31378173828125
19.2890625,953.3634643554688,29.327377319335938
19.3046875,953.363037109375,29.31378173828125
19.3203125,953.3712158203125,29.31195068359375
19.3359375,953.3412475585938,29.308639526367188
19.3515625,953.3635864257812,29.2972412109375
19.3671875,953.3540649414062,29.29578399658203
19.3828125,953.3515625,29.299087524414062
19.3984375,953.3458862304688,29.27886962890625
19.4140625,953.3480224609375,29.280349731445312
19.4296875,953.3374633789062,29.285118103027344
19.4453125,953.331298828125,29.28180694580078
19.4609375,953.3436279296875,29.27814483642578
19.4765625,953.3491821289062,29.26416778564453
19.4921875,953.3233642578125,29.2593994140625
19.5078125,953.3424682617188,29.249839782714844
19.5234375,953.3350830078125,29.256820678710938
19.5390625,953.333984375,29.25719451904297
19.5546875,953.3363037109375,29.256454467773438
19.5703125,953.333251953125,29.231468200683594
19.5859375,953.322998046875,29.250938415527344
19.6015625,953.343505859375,29.22447967529297
19.6171875,953.3193359375,29.233299255371094
19.6328125,953.33154296875,29.236251831054688
19.6484375,953.3319091796875,29.22447967529297
19.6640625,953.3253173828125,29.22705841064453
19.6796875,953.3148193359375,29.22081756591797
19.6953125,953.326171875,29.21015167236328
19.7109375,953.3196411132812,29.214561462402344
19.7265625,953.3189697265625,29.20794677734375
19.7421875,953.3164672851562,29.204635620117188
19.7578125,953.3114013671875,29.216033935546875
19.7734375,953.3089599609375,29.196189880371094
19.7890625,953.3225708007812,29.20758819580078
19.8046875,953.3123168945312,29.20794677734375
19.8203125,953.3176879882812,29.199127197265625
19.8359375,953.3228149414062,29.201705932617188
19.8515625,953.3153686523438,29.198394775390625
19.8671875,953.38427734375,29.20317840576172
19.8828125,953.3967895507812,29.200225830078125
19.8984375,953.4161987304688,29.19104766845703
19.9140625,953.4122924804688,29.1895751953125
19.9296875,953.4533081054688,29.195083618164062
19.9453125,953.4175415039062,29.184432983398438
19.9609375,953.47021484375,29.199127197265625
19.9765625,953.4149169921875,29.19140625
19.9921875,953.4727172851562,29.187744140625
20.0078125,953.462158203125,29.197296142578125
20.0234375,953.4835205078125,29.174514770507812
20.0390625,953.4716186523438,29.19140625
20.0546875,953.4822387695312,29.187744140625
20.0703125,953.4561767578125,29.184432983398438
20.0859375,953.486328125,29.186996459960938
20.1015625,953.4699096679688,29.193252563476562
20.1171875,953.536865234375,29.200225830078125
20.1328125,953.4370727539062,29.193252563476562
20.1484375,953.4884643554688,29.192153930664062
20.1640625,953.4931030273438,29.193984985351562
20.1796875,953.5614013671875,29.20427703857422
20.1953125,953.5223999023438,29.201705932617188
20.2109375,953.4802856445312,29.203903198242188
20.2265625,953.4415893554688,29.193984985351562
20.2421875,953.5512084960938,29.209793090820312
20.2578125,953.5216674804688,29.214202880859375
20.2734375,953.4940185546875,29.217132568359375
20.2890625,953.4590454101562,29.214202880859375
20.3046875,953.5352783203125,29.214935302734375
20.3203125,953.4678955078125,29.220069885253906
20.3359375,953.5514526367188,29.220443725585938
20.3515625,953.5103149414062,29.210891723632812
20.3671875,953.4722290039062,29.216766357421875
20.3828125,953.4662475585938,29.2230224609375
20.3984375,953.4357299804688,29.222274780273438
20.4140625,953.4793701171875,29.236251831054688
20.4296875,953.4801635742188,29.23955535888672
20.4453125,953.4828491210938,29.252044677734375
20.4609375,953.4799194335938,29.233299255371094
20.4765625,953.4462890625,29.24211883544922
20.4921875,953.4950561523438,29.23845672607422
20.5078125,953.4749755859375,29.250938415527344
20.5234375,953.494140625,29.252044677734375
20.5390625,953.4506225585938,29.24211883544922
20.5546875,953.4490356445312,29.267478942871094
20.5703125,953.4552001953125,29.255348205566406
20.5859375,953.4336547851562,29.24322509765625
20.6015625,953.462890625,29.248374938964844
20.6171875,953.4395141601562,29.264915466308594
20.6328125,953.4591064453125,29.25609588623047
20.6484375,953.407958984375,29.251686096191406
20.6640625,953.4362182617188,29.2608642578125
20.6796875,953.384521484375,29.263442993164062
20.6953125,953.3949584960938,29.268951416015625
20.7109375,953.3614501953125,29.254989624023438
20.7265625,953.3851318359375,29.27850341796875
20.7421875,953.3624267578125,29.26416778564453
20.7578125,953.3610229492188,29.268577575683594
20.7734375,953.3644409179688,29.27924346923828
20.7890625,953.3678588867188,29.285118103027344
20.8046875,953.3546752929688,29.27593994140625
20.8203125,953.3567504882812,29.27960205078125
20.8359375,953.360107421875,29.271888732910156
20.8515625,953.3628540039062,29.267120361328125
20.8671875,953.3564453125,29.268577575683594
20.8828125,953.3482666015625,29.27850341796875
20.8984375,953.3499145507812,29.282180786132812
20.9140625,953.3382568359375,29.274093627929688
20.9296875,953.3595581054688,29.268218994140625
20.9453125,953.3488159179688,29.26416778564453
20.9609375,953.3538208007812,29.26123046875
20.9765625,953.3427734375,29.267478942871094
20.9921875,953.3511352539062,29.246902465820312
21.0078125,953.3479614257812,29.250938415527344
21.0234375,953.3405151367188,29.25609588623047
21.0390625,953.3440551757812,29.250938415527344
21.0546875,953.3184204101562,29.250938415527344
21.0703125,953.3279418945312,29.24211883544922
21.0859375,953.3211669921875,29.248374938964844
21.1015625,953.3468627929688,29.235504150390625
21.1171875,953.344970703125,29.238815307617188
21.1328125,953.3320922851562,29.235877990722656
21.1484375,953.3330078125,29.231468200683594
21.1640625,953.3074951171875,29.24249267578125
21.1796875,953.3240966796875,29.22705841064453
21.1953125,953.3106079101562,29.229637145996094
21.2109375,953.3234252929688,29.214935302734375
21.2265625,953.3184204101562,29.236251831054688
21.2421875,953.3265380859375,29.217132568359375
21.2578125,953.3186645507812,29.218612670898438
21.2734375,953.322998046875,29.220443725585938
21.2890625,953.319580078125,29.219345092773438
21.3046875,953.309326171875,29.212722778320312
21.3203125,953.307373046875,29.22081756591797
21.3359375,953.3034057617188,29.204635620117188
21.3515625,953.3119506835938,29.214935302734375
21.3671875,953.3161010742188,29.213455200195312
21.3828125,953.3147583007812,29.199867248535156
21.3984375,953.3175659179688,29.213455200195312
21.4140625,953.3087158203125,29.20941925048828
21.4296875,953.3125,29.197296142578125
21.4453125,953.305908203125,29.209793090820312
21.4609375,953.306640625,29.20941925048828
21.4765625,953.3071899414062,29.198768615722656
21.4921875,953.3001098632812,29.200973510742188
21.5078125,953.30029296875,29.202072143554688
21.5234375,953.2913818359375,29.185165405273438
21.5390625,953.2958374023438,29.185165405273438
21.5546875,953.3047485351562,29.1884765625
21.5703125,953.3175659179688,29.198394775390625
21.5859375,953.3072509765625,29.200225830078125
21.6015625,953.30615234375,29.200973510742188
21.6171875,953.3074951171875,29.1895751953125
21.6328125,953.3063354492188,29.20538330078125
21.6484375,953.3192749023438,29.198394775390625
21.6640625,953.3090209960938,29.200973510742188
21.6796875,953.3355102539062,29.195457458496094
21.6953125,953.3804321289062,29.175247192382812
21.7109375,953.387939453125,29.19140625
21.7265625,953.3955078125,29.187744140625
21.7421875,953.4376220703125,29.187744140625
21.7578125,953.4752807617188,29.176345825195312
21.7734375,953.4479370117188,29.178550720214844
21.7890625,953.3829345703125,29.176345825195312
21.8046875,953.4281616210938,29.187744140625
21.8203125,953.3790283203125,29.193252563476562
21.8359375,953.4041748046875,29.1895751953125
21.8515625,953.4306640625,29.182960510253906
21.8671875,953.4736328125,29.186996459960938
21.8828125,953.3904418945312,29.176345825195312
21.8984375,953.4347534179688,29.17340850830078
21.9140625,953.4326171875,29.175247192382812
21.9296875,953.5062866210938,29.182960510253906
21.9453125,953.432373046875,29.1884765625
21.9609375,953.477783203125,29.177818298339844
21.9765625,953.447998046875,29.1895751953125
21.9921875,953.4473876953125,29.185165405273438
22.0078125,953.479248046875,29.177444458007812
22.0234375,953.501220703125,29.178176879882812
22.0390625,953.4677734375,29.186996459960938
22.0546875,953.4423828125,29.19140625
22.0703125,953.4398193359375,29.1884765625
22.0859375,953.4813232421875,29.17266845703125
22.1015625,953.4601440429688,29.181129455566406
22.1171875,953.4387817382812,29.179283142089844
22.1328125,953.4320678710938,29.1884765625
22.1484375,953.4909057617188,29.19361114501953
22.1640625,953.4777221679688,29.192153930664062
22.1796875,953.4225463867188,29.195816040039062
22.1953125,953.464111328125,29.193252563476562
22.2109375,953.3988037109375,29.192153930664062
22.2265625,953.4302978515625,29.175247192382812
22.2421875,953.441162109375,29.192153930664062
22.2578125,953.454833984375,29.200225830078125
22.2734375,953.4161987304688,29.199127197265625
22.2890625,953.4375610351562,29.193984985351562
22.3046875,953.4143676757812,29.192153930664062
22.3203125,953.3927001953125,29.193984985351562
22.3359375,953.4048461914062,29.200225830078125
22.3515625,953.41796875,29.196922302246094
22.3671875,953.4093627929688,29.19140625
22.3828125,953.4140625,29.209793090820312
22.3984375,953.3872680664062,29.193984985351562
22.4140625,953.4341430664062,29.204635620117188
22.4296875,953.4046630859375,29.219345092773438
22.4453125,953.427734375,29.211997985839844
22.4609375,953.4065551757812,29.217132568359375
22.4765625,953.401123046875,29.20758819580078
22.4921875,953.3882446289062,29.199867248535156
22.5078125,953.3917236328125,29.211624145507812
22.5234375,953.3826293945312,29.212722778320312
22.5390625,953.3929443359375,29.213455200195312
22.5546875,953.3971557617188,29.21015167236328
22.5703125,953.3782348632812,29.218612670898438
22.5859375,953.3851928710938,29.20941925048828
22.6015625,953.3609008789062,29.214935302734375
22.6171875,953.3530883789062,29.214202880859375
22.6328125,953.362548828125,29.214935302734375
22.6484375,953.3626098632812,29.20941925048828
22.6640625,953.3543701171875,29.21015167236328
22.6796875,953.3250732421875,29.196189880371094
22.6953125,953.3595581054688,29.202072143554688
22.7109375,953.3524169921875,29.199867248535156
22.7265625,953.3588256835938,29.21015167236328
22.7421875,953.3466186523438,29.20611572265625
22.7578125,953.3540649414062,29.203536987304688
22.7734375,953.3614501953125,29.216766357421875
22.7890625,953.3479614257812,29.197296142578125
22.8046875,953.3530883789062,29.211624145507812
22.8203125,953.3510131835938,29.21015167236328
22.8359375,953.3250732421875,29.21015167236328
22.8515625,953.3322143554688,29.20611572265625
22.8671875,953.3307495117188,29.213455200195312
22.8828125,953.3517456054688,29.212722778320312
22.8984375,953.3307495117188,29.214561462402344
22.9140625,953.3320922851562,29.197296142578125
22.9296875,953.3453979492188,29.200225830078125
22.9453125,953.3366088867188,29.201705932617188
22.9609375,953.3482055664062,29.210891723632812
22.9765625,953.3365478515625,29.195083618164062
22.9921875,953.3236694335938,29.198394775390625
23.0078125,953.329345703125,29.198394775390625
23.0234375,953.3490600585938,29.193984985351562
23.0390625,953.33544921875,29.200973510742188
23.0546875,953.32958984375,29.204635620117188
23.0703125,953.3233642578125,29.200225830078125
23.0859375,953.33544921875,29.193252563476562
23.1015625,953.3336791992188,29.1888427734375
23.1171875,953.3194580078125,29.187744140625
23.1328125,953.3186645507812,29.1895751953125
23.1484375,953.3421630859375,29.178176879882812
23.1640625,953.3458862304688,29.198394775390625
23.1796875,953.3197631835938,29.19361114501953
23.1953125,953.3223266601562,29.187744140625
23.2109375,953.3468017578125,29.193252563476562
23.2265625,953.328857421875,29.187744140625
23.2421875,953.3331298828125,29.174514770507812
23.2578125,953.3204345703125,29.1888427734375
23.2734375,953.320068359375,29.175613403320312
23.2890625,953.3097534179688,29.1895751953125
23.3046875,953.3218383789062,29.1895751953125
23.3203125,953.3117065429688,29.16790008544922
23.3359375,953.3089599609375,29.183334350585938
23.3515625,953.3170166015625,29.166053771972656
23.3671875,953.3206787109375,29.186264038085938
23.3828125,953.31982421875,29.183334350585938
23.3984375,953.3212280273438,29.17340850830078
23.4140625,953.3095092773438,29.174514770507812
23.4296875,953.322265625,29.176345825195312
23.4453125,953.3175659179688,29.177078247070312
23.4609375,953.3331909179688,29.174514770507812
23.4765625,953.3204345703125,29.177078247070312
23.4921875,953.3212280273438,29.17266845703125
23.5078125,953.3244018554688,29.155029296875
23.5234375,953.3101196289062,29.17266845703125
23.5390625,953.3201904296875,29.164215087890625
23.5546875,953.30859375,29.156875610351562
23.5703125,953.3186645507812,29.177444458007812
23.5859375,953.333251953125,29.159805297851562
23.6015625,953.3882446289062,29.162384033203125
23.6171875,953.357421875,29.16973114013672
23.6328125,953.3952026367188,29.160537719726562
23.6484375,953.4080810546875,29.160537719726562
23.6640625,953.4977416992188,29.16790008544922
23.6796875,953.4063720703125,29.156875610351562
23.6953125,953.4854736328125,29.17414093017578
23.7109375,953.5211791992188,29.1553955078125
23.7265625,953.4846801757812,29.159439086914062
23.7421875,953.503662109375,29.162384033203125
23.7578125,953.5665893554688,29.15723419189453
23.7734375,953.6205444335938,29.157974243164062
23.7890625,953.4783325195312,29.180755615234375
23.8046875,953.5834350585938,29.17266845703125
23.8203125,953.4942016601562,29.17120361328125
23.8359375,953.538818359375,29.16790008544922
23.8515625,953.4984130859375,29.181129455566406
23.8671875,953.518310546875,29.187744140625
23.8828125,953.4758911132812,29.18553924560547
23.8984375,953.5653686523438,29.1884765625
23.9140625,953.5100708007812,29.187744140625
23.9296875,953.4430541992188,29.198394775390625
23.9453125,953.5546875,29.197662353515625
23.9609375,953.4744873046875,29.20611572265625
23.9765625,953.512939453125,29.20684051513672
23.9921875,953.4838256835938,29.21015167236328
24.0078125,953.6591796875,29.216407775878906
24.0234375,953.5630493164062,29.214935302734375
24.0390625,953.5431518554688,29.218612670898438
24.0546875,953.5209350585938,29.232574462890625
24.0703125,953.594482421875,29.2255859375
24.0859375,953.517333984375,29.24211883544922
24.1015625,953.5147705078125,29.255348205566406
24.1171875,953.4838256835938,29.249839782714844
24.1328125,953.4880981445312,29.25830078125
24.1484375,953.4996948242188,29.253517150878906
24.1640625,953.5469970703125,29.268218994140625
24.1796875,953.4994506835938,29.272262573242188
24.1953125,953.467529296875,29.271888732910156
24.2109375,953.5499877929688,29.289527893066406
24.2265625,953.5326538085938,29.299087524414062
24.2421875,953.492919921875,29.2943115234375
24.2578125,953.5199584960938,29.31378173828125
24.2734375,953.4447631835938,29.316726684570312
24.2890625,953.4719848632812,29.320396423339844
24.3046875,953.4758911132812,29.335098266601562
24.3203125,953.4779663085938,29.335830688476562
24.3359375,953.4188842773438,29.341712951660156
24.3515625,953.4570922851562,29.34906005859375
24.3671875,953.4297485351562,29.34980010986328
24.3828125,953.435302734375,29.342445373535156
24.3984375,953.4219360351562,29.35015869140625
24.4140625,953.41552734375,29.35236358642578
24.4296875,953.392333984375,29.342445373535156
24.4453125,953.3920288085938,29.358978271484375
24.4609375,953.3991088867188,29.353836059570312
24.4765625,953.3829956054688,29.356048583984375
24.4921875,953.3701171875,29.34759521484375
24.5078125,953.3590698242188,29.356048583984375
24.5234375,953.339599609375,29.35126495361328
24.5390625,953.3654174804688,29.3641357421875
24.5546875,953.3529663085938,29.352005004882812
24.5703125,953.3642578125,29.356414794921875
24.5859375,953.3617553710938,29.352005004882812
24.6015625,953.3739013671875,29.359725952148438
24.6171875,953.3681030273438,29.33289337158203
24.6328125,953.3546752929688,29.333267211914062
24.6484375,953.3594360351562,29.34649658203125
24.6640625,953.3667602539062,29.325904846191406
24.6796875,953.36474609375,29.333267211914062
24.6953125,953.35888671875,29.328857421875
24.7109375,953.362548828125,29.33216094970703
24.7265625,953.359375,29.324447631835938
24.7421875,953.3418579101562,29.328857421875
24.7578125,953.3368530273438,29.306060791015625
24.7734375,953.36279296875,29.31157684326172
24.7890625,953.359130859375,29.307907104492188
24.8046875,953.3408203125,29.299819946289062
24.8203125,953.3483276367188,29.29320526123047
24.8359375,953.3507080078125,29.289901733398438
24.8515625,953.3444213867188,29.294677734375
24.8671875,953.3323364257812,29.29834747314453
24.8828125,953.3512573242188,29.292098999023438
24.8984375,953.33984375,29.284385681152344
24.9140625,953.3312377929688,29.289527893066406
24.9296875,953.3551635742188,29.282554626464844
24.9453125,953.3436279296875,29.29503631591797
24.9609375,953.3311767578125,29.288795471191406
24.9765625,953.3323364257812,29.28180694580078
24.9921875,953.3304443359375,29.281448364257812
25.0078125,953.3524780273438,29.272262573242188
25.0234375,953.3348388671875,29.27960205078125
25.0390625,953.33740234375,29.269325256347656
25.0546875,953.3375854492188,29.249839782714844
25.0703125,953.327880859375,29.267478942871094
25.0859375,953.3296508789062,29.246902465820312
25.1015625,953.3299560546875,29.24211883544922
25.1171875,953.3276977539062,29.245803833007812
25.1328125,953.335205078125,29.246902465820312
25.1484375,953.3527221679688,29.238082885742188
25.1640625,953.3291015625,29.234405517578125
25.1796875,953.3310546875,29.24322509765625
25.1953125,953.3117065429688,29.22888946533203
25.2109375,953.3245849609375,29.238082885742188
25.2265625,953.3112182617188,29.224853515625
25.2421875,953.3170166015625,29.229263305664062
25.2578125,953.3198852539062,29.22191619873047
25.2734375,953.3257446289062,29.231094360351562
25.2890625,953.3307495117188,29.22081756591797
25.3046875,953.338623046875,29.232574462890625
25.3203125,953.3387451171875,29.224853515625
25.3359375,953.3253784179688,29.220069885253906
25.3515625,953.3231811523438,29.216033935546875
25.3671875,953.3220825195312,29.2230224609375
25.3828125,953.3137817382812,29.212356567382812
25.3984375,953.3385009765625,29.213455200195312
25.4140625,953.3367919921875,29.209793090820312
25.4296875,953.3448486328125,29.20317840576172
25.4453125,953.3309936523438,29.20648193359375
25.4609375,953.3438720703125,29.200973510742188
25.4765625,953.354736328125,29.20941925048828
25.4921875,953.3854370117188,29.20941925048828
25.5078125,953.3854370117188,29.204635620117188
25.5234375,953.4458618164062,29.20721435546875
25.5390625,953.3864135742188,29.21015167236328
25.5546875,953.4422607421875,29.217864990234375
25.5703125,953.446044921875,29.214561462402344
25.5859375,953.4295654296875,29.214561462402344
25.6015625,953.4439086914062,29.20941925048828
25.6171875,953.4411010742188,29.199867248535156
25.6328125,953.556640625,29.214561462402344
25.6484375,953.5054321289062,29.214202880859375
25.6640625,953.445068359375,29.213455200195312
25.6796875,953.4981689453125,29.216407775878906
25.6953125,953.41357421875,29.217132568359375
25.7109375,953.521240234375,29.211997985839844
25.7265625,953.42333984375,29.213829040527344
25.7421875,953.5000610351562,29.216407775878906
25.7578125,953.5044555664062,29.218612670898438
25.7734375,953.493896484375,29.220443725585938
25.7890625,953.4630126953125,29.218612670898438
25.8046875,953.4735717773438,29.22081756591797
25.8203125,953.4946899414062,29.227432250976562
25.8359375,953.4637451171875,29.22447967529297
25.8515625,953.5548095703125,29.22522735595703
25.8671875,953.4293823242188,29.234405517578125
25.8828125,953.4746704101562,29.231842041015625
25.8984375,953.4989013671875,29.231468200683594
25.9140625,953.4575805664062,29.24211883544922
25.9296875,953.408935546875,29.246902465820312
25.9453125,953.4280395507812,29.24028778076172
25.9609375,953.4129638671875,29.252044677734375
25.9765625,953.4649047851562,29.250938415527344
25.9921875,953.4068603515625,29.26050567626953
26.0078125,953.416748046875,29.24028778076172
26.0234375,953.3896484375,29.270782470703125
26.0390625,953.4327392578125,29.251686096191406
26.0546875,953.428466796875,29.265640258789062
26.0703125,953.4268798828125,29.266014099121094
26.0859375,953.4376220703125,29.268577575683594
26.1015625,953.4498291015625,29.270782470703125
26.1171875,953.438720703125,29.271888732910156
26.1328125,953.4400024414062,29.27924346923828
26.1484375,953.4754638671875,29.290267944335938
26.1640625,953.472412109375,29.292098999023438
26.1796875,953.466552734375,29.288421630859375
26.1953125,953.4489135742188,29.290626525878906
26.2109375,953.4830932617188,29.29137420654297
26.2265625,953.4700317382812,29.299087524414062
26.2421875,953.4266357421875,29.303131103515625
26.2578125,953.462890625,29.31378173828125
26.2734375,953.4172973632812,29.31195068359375
26.2890625,953.3753051757812,29.316726684570312
26.3046875,953.3793334960938,29.31231689453125
26.3203125,953.36279296875,29.333999633789062
26.3359375,953.3781127929688,29.321495056152344
26.3515625,953.3720092773438,29.3314208984375
26.3671875,953.3646850585938,29.322967529296875
26.3828125,953.3656005859375,29.324806213378906
26.3984375,953.3681640625,29.320396423339844
26.4140625,953.3641967773438,29.31378173828125
26.4296875,953.3341674804688,29.328857421875
26.4453125,953.36083984375,29.324447631835938
26.4609375,953.36279296875,29.316726684570312
26.4765625,953.362060546875,29.304962158203125
26.4921875,953.3344116210938,29.318557739257812
26.5078125,953.3616333007812,29.31598663330078
26.5234375,953.3499755859375,29.299819946289062
26.5390625,953.3465576171875,29.299087524414062
26.5546875,953.351318359375,29.29503631591797
26.5703125,953.3538208007812,29.29834747314453
26.5859375,953.3404541015625,29.289527893066406
26.6015625,953.3502807617188,29.285118103027344
26.6171875,953.3516235351562,29.29137420654297
26.6328125,953.3319091796875,29.289901733398438
26.6484375,953.3318481445312,29.281448364257812
26.6640625,953.3435668945312,29.289527893066406
26.6796875,953.3432006835938,29.27924346923828
26.6953125,953.3361206054688,29.27483367919922
26.7109375,953.341796875,29.284011840820312
26.7265625,953.337890625,29.2608642578125
26.7421875,953.3217163085938,29.267478942871094
26.7578125,953.3189086914062,29.27850341796875
26.7734375,953.3229370117188,29.264541625976562
26.7890625,953.3346557617188,29.26050567626953
26.8046875,953.3289794921875,29.25719451904297
26.8203125,953.3178100585938,29.264541625976562
26.8359375,953.3233642578125,29.248001098632812
26.8515625,953.3323974609375,29.238815307617188
26.8671875,953.31591796875,29.255348205566406
26.8828125,953.3284301757812,29.246902465820312
26.8984375,953.3215942382812,29.24028778076172
26.9140625,953.326904296875,29.231094360351562
26.9296875,953.3206787109375,29.245071411132812
26.9453125,953.3279418945312,29.234405517578125
26.9609375,953.319091796875,29.228530883789062
26.9765625,953.3173828125,29.22081756591797
26.9921875,953.3094482421875,29.22447967529297
27.0078125,953.3067626953125,29.227432250976562
27.0234375,953.3232421875,29.229263305664062
27.0390625,953.3055419921875,29.22447967529297
27.0546875,953.3193359375,29.220069885253906
27.0703125,953.3219604492188,29.216033935546875
27.0859375,953.329833984375,29.21015167236328
27.1015625,953.311279296875,29.216407775878906
27.1171875,953.3233642578125,29.212722778320312
27.1328125,953.3128051757812,29.20794677734375
27.1484375,953.3290405273438,29.214561462402344
27.1640625,953.3153686523438,29.213455200195312
27.1796875,953.3074951171875,29.214202880859375
27.1953125,953.3027954101562,29.200973510742188
27.2109375,953.3146362304688,29.200973510742188
27.2265625,953.3128662109375,29.204635620117188
27.2421875,953.2977294921875,29.198394775390625
27.2578125,953.30419921875,29.200225830078125
27.2734375,953.3211669921875,29.200225830078125
27.2890625,953.3115234375,29.201705932617188
27.3046875,953.3147583007812,29.199127197265625
27.3203125,953.3042602539062,29.196563720703125
27.3359375,953.3058471679688,29.198394775390625
27.3515625,953.311279296875,29.19140625
27.3671875,953.31787109375,29.195816040039062
27.3828125,953.3117065429688,29.19140625
27.3984375,953.308349609375,29.19140625
27.4140625,953.3065185546875,29.1884765625
27.4296875,953.3032836914062,29.177444458007812
27.4453125,953.303955078125,29.177444458007812
27.4609375,953.3052368164062,29.19140625
27.4765625,953.3226318359375,29.198394775390625
27.4921875,953.3807373046875,29.193252563476562
27.5078125,953.3419799804688,29.186996459960938
27.5234375,953.3658447265625,29.187744140625
27.5390625,953.4364624023438,29.185165405273438
27.5546875,953.5462036132812,29.1895751953125
27.5703125,953.5704956054688,29.17340850830078
27.5859375,953.5802001953125,29.195457458496094
27.6015625,953.578857421875,29.1884765625
27.6171875,953.4825439453125,29.200973510742188
27.6328125,953.520263671875,29.193984985351562
27.6484375,953.5452270507812,29.20794677734375
27.6640625,953.4994506835938,29.21015167236328
27.6796875,953.4631958007812,29.20721435546875
27.6953125,953.4551391601562,29.212722778320312
27.7109375,953.4711303710938,29.213455200195312
27.7265625,953.478515625,29.201332092285156
27.7421875,953.4724731445312,29.22081756591797
27.7578125,953.4827880859375,29.218612670898438
27.7734375,953.4896850585938,29.22705841064453
27.7890625,953.4749755859375,29.235504150390625
27.8046875,953.4800415039062,29.219711303710938
27.8203125,953.5555419921875,29.252044677734375
27.8359375,953.5067749023438,29.235877990722656
27.8515625,953.51953125,29.236251831054688
27.8671875,953.564453125,29.2601318359375
27.8828125,953.5321044921875,29.238815307617188
27.8984375,953.4641723632812,29.24066162109375
27.9140625,953.5338134765625,29.24359130859375
27.9296875,953.5848388671875,29.245803833007812
27.9453125,953.6388549804688,29.250938415527344
27.9609375,953.5067138671875,29.245071411132812
27.9765625,953.5120849609375,29.256820678710938
27.9921875,953.5706787109375,29.25865936279297
28.0078125,953.5265502929688,29.251686096191406
28.0234375,953.540283203125,29.267852783203125
28.0390625,953.5388793945312,29.26416778564453
28.0546875,953.4446411132812,29.272262573242188
28.0703125,953.4747314453125,29.25609588623047
28.0859375,953.4528198242188,29.26416778564453
28.1015625,953.4183959960938,29.270050048828125
28.1171875,953.409912109375,29.27593994140625
28.1328125,953.4129638671875,29.27593994140625
28.1484375,953.4302368164062,29.267478942871094
28.1640625,953.4061279296875,29.27960205078125
28.1796875,953.4462280273438,29.27667236328125
28.1953125,953.4183959960938,29.272987365722656
28.2109375,953.413330078125,29.281448364257812
28.2265625,953.412841796875,29.27924346923828
28.2421875,953.4383544921875,29.27850341796875
28.2578125,953.4197998046875,29.294677734375
28.2734375,953.42138671875,29.29503631591797
28.2890625,953.4219360351562,29.281082153320312
28.3046875,953.391357421875,29.27739715576172
28.3203125,953.3915405273438,29.29688262939453
28.3359375,953.3797607421875,29.289169311523438
28.3515625,953.3867797851562,29.29503631591797
28.3671875,953.3765258789062,29.287322998046875
28.3828125,953.3602905273438,29.289527893066406
28.3984375,953.368896484375,29.284385681152344
28.4140625,953.3599853515625,29.284385681152344
28.4296875,953.3575439453125,29.282554626464844
28.4453125,953.3603515625,29.281448364257812
28.4609375,953.3375854492188,29.284011840820312
28.4765625,953.3438110351562,29.27593994140625
28.4921875,953.3538208007812,29.269683837890625
28.5078125,953.340576171875,29.27739715576172
28.5234375,953.3432006835938,29.26416778564453
28.5390625,953.3418579101562,29.27886962890625
28.5546875,953.3342895507812,29.268951416015625
28.5703125,953.3374633789062,29.269325256347656
28.5859375,953.3256225585938,29.2608642578125
28.6015625,953.3342895507812,29.26306915283203
28.6171875,953.3184204101562,29.251686096191406
28.6328125,953.3268432617188,29.24322509765625
28.6484375,953.315185546875,29.22447967529297
28.6640625,953.3306884765625,29.230735778808594
28.6796875,953.3187255859375,29.235504150390625
28.6953125,953.3169555664062,29.228530883789062
28.7109375,953.3150024414062,29.231842041015625
28.7265625,953.3106079101562,29.231094360351562
28.7421875,953.3117065429688,29.220443725585938
28.7578125,953.3052978515625,29.214202880859375
28.7734375,953.3016357421875,29.210891723632812
28.7890625,953.3024291992188,29.20648193359375
28.8046875,953.3121948242188,29.204635620117188
28.8203125,953.294677734375,29.196189880371094
28.8359375,953.296875,29.199493408203125
28.8515625,953.3115234375,29.20684051513672
28.8671875,953.312255859375,29.200225830078125
28.8828125,953.3031616210938,29.20904541015625
28.8984375,953.3154296875,29.192153930664062
28.9140625,953.2952270507812,29.193252563476562
28.9296875,953.30078125,29.192153930664062
28.9453125,953.300537109375,29.175247192382812
28.9609375,953.314453125,29.19178009033203
28.9765625,953.2993774414062,29.180023193359375
28.9921875,953.2880859375,29.182586669921875
29.0078125,953.309814453125,29.181129455566406
29.0234375,953.2922973632812,29.178176879882812
29.0390625,953.2963256835938,29.1895751953125
29.0546875,953.3051147460938,29.19251251220703
29.0703125,953.3030395507812,29.178550720214844
29.0859375,953.2896728515625,29.17266845703125
29.1015625,953.2986450195312,29.174514770507812
29.1171875,953.2988891601562,29.182960510253906
29.1328125,953.3158569335938,29.185165405273438
29.1484375,953.2999267578125,29.17266845703125
29.1640625,953.3256225585938,29.176719665527344
29.1796875,953.3116455078125,29.174514770507812
29.1953125,953.30078125,29.16973114013672
29.2109375,953.2852172851562,29.17156219482422
29.2265625,953.2973022460938,29.164215087890625
29.2421875,953.2907104492188,29.17597198486328
29.2578125,953.3115234375,29.17266845703125
29.2734375,953.31787109375,29.15576934814453
29.2890625,953.3203735351562,29.166427612304688
29.3046875,953.3745727539062,29.15723419189453
29.3203125,953.3270263671875,29.15209197998047
29.3359375,953.3486328125,29.15723419189453
29.3515625,953.350341796875,29.161643981933594
29.3671875,953.3812866210938,29.156875610351562
29.3828125,953.3801879882812,29.159805297851562
29.3984375,953.4264526367188,29.17193603515625
29.4140625,953.4032592773438,29.1531982421875
29.4296875,953.4049682617188,29.159439086914062
29.4453125,953.4330444335938,29.160911560058594
29.4609375,953.4588623046875,29.156875610351562
29.4765625,953.4585571289062,29.160537719726562
29.4921875,953.3794555664062,29.166427612304688
29.5078125,953.449951171875,29.15467071533203
29.5234375,953.4462890625,29.15576934814453
29.5390625,953.4028930664062,29.164215087890625
29.5546875,953.4085083007812,29.16790008544922
29.5703125,953.401611328125,29.16790008544922
29.5859375,953.40576171875,29.15026092529297
29.6015625,953.4446411132812,29.160537719726562
29.6171875,953.4684448242188,29.163490295410156
29.6328125,953.3898315429688,29.15723419189453
29.6484375,953.3939819335938,29.163490295410156
29.6640625,953.4017944335938,29.160537719726562
29.6796875,953.3745727539062,29.150985717773438
29.6953125,953.4183959960938,29.15282440185547
29.7109375,953.3821411132812,29.1561279296875
29.7265625,953.4105834960938,29.164588928222656
29.7421875,953.370849609375,29.156875610351562
29.7578125,953.4113159179688,29.153564453125
29.7734375,953.4354248046875,29.1561279296875
29.7890625,953.4482421875,29.160537719726562
29.8046875,953.4032592773438,29.164215087890625
29.8203125,953.4006958007812,29.160537719726562
29.8359375,953.4212036132812,29.160537719726562
29.8515625,953.4057006835938,29.160537719726562
29.8671875,953.3794555664062,29.164947509765625
29.8828125,953.378662109375,29.158706665039062
29.8984375,953.3821411132812,29.158706665039062
29.9140625,953.3864135742188,29.156875610351562
29.9296875,953.4113159179688,29.15026092529297
29.9453125,953.3795166015625,29.15209197998047
29.9609375,953.4073486328125,29.158706665039062
29.9765625,953.400146484375,29.166427612304688
29.9921875,953.384765625,29.150985717773438
30.0078125,953.4100341796875,29.153564453125
30.0234375,953.3792724609375,29.143272399902344
30.0390625,953.3961791992188,29.15576934814453
30.0546875,953.382568359375,29.160911560058594
30.0703125,953.3794555664062,29.15392303466797
30.0859375,953.3764038085938,29.158706665039062
30.1015625,953.427001953125,29.144744873046875
30.1171875,953.4142456054688,29.146949768066406
30.1328125,953.39599609375,29.148788452148438
30.1484375,953.3997192382812,29.148788452148438
30.1640625,953.3812255859375,29.15467071533203
30.1796875,953.3775634765625,29.148788452148438
30.1953125,953.380615234375,29.144004821777344
30.2109375,953.3555297851562,29.162742614746094
30.2265625,953.356201171875,29.147308349609375
30.2421875,953.3618774414062,29.143646240234375
30.2578125,953.3477783203125,29.144378662109375
30.2734375,953.34375,29.147308349609375
30.2890625,953.3482055664062,29.143272399902344
30.3046875,953.3268432617188,29.147308349609375
30.3203125,953.3421630859375,29.15282440185547
30.3359375,953.3457641601562,29.145851135253906
30.3515625,953.3480224609375,29.151718139648438
30.3671875,953.3485717773438,29.130775451660156
30.3828125,953.3250732421875,29.130043029785156
30.3984375,953.346435546875,29.13482666015625
30.4140625,953.32421875,29.148788452148438
30.4296875,953.3429565429688,29.130775451660156
30.4453125,953.3161010742188,29.13555908203125
30.4609375,953.3314819335938,29.129310607910156
30.4765625,953.3463745117188,29.130043029785156
30.4921875,953.3345336914062,29.13555908203125
30.5078125,953.3279418945312,29.126739501953125
30.5234375,953.3407592773438,29.130043029785156
30.5390625,953.3159790039062,29.1197509765625
30.5546875,953.3341064453125,29.131149291992188
30.5703125,953.3424072265625,29.126365661621094
30.5859375,953.3270263671875,29.115341186523438
30.6015625,953.3145141601562,29.126365661621094
30.6171875,953.3263549804688,29.1201171875
30.6328125,953.3263549804688,29.113876342773438
30.6484375,953.314453125,29.112403869628906
30.6640625,953.3267822265625,29.114608764648438
30.6796875,953.3139038085938,29.12305450439453
30.6953125,953.327880859375,29.110198974609375
30.7109375,953.317626953125,29.114608764648438
30.7265625,953.3192138671875,29.09844207763672
30.7421875,953.3128662109375,29.114234924316406
30.7578125,953.326904296875,29.094390869140625
30.7734375,953.3052368164062,29.09734344482422
30.7890625,953.30615234375,29.110572814941406
30.8046875,953.3146362304688,29.095497131347656
30.8203125,953.3172607421875,29.109100341796875
30.8359375,953.3341674804688,29.107261657714844
30.8515625,953.3023071289062,29.10541534423828
30.8671875,953.3170776367188,29.10541534423828
30.8828125,953.302734375,29.08594512939453
30.8984375,953.3134155273438,29.08594512939453
30.9140625,953.32421875,29.08521270751953
30.9296875,953.3043823242188,29.091461181640625
30.9453125,953.31640625,29.108726501464844
30.9609375,953.3264770507812,29.10321044921875
30.9765625,953.3186645507812,29.104690551757812
30.9921875,953.3212280273438,29.0819091796875
31.0078125,953.32373046875,29.09734344482422
31.0234375,953.2989501953125,29.098068237304688
31.0390625,953.3128051757812,29.094390869140625
31.0546875,953.3178100585938,29.110572814941406
31.0703125,953.3050537109375,29.09990692138672
31.0859375,953.3057861328125,29.106887817382812
31.1015625,953.3220825195312,29.094764709472656
31.1171875,953.324951171875,29.09734344482422
31.1328125,953.3126831054688,29.106163024902344
31.1484375,953.324951171875,29.09734344482422
31.1640625,953.3043823242188,29.08594512939453
31.1796875,953.3116455078125,29.09734344482422
31.1953125,953.3175048828125,29.09734344482422
31.2109375,953.3180541992188,29.095497131347656
31.2265625,953.3017578125,29.08667755126953
31.2421875,953.3302001953125,29.094390869140625
31.2578125,953.3178100585938,29.09734344482422
31.2734375,953.3468017578125,29.10285186767578
31.2890625,953.314453125,29.10028076171875
31.3046875,953.3214721679688,29.110572814941406
31.3203125,953.3187866210938,29.094390869140625
31.3359375,953.3380737304688,29.093658447265625
31.3515625,953.3888549804688,29.09734344482422
31.3671875,953.4256591796875,29.08521270751953
