# Time (seconds),Pressure,Temp
0.0078125,952.7116088867188,26.673789978027344
0.0234375,952.7036743164062,26.673789978027344
0.0390625,952.6987915039062,26.673416137695312
0.0546875,952.6976318359375,26.673416137695312
0.0703125,952.7047729492188,26.661293029785156
0.0859375,952.7059326171875,26.676368713378906
0.1015625,952.7014770507812,26.674522399902344
0.1171875,952.7132568359375,26.664596557617188
0.1328125,952.7026977539062,26.66864776611328
0.1484375,952.7018432617188,26.671585083007812
0.1640625,952.7028198242188,26.66827392578125
0.1796875,952.691162109375,26.678932189941406
0.1953125,952.7052612304688,26.673416137695312
0.2109375,952.7042236328125,26.674522399902344
0.2265625,952.6959228515625,26.676368713378906
0.2421875,952.70263671875,26.68628692626953
0.2578125,952.7144165039062,26.671958923339844
0.2734375,952.70703125,26.673416137695312
0.2890625,952.6886596679688,26.68444061279297
0.3046875,952.6998901367188,26.68628692626953
0.3203125,952.7114868164062,26.676368713378906
0.3359375,952.6967163085938,26.676368713378906
0.3515625,952.6919555664062,26.680404663085938
0.3671875,952.6994018554688,26.682235717773438
0.3828125,952.7171020507812,26.68701934814453
0.3984375,952.731201171875,26.68701934814453
0.4140625,952.6971435546875,26.682235717773438
0.4296875,952.7081298828125,26.68077850341797
0.4453125,952.7055053710938,26.681503295898438
0.4609375,952.7139892578125,26.68701934814453
0.4765625,952.7115478515625,26.682235717773438
0.4921875,952.7045288085938,26.691055297851562
0.5078125,952.7070922851562,26.694007873535156
0.5234375,952.7056884765625,26.6837158203125
0.5390625,952.7081909179688,26.68187713623047
0.5546875,952.7109985351562,26.688125610351562
0.5703125,952.7229614257812,26.68518829345703
0.5859375,952.70654296875,26.68775177001953
0.6015625,952.6990356445312,26.6859130859375
0.6171875,952.712646484375,26.694007873535156
0.6328125,952.7068481445312,26.677467346191406
0.6484375,952.711669921875,26.691055297851562
0.6640625,952.7059326171875,26.697669982910156
0.6796875,952.7197265625,26.68444061279297
0.6953125,952.71240234375,26.697669982910156
0.7109375,952.7095947265625,26.68444061279297
0.7265625,952.71240234375,26.691055297851562
0.7421875,952.7119140625,26.695838928222656
0.7578125,952.7153930664062,26.682235717773438
0.7734375,952.6990356445312,26.695838928222656
0.7890625,952.6939086914062,26.691055297851562
0.8046875,952.7052612304688,26.693634033203125
0.8203125,952.698974609375,26.68701934814453
0.8359375,952.7049560546875,26.70062255859375
0.8515625,952.7098388671875,26.70062255859375
0.8671875,952.6912841796875,26.68701934814453
0.8828125,952.70849609375,26.691055297851562
0.8984375,952.7119140625,26.691055297851562
0.9140625,952.7119140625,26.681503295898438
0.9296875,952.7169799804688,26.697669982910156
0.9453125,952.712646484375,26.694007873535156
0.9609375,952.7182006835938,26.682235717773438
0.9765625,952.7056274414062,26.70062255859375
0.9921875,952.706298828125,26.68701934814453
1.0078125,952.7174682617188,26.68701934814453
1.0234375,952.7056274414062,26.696945190429688
1.0390625,952.718505859375,26.689956665039062
1.0546875,952.7129516601562,26.691055297851562
1.0703125,952.7095336914062,26.696945190429688
1.0859375,952.7059326171875,26.691055297851562
1.1015625,952.7005004882812,26.68885040283203
1.1171875,952.7177124023438,26.681137084960938
1.1328125,952.7240600585938,26.70062255859375
1.1484375,952.733154296875,26.694366455078125
1.1640625,952.7702026367188,26.70062255859375
1.1796875,952.8432006835938,26.691802978515625
1.1953125,952.8165283203125,26.70062255859375
1.2109375,952.8563232421875,26.692535400390625
1.2265625,952.8602905273438,26.697669982910156
1.2421875,952.822021484375,26.691055297851562
1.2578125,952.782470703125,26.696945190429688
1.2734375,952.857177734375,26.70062255859375
1.2890625,952.8096923828125,26.697669982910156
1.3046875,952.8136596679688,26.70062255859375
1.3203125,952.8139038085938,26.68701934814453
1.3359375,952.8245239257812,26.690322875976562
1.3515625,952.8087158203125,26.68444061279297
1.3671875,952.7794189453125,26.695838928222656
1.3828125,952.7954711914062,26.68701934814453
1.3984375,952.8322143554688,26.676727294921875
1.4140625,952.8258666992188,26.689224243164062
1.4296875,952.861083984375,26.68444061279297
1.4453125,952.8606567382812,26.66938018798828
1.4609375,952.8896484375,26.673416137695312
1.4765625,952.822021484375,26.680030822753906
1.4921875,952.7837524414062,26.680404663085938
1.5078125,952.8208618164062,26.673416137695312
1.5234375,952.817138671875,26.673789978027344
1.5390625,952.8303833007812,26.673416137695312
1.5546875,952.822021484375,26.676368713378906
1.5703125,952.84375,26.66900634765625
1.5859375,952.8359375,26.671958923339844
1.6015625,952.8426513671875,26.659454345703125
1.6171875,952.8558349609375,26.66497039794922
1.6328125,952.8413696289062,26.671585083007812
1.6484375,952.8450317382812,26.675994873046875
1.6640625,952.8909301757812,26.660934448242188
1.6796875,952.7883911132812,26.66864776611328
1.6953125,952.8519287109375,26.66827392578125
1.7109375,952.8309936523438,26.64916229248047
1.7265625,952.8148193359375,26.65357208251953
1.7421875,952.8755493164062,26.65100860595703
1.7578125,952.8251342773438,26.652847290039062
1.7734375,952.80859375,26.640716552734375
1.7890625,952.8048706054688,26.63006591796875
1.8046875,952.8259887695312,26.64990997314453
1.8203125,952.7705078125,26.642547607421875
1.8359375,952.7817993164062,26.644393920898438
1.8515625,952.7664794921875,26.63189697265625
1.8671875,952.7550659179688,26.63189697265625
1.8828125,952.74365234375,26.635208129882812
1.8984375,952.745849609375,26.637405395507812
1.9140625,952.7423706054688,26.63006591796875
1.9296875,952.7423095703125,26.620872497558594
1.9453125,952.733642578125,26.625656127929688
1.9609375,952.7400512695312,26.621604919433594
1.9765625,952.7313232421875,26.61573028564453
1.9921875,952.7163696289062,26.611679077148438
2.0078125,952.7387084960938,26.6124267578125
2.0234375,952.7357788085938,26.606170654296875
2.0390625,952.735107421875,26.6124267578125
2.0546875,952.7345581054688,26.605438232421875
2.0703125,952.7423095703125,26.601402282714844
2.0859375,952.7286376953125,26.590377807617188
2.1015625,952.7264404296875,26.59882354736328
2.1171875,952.7283935546875,26.59368133544922
2.1328125,952.7345581054688,26.594039916992188
2.1484375,952.7279663085938,26.590736389160156
2.1640625,952.7210083007812,26.59844970703125
2.1796875,952.734375,26.60065460205078
2.1953125,952.7274169921875,26.590736389160156
2.2109375,952.7138671875,26.587066650390625
2.2265625,952.7272338867188,26.59735107421875
2.2421875,952.7373046875,26.590377807617188
2.2578125,952.7210083007812,26.6131591796875
2.2734375,952.7196655273438,26.611679077148438
2.2890625,952.71484375,26.590377807617188
2.3046875,952.7216186523438,26.602500915527344
2.3203125,952.72216796875,26.59258270263672
2.3359375,952.7135009765625,26.607269287109375
2.3515625,952.7197265625,26.601028442382812
2.3671875,952.7227172851562,26.611679077148438
2.3828125,952.7267456054688,26.59735107421875
2.3984375,952.7205810546875,26.594039916992188
2.4140625,952.7142944335938,26.60065460205078
2.4296875,952.7100830078125,26.59844970703125
2.4453125,952.7171020507812,26.59882354736328
2.4609375,952.7129516601562,26.603965759277344
2.4765625,952.7163696289062,26.592208862304688
2.4921875,952.7032470703125,26.59771728515625
2.5078125,952.7205810546875,26.59735107421875
2.5234375,952.7080078125,26.581558227539062
2.5390625,952.7189331054688,26.57604217529297
2.5546875,952.7130737304688,26.5789794921875
2.5703125,952.7570190429688,26.587066650390625
2.5859375,952.8624267578125,26.59552001953125
2.6015625,952.870361328125,26.590736389160156
2.6171875,952.8148803710938,26.594039916992188
2.6328125,952.8134765625,26.590736389160156
2.6484375,952.8245239257812,26.594039916992188
2.6640625,952.8457641601562,26.590003967285156
2.6796875,952.8256225585938,26.583763122558594
2.6953125,952.8585205078125,26.5782470703125
2.7109375,952.8555297851562,26.58045196533203
2.7265625,952.7733154296875,26.582290649414062
2.7421875,952.8051147460938,26.601028442382812
2.7578125,952.8004760742188,26.583763122558594
2.7734375,952.7813110351562,26.590377807617188
2.7890625,952.8214721679688,26.585220336914062
2.8046875,952.7969970703125,26.588531494140625
2.8203125,952.7908325195312,26.574569702148438
2.8359375,952.7804565429688,26.571990966796875
2.8515625,952.798095703125,26.573471069335938
2.8671875,952.7409057617188,26.573837280273438
2.8828125,952.8072509765625,26.574195861816406
2.8984375,952.7899780273438,26.582290649414062
2.9140625,952.79443359375,26.571990966796875
2.9296875,952.7963256835938,26.570159912109375
2.9453125,952.759033203125,26.571258544921875
2.9609375,952.8058471679688,26.574195861816406
2.9765625,952.7869873046875,26.570892333984375
2.9921875,952.774658203125,26.555831909179688
3.0078125,952.773193359375,26.570533752441406
3.0234375,952.7902221679688,26.569786071777344
3.0390625,952.7489013671875,26.563919067382812
3.0546875,952.8063354492188,26.567955017089844
3.0703125,952.7791748046875,26.56317138671875
3.0859375,952.7428588867188,26.555099487304688
3.1015625,952.7850341796875,26.568687438964844
3.1171875,952.7977905273438,26.551422119140625
3.1328125,952.7464599609375,26.551422119140625
3.1484375,952.8014526367188,26.54443359375
3.1640625,952.8031616210938,26.535614013671875
3.1796875,952.771240234375,26.54663848876953
3.1953125,952.801513671875,26.54517364501953
3.2109375,952.804443359375,26.549583435058594
3.2265625,952.8305053710938,26.535614013671875
3.2421875,952.7891845703125,26.54296875
3.2578125,952.7677612304688,26.530845642089844
3.2734375,952.7611694335938,26.537818908691406
3.2890625,952.7498779296875,26.534881591796875
3.3046875,952.8518676757812,26.533782958984375
3.3203125,952.7925415039062,26.520179748535156
3.3359375,952.79296875,26.518341064453125
3.3515625,952.7957763671875,26.52568817138672
3.3671875,952.8018798828125,26.52202606201172
3.3828125,952.7232055664062,26.52753448486328
3.3984375,952.7698364257812,26.516868591308594
3.4140625,952.7921752929688,26.498504638671875
3.4296875,952.7526245117188,26.516868591308594
3.4453125,952.7657470703125,26.512832641601562
3.4609375,952.7432861328125,26.500335693359375
3.4765625,952.7551879882812,26.516868591308594
3.4921875,952.737060546875,26.513931274414062
3.5078125,952.762451171875,26.520919799804688
3.5234375,952.7446899414062,26.511001586914062
3.5390625,952.7430419921875,26.521278381347656
3.5546875,952.7477416992188,26.5084228515625
3.5703125,952.7529296875,26.5076904296875
3.5859375,952.7361450195312,26.521278381347656
3.6015625,952.74169921875,26.517616271972656
3.6171875,952.74365234375,26.509521484375
3.6328125,952.7303466796875,26.505844116210938
3.6484375,952.749755859375,26.52532958984375
3.6640625,952.736083984375,26.512832641601562
3.6796875,952.7349243164062,26.513206481933594
3.6953125,952.7366943359375,26.521278381347656
3.7109375,952.7388305664062,26.511001586914062
3.7265625,952.7305297851562,26.505111694335938
3.7421875,952.7179565429688,26.515037536621094
3.7578125,952.7381591796875,26.50548553466797
3.7734375,952.7251586914062,26.50548553466797
3.7890625,952.7257690429688,26.5091552734375
3.8046875,952.7190551757812,26.509521484375
3.8203125,952.7190551757812,26.501434326171875
3.8359375,952.7193603515625,26.513931274414062
3.8515625,952.7379760742188,26.516868591308594
3.8671875,952.7210083007812,26.515037536621094
3.8828125,952.7261352539062,26.5076904296875
3.8984375,952.7301635742188,26.50732421875
3.9140625,952.7260131835938,26.516868591308594
3.9296875,952.7269287109375,26.5091552734375
3.9453125,952.7184448242188,26.516868591308594
3.9609375,952.7096557617188,26.505844116210938
3.9765625,952.712646484375,26.516868591308594
3.9921875,952.718017578125,26.501075744628906
4.0078125,952.717529296875,26.516868591308594
4.0234375,952.704833984375,26.51245880126953
4.0390625,952.7073364257812,26.516868591308594
4.0546875,952.734130859375,26.515769958496094
4.0703125,952.7190551757812,26.515769958496094
4.0859375,952.7291870117188,26.505844116210938
4.1015625,952.70849609375,26.5076904296875
4.1171875,952.733154296875,26.513206481933594
4.1328125,952.719970703125,26.514663696289062
4.1484375,952.7135009765625,26.5091552734375
4.1640625,952.705810546875,26.50438690185547
4.1796875,952.7113647460938,26.514663696289062
4.1953125,952.719482421875,26.516868591308594
4.2109375,952.7090454101562,26.505111694335938
4.2265625,952.7125854492188,26.515411376953125
4.2421875,952.7130126953125,26.520919799804688
4.2578125,952.7129516601562,26.5091552734375
4.2734375,952.7040405273438,26.533782958984375
4.2890625,952.723876953125,26.509521484375
4.3046875,952.7285766601562,26.511001586914062
4.3203125,952.7251586914062,26.52312469482422
4.3359375,952.7699584960938,26.515037536621094
4.3515625,952.7614135742188,26.5076904296875
4.3671875,952.783935546875,26.521278381347656
4.3828125,952.7632446289062,26.505111694335938
4.3984375,952.7459716796875,26.52716064453125
4.4140625,952.7290649414062,26.513931274414062
4.4296875,952.7947387695312,26.516868591308594
4.4453125,952.8201904296875,26.514663696289062
4.4609375,952.8092041015625,26.52532958984375
4.4765625,952.783935546875,26.517616271972656
4.4921875,952.8190307617188,26.519447326660156
4.5078125,952.8814086914062,26.513931274414062
4.5234375,952.8108520507812,26.520179748535156
4.5390625,952.8963623046875,26.52532958984375
4.5546875,952.8329467773438,26.515037536621094
4.5703125,952.7835693359375,26.505111694335938
4.5859375,952.7914428710938,26.521278381347656
4.6015625,952.853515625,26.520919799804688
4.6171875,952.8558349609375,26.519073486328125
4.6328125,952.794677734375,26.52385711669922
4.6484375,952.7789916992188,26.509521484375
4.6640625,952.8367919921875,26.520919799804688
4.6796875,952.8444213867188,26.52532958984375
4.6953125,952.7767944335938,26.513931274414062
4.7109375,952.80615234375,26.511001586914062
4.7265625,952.78076171875,26.521278381347656
4.7421875,952.80029296875,26.512832641601562
4.7578125,952.837646484375,26.5076904296875
4.7734375,952.880126953125,26.50548553466797
4.7890625,952.7640991210938,26.511001586914062
4.8046875,952.8010864257812,26.501808166503906
4.8203125,952.8204345703125,26.505844116210938
4.8359375,952.7802124023438,26.5076904296875
4.8515625,952.8037109375,26.499229431152344
4.8671875,952.7855224609375,26.51136016845703
4.8828125,952.7866821289062,26.495567321777344
4.8984375,952.8192138671875,26.5076904296875
4.9140625,952.7892456054688,26.488204956054688
4.9296875,952.789794921875,26.49261474609375
4.9453125,952.8214111328125,26.487472534179688
4.9609375,952.7897338867188,26.49188232421875
4.9765625,952.8457641601562,26.485641479492188
4.9921875,952.78662109375,26.49225616455078
5.0078125,952.7603759765625,26.485641479492188
5.0234375,952.7782592773438,26.47167205810547
5.0390625,952.7774047851562,26.488204956054688
5.0546875,952.8059692382812,26.484901428222656
5.0703125,952.8086547851562,26.488204956054688
5.0859375,952.762939453125,26.47167205810547
5.1015625,952.79296875,26.468360900878906
5.1171875,952.7955932617188,26.475723266601562
5.1328125,952.7927856445312,26.4720458984375
5.1484375,952.7930297851562,26.465423583984375
5.1640625,952.8203735351562,26.464698791503906
5.1796875,952.776123046875,26.479385375976562
5.1953125,952.8134765625,26.468734741210938
5.2109375,952.7640380859375,26.461013793945312
5.2265625,952.7888793945312,26.465423583984375
5.2421875,952.7606201171875,26.47351837158203
5.2578125,952.7770385742188,26.463592529296875
5.2734375,952.7872924804688,26.45623779296875
5.2890625,952.7896728515625,26.45623779296875
5.3046875,952.8399047851562,26.468360900878906
5.3203125,952.7998046875,26.465797424316406
5.3359375,952.809814453125,26.476455688476562
5.3515625,952.7438354492188,26.463592529296875
5.3671875,952.8530883789062,26.450721740722656
5.3828125,952.7777099609375,26.45733642578125
5.3984375,952.7568359375,26.459182739257812
5.4140625,952.76904296875,26.45367431640625
5.4296875,952.7415161132812,26.45660400390625
5.4453125,952.7388305664062,26.45256805419922
5.4609375,952.7474975585938,26.448890686035156
5.4765625,952.751953125,26.447418212890625
5.4921875,952.75,26.444854736328125
5.5078125,952.7496948242188,26.447418212890625
5.5234375,952.7409057617188,26.459182739257812
5.5390625,952.7420654296875,26.449264526367188
5.5546875,952.7453002929688,26.45733642578125
5.5703125,952.7467041015625,26.45660400390625
5.5859375,952.73828125,26.459182739257812
5.6015625,952.7379760742188,26.45403289794922
5.6171875,952.7374267578125,26.459182739257812
5.6328125,952.7379760742188,26.447418212890625
5.6484375,952.7367553710938,26.449996948242188
5.6640625,952.721435546875,26.449264526367188
5.6796875,952.7369384765625,26.448158264160156
5.6953125,952.7302856445312,26.44190216064453
5.7109375,952.7296752929688,26.443008422851562
5.7265625,952.736328125,26.449996948242188
5.7421875,952.7299194335938,26.446311950683594
5.7578125,952.7169799804688,26.447418212890625
5.7734375,952.7283935546875,26.449996948242188
5.7890625,952.7244873046875,26.45660400390625
5.8046875,952.7335205078125,26.449996948242188
5.8203125,952.7125854492188,26.45733642578125
5.8359375,952.718017578125,26.44190216064453
5.8515625,952.7308959960938,26.45440673828125
5.8671875,952.7230834960938,26.448890686035156
5.8828125,952.7213745117188,26.45587921142578
5.8984375,952.7322387695312,26.450721740722656
5.9140625,952.7275390625,26.449996948242188
5.9296875,952.721435546875,26.449264526367188
5.9453125,952.7154541015625,26.442649841308594
5.9609375,952.7160034179688,26.443374633789062
5.9765625,952.71484375,26.45623779296875
5.9921875,952.7322998046875,26.444854736328125
6.0078125,952.7138061523438,26.45477294921875
6.0234375,952.7112426757812,26.43824005126953
6.0390625,952.7113647460938,26.447418212890625
6.0546875,952.7211303710938,26.450721740722656
6.0703125,952.7185668945312,26.44190216064453
6.0859375,952.7291259765625,26.450721740722656
6.1015625,952.7203979492188,26.442649841308594
6.1171875,952.7118530273438,26.450721740722656
6.1328125,952.7012329101562,26.451828002929688
6.1484375,952.7318725585938,26.447418212890625
6.1640625,952.7833251953125,26.43896484375
6.1796875,952.78857421875,26.444854736328125
6.1953125,952.8518676757812,26.44190216064453
6.2109375,952.8008422851562,26.45256805419922
6.2265625,952.8519897460938,26.459182739257812
6.2421875,952.7373046875,26.448890686035156
6.2578125,952.7913818359375,26.431625366210938
6.2734375,952.8128662109375,26.463592529296875
6.2890625,952.7665405273438,26.449264526367188
6.3046875,952.7973022460938,26.449996948242188
6.3203125,952.784912109375,26.449264526367188
6.3359375,952.7453002929688,26.450363159179688
6.3515625,952.7561645507812,26.43824005126953
6.3671875,952.8214111328125,26.447418212890625
6.3828125,952.814453125,26.43824005126953
6.3984375,952.7400512695312,26.442276000976562
6.4140625,952.7494506835938,26.44190216064453
6.4296875,952.7404174804688,26.447418212890625
6.4453125,952.8060913085938,26.44190216064453
6.4609375,952.7463989257812,26.447418212890625
6.4765625,952.7744140625,26.442649841308594
6.4921875,952.7799682617188,26.429779052734375
6.5078125,952.7606811523438,26.430877685546875
6.5234375,952.7285766601562,26.441177368164062
6.5390625,952.7600708007812,26.424636840820312
6.5546875,952.7596435546875,26.432723999023438
6.5703125,952.7120361328125,26.424636840820312
6.5859375,952.737548828125,26.429779052734375
6.6015625,952.7451171875,26.427215576171875
6.6171875,952.72216796875,26.41912841796875
6.6328125,952.7380981445312,26.412506103515625
6.6484375,952.8109741210938,26.41728973388672
6.6640625,952.7857666015625,26.428672790527344
6.6796875,952.8192138671875,26.414718627929688
6.6953125,952.8338623046875,26.41802215576172
6.7109375,952.7907104492188,26.415817260742188
6.7265625,952.7886352539062,26.41912841796875
6.7421875,952.7787475585938,26.412506103515625
6.7578125,952.8109741210938,26.41619110107422
6.7734375,952.7880859375,26.414344787597656
6.7890625,952.8416748046875,26.414344787597656
6.8046875,952.7872924804688,26.391189575195312
6.8203125,952.771240234375,26.396347045898438
6.8359375,952.8034057617188,26.40221405029297
6.8515625,952.7782592773438,26.388626098632812
6.8671875,952.7900390625,26.405899047851562
6.8828125,952.8049926757812,26.405166625976562
6.8984375,952.7738037109375,26.398910522460938
6.9140625,952.8084716796875,26.38788604736328
6.9296875,952.7678833007812,26.397079467773438
6.9453125,952.7682495117188,26.388259887695312
6.9609375,952.7853393554688,26.382369995117188
6.9765625,952.779296875,26.390090942382812
6.9921875,952.8123779296875,26.376861572265625
7.0078125,952.7930908203125,26.394866943359375
7.0234375,952.761474609375,26.389732360839844
7.0390625,952.780029296875,26.379806518554688
7.0546875,952.8394165039062,26.376861572265625
7.0703125,952.8128662109375,26.370986938476562
7.0859375,952.7512817382812,26.375755310058594
7.1015625,952.7649536132812,26.372817993164062
7.1171875,952.691162109375,26.375030517578125
7.1328125,952.7338256835938,26.368408203125
7.1484375,952.7427368164062,26.372817993164062
7.1640625,952.7485961914062,26.358116149902344
7.1796875,952.7536010742188,26.368408203125
7.1953125,952.7379760742188,26.3673095703125
7.2109375,952.7365112304688,26.370986938476562
7.2265625,952.7471923828125,26.3662109375
7.2421875,952.7586669921875,26.377601623535156
7.2578125,952.7615356445312,26.369140625
7.2734375,952.7582397460938,26.36768341064453
7.2890625,952.7509765625,26.363998413085938
7.3046875,952.7422485351562,26.357017517089844
7.3203125,952.7553100585938,26.37024688720703
7.3359375,952.7428588867188,26.357017517089844
7.3515625,952.7462768554688,26.36768341064453
7.3671875,952.7264404296875,26.372817993164062
7.3828125,952.7353515625,26.3673095703125
7.3984375,952.7347412109375,26.36437225341797
7.4140625,952.7422485351562,26.374656677246094
7.4296875,952.7427978515625,26.368408203125
7.4453125,952.7355346679688,26.3662109375
7.4609375,952.7293701171875,26.369140625
7.4765625,952.7349243164062,26.363998413085938
7.4921875,952.7315673828125,26.353347778320312
7.5078125,952.710693359375,26.360694885253906
7.5234375,952.7359008789062,26.370986938476562
7.5390625,952.7291870117188,26.376502990722656
7.5546875,952.7213745117188,26.36327362060547
7.5703125,952.7283935546875,26.37024688720703
7.5859375,952.7135620117188,26.362899780273438
7.6015625,952.71826171875,26.369140625
7.6171875,952.7163696289062,26.372093200683594
7.6328125,952.729248046875,26.36768341064453
7.6484375,952.7085571289062,26.369140625
7.6640625,952.7134399414062,26.357017517089844
7.6796875,952.7074584960938,26.36768341064453
7.6953125,952.7169189453125,26.3665771484375
7.7109375,952.7162475585938,26.361427307128906
7.7265625,952.7115478515625,26.362899780273438
7.7421875,952.7224731445312,26.35076904296875
7.7578125,952.7116088867188,26.365478515625
7.7734375,952.7196044921875,26.37134552001953
7.7890625,952.723876953125,26.358489990234375
7.8046875,952.7213745117188,26.369140625
7.8203125,952.7116088867188,26.3665771484375
7.8359375,952.7091064453125,26.36583709716797
7.8515625,952.7185668945312,26.361427307128906
7.8671875,952.7216796875,26.37024688720703
7.8828125,952.7261352539062,26.36768341064453
7.8984375,952.7132568359375,26.370986938476562
7.9140625,952.713623046875,26.370986938476562
7.9296875,952.713623046875,26.370986938476562
7.9453125,952.7291870117188,26.374298095703125
7.9609375,952.7049560546875,26.375755310058594
7.9765625,952.7069091796875,26.376129150390625
7.9921875,952.7255249023438,26.381637573242188
8.0078125,952.7230834960938,26.377227783203125
8.0234375,952.70654296875,26.381637573242188
8.0390625,952.7158203125,26.38421630859375
8.0546875,952.7208862304688,26.372817993164062
8.0703125,952.7120361328125,26.375396728515625
8.0859375,952.7152099609375,26.373550415039062
8.1015625,952.6995239257812,26.378707885742188
8.1171875,952.7227783203125,26.377960205078125
8.1328125,952.769287109375,26.389732360839844
8.1484375,952.77880859375,26.375755310058594
8.1640625,952.751220703125,26.38677978515625
8.1796875,952.778564453125,26.381637573242188
8.1953125,952.7958984375,26.376502990722656
8.2109375,952.7853393554688,26.390090942382812
8.2265625,952.7921142578125,26.38421630859375
8.2421875,952.7765502929688,26.382369995117188
8.2578125,952.8355102539062,26.389732360839844
8.2734375,952.8403930664062,26.395240783691406
8.2890625,952.7991333007812,26.38385009765625
8.3046875,952.830810546875,26.376861572265625
8.3203125,952.868408203125,26.374298095703125
8.3359375,952.8610229492188,26.378334045410156
8.3515625,952.8381958007812,26.380538940429688
8.3671875,952.8245239257812,26.37134552001953
8.3828125,952.8624877929688,26.370986938476562
8.3984375,952.8362426757812,26.370620727539062
8.4140625,952.8295288085938,26.36768341064453
8.4296875,952.7916870117188,26.379440307617188
8.4453125,952.8125,26.374656677246094
8.4609375,952.861083984375,26.375030517578125
8.4765625,952.839599609375,26.372093200683594
8.4921875,952.8673706054688,26.38201141357422
8.5078125,952.833740234375,26.363998413085938
8.5234375,952.7865600585938,26.359962463378906
8.5390625,952.819580078125,26.369140625
8.5546875,952.8323974609375,26.372817993164062
8.5703125,952.8010864257812,26.363998413085938
8.5859375,952.833740234375,26.37024688720703
8.6015625,952.794921875,26.355178833007812
8.6171875,952.79638671875,26.355178833007812
8.6328125,952.8101196289062,26.370986938476562
8.6484375,952.8189086914062,26.358489990234375
8.6640625,952.8463745117188,26.357017517089844
8.6796875,952.8001098632812,26.360694885253906
8.6953125,952.8345336914062,26.36327362060547
8.7109375,952.8677368164062,26.35076904296875
8.7265625,952.8037109375,26.341949462890625
8.7421875,952.835693359375,26.352981567382812
8.7578125,952.8182373046875,26.357017517089844
8.7734375,952.7857666015625,26.337539672851562
8.7890625,952.8317260742188,26.357017517089844
8.8046875,952.8072509765625,26.331298828125
8.8203125,952.7903442382812,26.336814880371094
8.8359375,952.826171875,26.341949462890625
8.8515625,952.7639770507812,26.336814880371094
8.8671875,952.7826538085938,26.337539672851562
8.8828125,952.7927856445312,26.3309326171875
8.8984375,952.7562866210938,26.31586456298828
8.9140625,952.7493286132812,26.31476593017578
8.9296875,952.749267578125,26.308883666992188
8.9453125,952.7379760742188,26.319900512695312
8.9609375,952.7503662109375,26.321739196777344
8.9765625,952.7278442382812,26.31586456298828
8.9921875,952.7453002929688,26.31586456298828
9.0078125,952.7267456054688,26.319900512695312
9.0234375,952.7252197265625,26.308883666992188
9.0390625,952.7319946289062,26.319175720214844
9.0546875,952.72412109375,26.31549072265625
9.0703125,952.7201538085938,26.304840087890625
9.0859375,952.73583984375,26.306671142578125
9.1015625,952.7222290039062,26.309608459472656
9.1171875,952.7290649414062,26.31145477294922
9.1328125,952.72265625,26.305572509765625
9.1484375,952.7268676757812,26.310714721679688
9.1640625,952.7178955078125,26.295654296875
9.1796875,952.7216796875,26.295654296875
9.1953125,952.7258911132812,26.30078887939453
9.2109375,952.7078857421875,26.29712677001953
9.2265625,952.7200317382812,26.302635192871094
9.2421875,952.6978759765625,26.291244506835938
9.2578125,952.7212524414062,26.285728454589844
9.2734375,952.7224731445312,26.300064086914062
9.2890625,952.7335205078125,26.289405822753906
9.3046875,952.7252807617188,26.284996032714844
9.3203125,952.7266235351562,26.29637908935547
9.3359375,952.6990356445312,26.30078887939453
9.3515625,952.7096557617188,26.291244506835938
9.3671875,952.708740234375,26.27984619140625
9.3828125,952.7111206054688,26.29637908935547
9.3984375,952.7091674804688,26.291969299316406
9.4140625,952.7009887695312,26.2978515625
9.4296875,952.6974487304688,26.294921875
9.4453125,952.6971435546875,26.300064086914062
9.4609375,952.7095947265625,26.303741455078125
9.4765625,952.6990966796875,26.287559509277344
9.4921875,952.7107543945312,26.29637908935547
9.5078125,952.7229614257812,26.2960205078125
9.5234375,952.7654418945312,26.285354614257812
9.5390625,952.7756958007812,26.300064086914062
9.5546875,952.8225708007812,26.29712677001953
9.5703125,952.83544921875,26.31145477294922
9.5859375,952.7998046875,26.309608459472656
9.6015625,952.7924194335938,26.31512451171875
9.6171875,952.8299560546875,26.319900512695312
9.6328125,952.8572998046875,26.2960205078125
9.6484375,952.8251953125,26.31512451171875
9.6640625,952.8049926757812,26.302993774414062
9.6796875,952.8318481445312,26.302993774414062
9.6953125,952.8635864257812,26.317703247070312
9.7109375,952.8021850585938,26.295654296875
9.7265625,952.872314453125,26.31329345703125
9.7421875,952.791015625,26.31512451171875
9.7578125,952.868896484375,26.306304931640625
9.7734375,952.8536987304688,26.302261352539062
9.7890625,952.8306274414062,26.304840087890625
9.8046875,952.8750610351562,26.308883666992188
9.8203125,952.7994995117188,26.291244506835938
9.8359375,952.888671875,26.302635192871094
9.8515625,952.8258666992188,26.300064086914062
9.8671875,952.8135986328125,26.281692504882812
9.8828125,952.7860717773438,26.30078887939453
9.8984375,952.779052734375,26.2974853515625
9.9140625,952.9244995117188,26.29637908935547
9.9296875,952.8377685546875,26.29822540283203
9.9453125,952.8624267578125,26.288665771484375
9.9609375,952.8304443359375,26.293075561523438
9.9765625,952.8063354492188,26.27617645263672
9.9921875,952.7933959960938,26.2960205078125
10.0078125,952.8496704101562,26.28131866455078
10.0234375,952.7938232421875,26.293075561523438
10.0390625,952.7590942382812,26.28131866455078
10.0546875,952.78662109375,26.27507781982422
10.0703125,952.7908325195312,26.281692504882812
10.0859375,952.8130493164062,26.28314971923828
10.1015625,952.8196411132812,26.27948760986328
10.1171875,952.8175659179688,26.273971557617188
10.1328125,952.7823486328125,26.272125244140625
10.1484375,952.7762451171875,26.27690887451172
10.1640625,952.8095092773438,26.289405822753906
10.1796875,952.8245239257812,26.265884399414062
10.1953125,952.8209838867188,26.27690887451172
10.2109375,952.800537109375,26.272125244140625
10.2265625,952.8197631835938,26.265884399414062
10.2421875,952.814453125,26.267356872558594
10.2578125,952.7517700195312,26.273971557617188
10.2734375,952.7901611328125,26.265884399414062
10.2890625,952.8030395507812,26.253387451171875
10.3046875,952.8017578125,26.264785766601562
10.3203125,952.7731323242188,26.258895874023438
10.3359375,952.7974853515625,26.256690979003906
10.3515625,952.8201293945312,26.248619079589844
10.3671875,952.8831787109375,26.24383544921875
10.3828125,952.77099609375,26.24383544921875
10.3984375,952.8092041015625,26.254127502441406
10.4140625,952.770751953125,26.24383544921875
10.4296875,952.787109375,26.251182556152344
10.4453125,952.7723388671875,26.24383544921875
10.4609375,952.7901611328125,26.255233764648438
10.4765625,952.7913208007812,26.24346160888672
10.4921875,952.8253173828125,26.235015869140625
10.5078125,952.76953125,26.24346160888672
10.5234375,952.780517578125,26.228775024414062
10.5390625,952.8143310546875,26.232810974121094
10.5546875,952.7794189453125,26.22840118408203
10.5703125,952.7556762695312,26.235015869140625
10.5859375,952.7623291015625,26.228775024414062
10.6015625,952.746826171875,26.220687866210938
10.6171875,952.7609252929688,26.22325897216797
10.6328125,952.7396850585938,26.215171813964844
10.6484375,952.7430419921875,26.2261962890625
10.6640625,952.7525634765625,26.218109130859375
10.6796875,952.73974609375,26.218849182128906
10.6953125,952.735595703125,26.218109130859375
10.7109375,952.7290649414062,26.220687866210938
10.7265625,952.7363891601562,26.203048706054688
10.7421875,952.734130859375,26.214439392089844
10.7578125,952.7442016601562,26.220687866210938
10.7734375,952.7251586914062,26.220687866210938
10.7890625,952.7244873046875,26.21002960205078
10.8046875,952.7425537109375,26.220687866210938
10.8203125,952.7251586914062,26.220687866210938
10.8359375,952.7244873046875,26.20818328857422
10.8515625,952.7077026367188,26.215171813964844
10.8671875,952.723876953125,26.218849182128906
10.8828125,952.7272338867188,26.213340759277344
10.8984375,952.7266845703125,26.213340759277344
10.9140625,952.7213134765625,26.22840118408203
10.9296875,952.7413330078125,26.21002960205078
10.9453125,952.732421875,26.232078552246094
10.9609375,952.74169921875,26.22325897216797
10.9765625,952.7246704101562,26.222518920898438
10.9921875,952.7235107421875,26.233917236328125
11.0078125,952.731689453125,26.24604034423828
11.0234375,952.725830078125,26.214439392089844
11.0390625,952.7178955078125,26.230979919433594
11.0546875,952.7416381835938,26.220687866210938
11.0703125,952.73046875,26.219581604003906
11.0859375,952.7356567382812,26.219581604003906
11.1015625,952.7183227539062,26.22802734375
11.1171875,952.7252197265625,26.233543395996094
11.1328125,952.7191162109375,26.232078552246094
11.1484375,952.7255249023438,26.22840118408203
11.1640625,952.7150268554688,26.22913360595703
11.1796875,952.7192993164062,26.231338500976562
11.1953125,952.7152709960938,26.234642028808594
11.2109375,952.7431640625,26.236846923828125
11.2265625,952.7201538085938,26.232078552246094
11.2421875,952.7196044921875,26.232810974121094
11.2578125,952.7255859375,26.233917236328125
11.2734375,952.715576171875,26.234642028808594
11.2890625,952.7198486328125,26.233543395996094
11.3046875,952.7286987304688,26.22802734375
11.3203125,952.725830078125,26.24200439453125
11.3359375,952.7300415039062,26.232437133789062
11.3515625,952.7154541015625,26.253028869628906
11.3671875,952.7192993164062,26.236488342285156
11.3828125,952.7241821289062,26.24346160888672
11.3984375,952.7207641601562,26.238327026367188
11.4140625,952.7166137695312,26.238693237304688
11.4296875,952.7154541015625,26.24163055419922
11.4453125,952.7163696289062,26.232078552246094
11.4609375,952.7255249023438,26.24420928955078
11.4765625,952.7166137695312,26.236488342285156
11.4921875,952.7169799804688,26.240158081054688
11.5078125,952.715576171875,26.253028869628906
11.5234375,952.717529296875,26.247146606445312
11.5390625,952.7169189453125,26.24383544921875
11.5546875,952.71240234375,26.2603759765625
11.5703125,952.7056884765625,26.247512817382812
11.5859375,952.7103881835938,26.251922607421875
11.6015625,952.7173461914062,26.237594604492188
11.6171875,952.7201538085938,26.24346160888672
11.6328125,952.7470092773438,26.247146606445312
11.6484375,952.7384033203125,26.256690979003906
11.6640625,952.7328491210938,26.24383544921875
11.6796875,952.77099609375,26.253387451171875
11.6953125,952.8179321289062,26.254127502441406
11.7109375,952.7786254882812,26.251922607421875
11.7265625,952.7801513671875,26.254127502441406
11.7421875,952.786376953125,26.265884399414062
11.7578125,952.7743530273438,26.27838134765625
11.7734375,952.831787109375,26.25853729248047
11.7890625,952.7659301757812,26.265884399414062
11.8046875,952.7886352539062,26.265884399414062
11.8203125,952.8365478515625,26.25853729248047
11.8359375,952.8734741210938,26.266616821289062
11.8515625,952.8682861328125,26.27690887451172
11.8671875,952.8190307617188,26.265884399414062
11.8828125,952.8180541992188,26.273605346679688
11.8984375,952.8289794921875,26.27690887451172
11.9140625,952.9529418945312,26.271026611328125
11.9296875,952.866943359375,26.2603759765625
11.9453125,952.8240356445312,26.266616821289062
11.9609375,952.8204345703125,26.25853729248047
11.9765625,952.8704223632812,26.254859924316406
11.9921875,952.818115234375,26.254859924316406
12.0078125,952.7953491210938,26.25926971435547
12.0234375,952.8825073242188,26.26220703125
12.0390625,952.8499145507812,26.266983032226562
12.0546875,952.8497924804688,26.265884399414062
12.0703125,952.87841796875,26.25853729248047
12.0859375,952.7927856445312,26.26294708251953
12.1015625,952.8494262695312,26.253028869628906
12.1171875,952.8292846679688,26.253387451171875
12.1328125,952.8836669921875,26.25926971435547
12.1484375,952.8310546875,26.254127502441406
12.1640625,952.87060546875,26.26184844970703
12.1796875,952.7919921875,26.257797241210938
12.1953125,952.818359375,26.24383544921875
12.2109375,952.8402709960938,26.255966186523438
12.2265625,952.7954711914062,26.24456787109375
12.2421875,952.7942504882812,26.250823974609375
12.2578125,952.8684692382812,26.235748291015625
12.2734375,952.8220825195312,26.234283447265625
12.2890625,952.866943359375,26.24383544921875
12.3046875,952.8223876953125,26.24530792236328
12.3203125,952.7967529296875,26.238693237304688
12.3359375,952.8243408203125,26.229873657226562
12.3515625,952.8245849609375,26.238327026367188
12.3671875,952.8642578125,26.22657012939453
12.3828125,952.7896118164062,26.235015869140625
12.3984375,952.8150024414062,26.234642028808594
12.4140625,952.7939453125,26.234642028808594
12.4296875,952.75927734375,26.220687866210938
12.4453125,952.7363891601562,26.222518920898438
12.4609375,952.7462158203125,26.215171813964844
12.4765625,952.7442016601562,26.220314025878906
12.4921875,952.7393798828125,26.21002960205078
12.5078125,952.7353515625,26.212966918945312
12.5234375,952.7386474609375,26.218849182128906
12.5390625,952.7451171875,26.21149444580078
12.5546875,952.7509765625,26.217002868652344
12.5703125,952.7395629882812,26.218849182128906
12.5859375,952.740966796875,26.21002960205078
12.6015625,952.7384033203125,26.22913360595703
12.6171875,952.7528076171875,26.215545654296875
12.6328125,952.7442626953125,26.22913360595703
12.6484375,952.731201171875,26.21259307861328
12.6640625,952.725341796875,26.204147338867188
12.6796875,952.7341918945312,26.217002868652344
12.6953125,952.7473754882812,26.211868286132812
12.7109375,952.7283935546875,26.227294921875
12.7265625,952.7251586914062,26.21149444580078
12.7421875,952.7283325195312,26.20708465576172
12.7578125,952.7135620117188,26.211868286132812
12.7734375,952.7212524414062,26.217002868652344
12.7890625,952.7276611328125,26.215171813964844
12.8046875,952.7286376953125,26.214797973632812
12.8203125,952.7286376953125,26.215171813964844
12.8359375,952.7227172851562,26.215171813964844
12.8515625,952.753173828125,26.20893096923828
12.8671875,952.7291870117188,26.22509765625
12.8828125,952.7278442382812,26.20818328857422
12.8984375,952.7172241210938,26.220687866210938
12.9140625,952.7149658203125,26.215171813964844
12.9296875,952.73046875,26.21002960205078
12.9453125,952.7264404296875,26.21076202392578
12.9609375,952.7348022460938,26.213340759277344
12.9765625,952.7225341796875,26.22325897216797
12.9921875,952.7246704101562,26.218849182128906
13.0078125,952.7361450195312,26.224365234375
13.0234375,952.720703125,26.220687866210938
13.0390625,952.7191162109375,26.222518920898438
13.0546875,952.7120971679688,26.220687866210938
13.0703125,952.7137451171875,26.220687866210938
13.0859375,952.7155151367188,26.211868286132812
13.1015625,952.7235717773438,26.213340759277344
13.1171875,952.7135620117188,26.220687866210938
13.1328125,952.7221069335938,26.219955444335938
13.1484375,952.713623046875,26.2261962890625
13.1640625,952.72802734375,26.222518920898438
13.1796875,952.720458984375,26.230979919433594
13.1953125,952.7152709960938,26.232078552246094
13.2109375,952.7147216796875,26.222885131835938
13.2265625,952.7252807617188,26.220687866210938
13.2421875,952.7178955078125,26.231704711914062
13.2578125,952.7147216796875,26.217002868652344
13.2734375,952.7138671875,26.22913360595703
13.2890625,952.7151489257812,26.234642028808594
13.3046875,952.7186279296875,26.218109130859375
13.3203125,952.708740234375,26.222518920898438
13.3359375,952.7061767578125,26.24163055419922
13.3515625,952.7294921875,26.232810974121094
13.3671875,952.7149047851562,26.230979919433594
13.3828125,952.7159423828125,26.238693237304688
13.3984375,952.7227172851562,26.2261962890625
13.4140625,952.7142944335938,26.219581604003906
13.4296875,952.714111328125,26.217002868652344
13.4453125,952.7055053710938,26.24200439453125
13.4609375,952.7037963867188,26.24604034423828
13.4765625,952.7210083007812,26.24200439453125
13.4921875,952.770751953125,26.237594604492188
13.5078125,952.738037109375,26.235015869140625
13.5234375,952.7904663085938,26.232078552246094
13.5390625,952.74169921875,26.238327026367188
13.5546875,952.74169921875,26.247512817382812
13.5703125,952.7882080078125,26.236488342285156
13.5859375,952.7642822265625,26.24604034423828
13.6015625,952.8112182617188,26.240158081054688
13.6171875,952.7885131835938,26.24200439453125
13.6328125,952.9022216796875,26.248977661132812
13.6484375,952.8031005859375,26.24346160888672
13.6640625,952.855224609375,26.240158081054688
13.6796875,952.8345947265625,26.24273681640625
13.6953125,952.79296875,26.231338500976562
13.7109375,952.779296875,26.235748291015625
13.7265625,952.7665405273438,26.232437133789062
13.7421875,952.7877807617188,26.236846923828125
13.7578125,952.7571411132812,26.232078552246094
13.7734375,952.7559814453125,26.240158081054688
13.7890625,952.7783203125,26.235748291015625
13.8046875,952.7767944335938,26.235748291015625
13.8203125,952.792236328125,26.248977661132812
13.8359375,952.7744140625,26.235748291015625
13.8515625,952.8220825195312,26.24346160888672
13.8671875,952.7518310546875,26.232810974121094
13.8828125,952.774658203125,26.22657012939453
13.8984375,952.815185546875,26.232078552246094
13.9140625,952.8289794921875,26.233917236328125
13.9296875,952.776611328125,26.23023223876953
13.9453125,952.8234252929688,26.22325897216797
13.9609375,952.7886352539062,26.234283447265625
13.9765625,952.8907470703125,26.219955444335938
13.9921875,952.8206176757812,26.220687866210938
14.0078125,952.7974243164062,26.22472381591797
14.0234375,952.821044921875,26.215171813964844
14.0390625,952.7997436523438,26.214439392089844
14.0546875,952.849365234375,26.21076202392578
14.0703125,952.8985595703125,26.224365234375
14.0859375,952.8659057617188,26.20635223388672
14.1015625,952.8306884765625,26.215171813964844
14.1171875,952.7854614257812,26.218849182128906
14.1328125,952.7667236328125,26.197532653808594
14.1484375,952.843505859375,26.20818328857422
14.1640625,952.8123168945312,26.21149444580078
14.1796875,952.9027709960938,26.21076202392578
14.1953125,952.800537109375,26.20745849609375
14.2109375,952.7542724609375,26.203773498535156
14.2265625,952.7849731445312,26.183197021484375
14.2421875,952.8020629882812,26.19385528564453
14.2578125,952.7606811523438,26.20818328857422
14.2734375,952.8499755859375,26.196060180664062
14.2890625,952.7656860351562,26.199363708496094
14.3046875,952.8030395507812,26.196800231933594
14.3203125,952.7340698242188,26.184303283691406
14.3359375,952.8834228515625,26.1890869140625
14.3515625,952.764892578125,26.186134338378906
14.3671875,952.8112182617188,26.186508178710938
14.3828125,952.808349609375,26.18798065185547
14.3984375,952.776123046875,26.182472229003906
14.4140625,952.7816772460938,26.175857543945312
14.4296875,952.887939453125,26.182472229003906
14.4453125,952.7612915039062,26.17731475830078
14.4609375,952.7559814453125,26.168495178222656
14.4765625,952.784423828125,26.17144775390625
14.4921875,952.7625732421875,26.166664123535156
14.5078125,952.7501220703125,26.17144775390625
14.5234375,952.7470092773438,26.17327880859375
14.5390625,952.7562255859375,26.168495178222656
14.5546875,952.7587280273438,26.17731475830078
14.5703125,952.7476196289062,26.164833068847656
14.5859375,952.7463989257812,26.181724548339844
14.6015625,952.7570190429688,26.17144775390625
14.6171875,952.7302856445312,26.184303283691406
14.6328125,952.73583984375,26.167770385742188
14.6484375,952.7418823242188,26.1927490234375
14.6640625,952.7330322265625,26.17437744140625
14.6796875,952.731201171875,26.164833068847656
14.6953125,952.7410888671875,26.169601440429688
14.7109375,952.746826171875,26.17327880859375
14.7265625,952.7400512695312,26.17327880859375
14.7421875,952.7197265625,26.186134338378906
14.7578125,952.7329711914062,26.182472229003906
14.7734375,952.7326049804688,26.164085388183594
14.7890625,952.730224609375,26.17327880859375
14.8046875,952.7227783203125,26.164833068847656
14.8203125,952.7177124023438,26.164833068847656
14.8359375,952.7308349609375,26.17365264892578
14.8515625,952.7288208007812,26.180267333984375
14.8671875,952.7252197265625,26.164833068847656
14.8828125,952.7129516601562,26.168869018554688
14.8984375,952.7133178710938,26.160781860351562
14.9140625,952.7244873046875,26.160781860351562
14.9296875,952.7275390625,26.167770385742188
14.9453125,952.7352905273438,26.157470703125
14.9609375,952.7301635742188,26.17731475830078
14.9765625,952.7099609375,26.15784454345703
14.9921875,952.7073974609375,26.15160369873047
15.0078125,952.7205810546875,26.1563720703125
15.0234375,952.7073364257812,26.168495178222656
15.0390625,952.7091064453125,26.17034149169922
15.0546875,952.7194213867188,26.161521911621094
15.0703125,952.7185668945312,26.17144775390625
15.0859375,952.7135620117188,26.164085388183594
15.1015625,952.7092895507812,26.164833068847656
15.1171875,952.6944580078125,26.15857696533203
15.1328125,952.7272338867188,26.154541015625
15.1484375,952.702392578125,26.1563720703125
15.1640625,952.704345703125,26.164833068847656
15.1796875,952.719482421875,26.167770385742188
15.1953125,952.7227172851562,26.180267333984375
15.2109375,952.7282104492188,26.180267333984375
15.2265625,952.760498046875,26.168495178222656
15.2421875,952.7688598632812,26.17365264892578
15.2578125,952.7532348632812,26.17327880859375
15.2734375,952.8130493164062,26.180999755859375
15.2890625,952.80419921875,26.178787231445312
15.3046875,952.7926635742188,26.182472229003906
15.3203125,952.7822265625,26.168495178222656
15.3359375,952.8465576171875,26.17327880859375
15.3515625,952.8530883789062,26.17327880859375
15.3671875,952.8560791015625,26.169601440429688
15.3828125,952.816162109375,26.182472229003906
15.3984375,952.8641967773438,26.178787231445312
15.4140625,952.7520141601562,26.180999755859375
15.4296875,952.8477783203125,26.17327880859375
15.4453125,952.875732421875,26.17731475830078
15.4609375,952.8773193359375,26.163360595703125
15.4765625,952.7928466796875,26.17731475830078
15.4921875,952.765625,26.17144775390625
15.5078125,952.780517578125,26.154541015625
15.5234375,952.7340698242188,26.15160369873047
15.5390625,952.7797241210938,26.168495178222656
15.5546875,952.7437133789062,26.162254333496094
15.5703125,952.7054443359375,26.162254333496094
15.5859375,952.8028564453125,26.147193908691406
15.6015625,952.7230834960938,26.162254333496094
15.6171875,952.8077392578125,26.164833068847656
15.6328125,952.7278442382812,26.160781860351562
15.6484375,952.7490234375,26.162628173828125
15.6640625,952.7797241210938,26.157470703125
15.6796875,952.755859375,26.160423278808594
15.6953125,952.8535766601562,26.164833068847656
15.7109375,952.7308349609375,26.15160369873047
15.7265625,952.865234375,26.154541015625
15.7421875,952.7340698242188,26.162254333496094
15.7578125,952.8429565429688,26.164833068847656
15.7734375,952.7697143554688,26.1563720703125
15.7890625,952.7802734375,26.15380859375
15.8046875,952.7650756835938,26.14093780517578
15.8203125,952.7517700195312,26.15601348876953
15.8359375,952.7455444335938,26.14203643798828
15.8515625,952.7758178710938,26.144241333007812
15.8671875,952.752685546875,26.145721435546875
15.8828125,952.7744140625,26.13873291015625
15.8984375,952.7659301757812,26.143142700195312
15.9140625,952.7478637695312,26.13873291015625
15.9296875,952.7754516601562,26.12439727783203
15.9453125,952.7208251953125,26.13873291015625
15.9609375,952.8538208007812,26.128448486328125
15.9765625,952.7774047851562,26.13873291015625
15.9921875,952.7862548828125,26.13947296142578
16.0078125,952.7744140625,26.140579223632812
16.0234375,952.7786254882812,26.140579223632812
16.0390625,952.7542114257812,26.129913330078125
16.0546875,952.7853393554688,26.132118225097656
16.0703125,952.7216796875,26.130279541015625
16.0859375,952.7638549804688,26.1214599609375
16.1015625,952.791748046875,26.129180908203125
16.1171875,952.7548217773438,26.1214599609375
16.1328125,952.7421875,26.126976013183594
16.1484375,952.7044067382812,26.113746643066406
16.1640625,952.683349609375,26.109710693359375
16.1796875,952.8234252929688,26.122940063476562
16.1953125,952.8002319335938,26.114479064941406
16.2109375,952.7928466796875,26.110809326171875
16.2265625,952.76318359375,26.111167907714844
16.2421875,952.7177734375,26.115951538085938
16.2578125,952.8604736328125,26.111167907714844
16.2734375,952.8032836914062,26.110443115234375
16.2890625,952.8091430664062,26.10345458984375
16.3046875,952.7910766601562,26.111167907714844
16.3203125,952.8086547851562,26.091697692871094
16.3359375,952.7606201171875,26.10345458984375
16.3515625,952.7473754882812,26.110443115234375
16.3671875,952.7523193359375,26.12073516845703
16.3828125,952.7570190429688,26.114120483398438
16.3984375,952.752685546875,26.10345458984375
16.4140625,952.7325439453125,26.095375061035156
16.4296875,952.7508544921875,26.106033325195312
16.4453125,952.7531127929688,26.10162353515625
16.4609375,952.7622680664062,26.10345458984375
16.4765625,952.7325439453125,26.083984375
16.4921875,952.7413940429688,26.108230590820312
16.5078125,952.7444458007812,26.09868621826172
16.5234375,952.7571411132812,26.095375061035156
16.5390625,952.7424926757812,26.107505798339844
16.5546875,952.7407836914062,26.10455322265625
16.5703125,952.736328125,26.10345458984375
16.5859375,952.7330932617188,26.10162353515625
16.6015625,952.7275390625,26.10234832763672
16.6171875,952.7491455078125,26.097938537597656
16.6328125,952.7409057617188,26.092071533203125
16.6484375,952.7314453125,26.08470916748047
16.6640625,952.73193359375,26.097938537597656
16.6796875,952.73974609375,26.093902587890625
16.6953125,952.732177734375,26.10162353515625
16.7109375,952.72998046875,26.110443115234375
16.7265625,952.7254638671875,26.10419464111328
16.7421875,952.7289428710938,26.099044799804688
16.7578125,952.7291870117188,26.10419464111328
16.7734375,952.7296142578125,26.110443115234375
16.7890625,952.7296142578125,26.113014221191406
16.8046875,952.7227172851562,26.107505798339844
16.8203125,952.7286987304688,26.108230590820312
16.8359375,952.728271484375,26.111167907714844
16.8515625,952.7141723632812,26.116683959960938
16.8671875,952.7296142578125,26.11962890625
16.8828125,952.7144165039062,26.108604431152344
16.8984375,952.7294311523438,26.11742401123047
16.9140625,952.7302856445312,26.112274169921875
16.9296875,952.7250366210938,26.115951538085938
16.9453125,952.7140502929688,26.110443115234375
16.9609375,952.71826171875,26.115951538085938
16.9765625,952.719970703125,26.11632537841797
16.9921875,952.7188720703125,26.111167907714844
17.0078125,952.7166137695312,26.120361328125
17.0234375,952.7263793945312,26.122940063476562
17.0390625,952.727294921875,26.112640380859375
17.0546875,952.7185668945312,26.114479064941406
17.0703125,952.7294311523438,26.112274169921875
17.0859375,952.713623046875,26.11815643310547
17.1015625,952.7142944335938,26.11742401123047
17.1171875,952.7177734375,26.130279541015625
17.1328125,952.69091796875,26.125869750976562
17.1484375,952.7138671875,26.12109375
17.1640625,952.714599609375,26.127708435058594
17.1796875,952.7307739257812,26.128448486328125
17.1953125,952.71826171875,26.117050170898438
17.2109375,952.708251953125,26.126243591308594
17.2265625,952.7048950195312,26.130279541015625
17.2421875,952.7059326171875,26.129913330078125
17.2578125,952.6993408203125,26.1214599609375
17.2734375,952.7092895507812,26.127708435058594
17.2890625,952.712890625,26.127708435058594
17.3046875,952.7152709960938,26.134323120117188
17.3203125,952.7129516601562,26.130653381347656
17.3359375,952.7155151367188,26.125503540039062
17.3515625,952.7263793945312,26.130653381347656
17.3671875,952.7430419921875,26.125503540039062
17.3828125,952.7706298828125,26.141311645507812
17.3984375,952.822998046875,26.130279541015625
17.4140625,952.8367919921875,26.132858276367188
17.4296875,952.7916259765625,26.129913330078125
17.4453125,952.7483520507812,26.1214599609375
17.4609375,952.7846069335938,26.135421752929688
17.4765625,952.7607421875,26.130279541015625
17.4921875,952.7734375,26.13800048828125
17.5078125,952.800537109375,26.128448486328125
17.5234375,952.7582397460938,26.135421752929688
17.5390625,952.7680053710938,26.130653381347656
17.5546875,952.7543334960938,26.134323120117188
17.5703125,952.7780151367188,26.13396453857422
17.5859375,952.8079223632812,26.131385803222656
17.6015625,952.7359008789062,26.143142700195312
17.6171875,952.737060546875,26.13726806640625
17.6328125,952.7550048828125,26.142784118652344
17.6484375,952.7693481445312,26.13652801513672
17.6640625,952.7824096679688,26.127708435058594
17.6796875,952.8186645507812,26.13616943359375
17.6953125,952.7656860351562,26.13873291015625
17.7109375,952.784423828125,26.13837432861328
17.7265625,952.7916870117188,26.13983154296875
17.7421875,952.829345703125,26.133216857910156
17.7578125,952.7462158203125,26.13652801513672
17.7734375,952.7877807617188,26.13947296142578
17.7890625,952.858642578125,26.1221923828125
17.8046875,952.791748046875,26.130279541015625
17.8203125,952.7674560546875,26.122940063476562
17.8359375,952.833740234375,26.1214599609375
17.8515625,952.7970581054688,26.128448486328125
17.8671875,952.8055419921875,26.11742401123047
17.8828125,952.7422485351562,26.132492065429688
17.8984375,952.75341796875,26.112640380859375
17.9140625,952.7813110351562,26.113372802734375
17.9296875,952.8739624023438,26.10419464111328
17.9453125,952.762451171875,26.10675811767578
17.9609375,952.7376098632812,26.098312377929688
17.9765625,952.7835083007812,26.097213745117188
17.9921875,952.7737426757812,26.10455322265625
18.0078125,952.7464599609375,26.106033325195312
18.0234375,952.7465209960938,26.108230590820312
18.0390625,952.7569580078125,26.096481323242188
18.0546875,952.770751953125,26.10419464111328
18.0703125,952.7534790039062,26.090591430664062
18.0859375,952.7372436523438,26.108604431152344
18.1015625,952.7719116210938,26.092430114746094
18.1171875,952.80615234375,26.095375061035156
18.1328125,952.7526245117188,26.092803955078125
18.1484375,952.7721557617188,26.109710693359375
18.1640625,952.748046875,26.092803955078125
18.1796875,952.7692260742188,26.0850830078125
18.1953125,952.8012084960938,26.093170166015625
18.2109375,952.7440185546875,26.096481323242188
18.2265625,952.8071899414062,26.081405639648438
18.2421875,952.8009033203125,26.093170166015625
18.2578125,952.7667846679688,26.088394165039062
18.2734375,952.7669067382812,26.080299377441406
18.2890625,952.7643432617188,26.08802032470703
18.3046875,952.7704467773438,26.079200744628906
18.3203125,952.7313232421875,26.06964874267578
18.3359375,952.7531127929688,26.078468322753906
18.3515625,952.73193359375,26.080673217773438
18.3671875,952.7344360351562,26.0843505859375
18.3828125,952.7384033203125,26.087661743164062
18.3984375,952.74169921875,26.08361053466797
18.4140625,952.7383422851562,26.092430114746094
18.4296875,952.7391967773438,26.080673217773438
18.4453125,952.7380981445312,26.0869140625
18.4609375,952.7500610351562,26.078468322753906
18.4765625,952.748046875,26.0869140625
18.4921875,952.7314453125,26.076263427734375
18.5078125,952.7191162109375,26.075164794921875
18.5234375,952.7446899414062,26.078468322753906
18.5390625,952.7235717773438,26.079940795898438
18.5546875,952.7439575195312,26.0858154296875
18.5703125,952.7385864257812,26.083251953125
18.5859375,952.7257690429688,26.06561279296875
18.6015625,952.7210083007812,26.082504272460938
18.6171875,952.7322998046875,26.06964874267578
18.6328125,952.729248046875,26.078842163085938
18.6484375,952.7271728515625,26.06891632080078
18.6640625,952.7310180664062,26.08287811279297
18.6796875,952.7215576171875,26.08470916748047
18.6953125,952.7229614257812,26.078468322753906
18.7109375,952.7301635742188,26.083984375
18.7265625,952.7342529296875,26.078468322753906
18.7421875,952.725341796875,26.089866638183594
18.7578125,952.7341918945312,26.079200744628906
18.7734375,952.7396850585938,26.092803955078125
18.7890625,952.727294921875,26.074790954589844
18.8046875,952.7177124023438,26.078468322753906
18.8203125,952.7223510742188,26.10162353515625
18.8359375,952.7280883789062,26.083984375
18.8515625,952.704345703125,26.078468322753906
18.8671875,952.7218017578125,26.092430114746094
18.8828125,952.7236328125,26.10419464111328
18.8984375,952.7247924804688,26.0843505859375
18.9140625,952.7157592773438,26.088760375976562
18.9296875,952.7006225585938,26.092430114746094
18.9453125,952.7051391601562,26.08802032470703
18.9609375,952.7267456054688,26.092430114746094
18.9765625,952.716552734375,26.080299377441406
18.9921875,952.7111206054688,26.087661743164062
19.0078125,952.7113037109375,26.092430114746094
19.0234375,952.73388671875,26.08728790283203
19.0390625,952.7213134765625,26.0843505859375
19.0546875,952.7263793945312,26.089492797851562
19.0703125,952.7144165039062,26.078468322753906
19.0859375,952.71875,26.08802032470703
19.1015625,952.7113037109375,26.088760375976562
19.1171875,952.7210083007812,26.08911895751953
19.1328125,952.7084350585938,26.0843505859375
19.1484375,952.7192993164062,26.0869140625
19.1640625,952.7100830078125,26.086181640625
19.1796875,952.714111328125,26.098312377929688
19.1953125,952.7153930664062,26.096481323242188
19.2109375,952.7056274414062,26.106033325195312
19.2265625,952.7088623046875,26.117050170898438
19.2421875,952.7172241210938,26.10051727294922
19.2578125,952.7124633789062,26.10419464111328
19.2734375,952.706298828125,26.112640380859375
19.2890625,952.7311401367188,26.09978485107422
19.3046875,952.7064819335938,26.110443115234375
19.3203125,952.7075805664062,26.095375061035156
19.3359375,952.7120361328125,26.114479064941406
19.3515625,952.7085571289062,26.108604431152344
19.3671875,952.7037963867188,26.094635009765625
19.3828125,952.707763671875,26.10198974609375
19.3984375,952.7127075195312,26.115219116210938
19.4140625,952.7169799804688,26.10345458984375
19.4296875,952.7062377929688,26.113746643066406
19.4453125,952.7252197265625,26.111915588378906
19.4609375,952.7046508789062,26.11815643310547
19.4765625,952.7142944335938,26.113372802734375
19.4921875,952.7228393554688,26.12439727783203
19.5078125,952.7059326171875,26.11742401123047
19.5234375,952.7344970703125,26.113014221191406
19.5390625,952.8094482421875,26.132118225097656
19.5546875,952.7653198242188,26.11888885498047
19.5703125,952.8076171875,26.125869750976562
19.5859375,952.8794555664062,26.125144958496094
19.6015625,952.8889770507812,26.11632537841797
19.6171875,952.8384399414062,26.133590698242188
19.6328125,952.8736572265625,26.130279541015625
19.6484375,952.8075561523438,26.113746643066406
19.6640625,952.811279296875,26.125503540039062
19.6796875,952.9068603515625,26.127708435058594
19.6953125,952.9280395507812,26.1192626953125
19.7109375,952.8811645507812,26.120361328125
19.7265625,952.8077392578125,26.125503540039062
19.7421875,952.8817749023438,26.11632537841797
19.7578125,952.8665161132812,26.122940063476562
19.7734375,952.8091430664062,26.120361328125
19.7890625,952.8046875,26.129180908203125
19.8046875,952.8271484375,26.123672485351562
19.8203125,952.7835693359375,26.123672485351562
19.8359375,952.8792114257812,26.120361328125
19.8515625,952.8627319335938,26.110809326171875
19.8671875,952.8343505859375,26.126976013183594
19.8828125,952.8974609375,26.115951538085938
19.8984375,952.8401489257812,26.11888885498047
19.9140625,952.7885131835938,26.123672485351562
19.9296875,952.80810546875,26.1214599609375
19.9453125,952.8228759765625,26.127708435058594
19.9609375,952.9507446289062,26.120361328125
19.9765625,952.8818359375,26.114120483398438
19.9921875,952.841796875,26.114479064941406
20.0078125,952.7880249023438,26.11888885498047
20.0234375,952.8045654296875,26.10419464111328
20.0390625,952.8515625,26.092803955078125
20.0546875,952.8522338867188,26.09978485107422
20.0703125,952.8654174804688,26.108230590820312
20.0859375,952.8633422851562,26.08545684814453
20.1015625,952.8323364257812,26.10345458984375
20.1171875,953.0068359375,26.092071533203125
20.1328125,952.80078125,26.09978485107422
20.1484375,952.80810546875,26.088394165039062
20.1640625,952.8427734375,26.09868621826172
20.1796875,952.8438110351562,26.095375061035156
20.1953125,952.843505859375,26.092430114746094
20.2109375,952.821044921875,26.088394165039062
20.2265625,952.8321533203125,26.092071533203125
20.2421875,952.8079223632812,26.083251953125
20.2578125,952.8316040039062,26.080299377441406
20.2734375,952.78466796875,26.087661743164062
20.2890625,952.809326171875,26.10162353515625
20.3046875,952.7723999023438,26.093170166015625
20.3203125,952.7727661132812,26.090225219726562
20.3359375,952.7461547851562,26.083984375
20.3515625,952.7479248046875,26.10162353515625
20.3671875,952.7634887695312,26.088760375976562
20.3828125,952.7490234375,26.091697692871094
20.3984375,952.7510986328125,26.08470916748047
20.4140625,952.7486572265625,26.076263427734375
20.4296875,952.747802734375,26.087661743164062
20.4453125,952.7620849609375,26.08287811279297
20.4609375,952.7484130859375,26.0850830078125
20.4765625,952.7522583007812,26.0869140625
20.4921875,952.7489013671875,26.08287811279297
20.5078125,952.73828125,26.08802032470703
20.5234375,952.7514038085938,26.074432373046875
20.5390625,952.7445678710938,26.078468322753906
20.5546875,952.7378540039062,26.0843505859375
20.5703125,952.7384033203125,26.06891632080078
20.5859375,952.7230834960938,26.0850830078125
20.6015625,952.7384643554688,26.087661743164062
20.6171875,952.7315673828125,26.078468322753906
20.6328125,952.7193603515625,26.074790954589844
20.6484375,952.7374877929688,26.091697692871094
20.6640625,952.734375,26.080299377441406
20.6796875,952.7302856445312,26.073326110839844
20.6953125,952.7247924804688,26.06781768798828
20.7109375,952.728515625,26.06634521484375
20.7265625,952.7371826171875,26.078842163085938
20.7421875,952.725341796875,26.07038116455078
20.7578125,952.7369995117188,26.078468322753906
20.7734375,952.7193603515625,26.078468322753906
20.7890625,952.7330932617188,26.090965270996094
20.8046875,952.7391357421875,26.0869140625
20.8203125,952.7230834960938,26.086181640625
20.8359375,952.7338256835938,26.074058532714844
20.8515625,952.7326049804688,26.074432373046875
20.8671875,952.729736328125,26.078468322753906
20.8828125,952.7271118164062,26.080299377441406
20.8984375,952.7279663085938,26.078468322753906
20.9140625,952.7223510742188,26.079200744628906
20.9296875,952.725341796875,26.072586059570312
20.9453125,952.7163696289062,26.078842163085938
20.9609375,952.7152099609375,26.074790954589844
20.9765625,952.7386474609375,26.079940795898438
20.9921875,952.722412109375,26.079200744628906
21.0078125,952.7103881835938,26.078842163085938
21.0234375,952.7258911132812,26.078468322753906
21.0390625,952.7258911132812,26.086181640625
21.0546875,952.7278442382812,26.092071533203125
21.0703125,952.7350463867188,26.0850830078125
21.0859375,952.722412109375,26.076263427734375
21.1015625,952.7322998046875,26.08287811279297
21.1171875,952.7257080078125,26.088394165039062
21.1328125,952.7161254882812,26.079200744628906
21.1484375,952.7294921875,26.074432373046875
21.1640625,952.7189331054688,26.080299377441406
21.1796875,952.7255249023438,26.092430114746094
21.1953125,952.7051391601562,26.083984375
21.2109375,952.7109375,26.093170166015625
21.2265625,952.7106323242188,26.092071533203125
21.2421875,952.7362060546875,26.099044799804688
21.2578125,952.705810546875,26.091697692871094
21.2734375,952.7164916992188,26.09868621826172
21.2890625,952.7111206054688,26.09868621826172
21.3046875,952.7189331054688,26.094635009765625
21.3203125,952.716796875,26.09868621826172
21.3359375,952.7243041992188,26.095375061035156
21.3515625,952.7669067382812,26.094635009765625
21.3671875,952.8081665039062,26.108604431152344
21.3828125,952.8525390625,26.095375061035156
21.3984375,952.8500366210938,26.114479064941406
21.4140625,952.8394165039062,26.093528747558594
21.4296875,952.9227905273438,26.10162353515625
21.4453125,952.8518676757812,26.110443115234375
21.4609375,952.7702026367188,26.099044799804688
21.4765625,952.7327270507812,26.095375061035156
21.4921875,952.739501953125,26.097579956054688
21.5078125,952.7277221679688,26.114120483398438
21.5234375,952.7318725585938,26.08802032470703
21.5390625,952.7262573242188,26.108604431152344
21.5546875,952.7288208007812,26.108604431152344
21.5703125,952.7528076171875,26.099411010742188
21.5859375,952.7446899414062,26.095375061035156
21.6015625,952.7012329101562,26.110443115234375
21.6171875,952.740966796875,26.107131958007812
21.6328125,952.7293701171875,26.116683959960938
21.6484375,952.7308349609375,26.092430114746094
21.6640625,952.7391967773438,26.09868621826172
21.6796875,952.7571411132812,26.107505798339844
21.6953125,952.7286987304688,26.10455322265625
21.7109375,952.728515625,26.10051727294922
21.7265625,952.7615356445312,26.10162353515625
21.7421875,952.767578125,26.107505798339844
21.7578125,952.9361572265625,26.106033325195312
21.7734375,952.8720092773438,26.091323852539062
21.7890625,952.951904296875,26.10345458984375
21.8046875,953.0128173828125,26.090225219726562
21.8203125,952.9417114257812,26.10162353515625
21.8359375,952.8859252929688,26.098312377929688
21.8515625,952.9747314453125,26.095375061035156
21.8671875,953.1202392578125,26.10124969482422
21.8828125,952.8547973632812,26.10162353515625
21.8984375,953.0311279296875,26.10124969482422
21.9140625,953.1172485351562,26.10455322265625
21.9296875,952.8970947265625,26.095375061035156
21.9453125,952.819580078125,26.095375061035156
21.9609375,952.9301147460938,26.088760375976562
21.9765625,953.0693359375,26.090591430664062
21.9921875,952.8449096679688,26.083984375
22.0078125,952.9607543945312,26.08802032470703
22.0234375,952.7434692382812,26.083984375
22.0390625,952.8544311523438,26.0850830078125
22.0546875,952.9632568359375,26.0850830078125
22.0703125,952.8681640625,26.080673217773438
22.0859375,952.8067626953125,26.087661743164062
22.1015625,952.78662109375,26.092803955078125
22.1171875,952.7816772460938,26.0843505859375
22.1328125,952.7784423828125,26.075889587402344
22.1484375,952.7740478515625,26.087661743164062
22.1640625,952.7579345703125,26.078468322753906
22.1796875,952.7426147460938,26.08287811279297
22.1953125,952.7705078125,26.089866638183594
22.2109375,952.7484741210938,26.078468322753906
22.2265625,952.7630004882812,26.080299377441406
22.2421875,952.75537109375,26.088760375976562
22.2578125,952.7537841796875,26.078842163085938
22.2734375,952.7402954101562,26.08361053466797
22.2890625,952.7634887695312,26.087661743164062
22.3046875,952.7542724609375,26.074432373046875
22.3203125,952.75537109375,26.08802032470703
22.3359375,952.7388305664062,26.0843505859375
22.3515625,952.7366333007812,26.0869140625
22.3671875,952.7548217773438,26.088760375976562
22.3828125,952.7520141601562,26.083984375
22.3984375,952.7348022460938,26.087661743164062
22.4140625,952.7518310546875,26.087661743164062
22.4296875,952.7489624023438,26.08470916748047
22.4453125,952.741455078125,26.080673217773438
22.4609375,952.7482299804688,26.0850830078125
22.4765625,952.7427368164062,26.088394165039062
22.4921875,952.7388916015625,26.08470916748047
22.5078125,952.7420654296875,26.079200744628906
22.5234375,952.7462768554688,26.097213745117188
22.5390625,952.7504272460938,26.079940795898438
22.5546875,952.738037109375,26.083984375
22.5703125,952.7384033203125,26.093528747558594
22.5859375,952.7339477539062,26.10419464111328
22.6015625,952.7188110351562,26.092430114746094
22.6171875,952.7350463867188,26.090591430664062
22.6328125,952.7492065429688,26.106033325195312
22.6484375,952.750732421875,26.092803955078125
22.6640625,952.7393798828125,26.088394165039062
22.6796875,952.7418823242188,26.088394165039062
22.6953125,952.7430419921875,26.093902587890625
22.7109375,952.7459716796875,26.0850830078125
22.7265625,952.7402954101562,26.095375061035156
22.7421875,952.7274780273438,26.10162353515625
22.7578125,952.7286987304688,26.095375061035156
22.7734375,952.7179565429688,26.092071533203125
22.7890625,952.7391967773438,26.088760375976562
22.8046875,952.7322998046875,26.095375061035156
22.8203125,952.716796875,26.092430114746094
22.8359375,952.730224609375,26.095375061035156
22.8515625,952.723876953125,26.089492797851562
22.8671875,952.7120971679688,26.110443115234375
22.8828125,952.7289428710938,26.10345458984375
22.8984375,952.7134399414062,26.10345458984375
22.9140625,952.7265625,26.097938537597656
22.9296875,952.727783203125,26.09868621826172
22.9453125,952.7171630859375,26.093902587890625
22.9609375,952.7107543945312,26.095375061035156
22.9765625,952.7210083007812,26.095733642578125
22.9921875,952.7144165039062,26.098312377929688
23.0078125,952.756591796875,26.10272216796875
23.0234375,952.7427368164062,26.110443115234375
23.0390625,952.7517700195312,26.114479064941406
23.0546875,952.7498168945312,26.09868621826172
23.0703125,952.7482299804688,26.107505798339844
23.0859375,952.86865234375,26.110443115234375
23.1015625,952.8157348632812,26.107505798339844
23.1171875,952.9445190429688,26.108604431152344
23.1328125,952.8926391601562,26.110443115234375
23.1484375,952.8079223632812,26.10345458984375
23.1640625,952.8873291015625,26.114479064941406
23.1796875,952.857421875,26.125144958496094
23.1953125,952.8541870117188,26.110443115234375
23.2109375,952.8706665039062,26.108230590820312
23.2265625,952.8525390625,26.114479064941406
23.2421875,952.8101196289062,26.109710693359375
23.2578125,952.8377075195312,26.116683959960938
23.2734375,952.874267578125,26.115951538085938
23.2890625,952.861083984375,26.108604431152344
23.3046875,952.8363647460938,26.108604431152344
23.3203125,952.848388671875,26.095733642578125
23.3359375,952.8722534179688,26.114479064941406
23.3515625,952.8651123046875,26.107505798339844
23.3671875,952.8375854492188,26.107505798339844
23.3828125,952.9320068359375,26.10419464111328
23.3984375,952.8126831054688,26.114120483398438
23.4140625,952.8560791015625,26.10419464111328
23.4296875,952.8909912109375,26.114479064941406
23.4453125,952.8663330078125,26.10345458984375
23.4609375,952.8699951171875,26.107131958007812
23.4765625,952.8446655273438,26.10089111328125
23.4921875,952.9307861328125,26.122940063476562
23.5078125,952.8599853515625,26.111167907714844
23.5234375,952.865966796875,26.10162353515625
23.5390625,952.8865356445312,26.114479064941406
23.5546875,952.89208984375,26.10419464111328
23.5703125,952.84912109375,26.095375061035156
23.5859375,952.9175415039062,26.09868621826172
23.6015625,952.8724975585938,26.10419464111328
23.6171875,952.9232788085938,26.10345458984375
23.6328125,952.8980102539062,26.099044799804688
23.6484375,952.833740234375,26.114120483398438
23.6640625,952.8878173828125,26.12256622314453
23.6796875,952.8294067382812,26.113014221191406
23.6953125,952.8619995117188,26.126976013183594
23.7109375,952.829345703125,26.114479064941406
23.7265625,952.823974609375,26.107505798339844
23.7421875,952.8076171875,26.111541748046875
23.7578125,952.7811279296875,26.110443115234375
23.7734375,952.7684326171875,26.10051727294922
23.7890625,952.759765625,26.10124969482422
23.8046875,952.7645874023438,26.095375061035156
23.8203125,952.7657470703125,26.09868621826172
23.8359375,952.75,26.094635009765625
23.8515625,952.7717895507812,26.110443115234375
23.8671875,952.7498779296875,26.123672485351562
23.8828125,952.7423095703125,26.114479064941406
23.8984375,952.7461547851562,26.10051727294922
23.9140625,952.7369995117188,26.110443115234375
23.9296875,952.7350463867188,26.10419464111328
23.9453125,952.7445678710938,26.114479064941406
23.9609375,952.7528076171875,26.10419464111328
23.9765625,952.733154296875,26.095733642578125
23.9921875,952.7395629882812,26.10419464111328
24.0078125,952.7403564453125,26.107505798339844
24.0234375,952.7282104492188,26.092803955078125
24.0390625,952.7393798828125,26.10089111328125
24.0546875,952.7352905273438,26.10162353515625
24.0703125,952.7185668945312,26.10051727294922
24.0859375,952.7400512695312,26.10162353515625
24.1015625,952.7431030273438,26.09868621826172
24.1171875,952.7380981445312,26.087661743164062
24.1328125,952.7315673828125,26.10455322265625
24.1484375,952.7428588867188,26.083984375
24.1640625,952.7263793945312,26.10455322265625
24.1796875,952.721923828125,26.095375061035156
24.1953125,952.7322998046875,26.092430114746094
24.2109375,952.7314453125,26.10419464111328
24.2265625,952.733154296875,26.093528747558594
24.2421875,952.7279663085938,26.088760375976562
24.2578125,952.7210083007812,26.110443115234375
24.2734375,952.71826171875,26.093528747558594
24.2890625,952.7166137695312,26.10162353515625
24.3046875,952.715576171875,26.10419464111328
24.3203125,952.7283325195312,26.10234832763672
24.3359375,952.7073364257812,26.092803955078125
24.3515625,952.7237548828125,26.092071533203125
24.3671875,952.716552734375,26.10162353515625
24.3828125,952.7244873046875,26.10162353515625
24.3984375,952.7216186523438,26.10162353515625
24.4140625,952.715576171875,26.10345458984375
24.4296875,952.7247314453125,26.10419464111328
24.4453125,952.7188110351562,26.10419464111328
24.4609375,952.711669921875,26.10051727294922
24.4765625,952.7244262695312,26.090225219726562
24.4921875,952.7330932617188,26.100143432617188
24.5078125,952.7316284179688,26.10162353515625
24.5234375,952.7286987304688,26.10162353515625
24.5390625,952.7377319335938,26.10162353515625
24.5546875,952.7760009765625,26.095375061035156
24.5703125,952.8267211914062,26.107505798339844
24.5859375,952.8446655273438,26.10089111328125
24.6015625,952.9068603515625,26.10345458984375
24.6171875,952.9052734375,26.095375061035156
24.6328125,953.0944213867188,26.108230590820312
24.6484375,952.896240234375,26.10419464111328
24.6640625,952.9818725585938,26.10455322265625
24.6796875,952.9239501953125,26.107131958007812
24.6953125,952.841796875,26.10419464111328
24.7109375,952.890380859375,26.10419464111328
24.7265625,952.8372192382812,26.092071533203125
24.7421875,952.8324584960938,26.11962890625
24.7578125,952.9918823242188,26.114479064941406
24.7734375,952.8759155273438,26.10162353515625
24.7890625,952.926513671875,26.10162353515625
24.8046875,952.8435668945312,26.106033325195312
24.8203125,952.8678588867188,26.10419464111328
24.8359375,952.9866333007812,26.10051727294922
24.8515625,952.8427734375,26.107505798339844
24.8671875,952.8787841796875,26.10162353515625
24.8828125,952.7992553710938,26.10162353515625
24.8984375,952.833984375,26.10419464111328
24.9140625,952.771484375,26.09868621826172
24.9296875,952.9005737304688,26.093528747558594
24.9453125,952.7572631835938,26.092430114746094
24.9609375,952.7691040039062,26.092803955078125
24.9765625,952.7913208007812,26.09868621826172
24.9921875,952.83544921875,26.08802032470703
25.0078125,952.802734375,26.08911895751953
25.0234375,952.8248901367188,26.08728790283203
25.0390625,952.8385009765625,26.091323852539062
25.0546875,952.8048706054688,26.095375061035156
25.0703125,952.7794799804688,26.10162353515625
25.0859375,952.767578125,26.097938537597656
25.1015625,952.7713623046875,26.10419464111328
25.1171875,952.7427978515625,26.10162353515625
25.1328125,952.7693481445312,26.097938537597656
25.1484375,952.7565307617188,26.095375061035156
25.1640625,952.7532348632812,26.10162353515625
25.1796875,952.768798828125,26.10162353515625
25.1953125,952.7532348632812,26.092430114746094
25.2109375,952.7427978515625,26.0850830078125
25.2265625,952.7486572265625,26.096107482910156
25.2421875,952.762939453125,26.095375061035156
25.2578125,952.7628784179688,26.095375061035156
25.2734375,952.7322998046875,26.094276428222656
25.2890625,952.7465209960938,26.09868621826172
25.3046875,952.7403564453125,26.10051727294922
25.3203125,952.7645263671875,26.095001220703125
25.3359375,952.7466430664062,26.114120483398438
25.3515625,952.7438354492188,26.093528747558594
25.3671875,952.7506713867188,26.10162353515625
25.3828125,952.75146484375,26.087661743164062
25.3984375,952.74169921875,26.08470916748047
25.4140625,952.7384643554688,26.095375061035156
25.4296875,952.7448120117188,26.08911895751953
25.4453125,952.7615966796875,26.092430114746094
25.4609375,952.7391967773438,26.093528747558594
25.4765625,952.7506713867188,26.095375061035156
25.4921875,952.7431030273438,26.099044799804688
25.5078125,952.7470703125,26.091697692871094
25.5234375,952.7582397460938,26.10162353515625
25.5390625,952.7573852539062,26.083984375
25.5546875,952.7420043945312,26.08361053466797
25.5703125,952.7443237304688,26.08545684814453
25.5859375,952.7384643554688,26.0843505859375
25.6015625,952.7413940429688,26.08802032470703
25.6171875,952.7262573242188,26.091323852539062
25.6328125,952.7486572265625,26.074058532714844
25.6484375,952.7517700195312,26.079200744628906
25.6640625,952.7402954101562,26.076263427734375
25.6796875,952.7400512695312,26.087661743164062
25.6953125,952.745361328125,26.091323852539062
25.7109375,952.7528686523438,26.092803955078125
25.7265625,952.7398071289062,26.078468322753906
25.7421875,952.7725830078125,26.095375061035156
25.7578125,952.775390625,26.08470916748047
25.7734375,952.7791137695312,26.0843505859375
25.7890625,952.8070678710938,26.076995849609375
25.8046875,952.8566284179688,26.094635009765625
25.8203125,952.8524780273438,26.06927490234375
25.8359375,952.8379516601562,26.0869140625
25.8515625,952.7816772460938,26.081405639648438
25.8671875,952.8875732421875,26.08287811279297
25.8828125,952.8440551757812,26.08802032470703
25.8984375,952.9150390625,26.095375061035156
25.9140625,952.9122314453125,26.091323852539062
25.9296875,952.8478393554688,26.088394165039062
25.9453125,952.8978881835938,26.0850830078125
25.9609375,952.9010620117188,26.088394165039062
25.9765625,952.8984375,26.08911895751953
25.9921875,952.864990234375,26.083984375
26.0078125,952.8381958007812,26.088394165039062
26.0234375,952.8327026367188,26.10162353515625
26.0390625,952.767578125,26.095375061035156
26.0546875,952.8512573242188,26.090591430664062
26.0703125,952.8837280273438,26.09868621826172
26.0859375,952.7990112304688,26.094635009765625
26.1015625,952.8541870117188,26.090591430664062
26.1171875,952.8770751953125,26.09868621826172
26.1328125,952.8121948242188,26.107505798339844
26.1484375,952.9302368164062,26.0850830078125
26.1640625,952.9339599609375,26.095733642578125
26.1796875,952.851318359375,26.091697692871094
26.1953125,952.8867797851562,26.081405639648438
26.2109375,952.8696899414062,26.08802032470703
26.2265625,952.8385620117188,26.088760375976562
26.2421875,952.7794799804688,26.093528747558594
26.2578125,952.7781982421875,26.09978485107422
26.2734375,952.7739868164062,26.107505798339844
26.2890625,952.76171875,26.10345458984375
26.3046875,952.773193359375,26.09868621826172
26.3203125,952.7816162109375,26.10234832763672
26.3359375,952.7718505859375,26.095375061035156
26.3515625,952.7503051757812,26.10162353515625
26.3671875,952.7568359375,26.088394165039062
26.3828125,952.7526245117188,26.107505798339844
26.3984375,952.7681884765625,26.10345458984375
26.4140625,952.7516479492188,26.114479064941406
26.4296875,952.7516479492188,26.108604431152344
26.4453125,952.7557373046875,26.092430114746094
26.4609375,952.7476196289062,26.092430114746094
26.4765625,952.7631225585938,26.10162353515625
26.4921875,952.7544555664062,26.10419464111328
26.5078125,952.7487182617188,26.097938537597656
26.5234375,952.7559204101562,26.092803955078125
26.5390625,952.753662109375,26.10455322265625
26.5546875,952.7559814453125,26.10124969482422
26.5703125,952.7717895507812,26.088394165039062
26.5859375,952.7388916015625,26.094276428222656
26.6015625,952.7686767578125,26.107505798339844
26.6171875,952.7579956054688,26.10345458984375
26.6328125,952.7570190429688,26.107505798339844
26.6484375,952.7377319335938,26.10162353515625
26.6640625,952.7484741210938,26.096107482910156
26.6796875,952.76171875,26.095375061035156
26.6953125,952.7508544921875,26.10419464111328
26.7109375,952.735595703125,26.09868621826172
26.7265625,952.7548217773438,26.10089111328125
26.7421875,952.7406616210938,26.088760375976562
26.7578125,952.7490234375,26.09978485107422
26.7734375,952.7489013671875,26.10051727294922
26.7890625,952.7514038085938,26.098312377929688
26.8046875,952.7344970703125,26.10419464111328
26.8203125,952.749267578125,26.117050170898438
26.8359375,952.7434692382812,26.114479064941406
26.8515625,952.7354736328125,26.092071533203125
26.8671875,952.7236328125,26.10345458984375
26.8828125,952.7247314453125,26.10124969482422
26.8984375,952.7425537109375,26.092071533203125
26.9140625,952.7319946289062,26.10345458984375
26.9296875,952.7330932617188,26.10162353515625
26.9453125,952.7431030273438,26.10051727294922
26.9609375,952.7352294921875,26.093528747558594
26.9765625,952.7321166992188,26.108604431152344
26.9921875,952.7354736328125,26.088394165039062
27.0078125,952.731689453125,26.10419464111328
27.0234375,952.733154296875,26.09868621826172
27.0390625,952.7321166992188,26.111915588378906
27.0546875,952.7291870117188,26.10675811767578
27.0703125,952.7333984375,26.110443115234375
27.0859375,952.7470092773438,26.107131958007812
27.1015625,952.7286987304688,26.11632537841797
27.1171875,952.7290649414062,26.10419464111328
27.1328125,952.7326049804688,26.10345458984375
27.1484375,952.7330932617188,26.110809326171875
27.1640625,952.7296752929688,26.10419464111328
27.1796875,952.7439575195312,26.114120483398438
27.1953125,952.7694091796875,26.114479064941406
27.2109375,952.80419921875,26.10419464111328
27.2265625,952.8145141601562,26.108230590820312
27.2421875,952.849609375,26.10162353515625
27.2578125,952.8106689453125,26.11962890625
27.2734375,952.7999877929688,26.10419464111328
27.2890625,952.8551635742188,26.114479064941406
27.3046875,952.8693237304688,26.11815643310547
27.3203125,953.0142822265625,26.114479064941406
27.3359375,952.9051513671875,26.12256622314453
27.3515625,952.9544067382812,26.11888885498047
27.3671875,952.9517211914062,26.115951538085938
27.3828125,953.0045166015625,26.116683959960938
27.3984375,952.9161376953125,26.12256622314453
27.4140625,952.8999633789062,26.112274169921875
27.4296875,952.8828125,26.10345458984375
27.4453125,952.8753662109375,26.108230590820312
27.4609375,952.8525390625,26.123672485351562
27.4765625,952.8391723632812,26.116683959960938
27.4921875,953.0572509765625,26.11632537841797
27.5078125,952.9005737304688,26.113014221191406
27.5234375,952.8273315429688,26.108230590820312
27.5390625,952.7844848632812,26.111915588378906
27.5546875,952.8344116210938,26.114479064941406
27.5703125,952.8071899414062,26.1214599609375
27.5859375,952.8616943359375,26.129913330078125
27.6015625,952.9019165039062,26.116683959960938
27.6171875,952.7899780273438,26.123672485351562
27.6328125,952.82421875,26.114852905273438
27.6484375,952.8101196289062,26.127349853515625
27.6640625,952.8209838867188,26.117782592773438
27.6796875,952.85888671875,26.11962890625
27.6953125,952.8172607421875,26.111167907714844
27.7109375,952.9437255859375,26.126602172851562
27.7265625,952.8776245117188,26.11962890625
27.7421875,952.8734130859375,26.114479064941406
27.7578125,952.9487915039062,26.12073516845703
27.7734375,952.8890991210938,26.113746643066406
27.7890625,952.89794921875,26.131011962890625
27.8046875,952.8427734375,26.127708435058594
27.8203125,952.8856811523438,26.122940063476562
27.8359375,952.8390502929688,26.12256622314453
27.8515625,952.8109130859375,26.117050170898438
27.8671875,952.7847290039062,26.120361328125
27.8828125,952.7868041992188,26.11962890625
27.8984375,952.7826538085938,26.11998748779297
27.9140625,952.7731323242188,26.11742401123047
27.9296875,952.7727661132812,26.12256622314453
27.9453125,952.7673950195312,26.114479064941406
27.9609375,952.7485961914062,26.1185302734375
27.9765625,952.7626953125,26.123672485351562
27.9921875,952.7656860351562,26.120361328125
28.0078125,952.7706909179688,26.112640380859375
28.0234375,952.7567749023438,26.106033325195312
28.0390625,952.7609252929688,26.11998748779297
28.0546875,952.7562866210938,26.112640380859375
28.0703125,952.766357421875,26.109710693359375
28.0859375,952.7504272460938,26.108230590820312
28.1015625,952.7581176757812,26.116683959960938
28.1171875,952.772705078125,26.110809326171875
28.1328125,952.7453002929688,26.111915588378906
28.1484375,952.7512817382812,26.106399536132812
28.1640625,952.7669067382812,26.106033325195312
28.1796875,952.7489624023438,26.12329864501953
28.1953125,952.7459106445312,26.111915588378906
28.2109375,952.75732421875,26.110443115234375
28.2265625,952.767333984375,26.10419464111328
28.2421875,952.7534790039062,26.107505798339844
28.2578125,952.7670288085938,26.109710693359375
28.2734375,952.7409057617188,26.112274169921875
28.2890625,952.7411499023438,26.113746643066406
28.3046875,952.7413940429688,26.110443115234375
28.3203125,952.740966796875,26.097938537597656
28.3359375,952.7457885742188,26.106033325195312
28.3515625,952.72802734375,26.115219116210938
28.3671875,952.734375,26.112274169921875
28.3828125,952.744140625,26.11998748779297
28.3984375,952.7305908203125,26.110443115234375
28.4140625,952.7452392578125,26.10162353515625
28.4296875,952.734130859375,26.10419464111328
28.4453125,952.7403564453125,26.111541748046875
28.4609375,952.7394409179688,26.094635009765625
28.4765625,952.7454223632812,26.108230590820312
28.4921875,952.728271484375,26.090225219726562
28.5078125,952.7318725585938,26.10162353515625
28.5234375,952.7286987304688,26.114479064941406
28.5390625,952.7342529296875,26.110443115234375
28.5546875,952.7356567382812,26.09978485107422
28.5703125,952.739990234375,26.09868621826172
28.5859375,952.7213134765625,26.08911895751953
28.6015625,952.7113647460938,26.10419464111328
28.6171875,952.7344360351562,26.097938537597656
28.6328125,952.7236328125,26.108604431152344
28.6484375,952.7288208007812,26.110443115234375
28.6640625,952.740966796875,26.10162353515625
28.6796875,952.7280883789062,26.111541748046875
28.6953125,952.7297973632812,26.10419464111328
28.7109375,952.733154296875,26.111915588378906
28.7265625,952.7512817382812,26.10162353515625
28.7421875,952.7777709960938,26.111167907714844
28.7578125,952.9107666015625,26.116683959960938
28.7734375,952.8881225585938,26.09868621826172
28.7890625,952.8546142578125,26.109710693359375
28.8046875,952.8496704101562,26.113014221191406
28.8203125,952.8345336914062,26.115951538085938
28.8359375,952.84375,26.114479064941406
28.8515625,952.8681030273438,26.116683959960938
28.8671875,952.9094848632812,26.10419464111328
28.8828125,952.9149169921875,26.115951538085938
28.8984375,953.04638671875,26.111167907714844
28.9140625,952.8421020507812,26.114479064941406
28.9296875,952.8634033203125,26.115951538085938
28.9453125,952.8139038085938,26.113014221191406
28.9609375,952.8159790039062,26.116683959960938
28.9765625,952.8169555664062,26.111915588378906
28.9921875,952.8380126953125,26.11998748779297
29.0078125,952.8650512695312,26.111915588378906
29.0234375,952.94677734375,26.12329864501953
29.0390625,952.9227905273438,26.115219116210938
29.0546875,952.8861694335938,26.114479064941406
29.0703125,952.828125,26.10455322265625
29.0859375,952.8342895507812,26.11962890625
29.1015625,952.8997192382812,26.114479064941406
29.1171875,952.8424682617188,26.10345458984375
29.1328125,952.9631958007812,26.1214599609375
29.1484375,952.8599243164062,26.11742401123047
29.1640625,952.8504638671875,26.10419464111328
29.1796875,952.8605346679688,26.113014221191406
29.1953125,952.8661499023438,26.09868621826172
29.2109375,952.839599609375,26.116683959960938
29.2265625,952.8455810546875,26.095375061035156
29.2421875,952.8602294921875,26.111167907714844
29.2578125,952.8379516601562,26.108230590820312
29.2734375,952.8555297851562,26.106033325195312
29.2890625,952.892333984375,26.11998748779297
29.3046875,952.9129638671875,26.11815643310547
29.3203125,952.8714599609375,26.1185302734375
29.3359375,952.8565673828125,26.13616943359375
29.3515625,952.8583374023438,26.11998748779297
29.3671875,952.8106689453125,26.113372802734375
29.3828125,952.7849731445312,26.114479064941406
29.3984375,952.7760620117188,26.11632537841797
29.4140625,952.7864379882812,26.114479064941406
29.4296875,952.7802734375,26.112640380859375
29.4453125,952.7860717773438,26.11815643310547
29.4609375,952.7656860351562,26.133216857910156
29.4765625,952.7677612304688,26.110443115234375
29.4921875,952.7667236328125,26.113372802734375
29.5078125,952.7521362304688,26.11632537841797
29.5234375,952.7576904296875,26.107505798339844
29.5390625,952.7670288085938,26.114479064941406
29.5546875,952.7449951171875,26.112274169921875
29.5703125,952.761474609375,26.108604431152344
29.5859375,952.7408447265625,26.1185302734375
29.6015625,952.751953125,26.114852905273438
29.6171875,952.7450561523438,26.110443115234375
29.6328125,952.7619018554688,26.10419464111328
29.6484375,952.7445678710938,26.113014221191406
29.6640625,952.7699584960938,26.126976013183594
29.6796875,952.7630004882812,26.123672485351562
29.6953125,952.761474609375,26.114479064941406
29.7109375,952.7498168945312,26.11998748779297
29.7265625,952.7640380859375,26.11998748779297
29.7421875,952.7653198242188,26.124771118164062
29.7578125,952.7579345703125,26.128082275390625
29.7734375,952.7540893554688,26.109710693359375
29.7890625,952.748046875,26.114479064941406
29.8046875,952.7503662109375,26.112640380859375
29.8203125,952.7501831054688,26.11998748779297
29.8359375,952.7509155273438,26.114479064941406
29.8515625,952.7516479492188,26.1192626953125
29.8671875,952.7592163085938,26.114479064941406
29.8828125,952.7509765625,26.114120483398438
29.8984375,952.7413940429688,26.115219116210938
29.9140625,952.7378540039062,26.110809326171875
29.9296875,952.764404296875,26.11962890625
29.9453125,952.7455444335938,26.10198974609375
29.9609375,952.740234375,26.113372802734375
29.9765625,952.7395629882812,26.114479064941406
29.9921875,952.7342529296875,26.117782592773438
30.0078125,952.7417602539062,26.111915588378906
30.0234375,952.7501220703125,26.11632537841797
30.0390625,952.7476196289062,26.11962890625
30.0546875,952.7509155273438,26.124771118164062
30.0703125,952.7364501953125,26.106033325195312
30.0859375,952.74951171875,26.11998748779297
30.1015625,952.7455444335938,26.112640380859375
30.1171875,952.7340698242188,26.11632537841797
30.1328125,952.7200317382812,26.125503540039062
30.1484375,952.72998046875,26.125503540039062
30.1640625,952.7239379882812,26.112274169921875
30.1796875,952.7363891601562,26.114479064941406
30.1953125,952.7396850585938,26.114120483398438
30.2109375,952.7257690429688,26.106033325195312
30.2265625,952.7406005859375,26.114479064941406
30.2421875,952.7516479492188,26.10675811767578
30.2578125,952.7926635742188,26.107864379882812
30.2734375,952.783203125,26.1214599609375
30.2890625,952.837158203125,26.125503540039062
30.3046875,952.8428955078125,26.12439727783203
30.3203125,952.7794799804688,26.115219116210938
30.3359375,952.8042602539062,26.110809326171875
30.3515625,952.8032836914062,26.10051727294922
30.3671875,952.8697509765625,26.114479064941406
30.3828125,952.8250732421875,26.11815643310547
30.3984375,952.853515625,26.114479064941406
30.4140625,952.816162109375,26.11815643310547
30.4296875,952.8170776367188,26.12109375
30.4453125,952.8137817382812,26.108604431152344
30.4609375,952.8071899414062,26.10419464111328
30.4765625,952.8539428710938,26.12256622314453
30.4921875,952.8377685546875,26.116683959960938
30.5078125,952.7732543945312,26.122940063476562
30.5234375,952.8121948242188,26.11815643310547
30.5390625,952.796142578125,26.127708435058594
30.5546875,952.8360595703125,26.112274169921875
30.5703125,952.761474609375,26.12439727783203
30.5859375,952.767578125,26.132118225097656
30.6015625,952.7772216796875,26.107505798339844
30.6171875,952.8029174804688,26.113372802734375
30.6328125,952.7550659179688,26.11815643310547
30.6484375,952.7728881835938,26.107864379882812
30.6640625,952.8094482421875,26.116683959960938
30.6796875,952.8444213867188,26.122940063476562
30.6953125,952.8360595703125,26.1185302734375
30.7109375,952.838623046875,26.108604431152344
30.7265625,952.8645629882812,26.110809326171875
30.7421875,952.8497924804688,26.112274169921875
30.7578125,952.8223876953125,26.111167907714844
30.7734375,952.8408203125,26.12439727783203
30.7890625,952.94921875,26.11632537841797
30.8046875,952.9053955078125,26.113014221191406
30.8203125,952.8697509765625,26.114479064941406
30.8359375,952.8634033203125,26.108230590820312
30.8515625,952.8466186523438,26.111167907714844
30.8671875,952.8408203125,26.113014221191406
30.8828125,952.7771606445312,26.12256622314453
30.8984375,952.8068237304688,26.126976013183594
30.9140625,952.7701416015625,26.10051727294922
30.9296875,952.7645263671875,26.10419464111328
30.9453125,952.7684326171875,26.108604431152344
30.9609375,952.755126953125,26.108604431152344
30.9765625,952.757568359375,26.114120483398438
30.9921875,952.7562866210938,26.108604431152344
31.0078125,952.7642211914062,26.11998748779297
31.0234375,952.7521362304688,26.114479064941406
31.0390625,952.7647705078125,26.11815643310547
31.0546875,952.758544921875,26.113014221191406
31.0703125,952.766357421875,26.113014221191406
31.0859375,952.7520751953125,26.10419464111328
31.1015625,952.7606811523438,26.110443115234375
31.1171875,952.7452392578125,26.110443115234375
31.1328125,952.7582397460938,26.097938537597656
31.1484375,952.7594604492188,26.105300903320312
31.1640625,952.7608642578125,26.10272216796875
31.1796875,952.7564086914062,26.112274169921875
31.1953125,952.7435913085938,26.10345458984375
31.2109375,952.7396850585938,26.106033325195312
31.2265625,952.7434692382812,26.10419464111328
31.2421875,952.7433471679688,26.114120483398438
31.2578125,952.7455444335938,26.10089111328125
31.2734375,952.7401123046875,26.10162353515625
31.2890625,952.7437133789062,26.110443115234375
31.3046875,952.740966796875,26.107505798339844
31.3203125,952.7383422851562,26.095375061035156
31.3359375,952.7322998046875,26.107505798339844
31.3515625,952.7359008789062,26.10234832763672
31.3671875,952.7330322265625,26.093902587890625
31.3828125,952.732177734375,26.107505798339844
31.3984375,952.7330322265625,26.08911895751953
31.4140625,952.7268676757812,26.09868621826172
31.4296875,952.7237548828125,26.10345458984375
31.4453125,952.7355346679688,26.10345458984375
31.4609375,952.7402954101562,26.095375061035156
31.4765625,952.7335815429688,26.092430114746094
31.4921875,952.7236328125,26.097938537597656
31.5078125,952.73974609375,26.095375061035156
31.5234375,952.7269287109375,26.095001220703125
31.5390625,952.7286987304688,26.10162353515625
31.5546875,952.7286987304688,26.10419464111328
31.5703125,952.7283325195312,26.092430114746094
31.5859375,952.7272338867188,26.092071533203125
31.6015625,952.73974609375,26.08728790283203
31.6171875,952.7308959960938,26.088760375976562
31.6328125,952.7274780273438,26.093528747558594
31.6484375,952.7237548828125,26.10419464111328
31.6640625,952.7247924804688,26.110443115234375
31.6796875,952.7194213867188,26.095375061035156
31.6953125,952.716796875,26.092430114746094
31.7109375,952.7230834960938,26.096481323242188
31.7265625,952.7276611328125,26.095375061035156
31.7421875,952.7120361328125,26.106033325195312
31.7578125,952.7291870117188,26.10419464111328
31.7734375,952.7247924804688,26.094635009765625
31.7890625,952.739501953125,26.08911895751953
31.8046875,952.7496948242188,26.099044799804688
31.8203125,952.751220703125,26.095733642578125
31.8359375,952.7556762695312,26.10345458984375
31.8515625,952.8030395507812,26.109710693359375
31.8671875,952.7857666015625,26.10419464111328
31.8828125,952.80615234375,26.10419464111328
31.8984375,952.7887573242188,26.095375061035156
31.9140625,952.81005859375,26.095375061035156
31.9296875,952.7735595703125,26.114120483398438
31.9453125,952.8381958007812,26.10162353515625
31.9609375,952.7908935546875,26.110443115234375
31.9765625,952.8438110351562,26.114479064941406
31.9921875,952.8095703125,26.114120483398438
32.0078125,952.81005859375,26.100143432617188
32.0234375,952.7656860351562,26.114479064941406
32.0390625,952.7593383789062,26.112274169921875
32.0546875,952.7584838867188,26.110443115234375
32.0703125,952.7612915039062,26.110443115234375
32.0859375,952.7470092773438,26.11815643310547
32.1015625,952.7447509765625,26.106033325195312
32.1171875,952.750732421875,26.106033325195312
32.1328125,952.74951171875,26.109710693359375
32.1484375,952.743896484375,26.08911895751953
32.1640625,952.7388916015625,26.10162353515625
32.1796875,952.7431030273438,26.095001220703125
32.1953125,952.7322998046875,26.095375061035156
32.2109375,952.739501953125,26.0869140625
32.2265625,952.7387084960938,26.08470916748047
32.2421875,952.7277221679688,26.095375061035156
32.2578125,952.7322998046875,26.090591430664062
32.2734375,952.739013671875,26.10162353515625
32.2890625,952.7286987304688,26.100143432617188
32.3046875,952.742919921875,26.08470916748047
32.3203125,952.7271118164062,26.095375061035156
32.3359375,952.7322998046875,26.08802032470703
32.3515625,952.7232055664062,26.08470916748047
32.3671875,952.7158203125,26.092071533203125
32.3828125,952.7319946289062,26.08911895751953
32.3984375,952.71435546875,26.079200744628906
32.4140625,952.7134399414062,26.078468322753906
32.4296875,952.7223510742188,26.095375061035156
32.4453125,952.723388671875,26.078468322753906
32.4609375,952.7103881835938,26.08361053466797
32.4765625,952.716796875,26.08470916748047
32.4921875,952.7313232421875,26.083251953125
32.5078125,952.7185668945312,26.080673217773438
32.5234375,952.7135620117188,26.092071533203125
32.5390625,952.716552734375,26.090225219726562
