# Time (seconds),Pressure,Temp
0.0078125,952.8792114257812,26.821144104003906
0.0234375,952.9035034179688,26.833648681640625
0.0390625,952.9096069335938,26.833648681640625
0.0546875,952.9083251953125,26.82886505126953
0.0703125,952.8809204101562,26.813430786132812
0.0859375,952.9171142578125,26.816734313964844
0.1015625,952.9078979492188,26.818206787109375
0.1171875,952.9110107421875,26.818206787109375
0.1328125,952.8990478515625,26.82996368408203
0.1484375,952.9091796875,26.816375732421875
0.1640625,952.8917236328125,26.82813262939453
0.1796875,952.9119873046875,26.8248291015625
0.1953125,952.8776245117188,26.825927734375
0.2109375,952.90576171875,26.821144104003906
0.2265625,952.8801879882812,26.835479736328125
0.2421875,952.90625,26.82813262939453
0.2578125,952.9048461914062,26.82740020751953
0.2734375,952.9047241210938,26.819686889648438
0.2890625,952.9039916992188,26.82996368408203
0.3046875,952.8810424804688,26.812698364257812
0.3203125,952.8787841796875,26.819686889648438
0.3359375,952.8795166015625,26.817840576171875
0.3515625,952.8828735351562,26.817840576171875
0.3671875,952.8942260742188,26.814903259277344
0.3828125,952.880859375,26.813430786132812
0.3984375,952.9009399414062,26.8248291015625
0.4140625,952.902099609375,26.810867309570312
0.4296875,952.9102172851562,26.8248291015625
0.4453125,952.9104614257812,26.820045471191406
0.4609375,952.8861694335938,26.832542419433594
0.4765625,952.882568359375,26.830711364746094
0.4921875,952.8810424804688,26.832916259765625
0.5078125,952.887939453125,26.82996368408203
0.5234375,952.9057006835938,26.8248291015625
0.5390625,952.91162109375,26.835479736328125
0.5546875,952.89599609375,26.8248291015625
0.5703125,952.883544921875,26.831069946289062
0.5859375,952.8955078125,26.818206787109375
0.6015625,952.9044799804688,26.82630157470703
0.6171875,952.8927001953125,26.830337524414062
0.6328125,952.8924560546875,26.82555389404297
0.6484375,952.8949584960938,26.816734313964844
0.6640625,952.8917846679688,26.830337524414062
0.6796875,952.8781127929688,26.833648681640625
0.6953125,952.8850708007812,26.82555389404297
0.7109375,952.880126953125,26.832916259765625
0.7265625,952.9119262695312,26.84062957763672
0.7421875,952.9037475585938,26.84539794921875
0.7578125,952.9136352539062,26.817481994628906
0.7734375,952.9055786132812,26.840988159179688
0.7890625,952.88818359375,26.849075317382812
0.8046875,952.8889770507812,26.84356689453125
0.8203125,952.9075317382812,26.82630157470703
0.8359375,952.9046630859375,26.84356689453125
0.8515625,952.893798828125,26.834373474121094
0.8671875,952.8881225585938,26.829238891601562
0.8828125,952.9061279296875,26.849075317382812
0.8984375,952.9110717773438,26.82813262939453
0.9140625,952.903076171875,26.838783264160156
0.9296875,952.9160766601562,26.82555389404297
0.9453125,952.9158935546875,26.833648681640625
0.9609375,952.9346923828125,26.819686889648438
0.9765625,952.9260864257812,26.82886505126953
0.9921875,952.9227905273438,26.836219787597656
1.0078125,952.8990478515625,26.831069946289062
1.0234375,952.9344482421875,26.833648681640625
1.0390625,952.91552734375,26.837326049804688
1.0546875,952.909912109375,26.840255737304688
1.0703125,952.908935546875,26.834373474121094
1.0859375,952.9138793945312,26.831809997558594
1.1015625,952.9242553710938,26.834747314453125
1.1171875,952.9132690429688,26.84356689453125
1.1328125,952.9135131835938,26.836219787597656
1.1484375,952.9247436523438,26.825927734375
1.1640625,952.9147338867188,26.819686889648438
1.1796875,952.9207763671875,26.825927734375
1.1953125,952.8980102539062,26.82299041748047
1.2109375,952.912109375,26.8248291015625
1.2265625,952.9158325195312,26.831069946289062
1.2421875,952.9135131835938,26.819686889648438
1.2578125,952.9110717773438,26.812698364257812
1.2734375,952.921142578125,26.80791473388672
1.2890625,952.90576171875,26.819313049316406
1.3046875,952.9201049804688,26.821144104003906
1.3203125,952.9142456054688,26.812698364257812
1.3359375,952.9146118164062,26.814903259277344
1.3515625,952.9160766601562,26.80976104736328
1.3671875,952.9132080078125,26.80866241455078
1.3828125,952.9190673828125,26.812698364257812
1.3984375,952.9133911132812,26.814903259277344
1.4140625,952.9255981445312,26.80791473388672
1.4296875,952.9291381835938,26.798370361328125
1.4453125,952.9119873046875,26.798736572265625
1.4609375,952.9102783203125,26.798736572265625
1.4765625,952.9376831054688,26.810867309570312
1.4921875,952.9144287109375,26.802047729492188
1.5078125,952.8956298828125,26.816009521484375
1.5234375,952.9107666015625,26.80718994140625
1.5390625,952.909912109375,26.79212188720703
1.5546875,952.9132080078125,26.80425262451172
1.5703125,952.913818359375,26.80791473388672
1.5859375,952.9141235351562,26.80608367919922
1.6015625,952.9110107421875,26.795791625976562
1.6171875,952.9165649414062,26.79212188720703
1.6328125,952.908935546875,26.80535125732422
1.6484375,952.921630859375,26.815635681152344
1.6640625,952.9047241210938,26.80791473388672
1.6796875,952.9105834960938,26.800567626953125
1.6953125,952.8955078125,26.802406311035156
1.7109375,952.9261474609375,26.80425262451172
1.7265625,952.9185791015625,26.799095153808594
1.7421875,952.9210205078125,26.816734313964844
1.7578125,952.921630859375,26.80608367919922
1.7734375,952.9396362304688,26.79468536376953
1.7890625,952.909912109375,26.800941467285156
1.8046875,952.9241943359375,26.810867309570312
1.8203125,952.9060668945312,26.816734313964844
1.8359375,952.9144897460938,26.81049346923828
1.8515625,952.9252319335938,26.812698364257812
1.8671875,952.90625,26.800941467285156
1.8828125,952.934326171875,26.795059204101562
1.8984375,952.9291381835938,26.80902099609375
1.9140625,952.9219970703125,26.799095153808594
1.9296875,952.9132690429688,26.79285430908203
1.9453125,952.9276123046875,26.80681610107422
1.9609375,952.9093627929688,26.79468536376953
1.9765625,952.909912109375,26.799468994140625
1.9921875,952.9229736328125,26.803504943847656
2.0078125,952.90771484375,26.810867309570312
2.0234375,952.919189453125,26.80791473388672
2.0390625,952.9237060546875,26.81049346923828
2.0546875,952.9108276367188,26.801300048828125
2.0703125,952.9129638671875,26.80425262451172
2.0859375,952.9215698242188,26.80902099609375
2.1015625,952.9107055664062,26.80902099609375
2.1171875,952.9113159179688,26.80791473388672
2.1328125,952.9224853515625,26.80902099609375
2.1484375,952.9058227539062,26.799468994140625
2.1640625,952.915771484375,26.812698364257812
2.1796875,952.9146118164062,26.817481994628906
2.1953125,952.9228515625,26.814170837402344
2.2109375,952.9147338867188,26.812698364257812
2.2265625,952.9223022460938,26.814529418945312
2.2421875,952.9225463867188,26.80902099609375
2.2578125,952.9100341796875,26.81122589111328
2.2734375,952.9139404296875,26.80425262451172
2.2890625,952.9054565429688,26.82666015625
2.3046875,952.914794921875,26.811599731445312
2.3203125,952.9324951171875,26.817481994628906
2.3359375,952.9247436523438,26.811599731445312
2.3515625,952.913330078125,26.80608367919922
2.3671875,952.9055786132812,26.818206787109375
2.3828125,952.9110107421875,26.811599731445312
2.3984375,952.9102783203125,26.812698364257812
2.4140625,952.905029296875,26.80425262451172
2.4296875,952.913818359375,26.80791473388672
2.4453125,952.9237060546875,26.80718994140625
2.4609375,952.912841796875,26.811599731445312
2.4765625,952.9210815429688,26.80902099609375
2.4921875,952.9071044921875,26.81049346923828
2.5078125,952.9144287109375,26.82299041748047
2.5234375,952.9085083007812,26.799468994140625
2.5390625,952.9091186523438,26.81232452392578
2.5546875,952.907470703125,26.813072204589844
2.5703125,952.9104614257812,26.82555389404297
2.5859375,952.9147338867188,26.815277099609375
2.6015625,952.932861328125,26.80976104736328
2.6171875,952.91015625,26.8240966796875
2.6328125,952.9115600585938,26.833648681640625
2.6484375,952.91552734375,26.810867309570312
2.6640625,952.9114379882812,26.815635681152344
2.6796875,952.9197387695312,26.8248291015625
2.6953125,952.9349975585938,26.810867309570312
2.7109375,952.9478759765625,26.835479736328125
2.7265625,952.9528198242188,26.819686889648438
2.7421875,952.9535522460938,26.816375732421875
2.7578125,952.9508666992188,26.837326049804688
2.7734375,952.9691162109375,26.810867309570312
2.7890625,952.9425659179688,26.82630157470703
2.8046875,952.94287109375,26.829605102539062
2.8203125,952.940185546875,26.836219787597656
2.8359375,952.9498291015625,26.849075317382812
2.8515625,952.9415283203125,26.82886505126953
2.8671875,952.9342041015625,26.829605102539062
2.8828125,952.929443359375,26.836219787597656
2.8984375,952.9224243164062,26.82886505126953
2.9140625,952.9210205078125,26.832542419433594
2.9296875,952.941162109375,26.82630157470703
2.9453125,952.9237060546875,26.833648681640625
2.9609375,952.9501953125,26.833648681640625
2.9765625,952.927490234375,26.836219787597656
2.9921875,952.9414672851562,26.820045471191406
3.0078125,952.9512939453125,26.810867309570312
3.0234375,952.9389038085938,26.8240966796875
3.0390625,952.940185546875,26.82299041748047
3.0546875,952.912109375,26.830711364746094
3.0703125,952.9439086914062,26.82996368408203
3.0859375,952.9241333007812,26.8248291015625
3.1015625,952.9385986328125,26.82813262939453
3.1171875,952.9419555664062,26.839157104492188
3.1328125,952.9255981445312,26.829605102539062
3.1484375,952.9210815429688,26.819686889648438
3.1640625,952.9249267578125,26.82886505126953
3.1796875,952.9119873046875,26.818206787109375
3.1953125,952.9439086914062,26.80902099609375
3.2109375,952.9322509765625,26.810867309570312
3.2265625,952.9359741210938,26.819686889648438
3.2421875,952.9171752929688,26.82299041748047
3.2578125,952.93896484375,26.816734313964844
3.2734375,952.9342041015625,26.816734313964844
3.2890625,952.9359741210938,26.80791473388672
3.3046875,952.9417114257812,26.799468994140625
3.3203125,952.9271850585938,26.80608367919922
3.3359375,952.9348754882812,26.80535125732422
3.3515625,952.9259033203125,26.813430786132812
3.3671875,952.9165649414062,26.80608367919922
3.3828125,952.9139404296875,26.81049346923828
3.3984375,952.9221801757812,26.80535125732422
3.4140625,952.90966796875,26.795059204101562
3.4296875,952.9099731445312,26.80866241455078
3.4453125,952.9262084960938,26.799468994140625
3.4609375,952.913330078125,26.79212188720703
3.4765625,952.9096069335938,26.793228149414062
3.4921875,952.9146118164062,26.788818359375
3.5078125,952.9080810546875,26.788818359375
3.5234375,952.9111328125,26.79468536376953
3.5390625,952.9176635742188,26.804611206054688
3.5546875,952.9234008789062,26.77594757080078
3.5703125,952.9301147460938,26.780357360839844
3.5859375,952.9210205078125,26.788818359375
3.6015625,952.9213256835938,26.788818359375
3.6171875,952.9242553710938,26.786972045898438
3.6328125,952.912109375,26.788070678710938
3.6484375,952.9110107421875,26.786972045898438
3.6640625,952.9300537109375,26.788070678710938
3.6796875,952.91943359375,26.784767150878906
3.6953125,952.922607421875,26.799842834472656
3.7109375,952.9210815429688,26.788070678710938
3.7265625,952.9217529296875,26.784767150878906
3.7421875,952.917236328125,26.787338256835938
3.7578125,952.9228515625,26.777793884277344
3.7734375,952.9165649414062,26.784034729003906
3.7890625,952.9165649414062,26.77594757080078
3.8046875,952.915771484375,26.78661346435547
3.8203125,952.9227905273438,26.794326782226562
3.8359375,952.9337158203125,26.779251098632812
3.8515625,952.9251098632812,26.778152465820312
3.8671875,952.9249877929688,26.777793884277344
3.8828125,952.9386596679688,26.784034729003906
3.8984375,952.9194946289062,26.77338409423828
3.9140625,952.9244995117188,26.785507202148438
3.9296875,952.9268798828125,26.77484130859375
3.9453125,952.9299926757812,26.783660888671875
3.9609375,952.93505859375,26.776687622070312
3.9765625,952.920654296875,26.784767150878906
3.9921875,952.9309692382812,26.781097412109375
4.0078125,952.937255859375,26.776687622070312
4.0234375,952.9248046875,26.783660888671875
4.0390625,952.930908203125,26.781829833984375
4.0546875,952.9324951171875,26.778518676757812
4.0703125,952.9356689453125,26.79027557373047
4.0859375,952.9315185546875,26.7899169921875
4.1015625,952.9261474609375,26.788818359375
4.1171875,952.9200439453125,26.793960571289062
4.1328125,952.926513671875,26.79248046875
4.1484375,952.9353637695312,26.78955078125
4.1640625,952.939208984375,26.799468994140625
4.1796875,952.9300537109375,26.798736572265625
4.1953125,952.9270629882812,26.795791625976562
4.2109375,952.9411010742188,26.796531677246094
4.2265625,952.9267578125,26.800201416015625
4.2421875,952.9271850585938,26.80791473388672
4.2578125,952.9398803710938,26.80681610107422
4.2734375,952.9385986328125,26.80608367919922
4.2890625,952.942626953125,26.80535125732422
4.3046875,952.9192504882812,26.81011962890625
4.3203125,952.9281005859375,26.80535125732422
4.3359375,952.9383544921875,26.814529418945312
4.3515625,952.936279296875,26.803504943847656
4.3671875,952.9317016601562,26.80791473388672
4.3828125,952.9249267578125,26.80718994140625
4.3984375,952.9278564453125,26.796531677246094
4.4140625,952.9207763671875,26.802406311035156
4.4296875,952.9261474609375,26.804977416992188
4.4453125,952.9318237304688,26.80535125732422
4.4609375,952.9306030273438,26.80902099609375
4.4765625,952.9141845703125,26.80791473388672
4.4921875,952.9189453125,26.810867309570312
4.5078125,952.9114379882812,26.798736572265625
4.5234375,952.9312133789062,26.795059204101562
4.5390625,952.9373779296875,26.802406311035156
4.5546875,952.9261474609375,26.804977416992188
4.5703125,952.915771484375,26.80608367919922
4.5859375,952.9277954101562,26.80608367919922
4.6015625,952.9348754882812,26.817481994628906
4.6171875,952.9271850585938,26.811965942382812
4.6328125,952.9164428710938,26.799468994140625
4.6484375,952.913330078125,26.80976104736328
4.6640625,952.9323120117188,26.810867309570312
4.6796875,952.9240112304688,26.819313049316406
4.6953125,952.9069213867188,26.80866241455078
4.7109375,952.8981323242188,26.812698364257812
4.7265625,952.9223022460938,26.81011962890625
4.7421875,952.9220581054688,26.80791473388672
4.7578125,952.9165649414062,26.80976104736328
4.7734375,952.9107666015625,26.80535125732422
4.7890625,952.910888671875,26.810867309570312
4.8046875,952.9102172851562,26.80866241455078
4.8203125,952.904052734375,26.810867309570312
4.8359375,952.9060668945312,26.81049346923828
4.8515625,952.9072265625,26.80791473388672
4.8671875,952.908203125,26.814529418945312
4.8828125,952.9105834960938,26.80718994140625
4.8984375,952.9140625,26.803504943847656
4.9140625,952.9094848632812,26.818206787109375
4.9296875,952.9080810546875,26.80791473388672
4.9453125,952.9099731445312,26.80608367919922
4.9609375,952.9097290039062,26.812698364257812
4.9765625,952.907470703125,26.815635681152344
4.9921875,952.88623046875,26.818206787109375
5.0078125,952.9080810546875,26.82630157470703
5.0234375,952.9118041992188,26.817481994628906
5.0390625,952.910888671875,26.80608367919922
5.0546875,952.9110107421875,26.795059204101562
5.0703125,952.9044799804688,26.800941467285156
5.0859375,952.931396484375,26.795791625976562
5.1015625,952.9141235351562,26.795791625976562
5.1171875,952.9087524414062,26.796531677246094
5.1328125,952.9088134765625,26.788818359375
5.1484375,952.9038696289062,26.798736572265625
5.1640625,952.9049072265625,26.78844451904297
5.1796875,952.90380859375,26.795791625976562
5.1953125,952.9093627929688,26.79212188720703
5.2109375,952.924560546875,26.798736572265625
5.2265625,952.9132690429688,26.799468994140625
5.2421875,952.913330078125,26.79468536376953
5.2578125,952.894287109375,26.79468536376953
5.2734375,952.9086303710938,26.79358673095703
5.2890625,952.9085693359375,26.798736572265625
5.3046875,952.9061279296875,26.793960571289062
5.3203125,952.9020385742188,26.79027557373047
5.3359375,952.8944091796875,26.796531677246094
5.3515625,952.9100341796875,26.80608367919922
5.3671875,952.9110107421875,26.788818359375
5.3828125,952.9080810546875,26.784034729003906
5.3984375,952.9010620117188,26.794326782226562
5.4140625,952.9176635742188,26.798736572265625
5.4296875,952.8779296875,26.79248046875
5.4453125,952.9222412109375,26.788818359375
5.4609375,952.9027099609375,26.79468536376953
5.4765625,952.9044189453125,26.7899169921875
5.4921875,952.909423828125,26.80425262451172
5.5078125,952.913818359375,26.798736572265625
5.5234375,952.90966796875,26.801673889160156
5.5390625,952.9315185546875,26.785865783691406
5.5546875,952.9227294921875,26.784767150878906
5.5703125,952.9076538085938,26.795433044433594
5.5859375,952.930908203125,26.796890258789062
5.6015625,952.9088745117188,26.785865783691406
5.6171875,952.90771484375,26.79027557373047
5.6328125,952.9171752929688,26.796531677246094
5.6484375,952.9375,26.79468536376953
5.6640625,952.8948974609375,26.785140991210938
5.6796875,952.9012451171875,26.788070678710938
5.6953125,952.9199829101562,26.80535125732422
5.7109375,952.9067993164062,26.79212188720703
5.7265625,952.9132080078125,26.79285430908203
5.7421875,952.9222412109375,26.801300048828125
5.7578125,952.9093627929688,26.7913818359375
5.7734375,952.9144287109375,26.795059204101562
5.7890625,952.9147338867188,26.798736572265625
5.8046875,952.9114379882812,26.799468994140625
5.8203125,952.9127807617188,26.79468536376953
5.8359375,952.9224243164062,26.784767150878906
5.8515625,952.901123046875,26.800941467285156
5.8671875,952.9133911132812,26.788818359375
5.8828125,952.9051513671875,26.79468536376953
5.8984375,952.9086303710938,26.784034729003906
5.9140625,952.9075317382812,26.80608367919922
5.9296875,952.9008178710938,26.784767150878906
5.9453125,952.9029541015625,26.80608367919922
5.9609375,952.9068603515625,26.798736572265625
5.9765625,952.9049072265625,26.791748046875
5.9921875,952.895263671875,26.7899169921875
6.0078125,952.8914794921875,26.788818359375
6.0234375,952.8943481445312,26.796531677246094
6.0390625,952.9088134765625,26.79027557373047
6.0546875,952.9010620117188,26.80902099609375
6.0703125,952.9071044921875,26.814529418945312
6.0859375,952.9052124023438,26.798736572265625
6.1015625,952.912109375,26.802406311035156
6.1171875,952.9064331054688,26.793960571289062
6.1328125,952.9085693359375,26.79468536376953
6.1484375,952.9032592773438,26.800567626953125
6.1640625,952.9002685546875,26.788818359375
6.1796875,952.902099609375,26.797637939453125
6.1953125,952.9029541015625,26.801300048828125
6.2109375,952.9093627929688,26.80902099609375
6.2265625,952.8897705078125,26.798370361328125
6.2421875,952.8809204101562,26.793960571289062
6.2578125,952.8917846679688,26.798736572265625
6.2734375,952.892333984375,26.79212188720703
6.2890625,952.9096069335938,26.793960571289062
6.3046875,952.8917846679688,26.80791473388672
6.3203125,952.8825073242188,26.799468994140625
6.3359375,952.8923950195312,26.80425262451172
6.3515625,952.9096069335938,26.798736572265625
6.3671875,952.9090576171875,26.799468994140625
6.3828125,952.9091186523438,26.799468994140625
6.3984375,952.8900756835938,26.80608367919922
6.4140625,952.8960571289062,26.80608367919922
6.4296875,952.8906860351562,26.80535125732422
6.4453125,952.8851928710938,26.80718994140625
6.4609375,952.8853759765625,26.80718994140625
6.4765625,952.9033203125,26.80425262451172
6.4921875,952.9036254882812,26.799468994140625
6.5078125,952.9091186523438,26.799095153808594
6.5234375,952.8953857421875,26.804977416992188
6.5390625,952.9043579101562,26.810867309570312
6.5546875,952.9102172851562,26.805709838867188
6.5703125,952.9032592773438,26.798736572265625
6.5859375,952.8893432617188,26.81049346923828
6.6015625,952.9060668945312,26.80718994140625
6.6171875,952.909912109375,26.804977416992188
6.6328125,952.9067993164062,26.812698364257812
6.6484375,952.9103393554688,26.801673889160156
6.6640625,952.8903198242188,26.80608367919922
6.6796875,952.9103393554688,26.811965942382812
6.6953125,952.90625,26.814903259277344
6.7109375,952.9052734375,26.795433044433594
6.7265625,952.9224853515625,26.80608367919922
6.7421875,952.9319458007812,26.78955078125
6.7578125,952.8782348632812,26.795059204101562
6.7734375,952.9087524414062,26.798736572265625
6.7890625,952.903076171875,26.80425262451172
6.8046875,952.9006958007812,26.812698364257812
6.8203125,952.9103393554688,26.796531677246094
6.8359375,952.9035034179688,26.791748046875
6.8515625,952.9012451171875,26.79027557373047
6.8671875,952.9039916992188,26.788070678710938
6.8828125,952.905029296875,26.79212188720703
6.8984375,952.9041748046875,26.799095153808594
6.9140625,952.903076171875,26.798736572265625
6.9296875,952.8899536132812,26.799468994140625
6.9453125,952.9031982421875,26.793960571289062
6.9609375,952.8990478515625,26.7913818359375
6.9765625,952.888671875,26.797996520996094
6.9921875,952.9060668945312,26.796531677246094
7.0078125,952.9058227539062,26.791748046875
7.0234375,952.9024047851562,26.79212188720703
7.0390625,952.9024047851562,26.79027557373047
7.0546875,952.8944091796875,26.799095153808594
7.0703125,952.903076171875,26.788818359375
7.0859375,952.9051513671875,26.79468536376953
7.1015625,952.9140625,26.799842834472656
7.1171875,952.897216796875,26.79468536376953
7.1328125,952.9086303710938,26.793960571289062
7.1484375,952.9085693359375,26.788818359375
7.1640625,952.9093627929688,26.776687622070312
7.1796875,952.9068603515625,26.776687622070312
7.1953125,952.920654296875,26.784034729003906
7.2109375,952.9105834960938,26.79027557373047
7.2265625,952.908203125,26.7913818359375
7.2421875,952.8963623046875,26.78955078125
7.2578125,952.899169921875,26.787338256835938
7.2734375,952.9049682617188,26.78917694091797
7.2890625,952.9080810546875,26.77704620361328
7.3046875,952.9188232421875,26.77484130859375
7.3203125,952.9066772460938,26.77410888671875
7.3359375,952.9066162109375,26.783660888671875
7.3515625,952.9171752929688,26.77410888671875
7.3671875,952.9317016601562,26.784767150878906
7.3828125,952.9166259765625,26.778518676757812
7.3984375,952.9112548828125,26.784034729003906
7.4140625,952.9130249023438,26.780357360839844
7.4296875,952.9132690429688,26.781455993652344
7.4453125,952.9264526367188,26.780357360839844
7.4609375,952.9161987304688,26.786239624023438
7.4765625,952.9168701171875,26.782928466796875
7.4921875,952.9105224609375,26.785507202148438
7.5078125,952.9166870117188,26.777793884277344
7.5234375,952.9231567382812,26.777420043945312
7.5390625,952.9111328125,26.781455993652344
7.5546875,952.9222412109375,26.77410888671875
7.5703125,952.9132080078125,26.77007293701172
7.5859375,952.91162109375,26.77191162109375
7.6015625,952.9202270507812,26.768600463867188
7.6171875,952.9150390625,26.77227783203125
7.6328125,952.9244384765625,26.764923095703125
7.6484375,952.909912109375,26.77191162109375
7.6640625,952.906982421875,26.781097412109375
7.6796875,952.9073486328125,26.77191162109375
7.6953125,952.9105834960938,26.781455993652344
7.7109375,952.9102783203125,26.77227783203125
7.7265625,952.9046630859375,26.767868041992188
7.7421875,952.9178466796875,26.764190673828125
7.7578125,952.9175415039062,26.768600463867188
7.7734375,952.9090576171875,26.764923095703125
7.7890625,952.9278564453125,26.77191162109375
7.8046875,952.9063720703125,26.761253356933594
7.8203125,952.9191284179688,26.77227783203125
7.8359375,952.9202270507812,26.77153778076172
7.8515625,952.9105224609375,26.77374267578125
7.8671875,952.9203491210938,26.760154724121094
7.8828125,952.9202270507812,26.77191162109375
7.8984375,952.9171752929688,26.77227783203125
7.9140625,952.9105834960938,26.77521514892578
7.9296875,952.9037475585938,26.77521514892578
7.9453125,952.9024658203125,26.764923095703125
7.9609375,952.9057006835938,26.764190673828125
7.9765625,952.891845703125,26.782928466796875
7.9921875,952.907470703125,26.767868041992188
8.0078125,952.9066162109375,26.77374267578125
8.0234375,952.8928833007812,26.760154724121094
8.0390625,952.90234375,26.764564514160156
8.0546875,952.9278564453125,26.767868041992188
8.0703125,952.906005859375,26.764190673828125
8.0859375,952.9055786132812,26.775588989257812
8.1015625,952.8930053710938,26.77410888671875
8.1171875,952.9174194335938,26.764923095703125
8.1328125,952.9057006835938,26.77191162109375
8.1484375,952.8765258789062,26.763458251953125
8.1640625,952.9193725585938,26.77374267578125
8.1796875,952.9155883789062,26.781829833984375
8.1953125,952.9103393554688,26.768600463867188
8.2109375,952.9060668945312,26.777793884277344
8.2265625,952.9039916992188,26.764190673828125
8.2421875,952.8865356445312,26.781455993652344
8.2578125,952.9013061523438,26.778518676757812
8.2734375,952.9028930664062,26.781455993652344
8.2890625,952.907958984375,26.782928466796875
8.3046875,952.902099609375,26.783660888671875
8.3203125,952.8986206054688,26.77704620361328
8.3359375,952.9068603515625,26.77704620361328
8.3515625,952.8878173828125,26.787338256835938
8.3671875,952.9049682617188,26.78844451904297
8.3828125,952.90380859375,26.787338256835938
8.3984375,952.9037475585938,26.794326782226562
8.4140625,952.9057006835938,26.793228149414062
8.4296875,952.9091186523438,26.7899169921875
8.4453125,952.8890991210938,26.785507202148438
8.4609375,952.90771484375,26.784408569335938
8.4765625,952.9088745117188,26.77410888671875
8.4921875,952.9287109375,26.786239624023438
8.5078125,952.9006958007812,26.782203674316406
8.5234375,952.9152221679688,26.77191162109375
8.5390625,952.9022216796875,26.77484130859375
8.5546875,952.89599609375,26.781455993652344
8.5703125,952.9073486328125,26.78917694091797
8.5859375,952.9230346679688,26.781097412109375
8.6015625,952.903076171875,26.77227783203125
8.6171875,952.909423828125,26.777793884277344
8.6328125,952.9188842773438,26.776687622070312
8.6484375,952.9044799804688,26.788070678710938
8.6640625,952.9199829101562,26.77227783203125
8.6796875,952.9022216796875,26.766021728515625
8.6953125,952.9099731445312,26.769332885742188
8.7109375,952.9139404296875,26.77191162109375
8.7265625,952.9171752929688,26.77594757080078
8.7421875,952.9074096679688,26.77338409423828
8.7578125,952.9202880859375,26.784767150878906
8.7734375,952.9082641601562,26.777420043945312
8.7890625,952.9158935546875,26.784408569335938
8.8046875,952.911865234375,26.77191162109375
8.8203125,952.925537109375,26.77227783203125
8.8359375,952.9153442382812,26.763458251953125
8.8515625,952.9097290039062,26.77374267578125
8.8671875,952.9071655273438,26.767868041992188
8.8828125,952.91015625,26.766021728515625
8.8984375,952.9165649414062,26.767501831054688
8.9140625,952.9208984375,26.770431518554688
8.9296875,952.90625,26.767501831054688
8.9453125,952.9096069335938,26.767868041992188
8.9609375,952.91015625,26.775588989257812
8.9765625,952.910888671875,26.767127990722656
8.9921875,952.9149169921875,26.768600463867188
9.0078125,952.9210205078125,26.760879516601562
9.0234375,952.9303588867188,26.785507202148438
9.0390625,952.9166870117188,26.77484130859375
9.0546875,952.9353637695312,26.776687622070312
9.0703125,952.936767578125,26.758682250976562
9.0859375,952.9009399414062,26.765663146972656
9.1015625,952.9063720703125,26.760513305664062
9.1171875,952.9453735351562,26.75830841064453
9.1328125,952.936767578125,26.75243377685547
9.1484375,952.9163818359375,26.760154724121094
9.1640625,952.9052124023438,26.757949829101562
9.1796875,952.9091796875,26.75574493408203
9.1953125,952.927001953125,26.752792358398438
9.2109375,952.9266357421875,26.761985778808594
9.2265625,952.9305419921875,26.752792358398438
9.2421875,952.9122924804688,26.752059936523438
9.2578125,952.9133911132812,26.756103515625
9.2734375,952.916748046875,26.7542724609375
9.2890625,952.9165649414062,26.75574493408203
9.3046875,952.9102172851562,26.749488830566406
9.3203125,952.916748046875,26.75830841064453
9.3359375,952.9146728515625,26.742515563964844
9.3515625,952.9035034179688,26.745452880859375
9.3671875,952.9037475585938,26.747283935546875
9.3828125,952.9158325195312,26.747650146484375
9.3984375,952.9165649414062,26.7572021484375
9.4140625,952.9138793945312,26.742515563964844
9.4296875,952.9076538085938,26.743972778320312
9.4453125,952.9078979492188,26.73846435546875
9.4609375,952.904296875,26.749130249023438
9.4765625,952.9082641601562,26.74066925048828
9.4921875,952.9033203125,26.73735809326172
9.5078125,952.9041748046875,26.75499725341797
9.5234375,952.906005859375,26.743972778320312
9.5390625,952.9240112304688,26.752059936523438
9.5546875,952.93310546875,26.730010986328125
9.5703125,952.8963012695312,26.731849670410156
9.5859375,952.9024047851562,26.73846435546875
9.6015625,952.897705078125,26.740310668945312
9.6171875,952.9093017578125,26.741409301757812
9.6328125,952.925537109375,26.74066925048828
9.6484375,952.900390625,26.73956298828125
9.6640625,952.8990478515625,26.743972778320312
9.6796875,952.9036254882812,26.745452880859375
9.6953125,952.8906860351562,26.746925354003906
9.7109375,952.9080810546875,26.73735809326172
9.7265625,952.8999633789062,26.743972778320312
9.7421875,952.8994140625,26.754638671875
9.7578125,952.9082641601562,26.74066925048828
9.7734375,952.9033203125,26.741409301757812
9.7890625,952.9034423828125,26.743972778320312
9.8046875,952.8983154296875,26.743972778320312
9.8203125,952.9006958007812,26.743972778320312
9.8359375,952.8947143554688,26.7564697265625
9.8515625,952.9090576171875,26.752059936523438
9.8671875,952.9057006835938,26.746925354003906
9.8828125,952.9069213867188,26.743972778320312
9.8984375,952.9258422851562,26.747650146484375
9.9140625,952.9016723632812,26.745452880859375
9.9296875,952.9127197265625,26.748382568359375
9.9453125,952.9076538085938,26.757949829101562
9.9609375,952.9212036132812,26.75574493408203
9.9765625,952.9365234375,26.754638671875
9.9921875,952.9196166992188,26.7542724609375
10.0078125,952.9165649414062,26.757949829101562
10.0234375,952.9169311523438,26.7572021484375
10.0390625,952.9168701171875,26.77007293701172
10.0546875,952.931396484375,26.760879516601562
10.0703125,952.9328002929688,26.75243377685547
10.0859375,952.920654296875,26.7535400390625
10.1015625,952.9075317382812,26.748382568359375
10.1171875,952.9494018554688,26.760154724121094
10.1328125,952.9285888671875,26.75537109375
10.1484375,952.9609375,26.752059936523438
10.1640625,952.9445190429688,26.7535400390625
10.1796875,952.9237060546875,26.760513305664062
10.1953125,952.9321899414062,26.763458251953125
10.2109375,952.9557495117188,26.756103515625
10.2265625,952.948486328125,26.75830841064453
10.2421875,952.905029296875,26.765663146972656
10.2578125,952.9434814453125,26.762718200683594
10.2734375,952.9353637695312,26.75243377685547
10.2890625,952.9224853515625,26.758682250976562
10.3046875,952.9451293945312,26.752792358398438
10.3203125,952.9277954101562,26.743240356445312
10.3359375,952.935302734375,26.75574493408203
10.3515625,952.9676513671875,26.73735809326172
10.3671875,952.9633178710938,26.754638671875
10.3828125,952.9482421875,26.752059936523438
10.3984375,952.9481201171875,26.751693725585938
10.4140625,952.9391479492188,26.73735809326172
10.4296875,952.9651489257812,26.752059936523438
10.4453125,952.9613037109375,26.748023986816406
10.4609375,952.930908203125,26.750587463378906
10.4765625,952.9342041015625,26.743240356445312
10.4921875,952.9406127929688,26.73883056640625
10.5078125,952.9533081054688,26.747650146484375
10.5234375,952.957763671875,26.754638671875
10.5390625,952.925048828125,26.752792358398438
10.5546875,952.939208984375,26.743972778320312
10.5703125,952.940673828125,26.75830841064453
10.5859375,952.9403686523438,26.741409301757812
10.6015625,952.9536743164062,26.752059936523438
10.6171875,952.939208984375,26.746925354003906
10.6328125,952.9248046875,26.73735809326172
10.6484375,952.9591064453125,26.742141723632812
10.6640625,952.9584350585938,26.745079040527344
10.6796875,952.964111328125,26.73625946044922
10.6953125,952.95849609375,26.73810577392578
10.7109375,952.9520874023438,26.745079040527344
10.7265625,952.9336547851562,26.73552703857422
10.7421875,952.957763671875,26.728912353515625
10.7578125,952.9751586914062,26.73552703857422
10.7734375,952.9453125,26.730743408203125
10.7890625,952.956787109375,26.73699951171875
10.8046875,952.9735107421875,26.732589721679688
10.8203125,952.985595703125,26.725975036621094
10.8359375,952.9837036132812,26.724502563476562
10.8515625,952.9596557617188,26.728912353515625
10.8671875,952.9762573242188,26.726707458496094
10.8828125,952.9443359375,26.72046661376953
10.8984375,952.96826171875,26.729644775390625
10.9140625,952.9835205078125,26.71826171875
10.9296875,952.9262084960938,26.7193603515625
10.9453125,952.9501953125,26.716781616210938
10.9609375,952.94873046875,26.72156524658203
10.9765625,952.9599609375,26.727081298828125
10.9921875,952.9581909179688,26.716781616210938
11.0078125,952.9295654296875,26.724876403808594
11.0234375,952.9364624023438,26.724876403808594
11.0390625,952.931640625,26.72119140625
11.0546875,952.9313354492188,26.72412872314453
11.0703125,952.9489135742188,26.726333618164062
11.0859375,952.93359375,26.711273193359375
11.1015625,952.9093627929688,26.708694458007812
11.1171875,952.9300537109375,26.697669982910156
11.1328125,952.9212036132812,26.714950561523438
11.1484375,952.921142578125,26.712745666503906
11.1640625,952.927490234375,26.71788787841797
11.1796875,952.930908203125,26.712745666503906
11.1953125,952.9322509765625,26.710899353027344
11.2109375,952.9225463867188,26.714950561523438
11.2265625,952.9324951171875,26.707237243652344
11.2421875,952.911865234375,26.709442138671875
11.2578125,952.9043579101562,26.70648956298828
11.2734375,952.906005859375,26.7193603515625
11.2890625,952.9149780273438,26.70062255859375
11.3046875,952.922607421875,26.707595825195312
11.3203125,952.9251098632812,26.70062255859375
11.3359375,952.9280395507812,26.70062255859375
11.3515625,952.9244384765625,26.70062255859375
11.3671875,952.9005126953125,26.70062255859375
11.3828125,952.9053955078125,26.70135498046875
11.3984375,952.9113159179688,26.70062255859375
11.4140625,952.9083251953125,26.70465850830078
11.4296875,952.91357421875,26.696571350097656
11.4453125,952.903076171875,26.70539093017578
11.4609375,952.8956298828125,26.697669982910156
11.4765625,952.8948364257812,26.70062255859375
11.4921875,952.9071655273438,26.695465087890625
11.5078125,952.8994140625,26.709442138671875
11.5234375,952.9098510742188,26.709442138671875
11.5390625,952.9002075195312,26.709442138671875
11.5546875,952.9091796875,26.70465850830078
11.5703125,952.9010009765625,26.70062255859375
11.5859375,952.8873901367188,26.70062255859375
11.6015625,952.9035034179688,26.713104248046875
11.6171875,952.8868408203125,26.70318603515625
11.6328125,952.8995971679688,26.709442138671875
11.6484375,952.89599609375,26.70318603515625
11.6640625,952.9037475585938,26.710174560546875
11.6796875,952.9039916992188,26.710174560546875
11.6953125,952.9002685546875,26.712005615234375
11.7109375,952.9046630859375,26.70539093017578
11.7265625,952.9284057617188,26.70539093017578
11.7421875,952.9266967773438,26.70282745361328
11.7578125,952.9037475585938,26.7193603515625
11.7734375,952.92333984375,26.717514038085938
11.7890625,952.9411010742188,26.710174560546875
11.8046875,952.91943359375,26.724876403808594
11.8203125,952.9334106445312,26.713851928710938
11.8359375,952.9227905273438,26.709442138671875
11.8515625,952.9319458007812,26.712745666503906
11.8671875,952.9263305664062,26.717514038085938
11.8828125,952.9129638671875,26.72412872314453
11.8984375,952.928466796875,26.727439880371094
11.9140625,952.9288940429688,26.710174560546875
11.9296875,952.9302368164062,26.706130981445312
11.9453125,952.9321899414062,26.710174560546875
11.9609375,952.9135131835938,26.708335876464844
11.9765625,952.9454956054688,26.717514038085938
11.9921875,952.9494018554688,26.72156524658203
12.0078125,952.9629516601562,26.710174560546875
12.0234375,952.9481201171875,26.70648956298828
12.0390625,952.9693603515625,26.71862030029297
12.0546875,952.9447631835938,26.71788787841797
12.0703125,952.9380493164062,26.717514038085938
12.0859375,952.930908203125,26.730743408203125
12.1015625,952.96630859375,26.708335876464844
12.1171875,952.9503784179688,26.70062255859375
12.1328125,952.9567260742188,26.711273193359375
12.1484375,952.984130859375,26.713104248046875
12.1640625,952.9615478515625,26.717514038085938
12.1796875,952.9786987304688,26.710174560546875
12.1953125,952.9654541015625,26.70062255859375
12.2109375,952.9931640625,26.70465850830078
12.2265625,952.9835205078125,26.717514038085938
12.2421875,952.9703979492188,26.70062255859375
12.2578125,952.9830322265625,26.70062255859375
12.2734375,952.97998046875,26.697311401367188
12.2890625,952.9677124023438,26.693260192871094
12.3046875,952.9846801757812,26.70062255859375
12.3203125,952.970458984375,26.70062255859375
12.3359375,952.9495849609375,26.70062255859375
12.3515625,952.9860229492188,26.693634033203125
12.3671875,952.968017578125,26.68701934814453
12.3828125,952.9595336914062,26.709442138671875
12.3984375,953.0000610351562,26.696945190429688
12.4140625,952.9671020507812,26.696212768554688
12.4296875,952.9718627929688,26.694007873535156
12.4453125,952.978271484375,26.691055297851562
12.4609375,952.9827270507812,26.70062255859375
12.4765625,952.978271484375,26.68775177001953
12.4921875,952.9632568359375,26.68775177001953
12.5078125,952.9788208007812,26.68701934814453
12.5234375,952.9674072265625,26.682235717773438
12.5390625,952.98779296875,26.6829833984375
12.5546875,953.007568359375,26.691055297851562
12.5703125,952.9814453125,26.68518829345703
12.5859375,952.9868774414062,26.673416137695312
12.6015625,952.9803466796875,26.673416137695312
12.6171875,952.9874877929688,26.68077850341797
12.6328125,952.9721069335938,26.676368713378906
12.6484375,952.9608154296875,26.682235717773438
12.6640625,952.9728393554688,26.676368713378906
12.6796875,952.9501953125,26.673416137695312
12.6953125,952.9474487304688,26.681503295898438
12.7109375,952.9476928710938,26.68701934814453
12.7265625,952.9380493164062,26.68077850341797
12.7421875,952.93505859375,26.664596557617188
12.7578125,952.9244384765625,26.673416137695312
12.7734375,952.9337158203125,26.68077850341797
12.7890625,952.9249267578125,26.66570281982422
12.8046875,952.9306030273438,26.68077850341797
12.8203125,952.917724609375,26.660934448242188
12.8359375,952.9253540039062,26.652847290039062
12.8515625,952.9232788085938,26.671958923339844
12.8671875,952.9197998046875,26.66570281982422
12.8828125,952.9329223632812,26.664596557617188
12.8984375,952.9286499023438,26.661666870117188
12.9140625,952.90625,26.65247344970703
12.9296875,952.9412231445312,26.66900634765625
12.9453125,952.9345092773438,26.65174102783203
12.9609375,952.9153442382812,26.656150817871094
12.9765625,952.9171142578125,26.650634765625
12.9921875,952.928466796875,26.64916229248047
13.0078125,952.921142578125,26.66570281982422
13.0234375,952.9329223632812,26.66938018798828
13.0390625,952.9261474609375,26.65100860595703
13.0546875,952.9141845703125,26.647705078125
13.0703125,952.9240112304688,26.6488037109375
13.0859375,952.90380859375,26.638885498046875
13.1015625,952.9129638671875,26.64806365966797
13.1171875,952.903076171875,26.6484375
13.1328125,952.9060668945312,26.657981872558594
13.1484375,952.906982421875,26.662033081054688
13.1640625,952.9266357421875,26.65247344970703
13.1796875,952.9005737304688,26.652114868164062
13.1953125,952.9124755859375,26.650634765625
13.2109375,952.9266967773438,26.644752502441406
13.2265625,952.9076538085938,26.656150817871094
13.2421875,952.9199829101562,26.64659881591797
13.2578125,952.908935546875,26.63299560546875
13.2734375,952.90576171875,26.64990997314453
13.2890625,952.9133911132812,26.661293029785156
13.3046875,952.9055786132812,26.661293029785156
13.3203125,952.9146118164062,26.66497039794922
13.3359375,952.9107666015625,26.661293029785156
13.3515625,952.8984375,26.659088134765625
13.3671875,952.9125366210938,26.659088134765625
13.3828125,952.8952026367188,26.66497039794922
13.3984375,952.9071655273438,26.656150817871094
13.4140625,952.9038696289062,26.661293029785156
13.4296875,952.9044189453125,26.656150817871094
13.4453125,952.9171142578125,26.66497039794922
13.4609375,952.8939819335938,26.671585083007812
13.4765625,952.897705078125,26.66534423828125
13.4921875,952.8970947265625,26.655044555664062
13.5078125,952.9085693359375,26.673416137695312
13.5234375,952.90625,26.66790771484375
13.5390625,952.8990478515625,26.66754913330078
13.5546875,952.9098510742188,26.673416137695312
13.5703125,952.90625,26.64806365966797
13.5859375,952.9144897460938,26.650634765625
13.6015625,952.9302368164062,26.664596557617188
13.6171875,952.9149169921875,26.673416137695312
13.6328125,952.9523315429688,26.678199768066406
13.6484375,952.9741821289062,26.664596557617188
13.6640625,952.922607421875,26.673416137695312
13.6796875,952.9439697265625,26.68077850341797
13.6953125,952.9542236328125,26.661666870117188
13.7109375,952.94677734375,26.66900634765625
13.7265625,952.9715576171875,26.673416137695312
13.7421875,952.9540405273438,26.673416137695312
13.7578125,952.9523315429688,26.66900634765625
13.7734375,952.957763671875,26.664596557617188
13.7890625,952.9561767578125,26.68077850341797
13.8046875,952.9942016601562,26.673789978027344
13.8203125,952.9923095703125,26.681137084960938
13.8359375,952.9625854492188,26.673416137695312
13.8515625,952.9594116210938,26.66754913330078
13.8671875,952.9581909179688,26.677825927734375
13.8828125,953.0053100585938,26.657981872558594
13.8984375,952.9631958007812,26.66900634765625
13.9140625,952.9775390625,26.68077850341797
13.9296875,952.9877319335938,26.670852661132812
13.9453125,952.9657592773438,26.669754028320312
13.9609375,952.9656982421875,26.673416137695312
13.9765625,952.9517211914062,26.670852661132812
13.9921875,952.9645385742188,26.66864776611328
14.0078125,952.9553833007812,26.66790771484375
14.0234375,952.977294921875,26.673416137695312
14.0390625,952.9749755859375,26.672683715820312
14.0546875,952.9737548828125,26.671585083007812
14.0703125,952.9676513671875,26.66570281982422
14.0859375,952.9639892578125,26.66754913330078
14.1015625,952.977294921875,26.660934448242188
14.1171875,952.9814453125,26.661293029785156
14.1328125,952.9660034179688,26.659454345703125
14.1484375,952.9765625,26.656524658203125
14.1640625,952.95654296875,26.66864776611328
14.1796875,952.958251953125,26.66827392578125
14.1953125,952.9840698242188,26.66497039794922
14.2109375,952.989013671875,26.6502685546875
14.2265625,952.9523315429688,26.65247344970703
14.2421875,952.9560546875,26.641090393066406
14.2578125,952.9699096679688,26.655418395996094
14.2734375,952.9959106445312,26.64990997314453
14.2890625,952.9881591796875,26.646224975585938
14.3046875,952.9788208007812,26.638885498046875
14.3203125,952.9547729492188,26.64990997314453
14.3359375,952.9899291992188,26.65100860595703
14.3515625,952.9674072265625,26.639244079589844
14.3671875,952.9673461914062,26.643653869628906
14.3828125,952.9576416015625,26.644752502441406
14.3984375,952.9775390625,26.64733123779297
14.4140625,952.9752807617188,26.641815185546875
14.4296875,953.001708984375,26.63189697265625
14.4453125,952.9552612304688,26.637039184570312
14.4609375,952.9713134765625,26.641815185546875
14.4765625,952.9819946289062,26.634475708007812
14.4921875,952.9710693359375,26.635208129882812
14.5078125,952.9909057617188,26.636306762695312
14.5234375,952.961669921875,26.640716552734375
14.5390625,953.0236206054688,26.634475708007812
14.5546875,952.9740600585938,26.63189697265625
14.5703125,952.9672241210938,26.63189697265625
14.5859375,952.9564819335938,26.6124267578125
14.6015625,952.9586791992188,26.620872497558594
14.6171875,952.9451904296875,26.621604919433594
14.6328125,952.9530029296875,26.625282287597656
14.6484375,952.9475708007812,26.620872497558594
14.6640625,952.9553833007812,26.619766235351562
14.6796875,952.947021484375,26.620872497558594
14.6953125,952.9368286132812,26.603233337402344
14.7109375,952.9453125,26.622703552246094
14.7265625,952.9286499023438,26.620140075683594
14.7421875,952.936767578125,26.611679077148438
14.7578125,952.9359741210938,26.609848022460938
14.7734375,952.917236328125,26.6124267578125
14.7890625,952.9419555664062,26.620872497558594
14.8046875,952.9332885742188,26.620140075683594
14.8203125,952.9380493164062,26.619766235351562
14.8359375,952.931396484375,26.611679077148438
14.8515625,952.93896484375,26.614990234375
14.8671875,952.9381103515625,26.611679077148438
14.8828125,952.9258422851562,26.611679077148438
14.8984375,952.9258422851562,26.61646270751953
14.9140625,952.9280395507812,26.617935180664062
14.9296875,952.934814453125,26.61646270751953
14.9453125,952.9340209960938,26.61573028564453
14.9609375,952.91357421875,26.604339599609375
14.9765625,952.9274291992188,26.6124267578125
14.9921875,952.9204711914062,26.617935180664062
15.0078125,952.9300537109375,26.61205291748047
15.0234375,952.9378051757812,26.606536865234375
15.0390625,952.9031982421875,26.620872497558594
15.0546875,952.9266967773438,26.627487182617188
15.0703125,952.9320678710938,26.620872497558594
15.0859375,952.9213256835938,26.622703552246094
15.1015625,952.9047241210938,26.63006591796875
15.1171875,952.919189453125,26.620872497558594
15.1328125,952.9147338867188,26.620872497558594
15.1484375,952.9147338867188,26.620872497558594
15.1640625,952.9201049804688,26.61646270751953
15.1796875,952.9142456054688,26.620872497558594
15.1953125,952.9118041992188,26.61646270751953
15.2109375,952.923828125,26.6124267578125
15.2265625,952.9228515625,26.622703552246094
15.2421875,952.9215698242188,26.626014709472656
15.2578125,952.912841796875,26.627113342285156
15.2734375,952.9171752929688,26.626388549804688
15.2890625,952.9069213867188,26.61646270751953
15.3046875,952.9029541015625,26.63189697265625
15.3203125,952.9176635742188,26.621604919433594
15.3359375,952.9202270507812,26.621604919433594
15.3515625,952.9166259765625,26.625282287597656
15.3671875,952.91162109375,26.642547607421875
15.3828125,952.9210815429688,26.63372802734375
15.3984375,952.9076538085938,26.644393920898438
15.4140625,952.9087524414062,26.638885498046875
15.4296875,952.9033203125,26.646224975585938
15.4453125,952.919677734375,26.637405395507812
15.4609375,952.9229736328125,26.638137817382812
15.4765625,952.9230346679688,26.64733123779297
15.4921875,952.9071655273438,26.639984130859375
15.5078125,952.9052124023438,26.64733123779297
15.5234375,952.9263305664062,26.642921447753906
15.5390625,952.9140625,26.637039184570312
15.5546875,952.93310546875,26.64550018310547
15.5703125,952.9266967773438,26.644393920898438
15.5859375,952.9205932617188,26.65100860595703
15.6015625,952.923095703125,26.63372802734375
15.6171875,952.9124145507812,26.636680603027344
15.6328125,952.9259033203125,26.637779235839844
15.6484375,952.9135131835938,26.64733123779297
15.6640625,952.9208984375,26.652114868164062
15.6796875,952.9124755859375,26.64659881591797
15.6953125,952.9310913085938,26.637405395507812
15.7109375,952.921142578125,26.640716552734375
15.7265625,952.9232788085938,26.652847290039062
15.7421875,952.9340209960938,26.644752502441406
15.7578125,952.936279296875,26.655418395996094
15.7734375,952.9522705078125,26.639984130859375
15.7890625,952.9309692382812,26.638137817382812
15.8046875,952.9230346679688,26.639984130859375
15.8203125,952.9369506835938,26.638885498046875
15.8359375,952.9368286132812,26.643653869628906
15.8515625,952.9306640625,26.64659881591797
15.8671875,952.9238891601562,26.643653869628906
15.8828125,952.950439453125,26.658729553222656
15.8984375,952.9591064453125,26.636680603027344
15.9140625,952.9384155273438,26.652114868164062
15.9296875,952.9459228515625,26.643295288085938
15.9453125,952.9414672851562,26.643653869628906
15.9609375,952.9432373046875,26.63079833984375
15.9765625,952.9552001953125,26.63189697265625
15.9921875,952.9481811523438,26.63189697265625
16.0078125,952.9594116210938,26.624549865722656
16.0234375,952.9611206054688,26.637405395507812
16.0390625,952.95458984375,26.63189697265625
16.0546875,952.92724609375,26.620872497558594
16.0703125,952.9451904296875,26.627487182617188
16.0859375,952.95068359375,26.629318237304688
16.1015625,952.9549560546875,26.636306762695312
16.1171875,952.9431762695312,26.642547607421875
16.1328125,952.9659423828125,26.621978759765625
16.1484375,952.9489135742188,26.63079833984375
16.1640625,952.947998046875,26.625656127929688
16.1796875,952.9456787109375,26.64733123779297
16.1953125,952.9436645507812,26.627113342285156
16.2109375,952.9512329101562,26.628219604492188
16.2265625,952.944091796875,26.621604919433594
16.2421875,952.9483642578125,26.63189697265625
16.2578125,952.9426879882812,26.623451232910156
16.2734375,952.9616088867188,26.620872497558594
16.2890625,952.9411010742188,26.620872497558594
16.3046875,952.9625854492188,26.605438232421875
16.3203125,952.9467163085938,26.620872497558594
16.3359375,952.9415893554688,26.620140075683594
16.3515625,952.9451293945312,26.622703552246094
16.3671875,952.948974609375,26.624549865722656
16.3828125,952.9509887695312,26.608016967773438
16.3984375,952.9398193359375,26.6124267578125
16.4140625,952.9473876953125,26.620872497558594
16.4296875,952.9381103515625,26.61646270751953
16.4453125,952.9280395507812,26.611679077148438
16.4609375,952.9359741210938,26.620872497558594
16.4765625,952.938720703125,26.611679077148438
16.4921875,952.9407348632812,26.611679077148438
16.5078125,952.9478759765625,26.6124267578125
16.5234375,952.9456176757812,26.59844970703125
16.5390625,952.938232421875,26.611679077148438
16.5546875,952.9258422851562,26.611679077148438
16.5703125,952.9456176757812,26.603607177734375
16.5859375,952.9423828125,26.611679077148438
16.6015625,952.94140625,26.607269287109375
16.6171875,952.9396362304688,26.61646270751953
16.6328125,952.9423828125,26.609848022460938
16.6484375,952.9376220703125,26.611679077148438
16.6640625,952.9222412109375,26.607269287109375
16.6796875,952.9259643554688,26.603233337402344
16.6953125,952.9266967773438,26.609848022460938
16.7109375,952.9185180664062,26.609115600585938
16.7265625,952.9225463867188,26.607269287109375
16.7421875,952.9349975585938,26.611679077148438
16.7578125,952.9306030273438,26.60065460205078
16.7734375,952.929443359375,26.611679077148438
16.7890625,952.9299926757812,26.592208862304688
16.8046875,952.9387817382812,26.607643127441406
16.8203125,952.9271850585938,26.61463165283203
16.8359375,952.9415893554688,26.6124267578125
16.8515625,952.9186401367188,26.6124267578125
16.8671875,952.9204711914062,26.607269287109375
16.8828125,952.9313354492188,26.61646270751953
16.8984375,952.930419921875,26.59844970703125
16.9140625,952.9178466796875,26.620140075683594
16.9296875,952.9194946289062,26.621604919433594
16.9453125,952.9183959960938,26.622703552246094
16.9609375,952.9215698242188,26.620872497558594
16.9765625,952.9320678710938,26.61646270751953
16.9921875,952.911376953125,26.620140075683594
17.0078125,952.9146728515625,26.622703552246094
17.0234375,952.9149169921875,26.61646270751953
17.0390625,952.9160766601562,26.624176025390625
17.0546875,952.9168701171875,26.611679077148438
17.0703125,952.9246826171875,26.625656127929688
17.0859375,952.918701171875,26.63189697265625
17.1015625,952.9044189453125,26.607643127441406
17.1171875,952.9229736328125,26.620872497558594
17.1328125,952.923095703125,26.621604919433594
17.1484375,952.9088745117188,26.620872497558594
17.1640625,952.9118041992188,26.617935180664062
17.1796875,952.9228515625,26.627113342285156
17.1953125,952.8981323242188,26.61719512939453
17.2109375,952.9144287109375,26.608016967773438
17.2265625,952.89013671875,26.61646270751953
17.2421875,952.9119262695312,26.63189697265625
17.2578125,952.9063110351562,26.624549865722656
17.2734375,952.9168701171875,26.63042449951172
17.2890625,952.92529296875,26.63006591796875
17.3046875,952.9157104492188,26.620872497558594
17.3203125,952.9004516601562,26.63006591796875
17.3359375,952.896484375,26.63006591796875
17.3515625,952.9157104492188,26.63006591796875
17.3671875,952.9197998046875,26.625656127929688
17.3828125,952.923583984375,26.625656127929688
17.3984375,952.923583984375,26.625282287597656
17.4140625,952.9068603515625,26.63372802734375
17.4296875,952.9243774414062,26.63189697265625
17.4453125,952.9104614257812,26.63372802734375
17.4609375,952.925537109375,26.64733123779297
17.4765625,952.9102172851562,26.642921447753906
17.4921875,952.9217529296875,26.639984130859375
17.5078125,952.916015625,26.63262939453125
17.5234375,952.9147338867188,26.645126342773438
17.5390625,952.9189453125,26.645126342773438
17.5546875,952.9224853515625,26.644393920898438
17.5703125,952.9224243164062,26.63372802734375
17.5859375,952.9100341796875,26.641090393066406
17.6015625,952.9065551757812,26.640716552734375
17.6171875,952.9052734375,26.641448974609375
17.6328125,952.90966796875,26.638885498046875
17.6484375,952.9196166992188,26.64733123779297
17.6640625,952.9005737304688,26.64659881591797
17.6796875,952.9244995117188,26.645126342773438
17.6953125,952.90576171875,26.64550018310547
17.7109375,952.90576171875,26.6488037109375
17.7265625,952.9180908203125,26.63593292236328
17.7421875,952.9049072265625,26.64659881591797
17.7578125,952.8952026367188,26.65100860595703
17.7734375,952.904052734375,26.64806365966797
17.7890625,952.912109375,26.63593292236328
17.8046875,952.9078979492188,26.644393920898438
17.8203125,952.9104614257812,26.638137817382812
17.8359375,952.9080810546875,26.646957397460938
17.8515625,952.9227294921875,26.639244079589844
17.8671875,952.9302978515625,26.653213500976562
17.8828125,952.9263305664062,26.6488037109375
17.8984375,952.919921875,26.637405395507812
17.9140625,952.9306640625,26.6513671875
17.9296875,952.914794921875,26.64806365966797
17.9453125,952.9144897460938,26.6484375
17.9609375,952.9247436523438,26.659454345703125
17.9765625,952.9102172851562,26.6484375
17.9921875,952.9146118164062,26.64733123779297
18.0078125,952.9119873046875,26.638137817382812
18.0234375,952.9230346679688,26.6488037109375
18.0390625,952.9228515625,26.662765502929688
18.0546875,952.9332885742188,26.64659881591797
18.0703125,952.9268798828125,26.644752502441406
18.0859375,952.920654296875,26.646957397460938
18.1015625,952.9238891601562,26.652114868164062
18.1171875,952.9345703125,26.64806365966797
18.1328125,952.9138793945312,26.64550018310547
18.1484375,952.936279296875,26.65247344970703
18.1640625,952.9447631835938,26.64806365966797
18.1796875,952.9448852539062,26.661293029785156
18.1953125,952.9361572265625,26.64806365966797
18.2109375,952.9240112304688,26.64659881591797
18.2265625,952.9287109375,26.64990997314453
18.2421875,952.9241943359375,26.659454345703125
18.2578125,952.9442749023438,26.64916229248047
18.2734375,952.94091796875,26.640716552734375
18.2890625,952.9418334960938,26.65357208251953
18.3046875,952.938232421875,26.64990997314453
18.3203125,952.9439086914062,26.64659881591797
18.3359375,952.940673828125,26.64990997314453
18.3515625,952.963623046875,26.64659881591797
18.3671875,952.9376220703125,26.63593292236328
18.3828125,952.9228515625,26.64916229248047
18.3984375,952.934326171875,26.641815185546875
18.4140625,952.9425659179688,26.639984130859375
18.4296875,952.9255981445312,26.64806365966797
18.4453125,952.9281616210938,26.628585815429688
18.4609375,952.9269409179688,26.64990997314453
18.4765625,952.9152221679688,26.644393920898438
18.4921875,952.931396484375,26.642547607421875
18.5078125,952.94140625,26.644393920898438
18.5234375,952.9205932617188,26.644393920898438
18.5390625,952.9278564453125,26.63006591796875
18.5546875,952.9132690429688,26.65100860595703
18.5703125,952.925537109375,26.63262939453125
18.5859375,952.9194946289062,26.63372802734375
18.6015625,952.9202270507812,26.638137817382812
18.6171875,952.9254760742188,26.640716552734375
18.6328125,952.9232788085938,26.625656127929688
18.6484375,952.9217529296875,26.64659881591797
18.6640625,952.9281005859375,26.63189697265625
18.6796875,952.9152221679688,26.638137817382812
18.6953125,952.9182739257812,26.63372802734375
18.7109375,952.9046020507812,26.64733123779297
18.7265625,952.9191284179688,26.641815185546875
18.7421875,952.921630859375,26.634475708007812
18.7578125,952.9227294921875,26.643653869628906
18.7734375,952.9140625,26.621604919433594
18.7890625,952.9005126953125,26.639244079589844
18.8046875,952.923095703125,26.642547607421875
18.8203125,952.915771484375,26.644393920898438
18.8359375,952.8949584960938,26.638885498046875
18.8515625,952.920654296875,26.646224975585938
18.8671875,952.9219970703125,26.626388549804688
18.8828125,952.921875,26.638885498046875
18.8984375,952.908203125,26.644027709960938
18.9140625,952.9086303710938,26.644393920898438
18.9296875,952.9057006835938,26.63189697265625
18.9453125,952.921142578125,26.643653869628906
18.9609375,952.9140625,26.637405395507812
18.9765625,952.90380859375,26.63372802734375
18.9921875,952.9196166992188,26.6484375
19.0078125,952.9241333007812,26.64659881591797
19.0234375,952.9149169921875,26.63299560546875
19.0390625,952.8986206054688,26.638885498046875
19.0546875,952.906982421875,26.64733123779297
19.0703125,952.908935546875,26.642547607421875
19.0859375,952.9097290039062,26.641090393066406
19.1015625,952.925048828125,26.64550018310547
19.1171875,952.9034423828125,26.634475708007812
19.1328125,952.9024047851562,26.64990997314453
19.1484375,952.9248046875,26.641815185546875
19.1640625,952.9114379882812,26.638885498046875
19.1796875,952.9051513671875,26.641448974609375
19.1953125,952.9024658203125,26.65100860595703
19.2109375,952.904052734375,26.6484375
19.2265625,952.8953857421875,26.644027709960938
19.2421875,952.9224243164062,26.662033081054688
19.2578125,952.9044799804688,26.65100860595703
19.2734375,952.9166259765625,26.64806365966797
19.2890625,952.903076171875,26.64550018310547
19.3046875,952.9027709960938,26.650634765625
19.3203125,952.8956298828125,26.64806365966797
19.3359375,952.8941040039062,26.64806365966797
19.3515625,952.903076171875,26.646224975585938
19.3671875,952.8981323242188,26.658355712890625
19.3828125,952.8951416015625,26.638137817382812
19.3984375,952.902099609375,26.647705078125
19.4140625,952.9227905273438,26.64659881591797
19.4296875,952.9005737304688,26.661293029785156
19.4453125,952.9044189453125,26.66754913330078
19.4609375,952.9110107421875,26.64550018310547
19.4765625,952.9100341796875,26.65247344970703
19.4921875,952.9094848632812,26.661293029785156
19.5078125,952.9044189453125,26.66570281982422
19.5234375,952.912109375,26.660186767578125
19.5390625,952.9115600585938,26.6488037109375
19.5546875,952.9091186523438,26.656150817871094
19.5703125,952.9098510742188,26.66497039794922
19.5859375,952.8994140625,26.650634765625
19.6015625,952.9033203125,26.660934448242188
19.6171875,952.8995971679688,26.66864776611328
19.6328125,952.9122924804688,26.64916229248047
19.6484375,952.8984375,26.656883239746094
19.6640625,952.9075317382812,26.671585083007812
19.6796875,952.9186401367188,26.66570281982422
19.6953125,952.9036254882812,26.671585083007812
19.7109375,952.9281616210938,26.66754913330078
19.7265625,952.891845703125,26.664596557617188
19.7421875,952.8999633789062,26.66864776611328
19.7578125,952.909912109375,26.664596557617188
19.7734375,952.8963623046875,26.66754913330078
19.7890625,952.8990478515625,26.669754028320312
19.8046875,952.9185180664062,26.68444061279297
19.8203125,952.8989868164062,26.68518829345703
19.8359375,952.9229736328125,26.673416137695312
19.8515625,952.8966064453125,26.68408203125
19.8671875,952.8780517578125,26.689224243164062
19.8828125,952.8939819335938,26.681503295898438
19.8984375,952.8974609375,26.673416137695312
19.9140625,952.9032592773438,26.673416137695312
19.9296875,952.9008178710938,26.673416137695312
19.9453125,952.9104614257812,26.68701934814453
19.9609375,952.9201049804688,26.6829833984375
19.9765625,952.8975830078125,26.673416137695312
19.9921875,952.8966064453125,26.6859130859375
20.0078125,952.9200439453125,26.673416137695312
20.0234375,952.8966064453125,26.6859130859375
20.0390625,952.9044799804688,26.6837158203125
20.0546875,952.8976440429688,26.673416137695312
20.0703125,952.9008178710938,26.68701934814453
20.0859375,952.893798828125,26.681503295898438
20.1015625,952.8837280273438,26.68077850341797
20.1171875,952.8973388671875,26.680404663085938
20.1328125,952.897216796875,26.694366455078125
20.1484375,952.9041137695312,26.689224243164062
20.1640625,952.898193359375,26.695838928222656
20.1796875,952.9066772460938,26.68077850341797
20.1953125,952.9093017578125,26.68701934814453
20.2109375,952.9075317382812,26.693260192871094
20.2265625,952.9075317382812,26.68077850341797
20.2421875,952.89794921875,26.68701934814453
20.2578125,952.89794921875,26.68701934814453
20.2734375,952.8926391601562,26.6829833984375
20.2890625,952.893310546875,26.68701934814453
20.3046875,952.8908081054688,26.681503295898438
20.3203125,952.9071044921875,26.681137084960938
20.3359375,952.8931884765625,26.68701934814453
20.3515625,952.89794921875,26.68077850341797
20.3671875,952.8901977539062,26.691055297851562
20.3828125,952.9025268554688,26.68701934814453
20.3984375,952.893798828125,26.691429138183594
20.4140625,952.8954467773438,26.696945190429688
20.4296875,952.9031982421875,26.68701934814453
20.4453125,952.909912109375,26.693260192871094
20.4609375,952.9075317382812,26.690696716308594
20.4765625,952.9025268554688,26.697669982910156
20.4921875,952.91162109375,26.694366455078125
20.5078125,952.895751953125,26.697669982910156
20.5234375,952.8960571289062,26.697311401367188
20.5390625,952.8989868164062,26.696571350097656
20.5546875,952.8989868164062,26.696945190429688
20.5703125,952.8870239257812,26.693260192871094
20.5859375,952.8985595703125,26.694007873535156
20.6015625,952.89453125,26.70135498046875
20.6171875,952.9113159179688,26.70062255859375
20.6328125,952.8856201171875,26.70465850830078
20.6484375,952.9105224609375,26.698776245117188
20.6640625,952.8991088867188,26.706130981445312
20.6796875,952.9035034179688,26.70539093017578
20.6953125,952.9116821289062,26.70062255859375
20.7109375,952.9029541015625,26.691055297851562
20.7265625,952.8983154296875,26.70062255859375
20.7421875,952.8951416015625,26.70062255859375
20.7578125,952.89990234375,26.70648956298828
20.7734375,952.9088745117188,26.692535400390625
20.7890625,952.9147338867188,26.694007873535156
20.8046875,952.8986206054688,26.710174560546875
20.8203125,952.9044799804688,26.70062255859375
20.8359375,952.90234375,26.697669982910156
20.8515625,952.8937377929688,26.709442138671875
20.8671875,952.9014892578125,26.691802978515625
20.8828125,952.9175415039062,26.6829833984375
20.8984375,952.9083251953125,26.70062255859375
20.9140625,952.9059448242188,26.71862030029297
20.9296875,952.8969116210938,26.70062255859375
20.9453125,952.9005126953125,26.70318603515625
20.9609375,952.9115600585938,26.70062255859375
20.9765625,952.8992919921875,26.714950561523438
20.9921875,952.8965454101562,26.70392608642578
21.0078125,952.9038696289062,26.696571350097656
21.0234375,952.8989868164062,26.696571350097656
21.0390625,952.8947143554688,26.723403930664062
21.0546875,952.9105834960938,26.70135498046875
21.0703125,952.8994140625,26.70062255859375
21.0859375,952.90234375,26.712745666503906
21.1015625,952.9005126953125,26.706863403320312
21.1171875,952.908935546875,26.709442138671875
21.1328125,952.9121704101562,26.712005615234375
21.1484375,952.9010620117188,26.710174560546875
21.1640625,952.9044799804688,26.70392608642578
21.1796875,952.9027099609375,26.708335876464844
21.1953125,952.8756103515625,26.70062255859375
21.2109375,952.8951416015625,26.7193603515625
21.2265625,952.8970336914062,26.70062255859375
21.2421875,952.8951416015625,26.70098114013672
21.2578125,952.9112548828125,26.693260192871094
21.2734375,952.901611328125,26.70062255859375
21.2890625,952.9005126953125,26.70062255859375
21.3046875,952.9035034179688,26.696571350097656
21.3203125,952.9127807617188,26.693634033203125
21.3359375,952.8998413085938,26.69841766357422
21.3515625,952.9277954101562,26.697669982910156
21.3671875,952.9068603515625,26.70062255859375
21.3828125,952.9214477539062,26.70648956298828
21.3984375,952.931640625,26.70062255859375
21.4140625,952.9035034179688,26.693260192871094
21.4296875,952.9022216796875,26.706130981445312
21.4453125,952.9088134765625,26.709442138671875
21.4609375,952.9139404296875,26.70465850830078
21.4765625,952.9219360351562,26.70062255859375
21.4921875,952.9083251953125,26.7193603515625
21.5078125,952.91015625,26.70062255859375
21.5234375,952.9142456054688,26.70062255859375
21.5390625,952.9214477539062,26.696571350097656
21.5546875,952.903076171875,26.70318603515625
21.5703125,952.9169311523438,26.70062255859375
21.5859375,952.9160766601562,26.691802978515625
21.6015625,952.9241943359375,26.713478088378906
21.6171875,952.9172973632812,26.695106506347656
21.6328125,952.8994140625,26.691429138183594
21.6484375,952.9091796875,26.68701934814453
21.6640625,952.9129638671875,26.693634033203125
21.6796875,952.9118041992188,26.696571350097656
21.6953125,952.9288940429688,26.70062255859375
21.7109375,952.9185180664062,26.70318603515625
21.7265625,952.9282836914062,26.70062255859375
21.7421875,952.91552734375,26.70062255859375
21.7578125,952.9292602539062,26.68701934814453
21.7734375,952.9345092773438,26.70062255859375
21.7890625,952.9172973632812,26.696945190429688
21.8046875,952.9240112304688,26.70062255859375
21.8203125,952.925048828125,26.68187713623047
21.8359375,952.9280395507812,26.691055297851562
21.8515625,952.9252319335938,26.693634033203125
21.8671875,952.9302978515625,26.697669982910156
21.8828125,952.9212036132812,26.68775177001953
21.8984375,952.9375610351562,26.694007873535156
21.9140625,952.9208374023438,26.68701934814453
21.9296875,952.916015625,26.68077850341797
21.9453125,952.9273071289062,26.68077850341797
21.9609375,952.9194946289062,26.68775177001953
21.9765625,952.9286499023438,26.68518829345703
21.9921875,952.9067993164062,26.681503295898438
22.0078125,952.9064331054688,26.68444061279297
22.0234375,952.90966796875,26.693634033203125
22.0390625,952.914794921875,26.6859130859375
22.0546875,952.9295654296875,26.692161560058594
22.0703125,952.9176635742188,26.68518829345703
22.0859375,952.9199829101562,26.6859130859375
22.1015625,952.926513671875,26.671958923339844
22.1171875,952.9155883789062,26.68444061279297
22.1328125,952.9263916015625,26.673416137695312
22.1484375,952.931396484375,26.6859130859375
22.1640625,952.9277954101562,26.68775177001953
22.1796875,952.914794921875,26.673416137695312
22.1953125,952.9253540039062,26.6859130859375
22.2109375,952.9277954101562,26.68701934814453
22.2265625,952.916015625,26.68775177001953
22.2421875,952.9280395507812,26.682235717773438
22.2578125,952.9185180664062,26.673416137695312
22.2734375,952.9199829101562,26.677467346191406
22.2890625,952.9244995117188,26.677093505859375
22.3046875,952.9251098632812,26.6866455078125
22.3203125,952.9200439453125,26.691055297851562
22.3359375,952.927001953125,26.68775177001953
22.3515625,952.9231567382812,26.695838928222656
22.3671875,952.9288330078125,26.688125610351562
22.3828125,952.8992919921875,26.68077850341797
22.3984375,952.9260864257812,26.68775177001953
22.4140625,952.9303588867188,26.68701934814453
22.4296875,952.9278564453125,26.68701934814453
22.4453125,952.9183349609375,26.68077850341797
22.4609375,952.9273071289062,26.68775177001953
22.4765625,952.9280395507812,26.68775177001953
22.4921875,952.9280395507812,26.691802978515625
22.5078125,952.9270629882812,26.68077850341797
22.5234375,952.917724609375,26.695838928222656
22.5390625,952.9210815429688,26.676368713378906
22.5546875,952.9202880859375,26.691055297851562
22.5703125,952.9235229492188,26.68701934814453
22.5859375,952.9266967773438,26.68885040283203
22.6015625,952.9268798828125,26.70062255859375
22.6171875,952.9112548828125,26.689956665039062
22.6328125,952.9161987304688,26.691055297851562
22.6484375,952.9025268554688,26.694007873535156
22.6640625,952.9328002929688,26.691055297851562
22.6796875,952.9163208007812,26.695106506347656
22.6953125,952.9137573242188,26.68701934814453
22.7109375,952.9213256835938,26.691055297851562
22.7265625,952.9216918945312,26.70355224609375
22.7421875,952.9229736328125,26.696945190429688
22.7578125,952.921142578125,26.692535400390625
22.7734375,952.9027099609375,26.70172119140625
22.7890625,952.903564453125,26.696571350097656
22.8046875,952.9306640625,26.68701934814453
22.8203125,952.9129638671875,26.70465850830078
22.8359375,952.9010009765625,26.68701934814453
22.8515625,952.9266967773438,26.70062255859375
22.8671875,952.9112548828125,26.70062255859375
22.8828125,952.922607421875,26.717514038085938
22.8984375,952.906982421875,26.70062255859375
22.9140625,952.9142456054688,26.709442138671875
22.9296875,952.9043579101562,26.710174560546875
22.9453125,952.9141235351562,26.709442138671875
22.9609375,952.9224243164062,26.70245361328125
22.9765625,952.9216918945312,26.7193603515625
22.9921875,952.9077758789062,26.7193603515625
23.0078125,952.9161376953125,26.716781616210938
23.0234375,952.9259643554688,26.713104248046875
23.0390625,952.91552734375,26.696945190429688
23.0546875,952.9390258789062,26.7193603515625
23.0703125,952.91015625,26.709068298339844
23.0859375,952.9318237304688,26.70318603515625
23.1015625,952.9144897460938,26.72229766845703
23.1171875,952.9277954101562,26.72303009033203
23.1328125,952.9338989257812,26.711273193359375
23.1484375,952.923095703125,26.7193603515625
23.1640625,952.9334716796875,26.71862030029297
23.1796875,952.9453735351562,26.72119140625
23.1953125,952.9563598632812,26.710174560546875
23.2109375,952.9439697265625,26.7193603515625
23.2265625,952.9215698242188,26.70135498046875
23.2421875,952.9418334960938,26.710174560546875
23.2578125,952.9337768554688,26.711273193359375
23.2734375,952.947021484375,26.72156524658203
23.2890625,952.9509887695312,26.708694458007812
23.3046875,952.9408569335938,26.712005615234375
23.3203125,952.933349609375,26.70245361328125
23.3359375,952.9222412109375,26.72156524658203
23.3515625,952.9282836914062,26.717514038085938
23.3671875,952.9357299804688,26.70207977294922
23.3828125,952.940185546875,26.716781616210938
23.3984375,952.944580078125,26.70318603515625
23.4140625,952.9366455078125,26.70062255859375
23.4296875,952.9620971679688,26.70245361328125
23.4453125,952.9395751953125,26.70207977294922
23.4609375,952.943115234375,26.70062255859375
23.4765625,952.9459838867188,26.715682983398438
23.4921875,952.9588012695312,26.70062255859375
23.5078125,952.9340209960938,26.708335876464844
23.5234375,952.934814453125,26.68701934814453
23.5390625,952.9415893554688,26.691802978515625
23.5546875,952.963623046875,26.68701934814453
23.5703125,952.9415893554688,26.70062255859375
23.5859375,952.9478149414062,26.693260192871094
23.6015625,952.933349609375,26.697669982910156
23.6171875,952.9456787109375,26.691055297851562
23.6328125,952.9485473632812,26.68775177001953
23.6484375,952.97216796875,26.68701934814453
23.6640625,952.9530029296875,26.681137084960938
23.6796875,952.9446411132812,26.673416137695312
23.6953125,952.9445190429688,26.664596557617188
23.7109375,952.9525756835938,26.674522399902344
23.7265625,952.9379272460938,26.671958923339844
23.7421875,952.9903564453125,26.673416137695312
23.7578125,952.9892578125,26.66680145263672
23.7734375,952.964111328125,26.664596557617188
23.7890625,952.956787109375,26.664596557617188
23.8046875,952.9573364257812,26.66423797607422
23.8203125,952.9483642578125,26.662391662597656
23.8359375,952.9552612304688,26.66864776611328
23.8515625,952.9673461914062,26.672683715820312
23.8671875,952.9688720703125,26.657981872558594
23.8828125,952.95849609375,26.653213500976562
23.8984375,952.956787109375,26.664596557617188
23.9140625,952.9412231445312,26.657981872558594
23.9296875,952.9620361328125,26.655418395996094
23.9453125,952.9559326171875,26.652114868164062
23.9609375,952.9495849609375,26.644393920898438
23.9765625,952.9547729492188,26.6484375
23.9921875,952.942626953125,26.641815185546875
24.0078125,952.9401245117188,26.634475708007812
24.0234375,952.9478149414062,26.641815185546875
24.0390625,952.9365234375,26.63189697265625
24.0546875,952.9325561523438,26.65100860595703
24.0703125,952.9213256835938,26.636680603027344
24.0859375,952.9324951171875,26.645126342773438
24.1015625,952.9381103515625,26.63189697265625
24.1171875,952.921142578125,26.638137817382812
24.1328125,952.9385986328125,26.620872497558594
24.1484375,952.9326171875,26.627487182617188
24.1640625,952.9446411132812,26.621604919433594
24.1796875,952.92919921875,26.6142578125
24.1953125,952.920654296875,26.622703552246094
24.2109375,952.9215698242188,26.639984130859375
24.2265625,952.9434814453125,26.62895965576172
24.2421875,952.9329223632812,26.63079833984375
24.2578125,952.9473876953125,26.624176025390625
24.2734375,952.929443359375,26.611679077148438
24.2890625,952.9336547851562,26.611679077148438
24.3046875,952.9222412109375,26.611679077148438
24.3203125,952.9246826171875,26.63006591796875
24.3359375,952.9252319335938,26.620872497558594
24.3515625,952.9177856445312,26.61719512939453
24.3671875,952.9174194335938,26.622703552246094
24.3828125,952.9215698242188,26.620140075683594
24.3984375,952.9337768554688,26.621604919433594
24.4140625,952.923828125,26.622703552246094
24.4296875,952.9268798828125,26.626014709472656
24.4453125,952.9260864257812,26.627487182617188
24.4609375,952.9440307617188,26.636306762695312
24.4765625,952.940185546875,26.623451232910156
24.4921875,952.9240112304688,26.628219604492188
24.5078125,952.9220581054688,26.635208129882812
24.5234375,952.9203491210938,26.63410186767578
24.5390625,952.9298095703125,26.619766235351562
24.5546875,952.9146728515625,26.640716552734375
24.5703125,952.932861328125,26.642189025878906
24.5859375,952.9241333007812,26.627113342285156
24.6015625,952.9297485351562,26.643653869628906
24.6171875,952.9306640625,26.635208129882812
24.6328125,952.9210205078125,26.63189697265625
24.6484375,952.9224243164062,26.639984130859375
24.6640625,952.933349609375,26.639984130859375
24.6796875,952.9261474609375,26.638137817382812
24.6953125,952.9140625,26.636306762695312
24.7109375,952.927001953125,26.63079833984375
24.7265625,952.9276123046875,26.620872497558594
24.7421875,952.9242553710938,26.63189697265625
24.7578125,952.907470703125,26.62786102294922
24.7734375,952.91015625,26.63189697265625
24.7890625,952.9176635742188,26.63189697265625
24.8046875,952.9133911132812,26.627487182617188
24.8203125,952.9237060546875,26.641815185546875
24.8359375,952.9221801757812,26.63189697265625
24.8515625,952.9188232421875,26.63189697265625
24.8671875,952.9224243164062,26.659454345703125
24.8828125,952.9281005859375,26.641815185546875
24.8984375,952.9234008789062,26.637039184570312
24.9140625,952.9229736328125,26.641815185546875
24.9296875,952.9281616210938,26.65174102783203
24.9453125,952.9243774414062,26.644393920898438
24.9609375,952.9577026367188,26.6495361328125
24.9765625,952.94091796875,26.65174102783203
24.9921875,952.9398803710938,26.640342712402344
25.0078125,952.9555053710938,26.64990997314453
25.0234375,952.947998046875,26.64733123779297
25.0390625,952.9453735351562,26.634475708007812
25.0546875,952.9406127929688,26.640716552734375
25.0703125,952.9627685546875,26.644393920898438
25.0859375,952.9517211914062,26.63372802734375
25.1015625,952.9852905273438,26.655044555664062
25.1171875,952.9528198242188,26.64550018310547
25.1328125,952.9923706054688,26.64550018310547
25.1484375,952.9619140625,26.64550018310547
25.1640625,952.9685668945312,26.642189025878906
25.1796875,952.95458984375,26.646224975585938
25.1953125,953.0469360351562,26.641090393066406
25.2109375,952.9699096679688,26.645126342773438
25.2265625,952.9775390625,26.640716552734375
25.2421875,952.9699096679688,26.64733123779297
25.2578125,952.9705200195312,26.644393920898438
25.2734375,952.9744262695312,26.63006591796875
25.2890625,952.9879760742188,26.621604919433594
25.3046875,952.9805908203125,26.638885498046875
25.3203125,953.056396484375,26.634475708007812
25.3359375,952.9813232421875,26.62895965576172
25.3515625,952.9848022460938,26.62895965576172
25.3671875,952.9878540039062,26.640342712402344
25.3828125,953.007568359375,26.624176025390625
25.3984375,953.0740966796875,26.627113342285156
25.4140625,953.0098266601562,26.621604919433594
25.4296875,952.9920043945312,26.61646270751953
25.4453125,952.989013671875,26.625656127929688
25.4609375,953.0460815429688,26.625282287597656
25.4765625,953.0126342773438,26.634475708007812
25.4921875,953.0057373046875,26.63372802734375
25.5078125,953.0026245117188,26.627113342285156
25.5234375,953.0128173828125,26.620872497558594
25.5390625,952.9852905273438,26.624176025390625
25.5546875,953.014892578125,26.611679077148438
25.5703125,953.0274047851562,26.621604919433594
25.5859375,952.9967041015625,26.621604919433594
25.6015625,952.9913940429688,26.61573028564453
25.6171875,953.0326538085938,26.620140075683594
25.6328125,952.9995727539062,26.61646270751953
25.6484375,953.0164794921875,26.611679077148438
25.6640625,952.983154296875,26.604339599609375
25.6796875,953.0039672851562,26.61646270751953
25.6953125,952.9961547851562,26.601760864257812
25.7109375,953.0079345703125,26.610580444335938
25.7265625,953.0475463867188,26.6124267578125
25.7421875,953.0178833007812,26.59771728515625
25.7578125,952.97998046875,26.59514617919922
25.7734375,952.9696044921875,26.599929809570312
25.7890625,953.0148315429688,26.59735107421875
25.8046875,953.033203125,26.602500915527344
25.8203125,952.9691162109375,26.594039916992188
25.8359375,952.9700317382812,26.592941284179688
25.8515625,952.9580078125,26.604705810546875
25.8671875,952.9718017578125,26.59882354736328
25.8828125,952.9513549804688,26.588897705078125
25.8984375,952.9521484375,26.592208862304688
25.9140625,952.9495849609375,26.59844970703125
25.9296875,952.9387817382812,26.587066650390625
25.9453125,952.9465942382812,26.606170654296875
25.9609375,952.9545288085938,26.583389282226562
25.9765625,952.9373168945312,26.587066650390625
25.9921875,952.9425048828125,26.58301544189453
26.0078125,952.9426879882812,26.583389282226562
26.0234375,952.9426879882812,26.59809112548828
26.0390625,952.9470825195312,26.587066650390625
26.0546875,952.9347534179688,26.592208862304688
26.0703125,952.946533203125,26.5797119140625
26.0859375,952.9435424804688,26.583763122558594
26.1015625,952.9397583007812,26.592208862304688
26.1171875,952.939453125,26.590003967285156
26.1328125,952.9337158203125,26.592208862304688
26.1484375,952.9501342773438,26.582290649414062
26.1640625,952.9318237304688,26.592208862304688
26.1796875,952.9298095703125,26.590736389160156
26.1953125,952.923095703125,26.591476440429688
26.2109375,952.9321899414062,26.592208862304688
26.2265625,952.9286499023438,26.593307495117188
26.2421875,952.9234008789062,26.592208862304688
26.2578125,952.9166870117188,26.582290649414062
26.2734375,952.9175415039062,26.577880859375
26.2890625,952.9241943359375,26.587066650390625
26.3046875,952.91796875,26.582290649414062
26.3203125,952.9312133789062,26.575302124023438
26.3359375,952.9203491210938,26.594039916992188
26.3515625,952.927734375,26.594039916992188
26.3671875,952.9288330078125,26.608749389648438
26.3828125,952.9375,26.601028442382812
26.3984375,952.9193725585938,26.594039916992188
26.4140625,952.921630859375,26.60065460205078
26.4296875,952.9222412109375,26.59735107421875
26.4453125,952.9261474609375,26.592941284179688
26.4609375,952.9287109375,26.59809112548828
26.4765625,952.9190673828125,26.608749389648438
26.4921875,952.92724609375,26.604705810546875
26.5078125,952.924560546875,26.585220336914062
26.5234375,952.9315185546875,26.588172912597656
26.5390625,952.9234008789062,26.574569702148438
26.5546875,952.9137573242188,26.590003967285156
26.5703125,952.9308471679688,26.592208862304688
26.5859375,952.9298095703125,26.590736389160156
26.6015625,952.915283203125,26.593307495117188
26.6171875,952.9227905273438,26.594039916992188
26.6328125,952.9186401367188,26.602127075195312
26.6484375,952.9105224609375,26.602127075195312
26.6640625,952.9027099609375,26.594039916992188
26.6796875,952.9151611328125,26.592208862304688
26.6953125,952.9214477539062,26.590003967285156
26.7109375,952.9152221679688,26.603965759277344
26.7265625,952.91015625,26.607269287109375
26.7421875,952.9229736328125,26.605438232421875
26.7578125,952.9293823242188,26.611679077148438
26.7734375,952.9234008789062,26.594039916992188
26.7890625,952.921630859375,26.59844970703125
26.8046875,952.9071655273438,26.61646270751953
26.8203125,952.9191284179688,26.610580444335938
26.8359375,952.930419921875,26.603607177734375
26.8515625,952.919677734375,26.601402282714844
26.8671875,952.9163818359375,26.59735107421875
26.8828125,952.9303588867188,26.6124267578125
26.8984375,952.937255859375,26.611679077148438
26.9140625,952.9246826171875,26.59735107421875
26.9296875,952.9417724609375,26.605438232421875
26.9453125,952.93115234375,26.61646270751953
26.9609375,952.9603881835938,26.611679077148438
26.9765625,952.9407348632812,26.609848022460938
26.9921875,952.9406127929688,26.6124267578125
27.0078125,952.9275512695312,26.620872497558594
27.0234375,952.9261474609375,26.611679077148438
27.0390625,952.92529296875,26.6160888671875
27.0546875,952.9280395507812,26.621604919433594
27.0703125,952.9183959960938,26.611679077148438
27.0859375,952.9240112304688,26.611679077148438
27.1015625,952.9228515625,26.63006591796875
27.1171875,952.9197998046875,26.607269287109375
27.1328125,952.921142578125,26.6124267578125
27.1484375,952.9557495117188,26.61646270751953
27.1640625,952.978271484375,26.605438232421875
27.1796875,952.9456176757812,26.611679077148438
27.1953125,952.9598999023438,26.61573028564453
27.2109375,952.9489135742188,26.619766235351562
27.2265625,952.9541015625,26.61573028564453
27.2421875,952.9691772460938,26.611679077148438
27.2578125,952.9669799804688,26.611679077148438
27.2734375,952.9551391601562,26.603233337402344
27.2890625,952.9679565429688,26.601402282714844
27.3046875,952.96240234375,26.59809112548828
27.3203125,952.9841918945312,26.605438232421875
27.3359375,952.953857421875,26.594039916992188
27.3515625,952.9783935546875,26.608749389648438
27.3671875,952.9852294921875,26.605438232421875
27.3828125,952.9682006835938,26.594039916992188
27.3984375,953.0011596679688,26.605438232421875
27.4140625,952.9825439453125,26.59441375732422
27.4296875,953.0089111328125,26.59552001953125
27.4453125,952.9469604492188,26.592208862304688
27.4609375,952.9453735351562,26.593307495117188
27.4765625,952.9658203125,26.59588623046875
27.4921875,952.97265625,26.601760864257812
27.5078125,952.966064453125,26.604705810546875
27.5234375,952.95263671875,26.594039916992188
27.5390625,952.9736328125,26.59588623046875
27.5546875,952.9541015625,26.587066650390625
27.5703125,952.9508666992188,26.605438232421875
27.5859375,952.9520874023438,26.590377807617188
27.6015625,952.957763671875,26.592208862304688
27.6171875,952.946533203125,26.583763122558594
27.6328125,952.9456787109375,26.5782470703125
27.6484375,952.9308471679688,26.577880859375
27.6640625,952.9577026367188,26.572738647460938
27.6796875,952.9417114257812,26.582290649414062
27.6953125,952.9473876953125,26.582290649414062
27.7109375,952.9318237304688,26.585220336914062
27.7265625,952.9375,26.573837280273438
27.7421875,952.9470825195312,26.57604217529297
27.7578125,952.9336547851562,26.585220336914062
27.7734375,952.9429321289062,26.5771484375
27.7890625,952.9391479492188,26.574569702148438
27.8046875,952.9478149414062,26.569061279296875
27.8203125,952.9359130859375,26.573837280273438
27.8359375,952.9267578125,26.571990966796875
27.8515625,952.92724609375,26.565750122070312
27.8671875,952.9158325195312,26.567581176757812
27.8828125,952.9309692382812,26.570159912109375
27.8984375,952.9288940429688,26.570533752441406
27.9140625,952.9367065429688,26.571990966796875
27.9296875,952.9290161132812,26.565017700195312
27.9453125,952.93310546875,26.5771484375
27.9609375,952.9373168945312,26.570159912109375
27.9765625,952.9163208007812,26.571990966796875
27.9921875,952.9213256835938,26.580078125
28.0078125,952.9183959960938,26.57860565185547
28.0234375,952.9242553710938,26.573097229003906
28.0390625,952.92138671875,26.57677459716797
28.0546875,952.934326171875,26.573097229003906
28.0703125,952.9291381835938,26.568687438964844
28.0859375,952.9161987304688,26.575668334960938
28.1015625,952.9258422851562,26.565750122070312
28.1171875,952.9212036132812,26.563919067382812
28.1328125,952.9157104492188,26.571990966796875
28.1484375,952.923583984375,26.587066650390625
28.1640625,952.9269409179688,26.574195861816406
28.1796875,952.9268798828125,26.574569702148438
28.1953125,952.9400634765625,26.5797119140625
28.2109375,952.9375610351562,26.5782470703125
28.2265625,952.9241943359375,26.57604217529297
28.2421875,952.9169311523438,26.571632385253906
28.2578125,952.923583984375,26.582290649414062
28.2734375,952.9175415039062,26.585594177246094
28.2890625,952.9189453125,26.587066650390625
28.3046875,952.9292602539062,26.594039916992188
28.3203125,952.9210815429688,26.590736389160156
28.3359375,952.9296875,26.603965759277344
28.3515625,952.919677734375,26.582290649414062
28.3671875,952.9144897460938,26.5797119140625
28.3828125,952.917236328125,26.58301544189453
28.3984375,952.9176635742188,26.583389282226562
28.4140625,952.9313354492188,26.594039916992188
28.4296875,952.921630859375,26.587066650390625
28.4453125,952.9400634765625,26.590377807617188
28.4609375,952.930908203125,26.582290649414062
28.4765625,952.9378662109375,26.592208862304688
28.4921875,952.9352416992188,26.590736389160156
28.5078125,952.9637451171875,26.594039916992188
28.5234375,952.9354248046875,26.594039916992188
28.5390625,952.94677734375,26.587066650390625
28.5546875,952.9317016601562,26.594039916992188
28.5703125,952.9395751953125,26.6131591796875
28.5859375,952.9503784179688,26.611679077148438
28.6015625,952.950927734375,26.587799072265625
28.6171875,952.956298828125,26.59771728515625
28.6328125,952.9722290039062,26.585220336914062
28.6484375,952.9446411132812,26.605438232421875
28.6640625,952.9437255859375,26.59844970703125
28.6796875,952.9513549804688,26.594039916992188
28.6953125,952.9635009765625,26.590377807617188
28.7109375,952.9757080078125,26.577880859375
28.7265625,952.9708862304688,26.58301544189453
28.7421875,952.9905395507812,26.591476440429688
28.7578125,952.99609375,26.594039916992188
28.7734375,952.964111328125,26.590377807617188
28.7890625,952.979248046875,26.588897705078125
28.8046875,952.9713134765625,26.592208862304688
28.8203125,952.9842529296875,26.584861755371094
28.8359375,952.9608154296875,26.602127075195312
28.8515625,952.9613037109375,26.58301544189453
28.8671875,952.9732055664062,26.590377807617188
28.8828125,952.9547729492188,26.592208862304688
28.8984375,952.9573364257812,26.594039916992188
28.9140625,952.9592895507812,26.58301544189453
28.9296875,952.9515991210938,26.587425231933594
28.9453125,952.9520874023438,26.589630126953125
28.9609375,952.9510498046875,26.59661865234375
28.9765625,952.9512329101562,26.592208862304688
28.9921875,952.9639892578125,26.5797119140625
29.0078125,952.9567260742188,26.585220336914062
29.0234375,952.9710083007812,26.577880859375
29.0390625,952.95654296875,26.592208862304688
29.0546875,952.9561767578125,26.585220336914062
29.0703125,952.9744873046875,26.59588623046875
29.0859375,952.9583129882812,26.583389282226562
29.1015625,952.9576416015625,26.5797119140625
29.1171875,952.9501342773438,26.58045196533203
29.1328125,952.9627685546875,26.570159912109375
29.1484375,952.964111328125,26.577880859375
29.1640625,952.9654541015625,26.57494354248047
29.1796875,952.9688110351562,26.583389282226562
29.1953125,952.9456787109375,26.574569702148438
29.2109375,952.9680786132812,26.587066650390625
29.2265625,952.9747314453125,26.592208862304688
29.2421875,952.9520263671875,26.570892333984375
29.2578125,952.9821166992188,26.574569702148438
29.2734375,952.9633178710938,26.580078125
29.2890625,952.9830322265625,26.574569702148438
29.3046875,952.9824829101562,26.570159912109375
29.3203125,952.9819946289062,26.576400756835938
29.3359375,952.970703125,26.56281280517578
29.3515625,952.9693603515625,26.56134033203125
29.3671875,952.9811401367188,26.572738647460938
29.3828125,952.9673461914062,26.572364807128906
29.3984375,952.9434204101562,26.572364807128906
29.4140625,952.97216796875,26.585220336914062
29.4296875,952.9835815429688,26.575668334960938
29.4453125,952.977783203125,26.567955017089844
29.4609375,952.9716796875,26.56060791015625
29.4765625,952.966796875,26.569786071777344
29.4921875,952.9503173828125,26.570892333984375
29.5078125,952.9629516601562,26.568328857421875
29.5234375,952.9627075195312,26.56060791015625
29.5390625,952.947021484375,26.572364807128906
29.5546875,952.9458618164062,26.565750122070312
29.5703125,952.9654541015625,26.56317138671875
29.5859375,952.9676513671875,26.54443359375
29.6015625,952.948974609375,26.55730438232422
29.6171875,952.9503173828125,26.557662963867188
29.6328125,952.9479370117188,26.539291381835938
29.6484375,952.9390258789062,26.552520751953125
29.6640625,952.9473876953125,26.539291381835938
29.6796875,952.9401245117188,26.535614013671875
29.6953125,952.9337768554688,26.541122436523438
29.7109375,952.9415283203125,26.535614013671875
29.7265625,952.9356079101562,26.552520751953125
29.7421875,952.9359741210938,26.54663848876953
29.7578125,952.9403076171875,26.55730438232422
29.7734375,952.9401245117188,26.536354064941406
29.7890625,952.9266357421875,26.54443359375
29.8046875,952.9346923828125,26.52606201171875
29.8203125,952.9370727539062,26.54443359375
29.8359375,952.9334106445312,26.54663848876953
29.8515625,952.927734375,26.54663848876953
29.8671875,952.9348754882812,26.549583435058594
29.8828125,952.9464721679688,26.536354064941406
29.8984375,952.923095703125,26.535614013671875
29.9140625,952.9266357421875,26.53966522216797
29.9296875,952.9234008789062,26.54517364501953
29.9453125,952.9275512695312,26.54076385498047
29.9609375,952.942626953125,26.547378540039062
29.9765625,952.9110717773438,26.548484802246094
29.9921875,952.9254760742188,26.543701171875
30.0078125,952.9244995117188,26.554351806640625
30.0234375,952.928466796875,26.54517364501953
30.0390625,952.9275512695312,26.54590606689453
30.0546875,952.9252319335938,26.54443359375
30.0703125,952.9232788085938,26.54443359375
30.0859375,952.9137573242188,26.5426025390625
30.1015625,952.9147338867188,26.556198120117188
30.1171875,952.9197387695312,26.549583435058594
30.1328125,952.9183959960938,26.552520751953125
30.1484375,952.9193725585938,26.557662963867188
30.1640625,952.9252319335938,26.56060791015625
30.1796875,952.9381103515625,26.56317138671875
30.1953125,952.92333984375,26.553619384765625
30.2109375,952.9546508789062,26.556930541992188
30.2265625,952.9716796875,26.558029174804688
30.2421875,952.9689331054688,26.568328857421875
30.2578125,952.9674682617188,26.558761596679688
30.2734375,952.9683227539062,26.555831909179688
30.2890625,953.0122680664062,26.556556701660156
30.3046875,952.9932861328125,26.549583435058594
30.3203125,952.9656982421875,26.553253173828125
30.3359375,952.99169921875,26.554351806640625
30.3515625,953.0145874023438,26.55730438232422
30.3671875,952.9885864257812,26.56134033203125
30.3828125,953.0146484375,26.553619384765625
30.3984375,952.9654541015625,26.55730438232422
30.4140625,952.9419555664062,26.56024169921875
30.4296875,952.99365234375,26.566848754882812
30.4453125,953.0079956054688,26.554351806640625
30.4609375,952.9959716796875,26.563919067382812
30.4765625,952.9688720703125,26.56317138671875
30.4921875,952.962158203125,26.568687438964844
30.5078125,952.9909057617188,26.565017700195312
30.5234375,952.9910888671875,26.567581176757812
30.5390625,952.9817504882812,26.56060791015625
30.5546875,952.9811401367188,26.555099487304688
30.5703125,953.0061645507812,26.55730438232422
30.5859375,952.9902954101562,26.553619384765625
30.6015625,952.968505859375,26.554351806640625
30.6171875,952.9996948242188,26.553619384765625
30.6328125,952.9959106445312,26.553253173828125
30.6484375,953.0263671875,26.554351806640625
30.6640625,952.9655151367188,26.54663848876953
30.6796875,952.9844970703125,26.5418701171875
30.6953125,952.9918823242188,26.54222869873047
30.7109375,952.9715576171875,26.54332733154297
30.7265625,952.976318359375,26.549209594726562
30.7421875,952.9871826171875,26.54517364501953
30.7578125,952.9891357421875,26.554351806640625
30.7734375,952.9500732421875,26.54517364501953
30.7890625,952.9609985351562,26.54443359375
30.8046875,952.9376220703125,26.540390014648438
30.8203125,952.961669921875,26.5426025390625
30.8359375,952.9673461914062,26.54443359375
30.8515625,952.951904296875,26.549209594726562
30.8671875,952.9489135742188,26.548484802246094
30.8828125,952.952392578125,26.54773712158203
30.8984375,952.958251953125,26.54443359375
30.9140625,952.9591064453125,26.54517364501953
30.9296875,952.940673828125,26.536354064941406
30.9453125,952.9607543945312,26.547012329101562
30.9609375,952.9606323242188,26.549209594726562
30.9765625,952.9369506835938,26.543701171875
30.9921875,952.951904296875,26.54517364501953
31.0078125,952.9532470703125,26.543701171875
31.0234375,952.9417724609375,26.536354064941406
31.0390625,952.9607543945312,26.538917541503906
31.0546875,952.9323120117188,26.533782958984375
31.0703125,952.9456176757812,26.53009796142578
31.0859375,952.9380493164062,26.533782958984375
31.1015625,952.9420166015625,26.533782958984375
31.1171875,952.940185546875,26.523483276367188
31.1328125,952.9462890625,26.53966522216797
31.1484375,952.9479370117188,26.52826690673828
31.1640625,952.9395751953125,26.52789306640625
31.1796875,952.9288940429688,26.52202606201172
31.1953125,952.9443359375,26.53009796142578
31.2109375,952.9415893554688,26.52568817138672
31.2265625,952.9398803710938,26.530845642089844
31.2421875,952.9320678710938,26.5455322265625
31.2578125,952.9450073242188,26.53009796142578
31.2734375,952.9236450195312,26.54443359375
31.2890625,952.9459838867188,26.520919799804688
31.3046875,952.9251098632812,26.5447998046875
31.3203125,952.9174194335938,26.52568817138672
31.3359375,952.9309692382812,26.537818908691406
31.3515625,952.9495239257812,26.53009796142578
31.3671875,952.9320068359375,26.53966522216797
