# Time (seconds),Pressure,Temp
0.0078125,953.1114501953125,27.308425903320312
0.0234375,953.14794921875,27.30512237548828
0.0390625,953.1385498046875,27.308799743652344
0.0546875,953.1616821289062,27.306968688964844
0.0703125,953.1358642578125,27.316513061523438
0.0859375,953.1361694335938,27.312103271484375
0.1015625,953.154296875,27.306968688964844
0.1171875,953.1298217773438,27.312103271484375
0.1328125,953.1494140625,27.32202911376953
0.1484375,953.1539916992188,27.3209228515625
0.1640625,953.1580200195312,27.30438995361328
0.1796875,953.1403198242188,27.315040588378906
0.1953125,953.1497192382812,27.32019805908203
0.2109375,953.1365356445312,27.32129669189453
0.2265625,953.1480102539062,27.314682006835938
0.2421875,953.1509399414062,27.313941955566406
0.2578125,953.1454467773438,27.316513061523438
0.2734375,953.1547241210938,27.308425903320312
0.2890625,953.1448974609375,27.313941955566406
0.3046875,953.1526489257812,27.327545166015625
0.3203125,953.1480102539062,27.312835693359375
0.3359375,953.1483154296875,27.31578826904297
0.3515625,953.1360473632812,27.31761932373047
0.3671875,953.1548461914062,27.326438903808594
0.3828125,953.1640625,27.313941955566406
0.3984375,953.1544189453125,27.32129669189453
0.4140625,953.1611328125,27.311378479003906
0.4296875,953.1632080078125,27.327545166015625
0.4453125,953.2268676757812,27.31835174560547
0.4609375,953.2212524414062,27.32129669189453
0.4765625,953.3153076171875,27.327545166015625
0.4921875,953.314208984375,27.33599090576172
0.5078125,953.276123046875,27.313941955566406
0.5234375,953.33203125,27.313583374023438
0.5390625,953.3162841796875,27.328269958496094
0.5546875,953.3303833007812,27.329376220703125
0.5703125,953.2533569335938,27.328643798828125
0.5859375,953.3189697265625,27.316513061523438
0.6015625,953.3501586914062,27.330474853515625
0.6171875,953.2977294921875,27.323501586914062
0.6328125,953.2939453125,27.334884643554688
0.6484375,953.2562255859375,27.326438903808594
0.6640625,953.288330078125,27.324966430664062
0.6796875,953.3538818359375,27.325706481933594
0.6953125,953.3307495117188,27.329376220703125
0.7109375,953.316162109375,27.330474853515625
0.7265625,953.3102416992188,27.313941955566406
0.7421875,953.2739868164062,27.326438903808594
0.7578125,953.375,27.331222534179688
0.7734375,953.322265625,27.316513061523438
0.7890625,953.3244018554688,27.326438903808594
0.8046875,953.302734375,27.32129669189453
0.8203125,953.2890625,27.306968688964844
0.8359375,953.288818359375,27.308425903320312
0.8515625,953.3128662109375,27.313941955566406
0.8671875,953.3116455078125,27.313941955566406
0.8828125,953.3726196289062,27.308067321777344
0.8984375,953.33544921875,27.307327270507812
0.9140625,953.2858276367188,27.30218505859375
0.9296875,953.2865600585938,27.307693481445312
0.9453125,953.3761596679688,27.310272216796875
0.9609375,953.3973388671875,27.308799743652344
0.9765625,953.288330078125,27.298873901367188
0.9921875,953.3316040039062,27.307693481445312
1.0078125,953.358154296875,27.307693481445312
1.0234375,953.3761596679688,27.297401428222656
1.0390625,953.2871704101562,27.30035400390625
1.0546875,953.3299560546875,27.305496215820312
1.0703125,953.2880249023438,27.280868530273438
1.0859375,953.308349609375,27.30035400390625
1.1015625,953.2791137695312,27.292991638183594
1.1171875,953.2730102539062,27.292266845703125
1.1328125,953.3111572265625,27.277198791503906
1.1484375,953.3778686523438,27.289329528808594
1.1640625,953.2678833007812,27.28417205810547
1.1796875,953.3014526367188,27.28417205810547
1.1953125,953.2811279296875,27.277198791503906
1.2109375,953.2620239257812,27.26653289794922
1.2265625,953.2310180664062,27.28417205810547
1.2421875,953.23388671875,27.26728057861328
1.2578125,953.234130859375,27.243759155273438
1.2734375,953.24365234375,27.276100158691406
1.2890625,953.2205200195312,27.263595581054688
1.3046875,953.212158203125,27.255882263183594
1.3203125,953.194091796875,27.263595581054688
1.3359375,953.1691284179688,27.236412048339844
1.3515625,953.1897583007812,27.24964141845703
1.3671875,953.1827392578125,27.243759155273438
1.3828125,953.1892700195312,27.24633026123047
1.3984375,953.1823120117188,27.256614685058594
1.4140625,953.1864624023438,27.237136840820312
1.4296875,953.1886596679688,27.23236083984375
1.4453125,953.1725463867188,27.23272705078125
1.4609375,953.1660766601562,27.234939575195312
1.4765625,953.1650390625,27.234939575195312
1.4921875,953.1661987304688,27.223907470703125
1.5078125,953.1555786132812,27.219871520996094
1.5234375,953.145751953125,27.234939575195312
1.5390625,953.1650390625,27.22759246826172
1.5546875,953.153564453125,27.228317260742188
1.5703125,953.1357421875,27.226119995117188
1.5859375,953.1588745117188,27.217666625976562
1.6015625,953.1633911132812,27.21692657470703
1.6171875,953.1668701171875,27.205543518066406
1.6328125,953.1555786132812,27.219871520996094
1.6484375,953.1571044921875,27.221710205078125
1.6640625,953.1572265625,27.21692657470703
1.6796875,953.163330078125,27.209205627441406
1.6953125,953.1452026367188,27.21692657470703
1.7109375,953.155517578125,27.21692657470703
1.7265625,953.1345825195312,27.204795837402344
1.7421875,953.155517578125,27.215087890625
1.7578125,953.1571655273438,27.208847045898438
1.7734375,953.18701171875,27.210311889648438
1.7890625,953.1847534179688,27.215087890625
1.8046875,953.1887817382812,27.219497680664062
1.8203125,953.1922607421875,27.202232360839844
1.8359375,953.1923217773438,27.204795837402344
1.8515625,953.2391967773438,27.217666625976562
1.8671875,953.2291259765625,27.21692657470703
1.8828125,953.2667236328125,27.208106994628906
1.8984375,953.2723388671875,27.218772888183594
1.9140625,953.3098754882812,27.23456573486328
1.9296875,953.3073120117188,27.219497680664062
1.9453125,953.2698974609375,27.223541259765625
1.9609375,953.309814453125,27.224281311035156
1.9765625,953.2966918945312,27.219497680664062
1.9921875,953.3153686523438,27.228317260742188
2.0078125,953.2582397460938,27.225746154785156
2.0234375,953.3045654296875,27.225013732910156
2.0390625,953.2997436523438,27.23272705078125
2.0546875,953.3029174804688,27.218772888183594
2.0703125,953.3063354492188,27.23236083984375
2.0859375,953.2615966796875,27.223907470703125
2.1015625,953.3068237304688,27.217666625976562
2.1171875,953.31396484375,27.239715576171875
2.1328125,953.3370971679688,27.209205627441406
2.1484375,953.3352661132812,27.226119995117188
2.1640625,953.295654296875,27.223541259765625
2.1796875,953.3773803710938,27.222434997558594
2.1953125,953.4177856445312,27.226119995117188
2.2109375,953.3560180664062,27.219871520996094
2.2265625,953.3458862304688,27.225013732910156
2.2421875,953.4037475585938,27.218772888183594
2.2578125,953.3362426757812,27.2132568359375
2.2734375,953.3075561523438,27.218772888183594
2.2890625,953.3451538085938,27.221710205078125
2.3046875,953.364013671875,27.210311889648438
2.3203125,953.3551635742188,27.211410522460938
2.3359375,953.299560546875,27.207374572753906
2.3515625,953.4074096679688,27.221336364746094
2.3671875,953.3998413085938,27.19708251953125
2.3828125,953.34716796875,27.198928833007812
2.3984375,953.42919921875,27.19672393798828
2.4140625,953.34716796875,27.200027465820312
2.4296875,953.34326171875,27.20995330810547
2.4453125,953.3591918945312,27.205543518066406
2.4609375,953.350341796875,27.19672393798828
2.4765625,953.4260864257812,27.200027465820312
2.4921875,953.3995361328125,27.203338623046875
2.5078125,953.4164428710938,27.191566467285156
2.5234375,953.3203735351562,27.190841674804688
2.5390625,953.3997192382812,27.185325622558594
2.5546875,953.377685546875,27.186431884765625
2.5703125,953.3419189453125,27.186798095703125
2.5859375,953.3103637695312,27.177978515625
2.6015625,953.3243408203125,27.184219360351562
2.6171875,953.3465576171875,27.18091583251953
2.6328125,953.3533325195312,27.186798095703125
2.6484375,953.3510131835938,27.171722412109375
2.6640625,953.3775634765625,27.18164825439453
2.6796875,953.4024047851562,27.1805419921875
2.6953125,953.379638671875,27.188629150390625
2.7109375,953.3720703125,27.17577362060547
2.7265625,953.282958984375,27.18018341064453
2.7421875,953.2379760742188,27.167312622070312
2.7578125,953.2325439453125,27.1787109375
2.7734375,953.2109375,27.171722412109375
2.7890625,953.1983642578125,27.165481567382812
2.8046875,953.1869506835938,27.166580200195312
2.8203125,953.1858520507812,27.157394409179688
2.8359375,953.18310546875,27.16180419921875
2.8515625,953.2021484375,27.16033935546875
2.8671875,953.1881713867188,27.165855407714844
2.8828125,953.1827392578125,27.156661987304688
2.8984375,953.1956176757812,27.14636993408203
2.9140625,953.173583984375,27.150047302246094
2.9296875,953.1739501953125,27.15997314453125
2.9453125,953.1786499023438,27.16033935546875
2.9609375,953.1810913085938,27.154830932617188
2.9765625,953.1792602539062,27.16033935546875
2.9921875,953.1654663085938,27.15703582763672
3.0078125,953.1818237304688,27.154457092285156
3.0234375,953.1582641601562,27.153350830078125
3.0390625,953.1815185546875,27.1427001953125
3.0546875,953.1571044921875,27.14636993408203
3.0703125,953.1491088867188,27.153724670410156
3.0859375,953.1762084960938,27.14636993408203
3.1015625,953.1784057617188,27.148574829101562
3.1171875,953.1565551757812,27.137191772460938
3.1328125,953.1607666015625,27.138648986816406
3.1484375,953.1567993164062,27.137550354003906
3.1640625,953.1697387695312,27.168060302734375
3.1796875,953.1585083007812,27.154457092285156
3.1953125,953.1641845703125,27.151519775390625
3.2109375,953.1813354492188,27.14490509033203
3.2265625,953.15625,27.151519775390625
3.2421875,953.1532592773438,27.148941040039062
3.2578125,953.1565551757812,27.156661987304688
3.2734375,953.1567993164062,27.147109985351562
3.2890625,953.1575317382812,27.142333984375
3.3046875,953.1637573242188,27.140853881835938
3.3203125,953.1749267578125,27.147109985351562
3.3359375,953.2113647460938,27.147109985351562
3.3515625,953.2466430664062,27.151519775390625
3.3671875,953.2972412109375,27.14636993408203
3.3828125,953.2393798828125,27.152984619140625
3.3984375,953.2503051757812,27.146011352539062
3.4140625,953.2609252929688,27.156661987304688
3.4296875,953.2547607421875,27.15703582763672
3.4453125,953.2888793945312,27.146743774414062
3.4609375,953.2423706054688,27.14636993408203
3.4765625,953.2734375,27.150779724121094
3.4921875,953.2529296875,27.147842407226562
3.5078125,953.2568359375,27.146743774414062
3.5234375,953.2723388671875,27.149673461914062
3.5390625,953.2689819335938,27.148574829101562
3.5546875,953.2366333007812,27.150421142578125
3.5703125,953.2249145507812,27.12982940673828
3.5859375,953.2389526367188,27.14453125
3.6015625,953.2243041992188,27.146743774414062
3.6171875,953.2173461914062,27.150779724121094
3.6328125,953.243408203125,27.1434326171875
3.6484375,953.239013671875,27.137550354003906
3.6640625,953.2581787109375,27.1441650390625
3.6796875,953.2379760742188,27.13939666748047
3.6953125,953.2297973632812,27.146743774414062
3.7109375,953.2311401367188,27.137924194335938
3.7265625,953.2236328125,27.134239196777344
3.7421875,953.2363891601562,27.14636993408203
3.7578125,953.23046875,27.13939666748047
3.7734375,953.2267456054688,27.137191772460938
3.7890625,953.2294921875,27.12762451171875
3.8046875,953.2285766601562,27.123214721679688
3.8203125,953.2125854492188,27.128372192382812
3.8359375,953.2363891601562,27.122116088867188
3.8515625,953.2406005859375,27.130577087402344
3.8671875,953.2020263671875,27.12726593017578
3.8828125,953.2190551757812,27.119178771972656
3.8984375,953.23193359375,27.135345458984375
3.9140625,953.267578125,27.135345458984375
3.9296875,953.22216796875,27.12726593017578
3.9453125,953.22021484375,27.134986877441406
3.9609375,953.2280883789062,27.12506103515625
3.9765625,953.2355346679688,27.119911193847656
3.9921875,953.2505493164062,27.114395141601562
4.0078125,953.2738647460938,27.117706298828125
4.0234375,953.241943359375,27.10778045654297
4.0390625,953.2755737304688,27.12726593017578
4.0546875,953.2428588867188,27.119911193847656
4.0703125,953.2278442382812,27.10411834716797
4.0859375,953.2154541015625,27.118446350097656
4.1015625,953.2216796875,27.09272003173828
4.1171875,953.2394409179688,27.10411834716797
4.1328125,953.239990234375,27.101165771484375
4.1484375,953.2451171875,27.09345245361328
4.1640625,953.2622680664062,27.097503662109375
4.1796875,953.2381591796875,27.087936401367188
4.1953125,953.191162109375,27.08647918701172
4.2109375,953.2052612304688,27.09161376953125
4.2265625,953.2135620117188,27.085006713867188
4.2421875,953.1956787109375,27.083168029785156
4.2578125,953.1948852539062,27.081695556640625
4.2734375,953.20068359375,27.094924926757812
4.2890625,953.1769409179688,27.093093872070312
4.3046875,953.1719970703125,27.080596923828125
4.3203125,953.197021484375,27.083168029785156
4.3359375,953.1715698242188,27.07581329345703
4.3515625,953.1857299804688,27.083168029785156
4.3671875,953.1710205078125,27.078384399414062
4.3828125,953.1871948242188,27.080963134765625
4.3984375,953.1689453125,27.08941650390625
4.4140625,953.1471557617188,27.083168029785156
4.4296875,953.1781616210938,27.08647918701172
4.4453125,953.1898193359375,27.084632873535156
4.4609375,953.1603393554688,27.08831024169922
4.4765625,953.1607055664062,27.078384399414062
4.4921875,953.1506958007812,27.07581329345703
4.5078125,953.145751953125,27.079116821289062
4.5234375,953.17529296875,27.07691192626953
4.5390625,953.1715698242188,27.082794189453125
4.5546875,953.1798095703125,27.078758239746094
4.5703125,953.1783447265625,27.078384399414062
4.5859375,953.1506958007812,27.076553344726562
4.6015625,953.1409912109375,27.073974609375
4.6171875,953.1538696289062,27.076553344726562
4.6328125,953.1727294921875,27.07324981689453
4.6484375,953.1724853515625,27.07508087158203
4.6640625,953.1439819335938,27.082794189453125
4.6796875,953.1499633789062,27.078384399414062
4.6953125,953.1597290039062,27.07581329345703
4.7109375,953.173828125,27.069198608398438
4.7265625,953.1731567382812,27.073974609375
4.7421875,953.1502685546875,27.060020446777344
4.7578125,953.1489868164062,27.076553344726562
4.7734375,953.1368408203125,27.078384399414062
4.7890625,953.1740112304688,27.070297241210938
4.8046875,953.1732788085938,27.073974609375
4.8203125,953.1538696289062,27.060020446777344
4.8359375,953.1657104492188,27.062225341796875
4.8515625,953.1700439453125,27.0721435546875
4.8671875,953.1519165039062,27.067733764648438
4.8828125,953.1586303710938,27.0721435546875
4.8984375,953.1752319335938,27.0721435546875
4.9140625,953.1931762695312,27.0721435546875
4.9296875,953.1734008789062,27.079116821289062
4.9453125,953.1688232421875,27.073974609375
4.9609375,953.1934204101562,27.084274291992188
4.9765625,953.1830444335938,27.07581329345703
4.9921875,953.1953735351562,27.067733764648438
5.0078125,953.2196044921875,27.0721435546875
5.0234375,953.2146606445312,27.060020446777344
5.0390625,953.2188720703125,27.080596923828125
5.0546875,953.260986328125,27.07508087158203
5.0703125,953.2360229492188,27.07324981689453
5.0859375,953.2637939453125,27.07324981689453
5.1015625,953.2005004882812,27.060020446777344
5.1171875,953.2601318359375,27.05927276611328
5.1328125,953.2708129882812,27.0721435546875
5.1484375,953.2403564453125,27.065887451171875
5.1640625,953.2928466796875,27.05817413330078
5.1796875,953.248046875,27.078384399414062
5.1953125,953.2534790039062,27.07470703125
5.2109375,953.2274780273438,27.060020446777344
5.2265625,953.2188720703125,27.07581329345703
5.2421875,953.2431030273438,27.060020446777344
5.2578125,953.251220703125,27.05633544921875
5.2734375,953.2274780273438,27.052658081054688
5.2890625,953.292236328125,27.060020446777344
5.3046875,953.2529296875,27.05120086669922
5.3203125,953.3087768554688,27.03722381591797
5.3359375,953.2835693359375,27.05633544921875
5.3515625,953.2274780273438,27.05633544921875
5.3671875,953.2759399414062,27.048622131347656
5.3828125,953.2439575195312,27.05450439453125
5.3984375,953.2787475585938,27.05523681640625
5.4140625,953.2500610351562,27.05596923828125
5.4296875,953.3033447265625,27.05927276611328
5.4453125,953.2481079101562,27.05927276611328
5.4609375,953.2935180664062,27.05633544921875
5.4765625,953.2639770507812,27.05633544921875
5.4921875,953.2788696289062,27.041275024414062
5.5078125,953.2928466796875,27.041275024414062
5.5234375,953.294677734375,27.048622131347656
5.5390625,953.344970703125,27.05450439453125
5.5546875,953.2626342773438,27.046417236328125
5.5703125,953.2062377929688,27.040908813476562
5.5859375,953.2115478515625,27.044586181640625
5.6015625,953.1964721679688,27.040908813476562
5.6171875,953.2025756835938,27.040908813476562
5.6328125,953.21044921875,27.044586181640625
5.6484375,953.194091796875,27.047889709472656
5.6640625,953.1973266601562,27.0364990234375
5.6796875,953.2094116210938,27.0386962890625
5.6953125,953.2030029296875,27.032814025878906
5.7109375,953.1976318359375,27.026199340820312
5.7265625,953.197021484375,27.04163360595703
5.7421875,953.1967163085938,27.0364990234375
5.7578125,953.2010498046875,27.043106079101562
5.7734375,953.1777954101562,27.033920288085938
5.7890625,953.1828002929688,27.040176391601562
5.8046875,953.1996459960938,27.028045654296875
5.8203125,953.1756591796875,27.031715393066406
5.8359375,953.1754760742188,27.042381286621094
5.8515625,953.169921875,27.042007446289062
5.8671875,953.1746826171875,27.0386962890625
5.8828125,953.1851196289062,27.040176391601562
5.8984375,953.1727294921875,27.03907012939453
5.9140625,953.1761474609375,27.040176391601562
5.9296875,953.161376953125,27.02178955078125
5.9453125,953.1672973632812,27.033920288085938
5.9609375,953.1727294921875,27.062583923339844
5.9765625,953.1778564453125,27.03539276123047
5.9921875,953.1727905273438,27.026199340820312
6.0078125,953.1886596679688,27.026199340820312
6.0234375,953.1700439453125,27.030982971191406
6.0390625,953.1640625,27.0386962890625
6.0546875,953.1713256835938,27.034286499023438
6.0703125,953.1649169921875,27.044586181640625
6.0859375,953.1707763671875,27.032455444335938
6.1015625,953.1671142578125,27.04163360595703
6.1171875,953.1704711914062,27.04163360595703
6.1328125,953.1704711914062,27.040176391601562
6.1484375,953.1714477539062,27.0394287109375
6.1640625,953.1678466796875,27.02178955078125
6.1796875,953.1685180664062,27.047149658203125
6.1953125,953.1572265625,27.0357666015625
6.2109375,953.168701171875,27.035018920898438
6.2265625,953.1554565429688,27.03722381591797
6.2421875,953.1567993164062,27.026199340820312
6.2578125,953.1688842773438,27.043106079101562
6.2734375,953.16943359375,27.034286499023438
6.2890625,953.1463623046875,27.05450439453125
6.3046875,953.163330078125,27.028778076171875
6.3203125,953.1530151367188,27.03907012939453
6.3359375,953.1731567382812,27.04163360595703
6.3515625,953.140625,27.0386962890625
6.3671875,953.1898803710938,27.044586181640625
6.3828125,953.2179565429688,27.046043395996094
6.3984375,953.220458984375,27.04163360595703
6.4140625,953.2092895507812,27.03907012939453
6.4296875,953.1946411132812,27.040176391601562
6.4453125,953.2031860351562,27.049728393554688
6.4609375,953.1909790039062,27.05450439453125
6.4765625,953.227294921875,27.0357666015625
6.4921875,953.3001098632812,27.040908813476562
6.5078125,953.2510986328125,27.050827026367188
6.5234375,953.3148193359375,27.03466033935547
6.5390625,953.298828125,27.031356811523438
6.5546875,953.2333984375,27.03907012939453
6.5703125,953.314208984375,27.03612518310547
6.5859375,953.2869873046875,27.052658081054688
6.6015625,953.3119506835938,27.03907012939453
6.6171875,953.2783203125,27.026199340820312
6.6328125,953.2752685546875,27.036865234375
6.6484375,953.2692260742188,27.0386962890625
6.6640625,953.2568359375,27.03612518310547
6.6796875,953.2989501953125,27.040176391601562
6.6953125,953.24560546875,27.012611389160156
6.7109375,953.2709350585938,27.026199340820312
6.7265625,953.277099609375,27.032089233398438
6.7421875,953.3488159179688,27.02105712890625
6.7578125,953.3243408203125,27.02178955078125
6.7734375,953.2808227539062,27.026199340820312
6.7890625,953.2818603515625,27.02178955078125
6.8046875,953.2562866210938,27.014450073242188
6.8203125,953.26513671875,27.014450073242188
6.8359375,953.2716674804688,27.02105712890625
6.8515625,953.2705078125,27.01848602294922
6.8671875,953.2882080078125,27.011138916015625
6.8828125,953.2695922851562,27.01848602294922
6.8984375,953.2780151367188,27.005996704101562
6.9140625,953.3084716796875,27.009307861328125
6.9296875,953.2969360351562,27.0030517578125
6.9453125,953.282470703125,27.00084686279297
6.9609375,953.2518310546875,27.005630493164062
6.9765625,953.28515625,27.00194549560547
6.9921875,953.2161254882812,26.996810913085938
7.0078125,953.2251586914062,26.99938201904297
7.0234375,953.2158203125,27.0030517578125
7.0390625,953.24609375,27.007102966308594
7.0546875,953.2399291992188,27.0023193359375
7.0703125,953.197021484375,27.001220703125
7.0859375,953.21484375,26.98761749267578
7.1015625,953.21826171875,26.989089965820312
7.1171875,953.2017211914062,26.982101440429688
7.1328125,953.2099609375,26.98320770263672
7.1484375,953.1992797851562,26.98577880859375
7.1640625,953.1965942382812,26.98394775390625
7.1796875,953.1903686523438,26.990921020507812
7.1953125,953.1881713867188,26.995704650878906
7.2109375,953.18505859375,26.96410369873047
7.2265625,953.1973876953125,26.971824645996094
7.2421875,953.1844482421875,26.98761749267578
7.2578125,953.1859741210938,26.976959228515625
7.2734375,953.1771850585938,26.977691650390625
7.2890625,953.18505859375,26.971824645996094
7.3046875,953.1665649414062,26.975486755371094
7.3203125,953.1775512695312,26.96997833251953
7.3359375,953.1644897460938,26.976593017578125
7.3515625,953.1770629882812,26.971824645996094
7.3671875,953.1862182617188,26.971824645996094
7.3828125,953.1832885742188,26.98320770263672
7.3984375,953.1671142578125,26.971450805664062
7.4140625,953.1820068359375,26.997535705566406
7.4296875,953.1821899414062,26.98761749267578
7.4453125,953.177001953125,26.98394775390625
7.4609375,953.1641235351562,26.98174285888672
7.4765625,953.1686401367188,26.98064422607422
7.4921875,953.177490234375,26.98394775390625
7.5078125,953.1778564453125,26.971824645996094
7.5234375,953.1665649414062,26.98320770263672
7.5390625,953.192138671875,26.979171752929688
7.5546875,953.1607055664062,26.996437072753906
7.5703125,953.1790161132812,26.990921020507812
7.5859375,953.1666259765625,26.98320770263672
7.6015625,953.1724243164062,27.00269317626953
7.6171875,953.173828125,26.995704650878906
7.6328125,953.1784057617188,26.98651123046875
7.6484375,953.182861328125,26.992401123046875
7.6640625,953.2211303710938,26.98615264892578
7.6796875,953.21875,26.997535705566406
7.6953125,953.2575073242188,26.995704650878906
7.7109375,953.2196655273438,26.991668701171875
7.7265625,953.2479248046875,26.995704650878906
7.7421875,953.2285766601562,27.00048828125
7.7578125,953.2422485351562,26.990921020507812
7.7734375,953.2150268554688,26.99938201904297
7.7890625,953.2481079101562,26.997909545898438
7.8046875,953.1935424804688,26.994232177734375
7.8203125,953.2643432617188,27.00011444091797
7.8359375,953.2905883789062,27.00084686279297
7.8515625,953.2775268554688,26.997535705566406
7.8671875,953.225830078125,26.996810913085938
7.8828125,953.2514038085938,26.990562438964844
7.8984375,953.2592163085938,26.995704650878906
7.9140625,953.2752685546875,26.976959228515625
7.9296875,953.2680053710938,26.990921020507812
7.9453125,953.2628173828125,26.989089965820312
7.9609375,953.2781982421875,26.990921020507812
7.9765625,953.2796020507812,26.996810913085938
7.9921875,953.2992553710938,26.991294860839844
8.0078125,953.2987060546875,26.995330810546875
8.0234375,953.2901611328125,26.977691650390625
8.0390625,953.2890625,26.98394775390625
8.0546875,953.287841796875,26.98541259765625
8.0703125,953.3058471679688,26.993499755859375
8.0859375,953.2355346679688,26.991294860839844
8.1015625,953.2545166015625,26.987258911132812
8.1171875,953.2551879882812,26.98320770263672
8.1328125,953.317626953125,26.971824645996094
8.1484375,953.2997436523438,26.972923278808594
8.1640625,953.3309326171875,26.971824645996094
8.1796875,953.3624877929688,26.976593017578125
8.1953125,953.3421020507812,26.96483612060547
8.2109375,953.3331298828125,26.975486755371094
8.2265625,953.2887573242188,26.96300506591797
8.2421875,953.2785034179688,26.964462280273438
8.2578125,953.3109741210938,26.96666717529297
8.2734375,953.2662963867188,26.961158752441406
8.2890625,953.3805541992188,26.958595275878906
8.3046875,953.256591796875,26.96741485595703
8.3203125,953.3159790039062,26.979537963867188
8.3359375,953.29638671875,26.962257385253906
8.3515625,953.3197631835938,26.962257385253906
8.3671875,953.2122192382812,26.962631225585938
8.3828125,953.2080078125,26.963729858398438
8.3984375,953.1836547851562,26.95233917236328
8.4140625,953.2111206054688,26.958953857421875
8.4296875,953.1831665039062,26.9681396484375
8.4453125,953.1840209960938,26.971450805664062
8.4609375,953.162841796875,26.971824645996094
8.4765625,953.1754760742188,26.942054748535156
8.4921875,953.1778564453125,26.954185485839844
8.5078125,953.1767578125,26.962631225585938
8.5234375,953.1756591796875,26.961898803710938
8.5390625,953.1755981445312,26.95160675048828
8.5546875,953.163330078125,26.957489013671875
8.5703125,953.1585083007812,26.95233917236328
8.5859375,953.1705322265625,26.958595275878906
8.6015625,953.1806640625,26.951980590820312
8.6171875,953.1824951171875,26.956390380859375
8.6328125,953.1769409179688,26.951980590820312
8.6484375,953.1813354492188,26.959320068359375
8.6640625,953.1664428710938,26.958953857421875
8.6796875,953.1681518554688,26.941314697265625
8.6953125,953.1802368164062,26.944259643554688
8.7109375,953.16015625,26.939483642578125
8.7265625,953.1429443359375,26.951980590820312
8.7421875,953.1890258789062,26.941314697265625
8.7578125,953.1569213867188,26.96410369873047
8.7734375,953.1652221679688,26.94940185546875
8.7890625,953.12841796875,26.951980590820312
8.8046875,953.160888671875,26.94977569580078
8.8203125,953.1577758789062,26.962257385253906
8.8359375,953.166748046875,26.958953857421875
8.8515625,953.1640625,26.94757080078125
8.8671875,953.1587524414062,26.944259643554688
8.8828125,953.1547241210938,26.956390380859375
8.8984375,953.1649780273438,26.96483612060547
8.9140625,953.134765625,26.95233917236328
8.9296875,953.1448364257812,26.956390380859375
8.9453125,953.138671875,26.956390380859375
8.9609375,953.1321411132812,26.957489013671875
8.9765625,953.162109375,26.956390380859375
8.9921875,953.16796875,26.95233917236328
9.0078125,953.2111206054688,26.945724487304688
9.0234375,953.2171630859375,26.955642700195312
9.0390625,953.244873046875,26.956390380859375
9.0546875,953.3012084960938,26.955642700195312
9.0703125,953.2575073242188,26.96410369873047
9.0859375,953.2614135742188,26.95160675048828
9.1015625,953.2684936523438,26.946823120117188
9.1171875,953.2387084960938,26.94757080078125
9.1328125,953.2740478515625,26.958221435546875
9.1484375,953.224365234375,26.961898803710938
9.1640625,953.2975463867188,26.971450805664062
9.1796875,953.2841796875,26.961532592773438
9.1953125,953.2503662109375,26.956390380859375
9.2109375,953.2665405273438,26.944259643554688
9.2265625,953.2492065429688,26.96556854248047
9.2421875,953.3290405273438,26.97107696533203
9.2578125,953.2816772460938,26.962257385253906
9.2734375,953.2252807617188,26.960800170898438
9.2890625,953.2796020507812,26.956390380859375
9.3046875,953.2701416015625,26.94977569580078
9.3203125,953.2772216796875,26.964462280273438
9.3359375,953.285888671875,26.956390380859375
9.3515625,953.3005981445312,26.960800170898438
9.3671875,953.2478637695312,26.962257385253906
9.3828125,953.2725830078125,26.95233917236328
9.3984375,953.2947998046875,26.94757080078125
9.4140625,953.2782592773438,26.951980590820312
9.4296875,953.2786254882812,26.946823120117188
9.4453125,953.3013916015625,26.956390380859375
9.4609375,953.2958374023438,26.94977569580078
9.4765625,953.2754516601562,26.939483642578125
9.4921875,953.2470092773438,26.924774169921875
9.5078125,953.2891235351562,26.93029022216797
9.5234375,953.2730102539062,26.938751220703125
9.5390625,953.2618408203125,26.941314697265625
9.5546875,953.2979736328125,26.940582275390625
9.5703125,953.2404174804688,26.939483642578125
9.5859375,953.2876586914062,26.93029022216797
9.6015625,953.2854614257812,26.939483642578125
9.6171875,953.313232421875,26.939483642578125
9.6328125,953.2576904296875,26.9310302734375
9.6484375,953.2694091796875,26.942413330078125
9.6640625,953.2711791992188,26.919631958007812
9.6796875,953.2928466796875,26.934341430664062
9.6953125,953.2696533203125,26.917434692382812
9.7109375,953.2763671875,26.921112060546875
9.7265625,953.26904296875,26.91229248046875
9.7421875,953.2454223632812,26.9324951171875
9.7578125,953.2498168945312,26.917800903320312
9.7734375,953.207763671875,26.9324951171875
9.7890625,953.2020263671875,26.9310302734375
9.8046875,953.1976928710938,26.925521850585938
9.8203125,953.2127075195312,26.919265747070312
9.8359375,953.1857299804688,26.934341430664062
9.8515625,953.1998291015625,26.9324951171875
9.8671875,953.1959838867188,26.927352905273438
9.8828125,953.192626953125,26.917800903320312
9.8984375,953.1875,26.922210693359375
9.9140625,953.2040405273438,26.91706085205078
9.9296875,953.1837158203125,26.925521850585938
9.9453125,953.1864013671875,26.910446166992188
9.9609375,953.1790161132812,26.921112060546875
9.9765625,953.1788330078125,26.926254272460938
9.9921875,953.1739501953125,26.91229248046875
10.0078125,953.172607421875,26.921112060546875
10.0234375,953.1697998046875,26.918533325195312
10.0390625,953.1607055664062,26.91229248046875
10.0546875,953.1707763671875,26.91191864013672
10.0703125,953.1856079101562,26.916702270507812
10.0859375,953.1730346679688,26.906036376953125
10.1015625,953.1767578125,26.910446166992188
10.1171875,953.1604614257812,26.910446166992188
10.1328125,953.159912109375,26.902725219726562
10.1484375,953.1560668945312,26.925521850585938
10.1640625,953.1630859375,26.904571533203125
10.1796875,953.1717529296875,26.910446166992188
10.1953125,953.159912109375,26.907882690429688
10.2109375,953.1769409179688,26.91229248046875
10.2265625,953.1774291992188,26.91229248046875
10.2421875,953.16357421875,26.93470001220703
10.2578125,953.1724243164062,26.922943115234375
10.2734375,953.167724609375,26.917800903320312
10.2890625,953.1612548828125,26.917800903320312
10.3046875,953.146240234375,26.919265747070312
10.3203125,953.1732788085938,26.920005798339844
10.3359375,953.1559448242188,26.920364379882812
10.3515625,953.1715698242188,26.924774169921875
10.3671875,953.1780395507812,26.91302490234375
10.3828125,953.1851196289062,26.91485595703125
10.3984375,953.1859741210938,26.91191864013672
10.4140625,953.194580078125,26.91118621826172
10.4296875,953.2339477539062,26.91559600830078
10.4453125,953.2374267578125,26.925521850585938
10.4609375,953.2252197265625,26.91595458984375
10.4765625,953.2446899414062,26.9306640625
10.4921875,953.2532348632812,26.925521850585938
10.5078125,953.2276611328125,26.907508850097656
10.5234375,953.2957763671875,26.921112060546875
10.5390625,953.2726440429688,26.91522216796875
10.5546875,953.2756958007812,26.921112060546875
10.5703125,953.2887573242188,26.916702270507812
10.5859375,953.3379516601562,26.927352905273438
10.6015625,953.2822265625,26.920005798339844
10.6171875,953.3125610351562,26.919265747070312
10.6328125,953.31005859375,26.916702270507812
10.6484375,953.264404296875,26.934341430664062
10.6640625,953.2918701171875,26.924774169921875
10.6796875,953.3131103515625,26.924415588378906
10.6953125,953.3147583007812,26.916702270507812
10.7109375,953.2841186523438,26.91559600830078
10.7265625,953.3091430664062,26.91559600830078
10.7421875,953.3192749023438,26.91374969482422
10.7578125,953.3381958007812,26.900161743164062
10.7734375,953.2807006835938,26.91191864013672
10.7890625,953.2848510742188,26.91118621826172
10.8046875,953.3194580078125,26.904571533203125
10.8203125,953.2966918945312,26.901992797851562
10.8359375,953.297607421875,26.904571533203125
10.8515625,953.3121948242188,26.904571533203125
10.8671875,953.229736328125,26.901992797851562
10.8828125,953.246826171875,26.907882690429688
10.8984375,953.270751953125,26.904571533203125
10.9140625,953.2739868164062,26.91485595703125
10.9296875,953.2708129882812,26.897216796875
10.9453125,953.283935546875,26.91485595703125
10.9609375,953.267333984375,26.906036376953125
10.9765625,953.29443359375,26.902725219726562
10.9921875,953.2725830078125,26.900161743164062
11.0078125,953.3051147460938,26.897216796875
11.0234375,953.3013305664062,26.892074584960938
11.0390625,953.2685546875,26.895751953125
11.0546875,953.2713012695312,26.897216796875
11.0703125,953.3432006835938,26.902725219726562
11.0859375,953.3197631835938,26.910446166992188
11.1015625,953.2680053710938,26.89501190185547
11.1171875,953.2257690429688,26.89795684814453
11.1328125,953.205810546875,26.883628845214844
11.1484375,953.1936645507812,26.884353637695312
11.1640625,953.1912231445312,26.892807006835938
11.1796875,953.21240234375,26.89868927001953
11.1953125,953.1860961914062,26.888397216796875
11.2109375,953.1856689453125,26.883987426757812
11.2265625,953.185302734375,26.888397216796875
11.2421875,953.1934814453125,26.887290954589844
11.2578125,953.1820678710938,26.890975952148438
11.2734375,953.18115234375,26.883628845214844
11.2890625,953.17578125,26.87774658203125
11.3046875,953.1798095703125,26.884353637695312
11.3203125,953.1708984375,26.888038635253906
11.3359375,953.1731567382812,26.884353637695312
11.3515625,953.185302734375,26.886566162109375
11.3671875,953.18310546875,26.888038635253906
11.3828125,953.183349609375,26.891342163085938
11.3984375,953.1901245117188,26.87774658203125
11.4140625,953.1691284179688,26.8975830078125
11.4296875,953.1680908203125,26.89501190185547
11.4453125,953.1744384765625,26.891342163085938
11.4609375,953.169189453125,26.883628845214844
11.4765625,953.1678466796875,26.884727478027344
11.4921875,953.1668701171875,26.888397216796875
11.5078125,953.175537109375,26.876266479492188
11.5234375,953.1713256835938,26.87737274169922
11.5390625,953.1691284179688,26.886566162109375
11.5546875,953.1700439453125,26.883628845214844
11.5703125,953.1619873046875,26.883628845214844
11.5859375,953.158935546875,26.883628845214844
11.6015625,953.1512451171875,26.886566162109375
11.6171875,953.18310546875,26.893905639648438
11.6328125,953.167724609375,26.87957763671875
11.6484375,953.162109375,26.892074584960938
11.6640625,953.1771850585938,26.893173217773438
11.6796875,953.1515502929688,26.888397216796875
11.6953125,953.1522216796875,26.888038635253906
11.7109375,953.1647338867188,26.89501190185547
11.7265625,953.1755981445312,26.888397216796875
11.7421875,953.175537109375,26.897216796875
11.7578125,953.2523193359375,26.89868927001953
11.7734375,953.26318359375,26.89501190185547
11.7890625,953.2622680664062,26.888038635253906
11.8046875,953.2914428710938,26.871124267578125
11.8203125,953.2766723632812,26.886566162109375
11.8359375,953.312255859375,26.887290954589844
11.8515625,953.2687377929688,26.890975952148438
11.8671875,953.2194213867188,26.884353637695312
11.8828125,953.30419921875,26.893173217773438
11.8984375,953.3187866210938,26.885459899902344
11.9140625,953.296630859375,26.883628845214844
11.9296875,953.2808227539062,26.895751953125
11.9453125,953.2850341796875,26.902725219726562
11.9609375,953.2384643554688,26.904571533203125
11.9765625,953.315185546875,26.891342163085938
11.9921875,953.2498779296875,26.89868927001953
12.0078125,953.2739868164062,26.8953857421875
12.0234375,953.3077392578125,26.892074584960938
12.0390625,953.2440185546875,26.883987426757812
12.0546875,953.2587280273438,26.883628845214844
12.0703125,953.2474975585938,26.871856689453125
12.0859375,953.2109375,26.883628845214844
12.1015625,953.3251342773438,26.87847137451172
12.1171875,953.2743530273438,26.884353637695312
12.1328125,953.2850341796875,26.874435424804688
12.1484375,953.331298828125,26.868553161621094
12.1640625,953.2704467773438,26.884353637695312
12.1796875,953.166748046875,26.87774658203125
12.1953125,953.284423828125,26.868194580078125
12.2109375,953.25537109375,26.870399475097656
12.2265625,953.2640380859375,26.866714477539062
12.2421875,953.26904296875,26.85973358154297
12.2578125,953.2426147460938,26.871856689453125
12.2734375,953.2462158203125,26.88031768798828
12.2890625,953.2040405273438,26.87774658203125
12.3046875,953.2886352539062,26.865615844726562
12.3203125,953.2533569335938,26.866714477539062
12.3359375,953.3150634765625,26.86157989501953
12.3515625,953.2911987304688,26.86157989501953
12.3671875,953.3438110351562,26.856063842773438
12.3828125,953.2787475585938,26.849807739257812
12.3984375,953.325927734375,26.857528686523438
12.4140625,953.3326416015625,26.857528686523438
12.4296875,953.3637084960938,26.858627319335938
12.4453125,953.2598266601562,26.863037109375
12.4609375,953.2357788085938,26.8604736328125
12.4765625,953.2109985351562,26.868553161621094
12.4921875,953.2070922851562,26.868194580078125
12.5078125,953.192626953125,26.86157989501953
12.5234375,953.1806640625,26.8612060546875
12.5390625,953.1937866210938,26.854591369628906
12.5546875,953.2008666992188,26.86157989501953
12.5703125,953.1806640625,26.864883422851562
12.5859375,953.1917724609375,26.85826873779297
12.6015625,953.2000732421875,26.86524200439453
12.6171875,953.1893310546875,26.86157989501953
12.6328125,953.19140625,26.86157989501953
12.6484375,953.1782836914062,26.86524200439453
12.6640625,953.1744995117188,26.864517211914062
12.6796875,953.180908203125,26.871856689453125
12.6953125,953.1923828125,26.873336791992188
12.7109375,953.1788940429688,26.87774658203125
12.7265625,953.167236328125,26.873703002929688
12.7421875,953.1688232421875,26.87774658203125
12.7578125,953.1769409179688,26.875534057617188
12.7734375,953.1719360351562,26.86157989501953
12.7890625,953.1675415039062,26.855697631835938
12.8046875,953.1692504882812,26.874061584472656
12.8203125,953.1747436523438,26.86157989501953
12.8359375,953.1638793945312,26.87701416015625
12.8515625,953.1690673828125,26.868553161621094
12.8671875,953.1652221679688,26.87774658203125
12.8828125,953.1505737304688,26.88031768798828
12.8984375,953.1675415039062,26.871856689453125
12.9140625,953.1720581054688,26.865615844726562
12.9296875,953.1732788085938,26.873703002929688
12.9453125,953.1651611328125,26.87737274169922
12.9609375,953.1678466796875,26.884353637695312
12.9765625,953.1505737304688,26.872230529785156
12.9921875,953.1608276367188,26.87957763671875
13.0078125,953.1836547851562,26.871856689453125
13.0234375,953.1678466796875,26.87884521484375
13.0390625,953.1781616210938,26.87737274169922
13.0546875,953.18701171875,26.87774658203125
13.0703125,953.1739501953125,26.884353637695312
13.0859375,953.1566162109375,26.868553161621094
13.1015625,953.202880859375,26.87884521484375
13.1171875,953.2140502929688,26.884353637695312
13.1328125,953.2265625,26.868194580078125
13.1484375,953.216552734375,26.871124267578125
13.1640625,953.2413940429688,26.884353637695312
13.1796875,953.2481079101562,26.884353637695312
13.1953125,953.2426147460938,26.867820739746094
13.2109375,953.267333984375,26.884353637695312
13.2265625,953.2337036132812,26.892074584960938
13.2421875,953.2608642578125,26.884353637695312
13.2578125,953.2337036132812,26.883255004882812
13.2734375,953.2401123046875,26.901268005371094
13.2890625,953.2784423828125,26.87847137451172
13.3046875,953.2654418945312,26.892074584960938
13.3203125,953.2697143554688,26.892074584960938
13.3359375,953.2374877929688,26.883987426757812
13.3515625,953.2420043945312,26.886566162109375
13.3671875,953.2554321289062,26.89354705810547
13.3828125,953.2424926757812,26.887290954589844
13.3984375,953.2621459960938,26.887290954589844
13.4140625,953.2650756835938,26.892074584960938
13.4296875,953.2685546875,26.886566162109375
13.4453125,953.2506713867188,26.892807006835938
13.4609375,953.2560424804688,26.901992797851562
13.4765625,953.26953125,26.901992797851562
13.4921875,953.2826538085938,26.89501190185547
13.5078125,953.2622680664062,26.904571533203125
13.5234375,953.31396484375,26.890975952148438
13.5390625,953.2374267578125,26.8953857421875
13.5546875,953.2700805664062,26.885833740234375
13.5703125,953.30615234375,26.892074584960938
13.5859375,953.275146484375,26.893905639648438
13.6015625,953.2980346679688,26.8953857421875
13.6171875,953.2731323242188,26.893905639648438
13.6328125,953.2656860351562,26.897216796875
13.6484375,953.2960205078125,26.895751953125
13.6640625,953.281982421875,26.8983154296875
13.6796875,953.3193359375,26.8983154296875
13.6953125,953.3193359375,26.89685821533203
13.7109375,953.2977294921875,26.89685821533203
13.7265625,953.3131713867188,26.897216796875
13.7421875,953.2852172851562,26.8983154296875
13.7578125,953.3038330078125,26.903472900390625
13.7734375,953.3139038085938,26.910446166992188
13.7890625,953.3145751953125,26.906402587890625
13.8046875,953.2699584960938,26.904571533203125
13.8203125,953.2489013671875,26.904571533203125
13.8359375,953.24951171875,26.910446166992188
13.8515625,953.264404296875,26.907508850097656
13.8671875,953.2162475585938,26.8983154296875
13.8828125,953.2052001953125,26.910446166992188
13.8984375,953.2166137695312,26.892074584960938
13.9140625,953.192626953125,26.901626586914062
13.9296875,953.2091064453125,26.910446166992188
13.9453125,953.2160034179688,26.902725219726562
13.9609375,953.1883544921875,26.910446166992188
13.9765625,953.1939086914062,26.904571533203125
13.9921875,953.2070922851562,26.902725219726562
14.0078125,953.1961669921875,26.902366638183594
14.0234375,953.203857421875,26.910446166992188
14.0390625,953.1956787109375,26.8983154296875
14.0546875,953.2028198242188,26.910446166992188
14.0703125,953.1849975585938,26.902725219726562
14.0859375,953.1895141601562,26.887290954589844
14.1015625,953.1827392578125,26.906036376953125
14.1171875,953.1785888671875,26.904571533203125
14.1328125,953.1873168945312,26.8983154296875
14.1484375,953.1824951171875,26.902725219726562
14.1640625,953.1657104492188,26.883255004882812
14.1796875,953.1708374023438,26.906036376953125
14.1953125,953.1791381835938,26.91302490234375
14.2109375,953.156982421875,26.910446166992188
14.2265625,953.1688232421875,26.904571533203125
14.2421875,953.1688232421875,26.902725219726562
14.2578125,953.16796875,26.91229248046875
14.2734375,953.16357421875,26.907508850097656
14.2890625,953.1708374023438,26.8983154296875
14.3046875,953.1663818359375,26.91522216796875
14.3203125,953.1680297851562,26.916702270507812
14.3359375,953.157470703125,26.901992797851562
14.3515625,953.158935546875,26.900161743164062
14.3671875,953.1575317382812,26.891342163085938
14.3828125,953.1740112304688,26.89501190185547
14.3984375,953.1552124023438,26.8953857421875
14.4140625,953.158935546875,26.8983154296875
14.4296875,953.1593017578125,26.901626586914062
14.4453125,953.161376953125,26.902725219726562
14.4609375,953.1685791015625,26.89685821533203
14.4765625,953.2152099609375,26.902725219726562
14.4921875,953.227783203125,26.897216796875
14.5078125,953.2313842773438,26.89868927001953
14.5234375,953.2595825195312,26.897216796875
14.5390625,953.313232421875,26.887290954589844
14.5546875,953.2465209960938,26.892074584960938
14.5703125,953.3133544921875,26.910446166992188
14.5859375,953.3056640625,26.910446166992188
14.6015625,953.32958984375,26.909339904785156
14.6171875,953.3162231445312,26.893905639648438
14.6328125,953.287841796875,26.8983154296875
14.6484375,953.2918701171875,26.904571533203125
14.6640625,953.2649536132812,26.910446166992188
14.6796875,953.1885986328125,26.902725219726562
14.6953125,953.2289428710938,26.902725219726562
14.7109375,953.2445068359375,26.902725219726562
14.7265625,953.1978759765625,26.91559600830078
14.7421875,953.211669921875,26.904571533203125
14.7578125,953.2208251953125,26.902725219726562
14.7734375,953.2235717773438,26.904571533203125
14.7890625,953.2692260742188,26.904571533203125
14.8046875,953.210693359375,26.91374969482422
14.8203125,953.1942138671875,26.91595458984375
14.8359375,953.1878662109375,26.904571533203125
14.8515625,953.21240234375,26.91191864013672
14.8671875,953.1898193359375,26.8953857421875
14.8828125,953.2056274414062,26.906036376953125
14.8984375,953.226318359375,26.901992797851562
14.9140625,953.262939453125,26.902725219726562
14.9296875,953.3604736328125,26.897216796875
14.9453125,953.259521484375,26.91191864013672
14.9609375,953.280029296875,26.902725219726562
14.9765625,953.3018798828125,26.901626586914062
14.9921875,953.308349609375,26.901992797851562
15.0078125,953.2826538085938,26.904571533203125
15.0234375,953.2637939453125,26.904571533203125
15.0390625,953.3187866210938,26.89685821533203
15.0546875,953.350830078125,26.902725219726562
15.0703125,953.3377685546875,26.900161743164062
15.0859375,953.3106079101562,26.897216796875
15.1015625,953.2272338867188,26.886932373046875
15.1171875,953.2141723632812,26.902725219726562
15.1328125,953.34912109375,26.887290954589844
15.1484375,953.2807006835938,26.886566162109375
15.1640625,953.2603149414062,26.902725219726562
15.1796875,953.2361450195312,26.901992797851562
15.1953125,953.2056274414062,26.91229248046875
15.2109375,953.2084350585938,26.902725219726562
15.2265625,953.2056884765625,26.897216796875
15.2421875,953.2098999023438,26.892074584960938
15.2578125,953.2094116210938,26.890243530273438
15.2734375,953.1876220703125,26.888038635253906
15.2890625,953.1953125,26.886566162109375
15.3046875,953.2017211914062,26.8983154296875
15.3203125,953.1860961914062,26.8953857421875
15.3359375,953.19482421875,26.890975952148438
15.3515625,953.1859741210938,26.8983154296875
15.3671875,953.1879272460938,26.887290954589844
15.3828125,953.1922607421875,26.883628845214844
15.3984375,953.182861328125,26.884353637695312
15.4140625,953.185302734375,26.888397216796875
15.4296875,953.1744384765625,26.884353637695312
15.4453125,953.1930541992188,26.892074584960938
15.4609375,953.1867065429688,26.892074584960938
15.4765625,953.1867065429688,26.886566162109375
15.4921875,953.1945190429688,26.888397216796875
15.5078125,953.1749877929688,26.901992797851562
15.5234375,953.1738891601562,26.891342163085938
15.5390625,953.1686401367188,26.871124267578125
15.5546875,953.1583251953125,26.883628845214844
15.5703125,953.1817016601562,26.883255004882812
15.5859375,953.1893310546875,26.883628845214844
15.6015625,953.1661376953125,26.876266479492188
15.6171875,953.1731567382812,26.884353637695312
15.6328125,953.189453125,26.893905639648438
15.6484375,953.1611328125,26.889137268066406
15.6640625,953.1583251953125,26.884353637695312
15.6796875,953.1661376953125,26.87957763671875
15.6953125,953.1651611328125,26.87957763671875
15.7109375,953.1574096679688,26.88031768798828
15.7265625,953.1729736328125,26.883987426757812
15.7421875,953.166748046875,26.868553161621094
15.7578125,953.1759643554688,26.87884521484375
15.7734375,953.203857421875,26.887290954589844
15.7890625,953.1911010742188,26.87994384765625
15.8046875,953.2303466796875,26.884353637695312
15.8203125,953.2706909179688,26.875534057617188
15.8359375,953.2567749023438,26.883628845214844
15.8515625,953.240234375,26.876266479492188
15.8671875,953.2902221679688,26.864517211914062
15.8828125,953.3148193359375,26.874435424804688
15.8984375,953.33544921875,26.884353637695312
15.9140625,953.3179321289062,26.883628845214844
15.9296875,953.2647705078125,26.874435424804688
15.9453125,953.3390502929688,26.86524200439453
15.9609375,953.3011474609375,26.884353637695312
15.9765625,953.3012084960938,26.900161743164062
15.9921875,953.263427734375,26.884727478027344
16.0078125,953.3406982421875,26.884353637695312
16.0234375,953.2617797851562,26.874435424804688
16.0390625,953.2344970703125,26.888397216796875
16.0546875,953.2765502929688,26.871124267578125
16.0703125,953.260498046875,26.883628845214844
16.0859375,953.2892456054688,26.87957763671875
16.1015625,953.267333984375,26.884353637695312
16.1171875,953.279052734375,26.868194580078125
16.1328125,953.2823486328125,26.88031768798828
16.1484375,953.2405395507812,26.874435424804688
16.1640625,953.2446899414062,26.868194580078125
16.1796875,953.2935791015625,26.884353637695312
16.1953125,953.2581787109375,26.86157989501953
16.2109375,953.2559204101562,26.86157989501953
16.2265625,953.2721557617188,26.867820739746094
16.2421875,953.2445678710938,26.867088317871094
16.2578125,953.2882080078125,26.872230529785156
16.2734375,953.2928466796875,26.854965209960938
16.2890625,953.24755859375,26.8612060546875
16.3046875,953.25,26.872962951660156
16.3203125,953.2403564453125,26.846878051757812
16.3359375,953.308349609375,26.865615844726562
16.3515625,953.2395629882812,26.852386474609375
16.3671875,953.2341918945312,26.853858947753906
16.3828125,953.2462158203125,26.8604736328125
16.3984375,953.3012084960938,26.84577178955078
16.4140625,953.3482055664062,26.836578369140625
16.4296875,953.2803955078125,26.848350524902344
16.4453125,953.3538208007812,26.846878051757812
16.4609375,953.3585815429688,26.849807739257812
16.4765625,953.2655029296875,26.839889526367188
16.4921875,953.266357421875,26.849807739257812
16.5078125,953.2679443359375,26.834747314453125
16.5234375,953.2120971679688,26.853858947753906
16.5390625,953.198974609375,26.84503936767578
16.5546875,953.2047729492188,26.853858947753906
16.5703125,953.2151489257812,26.840988159179688
16.5859375,953.1942138671875,26.838783264160156
16.6015625,953.1832885742188,26.836219787597656
16.6171875,953.2056884765625,26.84503936767578
16.6328125,953.1879272460938,26.846145629882812
16.6484375,953.1779174804688,26.82996368408203
16.6640625,953.1990966796875,26.846145629882812
16.6796875,953.1803588867188,26.835121154785156
16.6953125,953.1858520507812,26.846878051757812
16.7109375,953.1720581054688,26.840255737304688
16.7265625,953.1845092773438,26.839889526367188
16.7421875,953.1922607421875,26.84319305419922
16.7578125,953.1871948242188,26.832168579101562
16.7734375,953.1831665039062,26.832168579101562
16.7890625,953.1962280273438,26.834747314453125
16.8046875,953.1744384765625,26.853858947753906
16.8203125,953.1858520507812,26.853858947753906
16.8359375,953.188232421875,26.849807739257812
16.8515625,953.1770629882812,26.84062957763672
16.8671875,953.1798095703125,26.849075317382812
16.8828125,953.1788940429688,26.848350524902344
16.8984375,953.1710205078125,26.839889526367188
16.9140625,953.1779174804688,26.854217529296875
16.9296875,953.174560546875,26.837326049804688
16.9453125,953.1651611328125,26.84503936767578
16.9609375,953.170654296875,26.84650421142578
16.9765625,953.1773071289062,26.82996368408203
16.9921875,953.18115234375,26.846878051757812
17.0078125,953.1672973632812,26.83953094482422
17.0234375,953.1694946289062,26.833648681640625
17.0390625,953.164794921875,26.836578369140625
17.0546875,953.1668701171875,26.8240966796875
17.0703125,953.1607666015625,26.832168579101562
17.0859375,953.1574096679688,26.840988159179688
17.1015625,953.1683959960938,26.84319305419922
17.1171875,953.1734008789062,26.84394073486328
17.1328125,953.1813354492188,26.846878051757812
17.1484375,953.2222290039062,26.846878051757812
17.1640625,953.2395629882812,26.84503936767578
17.1796875,953.2572631835938,26.853858947753906
17.1953125,953.2946166992188,26.84209442138672
17.2109375,953.2539672851562,26.839889526367188
17.2265625,953.2603759765625,26.848350524902344
17.2421875,953.2935180664062,26.84209442138672
17.2578125,953.3024291992188,26.830337524414062
17.2734375,953.265380859375,26.849075317382812
17.2890625,953.264892578125,26.84394073486328
17.3046875,953.3402099609375,26.849807739257812
17.3203125,953.3175659179688,26.849807739257812
17.3359375,953.245849609375,26.84394073486328
17.3515625,953.2327270507812,26.846878051757812
17.3671875,953.3274536132812,26.835479736328125
17.3828125,953.2444458007812,26.84394073486328
17.3984375,953.2697143554688,26.829605102539062
17.4140625,953.3017578125,26.847244262695312
17.4296875,953.3161010742188,26.840255737304688
17.4453125,953.2801513671875,26.836219787597656
17.4609375,953.3173828125,26.832542419433594
17.4765625,953.2596435546875,26.836219787597656
17.4921875,953.2445068359375,26.834373474121094
17.5078125,953.3161010742188,26.833648681640625
17.5234375,953.2788696289062,26.832916259765625
17.5390625,953.2985229492188,26.820045471191406
17.5546875,953.339111328125,26.822616577148438
17.5703125,953.2801513671875,26.832542419433594
17.5859375,953.2901611328125,26.82886505126953
17.6015625,953.2915649414062,26.82299041748047
17.6171875,953.3095092773438,26.810867309570312
17.6328125,953.2658081054688,26.82555389404297
17.6484375,953.27099609375,26.8248291015625
17.6640625,953.2941284179688,26.815635681152344
17.6796875,953.2879638671875,26.816734313964844
17.6953125,953.2754516601562,26.81049346923828
17.7109375,953.274169921875,26.813430786132812
17.7265625,953.2869873046875,26.80976104736328
17.7421875,953.2490234375,26.80681610107422
17.7578125,953.2642822265625,26.82630157470703
17.7734375,953.2525024414062,26.821144104003906
17.7890625,953.2741088867188,26.80902099609375
17.8046875,953.3045043945312,26.811599731445312
17.8203125,953.29638671875,26.80608367919922
17.8359375,953.3550415039062,26.815635681152344
17.8515625,953.317138671875,26.80938720703125
17.8671875,953.2687377929688,26.814170837402344
17.8828125,953.2531127929688,26.797637939453125
17.8984375,953.2710571289062,26.811965942382812
17.9140625,953.225341796875,26.80535125732422
17.9296875,953.2264404296875,26.80902099609375
17.9453125,953.2291870117188,26.799468994140625
17.9609375,953.2258911132812,26.80718994140625
17.9765625,953.206298828125,26.80902099609375
17.9921875,953.20654296875,26.80902099609375
18.0078125,953.2137451171875,26.810867309570312
18.0234375,953.1971435546875,26.80425262451172
18.0390625,953.20068359375,26.79468536376953
18.0546875,953.2092895507812,26.799842834472656
18.0703125,953.2080078125,26.802047729492188
18.0859375,953.2022705078125,26.810867309570312
18.1015625,953.2073364257812,26.80976104736328
18.1171875,953.1987915039062,26.801300048828125
18.1328125,953.18310546875,26.800941467285156
18.1484375,953.1961669921875,26.810867309570312
18.1640625,953.2037353515625,26.817481994628906
18.1796875,953.1787109375,26.80608367919922
18.1953125,953.1967163085938,26.811965942382812
18.2109375,953.1973266601562,26.821144104003906
18.2265625,953.1737060546875,26.80791473388672
18.2421875,953.2010498046875,26.80535125732422
18.2578125,953.188232421875,26.811965942382812
18.2734375,953.1781616210938,26.817481994628906
18.2890625,953.1906127929688,26.80608367919922
18.3046875,953.1871948242188,26.810867309570312
18.3203125,953.1685180664062,26.812698364257812
18.3359375,953.1853637695312,26.811599731445312
18.3515625,953.1876831054688,26.811599731445312
18.3671875,953.1930541992188,26.80902099609375
18.3828125,953.181396484375,26.816375732421875
18.3984375,953.1875610351562,26.80425262451172
18.4140625,953.1851196289062,26.80608367919922
18.4296875,953.1674194335938,26.810867309570312
18.4453125,953.1929321289062,26.80718994140625
18.4609375,953.1746826171875,26.80791473388672
18.4765625,953.1699829101562,26.813430786132812
18.4921875,953.1603393554688,26.80608367919922
18.5078125,953.15966796875,26.816734313964844
18.5234375,953.1762084960938,26.814529418945312
18.5390625,953.1903076171875,26.80718994140625
18.5546875,953.1997680664062,26.811599731445312
18.5703125,953.21875,26.80976104736328
18.5859375,953.2113647460938,26.80902099609375
18.6015625,953.2512817382812,26.812698364257812
18.6171875,953.2648315429688,26.810867309570312
18.6328125,953.28076171875,26.80902099609375
18.6484375,953.2567749023438,26.818206787109375
18.6640625,953.262939453125,26.80976104736328
18.6796875,953.2520141601562,26.800201416015625
18.6953125,953.2874755859375,26.80681610107422
18.7109375,953.3013916015625,26.810867309570312
18.7265625,953.2598876953125,26.817481994628906
18.7421875,953.2742919921875,26.812698364257812
18.7578125,953.2958984375,26.795791625976562
18.7734375,953.3151245117188,26.802047729492188
18.7890625,953.294921875,26.80718994140625
18.8046875,953.2755737304688,26.799468994140625
18.8203125,953.3048095703125,26.80791473388672
18.8359375,953.2584228515625,26.80902099609375
18.8515625,953.317626953125,26.80976104736328
18.8671875,953.2926635742188,26.803504943847656
18.8828125,953.3087158203125,26.80791473388672
18.8984375,953.3235473632812,26.80976104736328
18.9140625,953.3434448242188,26.80976104736328
18.9296875,953.2991943359375,26.80535125732422
18.9453125,953.3023071289062,26.80425262451172
18.9609375,953.327392578125,26.802406311035156
18.9765625,953.3307495117188,26.80608367919922
18.9921875,953.322265625,26.81049346923828
19.0078125,953.276611328125,26.81049346923828
19.0234375,953.39013671875,26.814170837402344
19.0390625,953.353515625,26.801300048828125
19.0546875,953.3348999023438,26.799468994140625
19.0703125,953.3477783203125,26.793960571289062
19.0859375,953.3078002929688,26.796531677246094
19.1015625,953.2823486328125,26.800941467285156
19.1171875,953.3466796875,26.795791625976562
19.1328125,953.3611450195312,26.80902099609375
19.1484375,953.3134765625,26.795059204101562
19.1640625,953.2463989257812,26.803504943847656
19.1796875,953.250732421875,26.800567626953125
19.1953125,953.205078125,26.793960571289062
19.2109375,953.2247314453125,26.799468994140625
19.2265625,953.2163696289062,26.798736572265625
19.2421875,953.2055053710938,26.79027557373047
19.2578125,953.2052612304688,26.80608367919922
19.2734375,953.2037963867188,26.80902099609375
19.2890625,953.1998901367188,26.80535125732422
19.3046875,953.2007446289062,26.80902099609375
19.3203125,953.2172241210938,26.800201416015625
19.3359375,953.1954345703125,26.815635681152344
19.3515625,953.1845092773438,26.796531677246094
19.3671875,953.1957397460938,26.811965942382812
19.3828125,953.1895141601562,26.81049346923828
19.3984375,953.1845703125,26.800941467285156
19.4140625,953.1943359375,26.80608367919922
19.4296875,953.1901245117188,26.802047729492188
19.4453125,953.1878662109375,26.819686889648438
19.4609375,953.197998046875,26.80608367919922
19.4765625,953.1889038085938,26.815277099609375
19.4921875,953.1909790039062,26.80976104736328
19.5078125,953.1743774414062,26.795791625976562
19.5234375,953.1854248046875,26.80791473388672
19.5390625,953.1974487304688,26.802406311035156
19.5546875,953.1771850585938,26.80791473388672
19.5703125,953.17529296875,26.818206787109375
19.5859375,953.1829223632812,26.799468994140625
19.6015625,953.1697998046875,26.803504943847656
19.6171875,953.1683349609375,26.793960571289062
19.6328125,953.1661376953125,26.80608367919922
19.6484375,953.1704711914062,26.80902099609375
19.6640625,953.1820068359375,26.800201416015625
19.6796875,953.1661987304688,26.799842834472656
19.6953125,953.1649780273438,26.80608367919922
19.7109375,953.1686401367188,26.793960571289062
19.7265625,953.1608276367188,26.803504943847656
19.7421875,953.1814575195312,26.81011962890625
19.7578125,953.1677856445312,26.802406311035156
19.7734375,953.1551513671875,26.80425262451172
19.7890625,953.1864013671875,26.80425262451172
19.8046875,953.173828125,26.795059204101562
19.8203125,953.1884155273438,26.804977416992188
19.8359375,953.189453125,26.810867309570312
19.8515625,953.2269897460938,26.80902099609375
19.8671875,953.1844482421875,26.810867309570312
19.8828125,953.252685546875,26.80425262451172
19.8984375,953.275390625,26.813072204589844
19.9140625,953.3091430664062,26.796531677246094
19.9296875,953.3421020507812,26.817481994628906
19.9453125,953.3639526367188,26.80608367919922
19.9609375,953.380126953125,26.80791473388672
19.9765625,953.3575439453125,26.80608367919922
19.9921875,953.3173828125,26.81049346923828
20.0078125,953.351318359375,26.801673889160156
20.0234375,953.333740234375,26.799468994140625
20.0390625,953.2695922851562,26.804977416992188
20.0546875,953.3148803710938,26.795059204101562
20.0703125,953.3031616210938,26.803146362304688
20.0859375,953.317138671875,26.80608367919922
20.1015625,953.3251342773438,26.798736572265625
20.1171875,953.3173217773438,26.799468994140625
20.1328125,953.33349609375,26.802780151367188
20.1484375,953.2877197265625,26.804977416992188
20.1640625,953.3011474609375,26.801673889160156
20.1796875,953.3162841796875,26.80608367919922
20.1953125,953.3192138671875,26.800941467285156
20.2109375,953.3186645507812,26.80425262451172
20.2265625,953.2921142578125,26.81049346923828
20.2421875,953.3207397460938,26.80535125732422
20.2578125,953.3142700195312,26.804977416992188
20.2734375,953.3812255859375,26.80608367919922
20.2890625,953.276123046875,26.80718994140625
20.3046875,953.3145141601562,26.799468994140625
20.3203125,953.2766723632812,26.80791473388672
20.3359375,953.2841186523438,26.80718994140625
20.3515625,953.2755737304688,26.799468994140625
20.3671875,953.2857055664062,26.80791473388672
20.3828125,953.2542724609375,26.819313049316406
20.3984375,953.3276977539062,26.810867309570312
20.4140625,953.3095092773438,26.810867309570312
20.4296875,953.281982421875,26.80535125732422
20.4453125,953.3101196289062,26.80976104736328
20.4609375,953.2998046875,26.810867309570312
20.4765625,953.2575073242188,26.814903259277344
20.4921875,953.2369995117188,26.810867309570312
20.5078125,953.2174682617188,26.798736572265625
20.5234375,953.23779296875,26.802406311035156
20.5390625,953.2333984375,26.80535125732422
20.5546875,953.233642578125,26.819686889648438
20.5703125,953.2183227539062,26.815277099609375
20.5859375,953.2208251953125,26.818206787109375
20.6015625,953.2049560546875,26.819686889648438
20.6171875,953.2183227539062,26.833648681640625
20.6328125,953.2138061523438,26.819686889648438
20.6484375,953.192626953125,26.830711364746094
20.6640625,953.2205810546875,26.833648681640625
20.6796875,953.2036743164062,26.813430786132812
20.6953125,953.2039794921875,26.810867309570312
20.7109375,953.2073364257812,26.813430786132812
20.7265625,953.1973876953125,26.811599731445312
20.7421875,953.1978759765625,26.818580627441406
20.7578125,953.193115234375,26.811599731445312
20.7734375,953.1959838867188,26.82886505126953
20.7890625,953.183349609375,26.8248291015625
20.8046875,953.19677734375,26.8248291015625
20.8203125,953.203857421875,26.825927734375
20.8359375,953.1914672851562,26.813430786132812
20.8515625,953.1866455078125,26.818206787109375
20.8671875,953.1895141601562,26.812698364257812
20.8828125,953.2044067382812,26.819686889648438
20.8984375,953.1920776367188,26.821517944335938
20.9140625,953.1802978515625,26.82555389404297
20.9296875,953.1705932617188,26.817481994628906
20.9453125,953.17578125,26.80976104736328
20.9609375,953.1791381835938,26.810867309570312
20.9765625,953.1898803710938,26.80425262451172
20.9921875,953.1851196289062,26.819313049316406
21.0078125,953.197998046875,26.812698364257812
21.0234375,953.1686401367188,26.833648681640625
21.0390625,953.1719360351562,26.80791473388672
21.0546875,953.178955078125,26.810867309570312
21.0703125,953.210205078125,26.812698364257812
21.0859375,953.2260131835938,26.818206787109375
21.1015625,953.2384643554688,26.80718994140625
21.1171875,953.2326049804688,26.80902099609375
21.1328125,953.2340698242188,26.817481994628906
21.1484375,953.2210693359375,26.830711364746094
21.1640625,953.2589111328125,26.819686889648438
21.1796875,953.1914672851562,26.80608367919922
21.1953125,953.1901245117188,26.80608367919922
21.2109375,953.1967163085938,26.80608367919922
21.2265625,953.1775512695312,26.816734313964844
21.2421875,953.1905517578125,26.81049346923828
21.2578125,953.1971435546875,26.80535125732422
21.2734375,953.1864624023438,26.800567626953125
21.2890625,953.177001953125,26.80608367919922
21.3046875,953.1967163085938,26.800941467285156
21.3203125,953.1830444335938,26.802406311035156
21.3359375,953.1891479492188,26.80608367919922
21.3515625,953.1632080078125,26.80976104736328
21.3671875,953.1743774414062,26.815635681152344
21.3828125,953.1797485351562,26.820045471191406
21.3984375,953.185546875,26.80902099609375
21.4140625,953.1837768554688,26.802780151367188
21.4296875,953.2076416015625,26.802406311035156
21.4453125,953.2267456054688,26.80718994140625
21.4609375,953.2296752929688,26.819313049316406
21.4765625,953.2314453125,26.80425262451172
21.4921875,953.2830810546875,26.80902099609375
21.5078125,953.3080444335938,26.798736572265625
21.5234375,953.2646484375,26.799095153808594
21.5390625,953.2915649414062,26.80791473388672
21.5546875,953.3421020507812,26.80791473388672
21.5703125,953.3193359375,26.803504943847656
21.5859375,953.3165283203125,26.817481994628906
21.6015625,953.3143310546875,26.7913818359375
21.6171875,953.346435546875,26.80718994140625
21.6328125,953.3055419921875,26.80902099609375
21.6484375,953.2764892578125,26.80976104736328
21.6640625,953.3003540039062,26.795791625976562
21.6796875,953.26318359375,26.816375732421875
21.6953125,953.3087768554688,26.799095153808594
21.7109375,953.3268432617188,26.802047729492188
21.7265625,953.3073120117188,26.803504943847656
21.7421875,953.2567749023438,26.81049346923828
21.7578125,953.2575073242188,26.799468994140625
21.7734375,953.3035888671875,26.804977416992188
21.7890625,953.3023071289062,26.79212188720703
21.8046875,953.2860717773438,26.788818359375
21.8203125,953.2804565429688,26.795791625976562
21.8359375,953.2559204101562,26.79248046875
21.8515625,953.2981567382812,26.793960571289062
21.8671875,953.2940673828125,26.79027557373047
21.8828125,953.2996826171875,26.802406311035156
21.8984375,953.3218383789062,26.80425262451172
21.9140625,953.2938842773438,26.798736572265625
21.9296875,953.2808227539062,26.777793884277344
21.9453125,953.275146484375,26.788070678710938
21.9609375,953.2815551757812,26.780357360839844
21.9765625,953.2670288085938,26.777793884277344
21.9921875,953.2816772460938,26.79027557373047
22.0078125,953.2584228515625,26.788070678710938
22.0234375,953.2695922851562,26.795791625976562
22.0390625,953.285888671875,26.78917694091797
22.0546875,953.2589721679688,26.778518676757812
22.0703125,953.28662109375,26.778518676757812
22.0859375,953.28662109375,26.80425262451172
22.1015625,953.2896728515625,26.788818359375
22.1171875,953.2637329101562,26.785865783691406
22.1328125,953.231689453125,26.793228149414062
22.1484375,953.2378540039062,26.7913818359375
22.1640625,953.255615234375,26.784034729003906
22.1796875,953.2518310546875,26.799468994140625
22.1953125,953.2318725585938,26.79027557373047
22.2109375,953.2196044921875,26.79027557373047
22.2265625,953.2207641601562,26.784034729003906
22.2421875,953.2238159179688,26.802780151367188
22.2578125,953.2208251953125,26.799095153808594
22.2734375,953.2174682617188,26.80866241455078
22.2890625,953.2387084960938,26.80718994140625
22.3046875,953.23388671875,26.815635681152344
22.3203125,953.2233276367188,26.801673889160156
22.3359375,953.216552734375,26.80718994140625
22.3515625,953.208740234375,26.80718994140625
22.3671875,953.2135620117188,26.80608367919922
22.3828125,953.2182006835938,26.80791473388672
22.3984375,953.2183227539062,26.80718994140625
22.4140625,953.2098999023438,26.812698364257812
22.4296875,953.2015380859375,26.82886505126953
22.4453125,953.2203979492188,26.811965942382812
22.4609375,953.205078125,26.819686889648438
22.4765625,953.192626953125,26.82299041748047
22.4921875,953.2120971679688,26.818206787109375
22.5078125,953.2074584960938,26.810867309570312
22.5234375,953.2037353515625,26.80866241455078
22.5390625,953.194580078125,26.817481994628906
22.5546875,953.197265625,26.810867309570312
22.5703125,953.194091796875,26.832542419433594
22.5859375,953.1993408203125,26.82740020751953
22.6015625,953.1856689453125,26.8248291015625
22.6171875,953.1859741210938,26.80902099609375
22.6328125,953.1998901367188,26.813430786132812
22.6484375,953.1950073242188,26.81122589111328
22.6640625,953.197265625,26.820045471191406
22.6796875,953.1807861328125,26.80866241455078
22.6953125,953.1844482421875,26.812698364257812
22.7109375,953.174560546875,26.82886505126953
22.7265625,953.2060546875,26.811599731445312
22.7421875,953.1793823242188,26.8248291015625
22.7578125,953.1800537109375,26.817481994628906
22.7734375,953.1954345703125,26.80902099609375
22.7890625,953.201171875,26.810867309570312
22.8046875,953.2269897460938,26.80902099609375
22.8203125,953.1957397460938,26.80425262451172
22.8359375,953.2431030273438,26.804977416992188
22.8515625,953.2593383789062,26.80425262451172
22.8671875,953.2293701171875,26.816375732421875
22.8828125,953.2550659179688,26.80976104736328
22.8984375,953.2777099609375,26.80608367919922
22.9140625,953.2844848632812,26.820045471191406
22.9296875,953.2830200195312,26.80791473388672
22.9453125,953.2894897460938,26.804977416992188
22.9609375,953.2921752929688,26.80976104736328
22.9765625,953.295654296875,26.813430786132812
22.9921875,953.2924194335938,26.80791473388672
23.0078125,953.3295288085938,26.80791473388672
23.0234375,953.2679443359375,26.810867309570312
23.0390625,953.2915649414062,26.80425262451172
23.0546875,953.2646484375,26.80718994140625
23.0703125,953.286376953125,26.795791625976562
23.0859375,953.2960815429688,26.802047729492188
23.1015625,953.2799072265625,26.803504943847656
23.1171875,953.3070068359375,26.80608367919922
23.1328125,953.2731323242188,26.80718994140625
23.1484375,953.3162231445312,26.800567626953125
23.1640625,953.263671875,26.812698364257812
23.1796875,953.2822265625,26.81049346923828
23.1953125,953.2646484375,26.80976104736328
23.2109375,953.3111572265625,26.799468994140625
23.2265625,953.2850341796875,26.80535125732422
23.2421875,953.2778930664062,26.817481994628906
23.2578125,953.2964477539062,26.810867309570312
23.2734375,953.2837524414062,26.804977416992188
23.2890625,953.2772216796875,26.80902099609375
23.3046875,953.3057861328125,26.80425262451172
23.3203125,953.2987060546875,26.80718994140625
23.3359375,953.2642822265625,26.795791625976562
23.3515625,953.2559204101562,26.798736572265625
23.3671875,953.2723999023438,26.80425262451172
23.3828125,953.3040161132812,26.799468994140625
23.3984375,953.27490234375,26.798736572265625
23.4140625,953.2855834960938,26.79027557373047
23.4296875,953.2685546875,26.818206787109375
23.4453125,953.2880859375,26.80718994140625
23.4609375,953.2612915039062,26.80718994140625
23.4765625,953.2362060546875,26.801300048828125
23.4921875,953.2356567382812,26.803504943847656
23.5078125,953.2257690429688,26.804977416992188
23.5234375,953.2318725585938,26.82372283935547
23.5390625,953.2337036132812,26.8248291015625
23.5546875,953.2230224609375,26.821517944335938
23.5703125,953.2202758789062,26.810867309570312
23.5859375,953.2389526367188,26.810867309570312
23.6015625,953.2108154296875,26.813430786132812
23.6171875,953.2146606445312,26.814903259277344
23.6328125,953.2274169921875,26.8270263671875
23.6484375,953.2064819335938,26.82740020751953
23.6640625,953.208984375,26.829605102539062
23.6796875,953.2085571289062,26.82299041748047
23.6953125,953.2127075195312,26.82299041748047
23.7109375,953.2079467773438,26.819686889648438
23.7265625,953.190185546875,26.8248291015625
23.7421875,953.1979370117188,26.821517944335938
23.7578125,953.1915893554688,26.8251953125
23.7734375,953.2056884765625,26.811599731445312
23.7890625,953.2001953125,26.835479736328125
23.8046875,953.1995849609375,26.818206787109375
23.8203125,953.185302734375,26.813430786132812
23.8359375,953.2039794921875,26.821144104003906
23.8515625,953.18505859375,26.833648681640625
23.8671875,953.1802978515625,26.82630157470703
23.8828125,953.189208984375,26.833648681640625
23.8984375,953.1802978515625,26.810867309570312
23.9140625,953.1857299804688,26.819686889648438
23.9296875,953.1801147460938,26.813430786132812
23.9453125,953.1908569335938,26.811965942382812
23.9609375,953.1817016601562,26.819686889648438
23.9765625,953.1795043945312,26.80866241455078
23.9921875,953.1808471679688,26.817481994628906
24.0078125,953.1708984375,26.82886505126953
24.0234375,953.1809692382812,26.820045471191406
24.0390625,953.1879272460938,26.80718994140625
24.0546875,953.1943359375,26.820045471191406
24.0703125,953.2291870117188,26.80535125732422
24.0859375,953.2802734375,26.820045471191406
24.1015625,953.2680053710938,26.81049346923828
24.1171875,953.292724609375,26.81049346923828
24.1328125,953.3046875,26.811599731445312
24.1484375,953.3125,26.8248291015625
24.1640625,953.3150634765625,26.82299041748047
24.1796875,953.26708984375,26.8248291015625
24.1953125,953.2630004882812,26.817840576171875
24.2109375,953.1889038085938,26.814903259277344
24.2265625,953.251953125,26.819686889648438
24.2421875,953.3055419921875,26.815277099609375
24.2578125,953.3141479492188,26.82555389404297
24.2734375,953.3695068359375,26.831809997558594
24.2890625,953.2799072265625,26.81049346923828
24.3046875,953.372802734375,26.810867309570312
24.3203125,953.2993774414062,26.80902099609375
24.3359375,953.3187866210938,26.814903259277344
24.3515625,953.3463745117188,26.82666015625
24.3671875,953.3480834960938,26.798370361328125
24.3828125,953.326171875,26.813430786132812
24.3984375,953.2738647460938,26.80866241455078
24.4140625,953.30029296875,26.812698364257812
24.4296875,953.3311767578125,26.80425262451172
24.4453125,953.3572387695312,26.80718994140625
24.4609375,953.3084716796875,26.796531677246094
24.4765625,953.358154296875,26.802406311035156
24.4921875,953.3128662109375,26.801300048828125
24.5078125,953.3803100585938,26.80535125732422
24.5234375,953.3705444335938,26.800201416015625
24.5390625,953.316162109375,26.81049346923828
24.5546875,953.2957763671875,26.80535125732422
24.5703125,953.3268432617188,26.799095153808594
24.5859375,953.3304443359375,26.796531677246094
24.6015625,953.3080444335938,26.80866241455078
24.6171875,953.3516845703125,26.81049346923828
24.6328125,953.356689453125,26.80608367919922
24.6484375,953.357421875,26.812698364257812
24.6640625,953.31982421875,26.80866241455078
24.6796875,953.3104248046875,26.80425262451172
24.6953125,953.3680419921875,26.80791473388672
24.7109375,953.3056640625,26.813430786132812
24.7265625,953.3198852539062,26.813430786132812
24.7421875,953.3002319335938,26.80608367919922
24.7578125,953.262451171875,26.80718994140625
24.7734375,953.2326049804688,26.80718994140625
24.7890625,953.2404174804688,26.818206787109375
24.8046875,953.2301635742188,26.82299041748047
24.8203125,953.220458984375,26.82299041748047
24.8359375,953.2354736328125,26.812698364257812
24.8515625,953.1997680664062,26.80791473388672
24.8671875,953.2171630859375,26.821144104003906
24.8828125,953.2166748046875,26.82630157470703
24.8984375,953.2190551757812,26.82189178466797
24.9140625,953.2280883789062,26.833648681640625
24.9296875,953.208984375,26.811599731445312
24.9453125,953.206787109375,26.81232452392578
24.9609375,953.203857421875,26.833648681640625
24.9765625,953.2113647460938,26.819686889648438
24.9921875,953.2075805664062,26.8248291015625
25.0078125,953.2081298828125,26.837326049804688
25.0234375,953.2026977539062,26.84283447265625
25.0390625,953.205078125,26.835479736328125
25.0546875,953.1995849609375,26.837326049804688
25.0703125,953.2111206054688,26.82372283935547
25.0859375,953.1739501953125,26.82630157470703
25.1015625,953.185546875,26.834373474121094
25.1171875,953.1929321289062,26.82555389404297
25.1328125,953.1926879882812,26.850914001464844
25.1484375,953.1981201171875,26.849075317382812
25.1640625,953.1884155273438,26.833648681640625
25.1796875,953.1964111328125,26.82299041748047
25.1953125,953.180419921875,26.834373474121094
25.2109375,953.2001342773438,26.82813262939453
25.2265625,953.1898803710938,26.836219787597656
25.2421875,953.2003784179688,26.821517944335938
25.2578125,953.1856689453125,26.832168579101562
25.2734375,953.1992797851562,26.82996368408203
25.2890625,953.1967163085938,26.815635681152344
25.3046875,953.1755981445312,26.821144104003906
25.3203125,953.175537109375,26.82813262939453
25.3359375,953.1989135742188,26.838783264160156
25.3515625,953.1832885742188,26.837326049804688
25.3671875,953.1836547851562,26.816375732421875
25.3828125,953.1797485351562,26.82740020751953
25.3984375,953.1915893554688,26.833648681640625
25.4140625,953.20654296875,26.821144104003906
25.4296875,953.201171875,26.834373474121094
25.4453125,953.2090454101562,26.82886505126953
25.4609375,953.2329711914062,26.82630157470703
25.4765625,953.2453002929688,26.820045471191406
25.4921875,953.2542724609375,26.82555389404297
25.5078125,953.2727661132812,26.830711364746094
25.5234375,953.246826171875,26.821144104003906
25.5390625,953.255615234375,26.833648681640625
25.5546875,953.2782592773438,26.825927734375
25.5703125,953.3295288085938,26.82555389404297
25.5859375,953.2990112304688,26.833648681640625
25.6015625,953.2866821289062,26.829605102539062
25.6171875,953.2785034179688,26.829605102539062
25.6328125,953.3065185546875,26.832168579101562
25.6484375,953.3270874023438,26.815635681152344
25.6640625,953.2741088867188,26.814903259277344
25.6796875,953.3153076171875,26.82555389404297
25.6953125,953.3162841796875,26.833648681640625
25.7109375,953.3070068359375,26.833648681640625
25.7265625,953.311767578125,26.8248291015625
25.7421875,953.3341064453125,26.82299041748047
25.7578125,953.2718505859375,26.817481994628906
25.7734375,953.3203735351562,26.816734313964844
25.7890625,953.3345947265625,26.811599731445312
25.8046875,953.3220825195312,26.80866241455078
25.8203125,953.3576049804688,26.817481994628906
25.8359375,953.3287353515625,26.810867309570312
25.8515625,953.3507690429688,26.811599731445312
25.8671875,953.2916259765625,26.811599731445312
25.8828125,953.3441772460938,26.819313049316406
25.8984375,953.3426513671875,26.80608367919922
25.9140625,953.3616333007812,26.8248291015625
25.9296875,953.3616943359375,26.80866241455078
25.9453125,953.38037109375,26.810867309570312
25.9609375,953.31787109375,26.81011962890625
25.9765625,953.3422241210938,26.82555389404297
25.9921875,953.359375,26.816734313964844
26.0078125,953.2969360351562,26.82189178466797
26.0234375,953.3052368164062,26.812698364257812
26.0390625,953.3167724609375,26.80976104736328
26.0546875,953.3446655273438,26.80791473388672
26.0703125,953.3103637695312,26.815277099609375
26.0859375,953.3499145507812,26.80976104736328
26.1015625,953.2962036132812,26.818580627441406
26.1171875,953.271484375,26.821144104003906
26.1328125,953.23046875,26.81049346923828
26.1484375,953.2252197265625,26.82372283935547
26.1640625,953.2355346679688,26.8248291015625
26.1796875,953.235595703125,26.814170837402344
26.1953125,953.2063598632812,26.81049346923828
26.2109375,953.2012939453125,26.81049346923828
26.2265625,953.2156982421875,26.819686889648438
26.2421875,953.2183227539062,26.80718994140625
26.2578125,953.2171020507812,26.8248291015625
26.2734375,953.2200317382812,26.80718994140625
26.2890625,953.206298828125,26.813430786132812
26.3046875,953.2015991210938,26.82740020751953
26.3203125,953.2077026367188,26.8248291015625
26.3359375,953.2171020507812,26.82299041748047
26.3515625,953.2079467773438,26.810867309570312
26.3671875,953.1845703125,26.812698364257812
26.3828125,953.2015380859375,26.816734313964844
26.3984375,953.1905517578125,26.800567626953125
26.4140625,953.193115234375,26.82630157470703
26.4296875,953.2046508789062,26.82299041748047
26.4453125,953.188232421875,26.80608367919922
26.4609375,953.1883544921875,26.81049346923828
26.4765625,953.1780395507812,26.80425262451172
26.4921875,953.1959228515625,26.81049346923828
26.5078125,953.1881713867188,26.80976104736328
26.5234375,953.1886596679688,26.802406311035156
26.5390625,953.1748046875,26.80608367919922
26.5546875,953.1727294921875,26.80608367919922
26.5703125,953.1865234375,26.80608367919922
26.5859375,953.1721801757812,26.814170837402344
26.6015625,953.1699829101562,26.80608367919922
26.6171875,953.1781616210938,26.80718994140625
26.6328125,953.1806640625,26.811965942382812
26.6484375,953.1859130859375,26.80791473388672
26.6640625,953.1783447265625,26.80718994140625
26.6796875,953.1746826171875,26.812698364257812
26.6953125,953.1823120117188,26.796531677246094
26.7109375,953.1658935546875,26.78955078125
26.7265625,953.1729736328125,26.798736572265625
26.7421875,953.1942138671875,26.811965942382812
26.7578125,953.234375,26.80718994140625
26.7734375,953.2081298828125,26.81049346923828
26.7890625,953.2503051757812,26.799468994140625
26.8046875,953.2438354492188,26.81049346923828
26.8203125,953.2646484375,26.80608367919922
26.8359375,953.2702026367188,26.80535125732422
26.8515625,953.2921752929688,26.798736572265625
26.8671875,953.2951049804688,26.81049346923828
26.8828125,953.3046875,26.81232452392578
26.8984375,953.2708129882812,26.814529418945312
26.9140625,953.309814453125,26.80791473388672
26.9296875,953.302001953125,26.80866241455078
26.9453125,953.3224487304688,26.802047729492188
26.9609375,953.3175659179688,26.800201416015625
26.9765625,953.3048095703125,26.80681610107422
26.9921875,953.3115234375,26.802047729492188
27.0078125,953.3056030273438,26.80902099609375
27.0234375,953.3194580078125,26.80791473388672
27.0390625,953.2955322265625,26.802406311035156
27.0546875,953.3660888671875,26.80425262451172
27.0703125,953.311767578125,26.81049346923828
27.0859375,953.3196411132812,26.80791473388672
27.1015625,953.3145751953125,26.80718994140625
27.1171875,953.3563232421875,26.804977416992188
27.1328125,953.3239135742188,26.80608367919922
27.1484375,953.3281860351562,26.795791625976562
27.1640625,953.3850708007812,26.80976104736328
27.1796875,953.2872924804688,26.811599731445312
27.1953125,953.3603515625,26.802047729492188
27.2109375,953.337890625,26.80791473388672
27.2265625,953.3193359375,26.80902099609375
27.2421875,953.3636474609375,26.814529418945312
27.2578125,953.353515625,26.80791473388672
27.2734375,953.3611450195312,26.802047729492188
27.2890625,953.3677368164062,26.810867309570312
27.3046875,953.3734130859375,26.80718994140625
27.3203125,953.3563232421875,26.81049346923828
27.3359375,953.3536376953125,26.802047729492188
27.3515625,953.3605346679688,26.812698364257812
27.3671875,953.34375,26.811599731445312
27.3828125,953.3890380859375,26.819686889648438
27.3984375,953.3611450195312,26.800201416015625
27.4140625,953.3502807617188,26.810867309570312
27.4296875,953.39013671875,26.80791473388672
27.4453125,953.2990112304688,26.82666015625
27.4609375,953.3181762695312,26.818580627441406
27.4765625,953.310302734375,26.811599731445312
27.4921875,953.2958374023438,26.811599731445312
27.5078125,953.2874755859375,26.815635681152344
27.5234375,953.2741088867188,26.816734313964844
27.5390625,953.2348022460938,26.818206787109375
27.5546875,953.233642578125,26.816734313964844
27.5703125,953.2335815429688,26.822250366210938
27.5859375,953.2120361328125,26.818206787109375
27.6015625,953.2283935546875,26.811599731445312
27.6171875,953.2342529296875,26.811599731445312
27.6328125,953.2115478515625,26.80976104736328
27.6484375,953.208984375,26.82886505126953
27.6640625,953.212646484375,26.82996368408203
27.6796875,953.2032470703125,26.829605102539062
27.6953125,953.1984252929688,26.82555389404297
27.7109375,953.20458984375,26.82299041748047
27.7265625,953.201904296875,26.8248291015625
27.7421875,953.2026977539062,26.82813262939453
27.7578125,953.2060546875,26.82299041748047
27.7734375,953.191162109375,26.80608367919922
27.7890625,953.196044921875,26.816375732421875
27.8046875,953.1904296875,26.820045471191406
27.8203125,953.1981201171875,26.810867309570312
27.8359375,953.1792602539062,26.821144104003906
27.8515625,953.1784057617188,26.80902099609375
27.8671875,953.1969604492188,26.80976104736328
27.8828125,953.1898193359375,26.811599731445312
27.8984375,953.1727294921875,26.80791473388672
27.9140625,953.1741943359375,26.813796997070312
27.9296875,953.1944580078125,26.82740020751953
27.9453125,953.2017822265625,26.79468536376953
27.9609375,953.1954956054688,26.80902099609375
27.9765625,953.1837768554688,26.813072204589844
27.9921875,953.187255859375,26.802047729492188
28.0078125,953.1860961914062,26.80791473388672
28.0234375,953.177734375,26.81049346923828
28.0390625,953.1803588867188,26.79027557373047
28.0546875,953.187255859375,26.80535125732422
28.0703125,953.2007446289062,26.80425262451172
28.0859375,953.2263793945312,26.79468536376953
28.1015625,953.2241821289062,26.80608367919922
28.1171875,953.2223510742188,26.812698364257812
28.1328125,953.2600708007812,26.80718994140625
28.1484375,953.2989501953125,26.797637939453125
28.1640625,953.2662963867188,26.80902099609375
28.1796875,953.2974243164062,26.80902099609375
28.1953125,953.3582763671875,26.812698364257812
28.2109375,953.31982421875,26.811965942382812
28.2265625,953.28271484375,26.80902099609375
28.2421875,953.2925415039062,26.80791473388672
28.2578125,953.3140258789062,26.81049346923828
28.2734375,953.327392578125,26.820045471191406
28.2890625,953.4287109375,26.80681610107422
28.3046875,953.314453125,26.817108154296875
28.3203125,953.36328125,26.810867309570312
28.3359375,953.324951171875,26.80718994140625
28.3515625,953.37841796875,26.810867309570312
28.3671875,953.329833984375,26.80791473388672
28.3828125,953.37255859375,26.81049346923828
28.3984375,953.3800048828125,26.80976104736328
28.4140625,953.3995971679688,26.80902099609375
28.4296875,953.3714599609375,26.81049346923828
28.4453125,953.3303833007812,26.803504943847656
28.4609375,953.3912353515625,26.812698364257812
28.4765625,953.356201171875,26.798736572265625
28.4921875,953.3477172851562,26.812698364257812
28.5078125,953.3795776367188,26.801673889160156
28.5234375,953.2565307617188,26.80791473388672
28.5390625,953.3385009765625,26.80718994140625
28.5546875,953.34912109375,26.80902099609375
28.5703125,953.2955932617188,26.80535125732422
28.5859375,953.3800659179688,26.80608367919922
28.6015625,953.2940673828125,26.79212188720703
28.6171875,953.376953125,26.796531677246094
28.6328125,953.4036254882812,26.791748046875
28.6484375,953.3547973632812,26.782562255859375
28.6640625,953.3460693359375,26.79468536376953
28.6796875,953.3915405273438,26.793960571289062
28.6953125,953.364501953125,26.788818359375
28.7109375,953.2977905273438,26.78955078125
28.7265625,953.3073120117188,26.78917694091797
28.7421875,953.2654418945312,26.802406311035156
28.7578125,953.2274169921875,26.793228149414062
28.7734375,953.2318725585938,26.77484130859375
28.7890625,953.2269897460938,26.787338256835938
28.8046875,953.2180786132812,26.788818359375
28.8203125,953.2254638671875,26.795791625976562
28.8359375,953.2177124023438,26.79248046875
28.8515625,953.2199096679688,26.795791625976562
28.8671875,953.2327270507812,26.79248046875
28.8828125,953.2156982421875,26.801300048828125
28.8984375,953.22607421875,26.795791625976562
28.9140625,953.2129516601562,26.795791625976562
28.9296875,953.2254638671875,26.801673889160156
28.9453125,953.2051391601562,26.797996520996094
28.9609375,953.1898803710938,26.801300048828125
28.9765625,953.2099609375,26.799842834472656
28.9921875,953.2020263671875,26.795791625976562
29.0078125,953.2081909179688,26.801673889160156
29.0234375,953.2034301757812,26.796531677246094
29.0390625,953.2100830078125,26.79248046875
29.0546875,953.212646484375,26.791748046875
29.0703125,953.210205078125,26.80718994140625
29.0859375,953.1950073242188,26.79468536376953
29.1015625,953.1883544921875,26.78955078125
29.1171875,953.1818237304688,26.78955078125
29.1328125,953.206298828125,26.788070678710938
29.1484375,953.2015380859375,26.784034729003906
29.1640625,953.1753540039062,26.798736572265625
29.1796875,953.1876220703125,26.791748046875
29.1953125,953.1922607421875,26.79027557373047
29.2109375,953.1878662109375,26.79468536376953
29.2265625,953.1776123046875,26.79212188720703
29.2421875,953.1953125,26.798736572265625
29.2578125,953.1959838867188,26.798736572265625
29.2734375,953.18701171875,26.79212188720703
29.2890625,953.1731567382812,26.7899169921875
29.3046875,953.1837158203125,26.796157836914062
29.3203125,953.1795654296875,26.796531677246094
29.3359375,953.1951293945312,26.780357360839844
29.3515625,953.1947631835938,26.79027557373047
29.3671875,953.1878662109375,26.800567626953125
29.3828125,953.2056884765625,26.78955078125
29.3984375,953.2314453125,26.782203674316406
29.4140625,953.2606201171875,26.788818359375
29.4296875,953.2774658203125,26.793228149414062
29.4453125,953.2718505859375,26.791748046875
29.4609375,953.2938842773438,26.784034729003906
29.4765625,953.3121948242188,26.777793884277344
29.4921875,953.3062133789062,26.793960571289062
29.5078125,953.32568359375,26.784767150878906
29.5234375,953.373779296875,26.79027557373047
29.5390625,953.3576049804688,26.79027557373047
29.5546875,953.3743286132812,26.795791625976562
29.5703125,953.3468017578125,26.802406311035156
29.5859375,953.3648071289062,26.79027557373047
29.6015625,953.3516235351562,26.793228149414062
29.6171875,953.3519897460938,26.798736572265625
29.6328125,953.4278564453125,26.799468994140625
29.6484375,953.417724609375,26.796531677246094
29.6640625,953.3678588867188,26.800941467285156
29.6796875,953.3377685546875,26.79468536376953
29.6953125,953.4166259765625,26.799095153808594
29.7109375,953.3519287109375,26.799095153808594
29.7265625,953.3292846679688,26.784034729003906
29.7421875,953.3575439453125,26.80608367919922
29.7578125,953.3639526367188,26.799468994140625
29.7734375,953.3806762695312,26.796531677246094
29.7890625,953.3295288085938,26.80866241455078
29.8046875,953.3516845703125,26.817481994628906
29.8203125,953.3502197265625,26.80718994140625
29.8359375,953.3551635742188,26.80425262451172
29.8515625,953.3613891601562,26.812698364257812
29.8671875,953.3389892578125,26.80718994140625
29.8828125,953.3240966796875,26.812698364257812
29.8984375,953.3580322265625,26.80902099609375
29.9140625,953.3242797851562,26.80976104736328
29.9296875,953.3206787109375,26.81049346923828
29.9453125,953.3721923828125,26.80902099609375
29.9609375,953.3421630859375,26.81232452392578
29.9765625,953.3837280273438,26.800941467285156
29.9921875,953.3299560546875,26.80425262451172
30.0078125,953.3237915039062,26.811599731445312
30.0234375,953.3298950195312,26.80976104736328
30.0390625,953.3076171875,26.80866241455078
30.0546875,953.3057861328125,26.8248291015625
30.0703125,953.3263549804688,26.810867309570312
30.0859375,953.2963256835938,26.813072204589844
30.1015625,953.2869873046875,26.813430786132812
30.1171875,953.264892578125,26.817481994628906
30.1328125,953.2606201171875,26.812698364257812
30.1484375,953.2313842773438,26.8248291015625
30.1640625,953.2213134765625,26.816734313964844
30.1796875,953.2348022460938,26.82299041748047
30.1953125,953.21875,26.821517944335938
30.2109375,953.201171875,26.80976104736328
30.2265625,953.2113647460938,26.811599731445312
30.2421875,953.2073974609375,26.82666015625
30.2578125,953.2047729492188,26.833648681640625
30.2734375,953.2120361328125,26.8248291015625
30.2890625,953.2056884765625,26.818206787109375
30.3046875,953.2122192382812,26.811599731445312
30.3203125,953.197265625,26.811599731445312
30.3359375,953.2031860351562,26.812698364257812
30.3515625,953.1841430664062,26.830711364746094
30.3671875,953.1918334960938,26.81049346923828
30.3828125,953.2012939453125,26.835479736328125
30.3984375,953.1995849609375,26.810867309570312
30.4140625,953.1971435546875,26.821517944335938
30.4296875,953.1898193359375,26.81049346923828
30.4453125,953.1821899414062,26.80902099609375
30.4609375,953.1808471679688,26.80791473388672
30.4765625,953.1968383789062,26.802406311035156
30.4921875,953.1784057617188,26.797637939453125
30.5078125,953.1766967773438,26.802047729492188
30.5234375,953.1867065429688,26.82299041748047
30.5390625,953.188232421875,26.80608367919922
30.5546875,953.1895141601562,26.80791473388672
30.5703125,953.1837158203125,26.798370361328125
30.5859375,953.173828125,26.80791473388672
