# Time (seconds),Pressure,Temp
0.0078125,953.0830078125,27.414260864257812
0.0234375,953.124267578125,27.422348022460938
0.0390625,953.1311645507812,27.415367126464844
0.0546875,953.1322631835938,27.433746337890625
0.0703125,953.1232299804688,27.418312072753906
0.0859375,953.13427734375,27.423828125
0.1015625,953.1331176757812,27.415740966796875
0.1171875,953.1417846679688,27.429336547851562
0.1328125,953.1246948242188,27.421249389648438
0.1484375,953.123779296875,27.4267578125
0.1640625,953.1255493164062,27.433006286621094
0.1796875,953.1321411132812,27.4256591796875
0.1953125,953.1254272460938,27.42345428466797
0.2109375,953.1240234375,27.421249389648438
0.2265625,953.1292724609375,27.42162322998047
0.2421875,953.1423950195312,27.4249267578125
0.2578125,953.1314086914062,27.431900024414062
0.2734375,953.1206665039062,27.430068969726562
0.2890625,953.135986328125,27.431900024414062
0.3046875,953.132080078125,27.433006286621094
0.3203125,953.1362915039062,27.436309814453125
0.3359375,953.1163330078125,27.416839599609375
0.3515625,953.1185913085938,27.439987182617188
0.3671875,953.1268310546875,27.4267578125
0.3828125,953.131591796875,27.4249267578125
0.3984375,953.1253662109375,27.430068969726562
0.4140625,953.1258544921875,27.434478759765625
0.4296875,953.126220703125,27.434478759765625
0.4453125,953.126220703125,27.429336547851562
0.4609375,953.1365356445312,27.44146728515625
0.4765625,953.1389770507812,27.419776916503906
0.4921875,953.130859375,27.434478759765625
0.5078125,953.139404296875,27.42603302001953
0.5234375,953.124267578125,27.428970336914062
0.5390625,953.1376953125,27.432647705078125
0.5546875,953.13623046875,27.427490234375
0.5703125,953.1244506835938,27.4267578125
0.5859375,953.1255493164062,27.432273864746094
0.6015625,953.1248779296875,27.44036102294922
0.6171875,953.1370239257812,27.436683654785156
0.6328125,953.132568359375,27.42528533935547
0.6484375,953.1212158203125,27.44292449951172
0.6640625,953.1271362304688,27.431167602539062
0.6796875,953.1259765625,27.430068969726562
0.6953125,953.0475463867188,27.438514709472656
0.7109375,953.1255493164062,27.432647705078125
0.7265625,953.1661376953125,27.4256591796875
0.7421875,953.0968017578125,27.43926239013672
0.7578125,953.1650390625,27.434478759765625
0.7734375,953.1998291015625,27.437416076660156
0.7890625,953.177490234375,27.435577392578125
0.8046875,953.170654296875,27.44036102294922
0.8203125,953.2207641601562,27.44146728515625
0.8359375,953.061279296875,27.436309814453125
0.8515625,953.1575317382812,27.427490234375
0.8671875,953.1735229492188,27.436683654785156
0.8828125,953.1527709960938,27.452491760253906
0.8984375,953.2978515625,27.437416076660156
0.9140625,953.1344604492188,27.434478759765625
0.9296875,953.2481689453125,27.437416076660156
0.9453125,953.2862548828125,27.419776916503906
0.9609375,953.1452026367188,27.44329833984375
0.9765625,953.2311401367188,27.433006286621094
0.9921875,953.1172485351562,27.4256591796875
1.0078125,953.1368408203125,27.42528533935547
1.0234375,953.0685424804688,27.428237915039062
1.0390625,953.1447143554688,27.430442810058594
1.0546875,953.1856689453125,27.4256591796875
1.0703125,953.292236328125,27.422348022460938
1.0859375,953.2046508789062,27.42418670654297
1.1015625,953.2448120117188,27.413528442382812
1.1171875,953.2180786132812,27.423080444335938
1.1328125,953.2974243164062,27.402877807617188
1.1484375,953.1686401367188,27.416839599609375
1.1640625,953.1664428710938,27.422348022460938
1.1796875,953.2697143554688,27.413528442382812
1.1953125,953.3825073242188,27.402877807617188
1.2109375,953.2970581054688,27.399200439453125
1.2265625,953.269287109375,27.40692138671875
1.2421875,953.3668823242188,27.39185333251953
1.2578125,953.3247680664062,27.399200439453125
1.2734375,953.4365234375,27.39185333251953
1.2890625,953.3755493164062,27.398468017578125
1.3046875,953.4358520507812,27.387802124023438
1.3203125,953.3524169921875,27.387802124023438
1.3359375,953.1317749023438,27.382659912109375
1.3515625,953.3525390625,27.37421417236328
1.3671875,953.3504638671875,27.37494659423828
1.3828125,953.1897583007812,27.37421417236328
1.3984375,953.1466064453125,27.367958068847656
1.4140625,953.2225341796875,27.366859436035156
1.4296875,953.1734008789062,27.37236785888672
1.4453125,953.2230224609375,27.366500854492188
1.4609375,953.1959838867188,27.366500854492188
1.4765625,953.206787109375,27.37494659423828
1.4921875,953.2046508789062,27.3551025390625
1.5078125,953.2015380859375,27.363548278808594
1.5234375,953.2023315429688,27.3543701171875
1.5390625,953.1961669921875,27.3558349609375
1.5546875,953.1914672851562,27.356201171875
1.5703125,953.1688232421875,27.347381591796875
1.5859375,953.1810913085938,27.33966827392578
1.6015625,953.1802978515625,27.342971801757812
1.6171875,953.1954956054688,27.35216522216797
1.6328125,953.1658935546875,27.342247009277344
1.6484375,953.1703491210938,27.35547637939453
1.6640625,953.1614379882812,27.35400390625
1.6796875,953.1727294921875,27.348487854003906
1.6953125,953.1685791015625,27.343345642089844
1.7109375,953.1621704101562,27.344810485839844
1.7265625,953.1759643554688,27.33856201171875
1.7421875,953.1658325195312,27.33819580078125
1.7578125,953.1688232421875,27.332679748535156
1.7734375,953.1717529296875,27.344078063964844
1.7890625,953.1759033203125,27.33673095703125
1.8046875,953.1685791015625,27.326438903808594
1.8203125,953.157470703125,27.32129669189453
1.8359375,953.1611328125,27.33673095703125
1.8515625,953.1447143554688,27.334884643554688
1.8671875,953.1690673828125,27.329376220703125
1.8828125,953.1452026367188,27.342971801757812
1.8984375,953.1375732421875,27.33342742919922
1.9140625,953.1682739257812,27.332321166992188
1.9296875,953.1603393554688,27.327545166015625
1.9453125,953.1467895507812,27.327545166015625
1.9609375,953.138427734375,27.325332641601562
1.9765625,953.1435546875,27.333786010742188
1.9921875,953.1689453125,27.331954956054688
2.0078125,953.171142578125,27.324607849121094
2.0234375,953.1309814453125,27.327545166015625
2.0390625,953.1032104492188,27.331954956054688
2.0546875,953.2285766601562,27.328269958496094
2.0703125,953.2000732421875,27.331222534179688
2.0859375,953.2003173828125,27.325706481933594
2.1015625,953.1710815429688,27.33673095703125
2.1171875,953.1614379882812,27.324607849121094
2.1328125,953.1931762695312,27.331222534179688
2.1484375,953.1925659179688,27.324607849121094
2.1640625,953.1453857421875,27.328643798828125
2.1796875,953.2138671875,27.331222534179688
2.1953125,953.2529296875,27.32276153564453
2.2109375,953.2222290039062,27.324607849121094
2.2265625,953.0216064453125,27.328269958496094
2.2421875,953.1235961914062,27.33599090576172
2.2578125,953.081298828125,27.31835174560547
2.2734375,953.2188110351562,27.326812744140625
2.2890625,953.210693359375,27.331222534179688
2.3046875,953.1638793945312,27.331222534179688
2.3203125,953.1722412109375,27.313941955566406
2.3359375,953.1729736328125,27.32276153564453
2.3515625,953.124267578125,27.31835174560547
2.3671875,953.1859741210938,27.32276153564453
2.3828125,953.19482421875,27.3209228515625
2.3984375,953.181396484375,27.312835693359375
2.4140625,953.1578979492188,27.306594848632812
2.4296875,953.1309204101562,27.30512237548828
2.4453125,953.0985717773438,27.30512237548828
2.4609375,953.1039428710938,27.308067321777344
2.4765625,953.2034301757812,27.30218505859375
2.4921875,953.0845336914062,27.30071258544922
2.5078125,953.2033081054688,27.295570373535156
2.5234375,953.1759033203125,27.30035400390625
2.5390625,953.2235717773438,27.292266845703125
2.5546875,953.1707763671875,27.29924774169922
2.5703125,953.2240600585938,27.296302795410156
2.5859375,953.1712036132812,27.28858184814453
2.6015625,953.15185546875,27.292991638183594
2.6171875,953.0932006835938,27.29998016357422
2.6328125,953.1356811523438,27.28748321533203
2.6484375,953.1781005859375,27.290428161621094
2.6640625,953.1729736328125,27.30365753173828
2.6796875,953.1868286132812,27.304763793945312
2.6953125,953.1953735351562,27.293365478515625
2.7109375,953.0896606445312,27.2845458984375
2.7265625,953.1323852539062,27.28307342529297
2.7421875,953.0126953125,27.289329528808594
2.7578125,953.070068359375,27.296676635742188
2.7734375,953.1712036132812,27.291160583496094
2.7890625,953.1777954101562,27.287124633789062
2.8046875,953.1912231445312,27.289329528808594
2.8203125,953.1961669921875,27.290054321289062
2.8359375,953.1974487304688,27.28271484375
2.8515625,953.1907348632812,27.276458740234375
2.8671875,953.190185546875,27.292991638183594
2.8828125,953.1947631835938,27.295570373535156
2.8984375,953.1962280273438,27.293365478515625
2.9140625,953.196044921875,27.28748321533203
2.9296875,953.1936645507812,27.30365753173828
2.9453125,953.2006225585938,27.292991638183594
2.9609375,953.1953735351562,27.29814910888672
2.9765625,953.1689453125,27.276100158691406
2.9921875,953.1936645507812,27.28675079345703
3.0078125,953.1947631835938,27.28748321533203
3.0234375,953.1912231445312,27.299606323242188
3.0390625,953.196044921875,27.2845458984375
3.0546875,953.1712036132812,27.280868530273438
3.0703125,953.1708374023438,27.290428161621094
3.0859375,953.1622314453125,27.288223266601562
3.1015625,953.1619873046875,27.293739318847656
3.1171875,953.1708984375,27.289329528808594
3.1328125,953.1693725585938,27.299606323242188
3.1484375,953.1661987304688,27.286376953125
3.1640625,953.1773071289062,27.2838134765625
3.1796875,953.134033203125,27.290428161621094
3.1953125,953.1688232421875,27.278663635253906
3.2109375,953.1939697265625,27.277198791503906
3.2265625,953.1292724609375,27.278663635253906
3.2421875,953.1509399414062,27.286376953125
3.2578125,953.1559448242188,27.294097900390625
3.2734375,953.1231079101562,27.28675079345703
3.2890625,953.1474609375,27.275726318359375
3.3046875,953.1332397460938,27.28417205810547
3.3203125,953.1131591796875,27.271690368652344
3.3359375,953.1197509765625,27.28417205810547
3.3515625,953.1000366210938,27.273521423339844
3.3671875,953.1025390625,27.276824951171875
3.3828125,953.1758422851562,27.246688842773438
3.3984375,953.123779296875,27.227951049804688
3.4140625,953.0711669921875,27.23200225830078
3.4296875,953.09375,27.22759246826172
3.4453125,953.1732788085938,27.225013732910156
3.4609375,953.0391845703125,27.22979736328125
3.4765625,953.0283203125,27.221710205078125
3.4921875,953.1267700195312,27.21692657470703
3.5078125,953.126220703125,27.224281311035156
3.5234375,953.1878662109375,27.223182678222656
3.5390625,953.2034301757812,27.228317260742188
3.5546875,953.203857421875,27.223907470703125
3.5703125,953.2112426757812,27.234939575195312
3.5859375,953.2015380859375,27.225013732910156
3.6015625,953.1909790039062,27.23089599609375
3.6171875,953.2125854492188,27.229049682617188
3.6328125,953.1932373046875,27.228317260742188
3.6484375,953.2169799804688,27.2158203125
3.6640625,953.2139892578125,27.21692657470703
3.6796875,953.1937866210938,27.205543518066406
3.6953125,953.1866455078125,27.220977783203125
3.7109375,953.2080078125,27.21692657470703
3.7265625,953.1950073242188,27.23272705078125
3.7421875,953.2120971679688,27.224639892578125
3.7578125,953.18505859375,27.21692657470703
3.7734375,953.1871948242188,27.22759246826172
3.7890625,953.177490234375,27.23015594482422
3.8046875,953.1891479492188,27.23272705078125
3.8203125,953.1935424804688,27.219871520996094
3.8359375,953.1923217773438,27.23015594482422
3.8515625,953.1891479492188,27.21361541748047
3.8671875,953.1641845703125,27.219871520996094
3.8828125,953.1583251953125,27.21692657470703
3.8984375,953.163330078125,27.20995330810547
3.9140625,953.1637573242188,27.218772888183594
3.9296875,953.1826171875,27.218772888183594
3.9453125,953.1820068359375,27.205543518066406
3.9609375,953.1818237304688,27.207000732421875
3.9765625,953.1802368164062,27.208106994628906
3.9921875,953.1820678710938,27.21178436279297
4.0078125,953.1639404296875,27.218772888183594
4.0234375,953.1658935546875,27.210311889648438
4.0390625,953.1573486328125,27.224281311035156
4.0546875,953.1795654296875,27.220977783203125
4.0703125,953.1637573242188,27.21802520751953
4.0859375,953.1878662109375,27.225746154785156
4.1015625,953.1463012695312,27.219871520996094
4.1171875,953.1409301757812,27.22979736328125
4.1328125,953.1509399414062,27.234939575195312
4.1484375,953.1465454101562,27.21692657470703
4.1640625,953.1495971679688,27.234939575195312
4.1796875,953.1203002929688,27.219497680664062
4.1953125,953.1271362304688,27.21802520751953
4.2109375,953.1007080078125,27.220230102539062
4.2265625,953.1392211914062,27.211410522460938
4.2421875,953.0928955078125,27.218772888183594
4.2578125,953.1658935546875,27.19855499267578
4.2734375,953.1597290039062,27.209205627441406
4.2890625,953.1350708007812,27.221710205078125
4.3046875,953.1710205078125,27.219497680664062
4.3203125,953.1468505859375,27.218772888183594
4.3359375,953.1329956054688,27.2158203125
4.3515625,953.0914916992188,27.210311889648438
4.3671875,953.102294921875,27.21619415283203
4.3828125,953.1261596679688,27.205543518066406
4.3984375,953.119140625,27.218772888183594
4.4140625,953.1311645507812,27.217666625976562
4.4296875,953.16162109375,27.21178436279297
4.4453125,953.1304321289062,27.219497680664062
4.4609375,953.1234741210938,27.218772888183594
4.4765625,953.12109375,27.202964782714844
4.4921875,953.1482543945312,27.218772888183594
4.5078125,953.12646484375,27.2139892578125
4.5234375,953.1582641601562,27.21692657470703
4.5390625,953.072998046875,27.205543518066406
4.5546875,953.1477661132812,27.21802520751953
4.5703125,953.1126098632812,27.208480834960938
4.5859375,953.0968017578125,27.228317260742188
4.6015625,953.1058349609375,27.21178436279297
4.6171875,953.1842651367188,27.21692657470703
4.6328125,953.1268310546875,27.205543518066406
4.6484375,953.088623046875,27.19525146484375
4.6640625,953.146240234375,27.212890625
4.6796875,953.1485595703125,27.19855499267578
4.6953125,953.1692504882812,27.203697204589844
4.7109375,953.1248779296875,27.210311889648438
4.7265625,953.1172485351562,27.198928833007812
4.7421875,953.1233520507812,27.219497680664062
4.7578125,953.124755859375,27.207000732421875
4.7734375,953.0864868164062,27.2158203125
4.7890625,953.1016235351562,27.198928833007812
4.8046875,953.1011352539062,27.203697204589844
4.8203125,953.0830078125,27.210678100585938
4.8359375,953.2147216796875,27.207374572753906
4.8515625,953.079345703125,27.210678100585938
4.8671875,952.9702758789062,27.205543518066406
4.8828125,953.1143798828125,27.210678100585938
4.8984375,953.1859741210938,27.187904357910156
4.9140625,953.19091796875,27.19561767578125
4.9296875,953.1934204101562,27.203338623046875
4.9453125,953.2145385742188,27.19928741455078
4.9609375,953.2075805664062,27.19928741455078
4.9765625,953.2075805664062,27.21692657470703
4.9921875,953.2028198242188,27.210678100585938
5.0078125,953.1954956054688,27.208480834960938
5.0234375,953.2145385742188,27.204071044921875
5.0390625,953.2015380859375,27.203338623046875
5.0546875,953.182861328125,27.201133728027344
5.0703125,953.1869506835938,27.209205627441406
5.0859375,953.1864624023438,27.207748413085938
5.1015625,953.1857299804688,27.210678100585938
5.1171875,953.1847534179688,27.203697204589844
5.1328125,953.1864624023438,27.19672393798828
5.1484375,953.1810913085938,27.21105194091797
5.1640625,953.1770629882812,27.205543518066406
5.1796875,953.1908569335938,27.212890625
5.1953125,953.173095703125,27.208847045898438
5.2109375,953.1900634765625,27.203697204589844
5.2265625,953.1721801757812,27.2132568359375
5.2421875,953.186279296875,27.210311889648438
5.2578125,953.1883544921875,27.204795837402344
5.2734375,953.1585693359375,27.221336364746094
5.2890625,953.1649169921875,27.207000732421875
5.3046875,953.1665649414062,27.19928741455078
5.3203125,953.1788940429688,27.20038604736328
5.3359375,953.1826171875,27.20995330810547
5.3515625,953.1870727539062,27.203697204589844
5.3671875,953.1697387695312,27.217666625976562
5.3828125,953.1878662109375,27.21802520751953
5.3984375,953.1567993164062,27.205543518066406
5.4140625,953.1866455078125,27.207374572753906
5.4296875,953.1815185546875,27.21802520751953
5.4453125,953.1633911132812,27.207748413085938
5.4609375,953.154052734375,27.203697204589844
5.4765625,953.1566162109375,27.218772888183594
5.4921875,953.1777954101562,27.204071044921875
5.5078125,953.1064453125,27.205543518066406
5.5234375,953.1233520507812,27.203697204589844
5.5390625,953.1279296875,27.202964782714844
5.5546875,953.129638671875,27.219497680664062
5.5703125,953.1401977539062,27.219497680664062
5.5859375,953.1611328125,27.21546173095703
5.6015625,953.0723266601562,27.207374572753906
5.6171875,953.164794921875,27.21692657470703
5.6328125,953.0814819335938,27.21692657470703
5.6484375,953.0922241210938,27.204795837402344
5.6640625,953.0330200195312,27.202232360839844
5.6796875,953.148193359375,27.212158203125
5.6953125,953.0863037109375,27.218772888183594
5.7109375,953.162841796875,27.19744873046875
5.7265625,953.0484008789062,27.208847045898438
5.7421875,953.0005493164062,27.203697204589844
5.7578125,953.0621948242188,27.201133728027344
5.7734375,953.099609375,27.202964782714844
5.7890625,953.0806884765625,27.218772888183594
5.8046875,953.0994873046875,27.209205627441406
5.8203125,953.1458129882812,27.204795837402344
5.8359375,953.1017456054688,27.205543518066406
5.8515625,953.0820922851562,27.207000732421875
5.8671875,953.1157836914062,27.203697204589844
5.8828125,953.1231079101562,27.198928833007812
5.8984375,953.0252075195312,27.19451904296875
5.9140625,953.1198120117188,27.202232360839844
5.9296875,953.0441284179688,27.187530517578125
5.9453125,953.06591796875,27.184593200683594
5.9609375,953.1057739257812,27.203338623046875
5.9765625,953.072265625,27.19672393798828
5.9921875,953.073486328125,27.205543518066406
6.0078125,953.1011352539062,27.191566467285156
6.0234375,953.1284790039062,27.19597625732422
6.0390625,953.079345703125,27.205543518066406
6.0546875,953.1137084960938,27.19561767578125
6.0703125,953.0846557617188,27.187530517578125
6.0859375,953.11669921875,27.187156677246094
6.1015625,953.1173095703125,27.19561767578125
6.1171875,953.1611328125,27.18164825439453
6.1328125,953.1448974609375,27.19928741455078
6.1484375,953.1334838867188,27.189735412597656
6.1640625,953.1785888671875,27.185699462890625
6.1796875,953.1494140625,27.206268310546875
6.1953125,953.1693725585938,27.19231414794922
6.2109375,953.1239013671875,27.19487762451172
6.2265625,953.1773071289062,27.19855499267578
6.2421875,953.2057495117188,27.19414520263672
6.2578125,953.20654296875,27.19672393798828
6.2734375,953.1984252929688,27.19928741455078
6.2890625,953.2105102539062,27.19561767578125
6.3046875,953.2072143554688,27.198928833007812
6.3203125,953.211669921875,27.209205627441406
6.3359375,953.2151489257812,27.19672393798828
6.3515625,953.2151489257812,27.21105194091797
6.3671875,953.21484375,27.19708251953125
6.3828125,953.2056274414062,27.210678100585938
6.3984375,953.2069091796875,27.19341278076172
6.4140625,953.2093505859375,27.19672393798828
6.4296875,953.2020263671875,27.205543518066406
6.4453125,953.1836547851562,27.21361541748047
6.4609375,953.188720703125,27.217666625976562
6.4765625,953.1951293945312,27.209205627441406
6.4921875,953.1846923828125,27.210678100585938
6.5078125,953.190185546875,27.204795837402344
6.5234375,953.18310546875,27.207374572753906
6.5390625,953.1785888671875,27.200027465820312
6.5546875,953.1861572265625,27.207000732421875
6.5703125,953.1856689453125,27.21178436279297
6.5859375,953.1669311523438,27.190467834472656
6.6015625,953.16552734375,27.207000732421875
6.6171875,953.156982421875,27.19928741455078
6.6328125,953.1860961914062,27.203697204589844
6.6484375,953.166748046875,27.19782257080078
6.6640625,953.1626586914062,27.191566467285156
6.6796875,953.185302734375,27.19341278076172
6.6953125,953.1658325195312,27.19672393798828
6.7109375,953.1691284179688,27.20038604736328
6.7265625,953.1862182617188,27.19928741455078
6.7421875,953.1615600585938,27.21251678466797
6.7578125,953.1873779296875,27.207000732421875
6.7734375,953.1622924804688,27.19855499267578
6.7890625,953.1663208007812,27.207374572753906
6.8046875,953.1869506835938,27.19487762451172
6.8203125,953.1622924804688,27.207000732421875
6.8359375,953.1622924804688,27.202964782714844
6.8515625,953.1630859375,27.19672393798828
6.8671875,953.1846923828125,27.204795837402344
6.8828125,953.1585693359375,27.202590942382812
6.8984375,953.1541137695312,27.202964782714844
6.9140625,953.1421508789062,27.19597625732422
6.9296875,953.1158447265625,27.204795837402344
6.9453125,953.1328735351562,27.193038940429688
6.9609375,953.0988159179688,27.19672393798828
6.9765625,953.0316162109375,27.20995330810547
6.9921875,953.0836791992188,27.19928741455078
7.0078125,953.0706787109375,27.201133728027344
7.0234375,953.138427734375,27.193771362304688
7.0390625,953.0874633789062,27.19414520263672
7.0546875,953.0965576171875,27.19708251953125
7.0703125,953.110595703125,27.21436309814453
7.0859375,953.0787963867188,27.189361572265625
7.1015625,953.0972290039062,27.199661254882812
7.1171875,953.0606079101562,27.193771362304688
7.1328125,953.0438842773438,27.19672393798828
7.1484375,953.1165161132812,27.204437255859375
7.1640625,953.0491333007812,27.21251678466797
7.1796875,953.1240234375,27.207000732421875
7.1953125,953.1300048828125,27.21692657470703
7.2109375,953.0611572265625,27.199661254882812
7.2265625,953.1610107421875,27.204795837402344
7.2421875,953.0765991210938,27.202964782714844
7.2578125,953.1805419921875,27.201492309570312
7.2734375,953.0787353515625,27.190109252929688
7.2890625,953.1163940429688,27.192672729492188
7.3046875,953.1071166992188,27.21802520751953
7.3203125,953.1083984375,27.19782257080078
7.3359375,953.04248046875,27.19487762451172
7.3515625,953.026123046875,27.19744873046875
7.3671875,953.1303100585938,27.203338623046875
7.3828125,953.0955810546875,27.19451904296875
7.3984375,953.0923461914062,27.202964782714844
7.4140625,953.1033325195312,27.202232360839844
7.4296875,953.1056518554688,27.21692657470703
7.4453125,953.1256103515625,27.210678100585938
7.4609375,953.1160888671875,27.20038604736328
7.4765625,953.0875854492188,27.218772888183594
7.4921875,953.1102905273438,27.219497680664062
7.5078125,953.1253662109375,27.19928741455078
7.5234375,953.1399536132812,27.21546173095703
7.5390625,953.1583862304688,27.21361541748047
7.5546875,953.1552734375,27.204795837402344
7.5703125,953.1502075195312,27.21546173095703
7.5859375,953.1566162109375,27.212158203125
7.6015625,953.1060791015625,27.219497680664062
7.6171875,953.1110229492188,27.212158203125
7.6328125,953.1598510742188,27.219871520996094
7.6484375,953.1875610351562,27.23456573486328
7.6640625,953.2660522460938,27.223907470703125
7.6796875,953.2279663085938,27.225013732910156
7.6953125,953.2740478515625,27.226119995117188
7.7109375,953.21435546875,27.239349365234375
7.7265625,953.2330322265625,27.238975524902344
7.7421875,953.2366333007812,27.255149841308594
7.7578125,953.2310791015625,27.24706268310547
7.7734375,953.220703125,27.240821838378906
7.7890625,953.2247924804688,27.246688842773438
7.8046875,953.2105102539062,27.242279052734375
7.8203125,953.208251953125,27.25330352783203
7.8359375,953.2034301757812,27.259185791015625
7.8515625,953.2069091796875,27.2510986328125
7.8671875,953.1935424804688,27.243759155273438
7.8828125,953.2017822265625,27.259559631347656
7.8984375,953.1962280273438,27.24964141845703
7.9140625,953.2060546875,27.25147247314453
7.9296875,953.2109985351562,27.24706268310547
7.9453125,953.1920166015625,27.236412048339844
7.9609375,953.1897583007812,27.239349365234375
7.9765625,953.1666870117188,27.240074157714844
7.9921875,953.1619873046875,27.24706268310547
8.0078125,953.1788940429688,27.238975524902344
8.0234375,953.1666870117188,27.24964141845703
8.0390625,953.1911010742188,27.238616943359375
8.0546875,953.1827392578125,27.243759155273438
8.0703125,953.1605834960938,27.23456573486328
8.0859375,953.1661987304688,27.246688842773438
8.1015625,953.1883544921875,27.239715576171875
8.1171875,953.166748046875,27.242652893066406
8.1328125,953.1669921875,27.245956420898438
8.1484375,953.1661987304688,27.256614685058594
8.1640625,953.1714477539062,27.242652893066406
8.1796875,953.1658325195312,27.244857788085938
8.1953125,953.1881713867188,27.243759155273438
8.2109375,953.1605834960938,27.245590209960938
8.2265625,953.1672973632812,27.243759155273438
8.2421875,953.1558227539062,27.244857788085938
8.2578125,953.18701171875,27.244857788085938
8.2734375,953.159423828125,27.24964141845703
8.2890625,953.1689453125,27.2481689453125
8.3046875,953.1555786132812,27.243759155273438
8.3203125,953.1593627929688,27.240447998046875
8.3359375,953.1692504882812,27.240821838378906
8.3515625,953.1943359375,27.24964141845703
8.3671875,953.1593627929688,27.25330352783203
8.3828125,953.1275024414062,27.256614685058594
8.3984375,953.1702880859375,27.24706268310547
8.4140625,953.2021484375,27.239715576171875
8.4296875,953.1870727539062,27.245590209960938
8.4453125,953.21044921875,27.23456573486328
8.4609375,953.2093505859375,27.25330352783203
8.4765625,953.1424560546875,27.236412048339844
8.4921875,953.1568603515625,27.25330352783203
8.5078125,953.1903076171875,27.237510681152344
8.5234375,953.150390625,27.263595581054688
8.5390625,953.2420043945312,27.24706268310547
8.5546875,953.1920166015625,27.256614685058594
8.5703125,953.1876220703125,27.25147247314453
8.5859375,953.2265625,27.24706268310547
8.6015625,953.1489868164062,27.243759155273438
8.6171875,953.2120361328125,27.243759155273438
8.6328125,953.1444091796875,27.26728057861328
8.6484375,953.2191162109375,27.243759155273438
8.6640625,953.2017822265625,27.255882263183594
8.6796875,953.19287109375,27.255149841308594
8.6953125,953.2364501953125,27.255149841308594
8.7109375,953.1664428710938,27.2503662109375
8.7265625,953.2264404296875,27.26837921142578
8.7421875,953.1834106445312,27.259559631347656
8.7578125,953.2620239257812,27.262123107910156
8.7734375,953.2138671875,27.26911163330078
8.7890625,953.189453125,27.26911163330078
8.8046875,953.2413940429688,27.258819580078125
8.8203125,953.2188720703125,27.272789001464844
8.8359375,953.1898193359375,27.277557373046875
8.8515625,953.280517578125,27.2845458984375
8.8671875,953.2340698242188,27.26911163330078
8.8828125,953.2025756835938,27.28675079345703
8.8984375,953.2615966796875,27.291160583496094
8.9140625,953.22802734375,27.292266845703125
8.9296875,953.2000732421875,27.289688110351562
8.9453125,953.2584228515625,27.28491973876953
8.9609375,953.2442016601562,27.293739318847656
8.9765625,953.233642578125,27.293739318847656
8.9921875,953.326904296875,27.2845458984375
9.0078125,953.2442016601562,27.294097900390625
9.0234375,953.2665405273438,27.297042846679688
9.0390625,953.216064453125,27.292633056640625
9.0546875,953.2520751953125,27.30035400390625
9.0703125,953.28271484375,27.306968688964844
9.0859375,953.2093505859375,27.30218505859375
9.1015625,953.2267456054688,27.311378479003906
9.1171875,953.2802124023438,27.296676635742188
9.1328125,953.2154541015625,27.30071258544922
9.1484375,953.2427368164062,27.31578826904297
9.1640625,953.234130859375,27.317245483398438
9.1796875,953.231201171875,27.305862426757812
9.1953125,953.2241821289062,27.32129669189453
9.2109375,953.231689453125,27.308425903320312
9.2265625,953.2316284179688,27.32129669189453
9.2421875,953.229248046875,27.330474853515625
9.2578125,953.2152099609375,27.313209533691406
9.2734375,953.1896362304688,27.326438903808594
9.2890625,953.218505859375,27.325706481933594
9.3046875,953.20703125,27.3216552734375
9.3203125,953.1909790039062,27.328269958496094
9.3359375,953.2132568359375,27.31578826904297
9.3515625,953.2084350585938,27.32129669189453
9.3671875,953.2166748046875,27.3209228515625
9.3828125,953.2017211914062,27.313583374023438
9.3984375,953.1859741210938,27.324607849121094
9.4140625,953.203857421875,27.334884643554688
9.4296875,953.1970825195312,27.325706481933594
9.4453125,953.1962280273438,27.319091796875
9.4609375,953.200927734375,27.313941955566406
9.4765625,953.1986694335938,27.314682006835938
9.4921875,953.1969604492188,27.330474853515625
9.5078125,953.17578125,27.313941955566406
9.5234375,953.2015991210938,27.330474853515625
9.5390625,953.1978759765625,27.307693481445312
9.5546875,953.1998901367188,27.313941955566406
9.5703125,953.1801147460938,27.311378479003906
9.5859375,953.19482421875,27.307327270507812
9.6015625,953.1734008789062,27.31578826904297
9.6171875,953.1976318359375,27.324607849121094
9.6328125,953.1817626953125,27.307693481445312
9.6484375,953.1903076171875,27.32202911376953
9.6640625,953.1815185546875,27.313941955566406
9.6796875,953.1646118164062,27.316146850585938
9.6953125,953.1976318359375,27.315040588378906
9.7109375,953.167724609375,27.29814910888672
9.7265625,953.1791381835938,27.30365753173828
9.7421875,953.1719360351562,27.30365753173828
9.7578125,953.1760864257812,27.30035400390625
9.7734375,953.196044921875,27.290428161621094
9.7890625,953.177734375,27.290428161621094
9.8046875,953.1939086914062,27.30365753173828
9.8203125,953.150390625,27.308425903320312
9.8359375,953.1557006835938,27.29814910888672
9.8515625,953.2424926757812,27.29924774169922
9.8671875,953.20849609375,27.290428161621094
9.8828125,953.2446899414062,27.28307342529297
9.8984375,953.1250610351562,27.294837951660156
9.9140625,953.154296875,27.296302795410156
9.9296875,953.2129516601562,27.287857055664062
9.9453125,953.18115234375,27.291893005371094
9.9609375,953.2813110351562,27.2838134765625
9.9765625,953.2410888671875,27.287124633789062
9.9921875,953.2521362304688,27.297042846679688
10.0078125,953.2381591796875,27.290054321289062
10.0234375,953.2135620117188,27.294837951660156
10.0390625,953.2391967773438,27.30108642578125
10.0546875,953.21826171875,27.30145263671875
10.0703125,953.2840576171875,27.294837951660156
10.0859375,953.3473510742188,27.311378479003906
10.1015625,953.2389526367188,27.297775268554688
10.1171875,953.2592163085938,27.298873901367188
10.1328125,953.232421875,27.308425903320312
10.1484375,953.2525634765625,27.304763793945312
10.1640625,953.25390625,27.295570373535156
10.1796875,953.2218627929688,27.30438995361328
10.1953125,953.2269287109375,27.308799743652344
10.2109375,953.2286376953125,27.29924774169922
10.2265625,953.2933349609375,27.30365753173828
10.2421875,953.3195190429688,27.294837951660156
10.2578125,953.2493286132812,27.294837951660156
10.2734375,953.2846069335938,27.304763793945312
10.2890625,953.2772216796875,27.30218505859375
10.3046875,953.2609252929688,27.311378479003906
10.3203125,953.3358154296875,27.311737060546875
10.3359375,953.2933959960938,27.306594848632812
10.3515625,953.2797241210938,27.310630798339844
10.3671875,953.2736206054688,27.327545166015625
10.3828125,953.2764892578125,27.32276153564453
10.3984375,953.2742919921875,27.324607849121094
10.4140625,953.2415161132812,27.31835174560547
10.4296875,953.2564697265625,27.32019805908203
10.4453125,953.3313598632812,27.313941955566406
10.4609375,953.2548217773438,27.32129669189453
10.4765625,953.2191162109375,27.32129669189453
10.4921875,953.3003540039062,27.331222534179688
10.5078125,953.1728515625,27.3209228515625
10.5234375,953.1873168945312,27.324607849121094
10.5390625,953.1214599609375,27.324607849121094
10.5546875,953.2481689453125,27.31835174560547
10.5703125,953.254638671875,27.330116271972656
10.5859375,953.2349853515625,27.356201171875
10.6015625,953.251220703125,27.341873168945312
10.6171875,953.2258911132812,27.344078063964844
10.6328125,953.229736328125,27.331222534179688
10.6484375,953.220703125,27.328643798828125
10.6640625,953.2269287109375,27.349220275878906
10.6796875,953.235595703125,27.345550537109375
10.6953125,953.2280883789062,27.342247009277344
10.7109375,953.2152099609375,27.35547637939453
10.7265625,953.216552734375,27.35106658935547
10.7421875,953.2213745117188,27.350318908691406
10.7578125,953.2196044921875,27.345909118652344
10.7734375,953.2017822265625,27.35216522216797
10.7890625,953.1976318359375,27.33856201171875
10.8046875,953.2088623046875,27.344810485839844
10.8203125,953.21240234375,27.345550537109375
10.8359375,953.2017822265625,27.35216522216797
10.8515625,953.2161254882812,27.350318908691406
10.8671875,953.2160034179688,27.346656799316406
10.8828125,953.215576171875,27.35400390625
10.8984375,953.2056274414062,27.33856201171875
10.9140625,953.2040405273438,27.35216522216797
10.9296875,953.2012329101562,27.33966827392578
10.9453125,953.2006225585938,27.341873168945312
10.9609375,953.1672973632812,27.332679748535156
10.9765625,953.1993408203125,27.341140747070312
10.9921875,953.167236328125,27.341873168945312
11.0078125,953.1703491210938,27.340042114257812
11.0234375,953.1671752929688,27.326438903808594
11.0390625,953.1741943359375,27.33673095703125
11.0546875,953.1697998046875,27.329376220703125
11.0703125,953.1744995117188,27.340042114257812
11.0859375,953.1905517578125,27.329742431640625
11.1015625,953.1792602539062,27.329742431640625
11.1171875,953.1936645507812,27.330474853515625
11.1328125,953.1619873046875,27.32386016845703
11.1484375,953.1632080078125,27.334884643554688
11.1640625,953.169677734375,27.330474853515625
11.1796875,953.1566772460938,27.334884643554688
11.1953125,953.1642456054688,27.313941955566406
11.2109375,953.1729736328125,27.313941955566406
11.2265625,953.2015991210938,27.309532165527344
11.2421875,953.1390380859375,27.3209228515625
11.2578125,953.1334838867188,27.331222534179688
11.2734375,953.1669311523438,27.311004638671875
11.2890625,953.1588745117188,27.31578826904297
11.3046875,953.143310546875,27.313941955566406
11.3203125,953.2321166992188,27.313941955566406
11.3359375,953.2649536132812,27.31945037841797
11.3515625,953.190185546875,27.312103271484375
11.3671875,953.1948852539062,27.30512237548828
11.3828125,953.204345703125,27.308067321777344
11.3984375,953.2332763671875,27.313941955566406
11.4140625,953.2315673828125,27.30255889892578
11.4296875,953.221435546875,27.307693481445312
11.4453125,953.24169921875,27.312103271484375
11.4609375,953.2266235351562,27.312103271484375
11.4765625,953.243896484375,27.329742431640625
11.4921875,953.2109375,27.313941955566406
11.5078125,953.2500610351562,27.330474853515625
11.5234375,953.1996459960938,27.308799743652344
11.5390625,953.2244262695312,27.313941955566406
11.5546875,953.1981201171875,27.313941955566406
11.5703125,953.2369384765625,27.31761932373047
11.5859375,953.205078125,27.316513061523438
11.6015625,953.2162475585938,27.313941955566406
11.6171875,953.2489013671875,27.313941955566406
11.6328125,953.2464599609375,27.324607849121094
11.6484375,953.2278442382812,27.329742431640625
11.6640625,953.2235107421875,27.331222534179688
11.6796875,953.294189453125,27.32019805908203
11.6953125,953.2775268554688,27.328269958496094
11.7109375,953.25390625,27.325706481933594
11.7265625,953.26318359375,27.32202911376953
11.7421875,953.2406616210938,27.333053588867188
11.7578125,953.2734375,27.327545166015625
11.7734375,953.25732421875,27.331954956054688
11.7890625,953.2171630859375,27.333786010742188
11.8046875,953.2735595703125,27.327545166015625
11.8203125,953.3004760742188,27.34040069580078
11.8359375,953.2359008789062,27.33856201171875
11.8515625,953.30029296875,27.346282958984375
11.8671875,953.287841796875,27.348487854003906
11.8828125,953.2073974609375,27.35730743408203
11.8984375,953.1455078125,27.3543701171875
11.9140625,953.233154296875,27.345550537109375
11.9296875,953.1724853515625,27.35400390625
11.9453125,953.2330932617188,27.360610961914062
11.9609375,953.2421875,27.35693359375
11.9765625,953.1168823242188,27.35400390625
11.9921875,953.071044921875,27.3558349609375
12.0078125,953.1072387695312,27.360610961914062
12.0234375,953.1118774414062,27.35803985595703
12.0390625,953.2125854492188,27.363922119140625
12.0546875,953.2269287109375,27.35400390625
12.0703125,953.2174682617188,27.365394592285156
12.0859375,953.22412109375,27.367233276367188
12.1015625,953.2158203125,27.364654541015625
12.1171875,953.2197265625,27.37677764892578
12.1328125,953.2252197265625,27.365020751953125
12.1484375,953.225830078125,27.35400390625
12.1640625,953.2085571289062,27.383392333984375
12.1796875,953.2115478515625,27.37421417236328
12.1953125,953.21240234375,27.37421417236328
12.2109375,953.2232055664062,27.380088806152344
12.2265625,953.21484375,27.37236785888672
12.2421875,953.20263671875,27.37494659423828
12.2578125,953.1998901367188,27.377151489257812
12.2734375,953.1983642578125,27.37126922607422
12.2890625,953.1978149414062,27.378623962402344
12.3046875,953.198486328125,27.377151489257812
12.3203125,953.2036743164062,27.364654541015625
12.3359375,953.2012939453125,27.37494659423828
12.3515625,953.1837768554688,27.37421417236328
12.3671875,953.2009887695312,27.365394592285156
12.3828125,953.2013549804688,27.37421417236328
12.3984375,953.1860961914062,27.387069702148438
12.4140625,953.2010498046875,27.368331909179688
12.4296875,953.2028198242188,27.37053680419922
12.4453125,953.1797485351562,27.37494659423828
12.4609375,953.1754760742188,27.36980438232422
12.4765625,953.2029418945312,27.360610961914062
12.4921875,953.1996459960938,27.360610961914062
12.5078125,953.1775512695312,27.35730743408203
12.5234375,953.171875,27.37421417236328
12.5390625,953.1788940429688,27.364654541015625
12.5546875,953.1779174804688,27.360610961914062
12.5703125,953.1775512695312,27.367233276367188
12.5859375,953.1697998046875,27.35400390625
12.6015625,953.1768798828125,27.350318908691406
12.6171875,953.190185546875,27.35400390625
12.6328125,953.1768798828125,27.343704223632812
12.6484375,953.1675415039062,27.35400390625
12.6640625,953.1768798828125,27.344810485839844
12.6796875,953.1807861328125,27.333786010742188
12.6953125,953.1749267578125,27.33856201171875
12.7109375,953.1914672851562,27.342971801757812
12.7265625,953.1220092773438,27.344451904296875
12.7421875,953.15625,27.34040069580078
12.7578125,953.1707763671875,27.341873168945312
12.7734375,953.1463623046875,27.348487854003906
12.7890625,953.177490234375,27.350318908691406
12.8046875,953.1502075195312,27.325332641601562
12.8203125,953.2510986328125,27.333053588867188
12.8359375,953.1640625,27.333786010742188
12.8515625,953.2496948242188,27.329376220703125
12.8671875,953.1565551757812,27.33563232421875
12.8828125,953.2180786132812,27.345550537109375
12.8984375,953.165283203125,27.331954956054688
12.9140625,953.176513671875,27.341873168945312
12.9296875,953.1314697265625,27.331222534179688
12.9453125,953.1956176757812,27.328269958496094
12.9609375,953.2037353515625,27.32019805908203
12.9765625,953.2285766601562,27.313583374023438
12.9921875,953.2152709960938,27.33966827392578
13.0078125,953.2501831054688,27.330474853515625
13.0234375,953.1583862304688,27.332321166992188
13.0390625,953.2692260742188,27.331222534179688
13.0546875,953.2266845703125,27.3209228515625
13.0703125,953.2291870117188,27.330474853515625
13.0859375,953.2456665039062,27.324607849121094
13.1015625,953.2876586914062,27.331222534179688
13.1171875,953.2039794921875,27.309906005859375
13.1328125,953.2579345703125,27.314682006835938
13.1484375,953.2514038085938,27.312103271484375
13.1640625,953.2409057617188,27.313941955566406
13.1796875,953.2512817382812,27.33599090576172
13.1953125,953.2020263671875,27.330474853515625
13.2109375,953.2809448242188,27.327545166015625
13.2265625,953.23583984375,27.324607849121094
13.2421875,953.2319946289062,27.331222534179688
13.2578125,953.197998046875,27.314682006835938
13.2734375,953.2841796875,27.32129669189453
13.2890625,953.2238159179688,27.314682006835938
13.3046875,953.250732421875,27.328269958496094
13.3203125,953.2921752929688,27.316513061523438
13.3359375,953.2348022460938,27.313941955566406
13.3515625,953.2399291992188,27.331222534179688
13.3671875,953.2696533203125,27.327545166015625
13.3828125,953.280029296875,27.3209228515625
13.3984375,953.285888671875,27.323135375976562
13.4140625,953.268798828125,27.312103271484375
13.4296875,953.2928466796875,27.326812744140625
13.4453125,953.27880859375,27.317245483398438
13.4609375,953.239501953125,27.328269958496094
13.4765625,953.2754516601562,27.33783721923828
13.4921875,953.0574951171875,27.33673095703125
13.5078125,953.1381225585938,27.308425903320312
13.5234375,953.1168823242188,27.329742431640625
13.5390625,953.198974609375,27.32386016845703
13.5546875,953.2115478515625,27.331222534179688
13.5703125,953.2243041992188,27.324966430664062
13.5859375,953.2247924804688,27.325332641601562
13.6015625,953.22607421875,27.334884643554688
13.6171875,953.2341918945312,27.313941955566406
13.6328125,953.2153930664062,27.327545166015625
13.6484375,953.2369995117188,27.325706481933594
13.6640625,953.2135620117188,27.324607849121094
13.6796875,953.203857421875,27.331222534179688
13.6953125,953.2015380859375,27.323135375976562
13.7109375,953.1995239257812,27.316513061523438
13.7265625,953.2049560546875,27.330474853515625
13.7421875,953.2098388671875,27.32276153564453
13.7578125,953.2133178710938,27.334884643554688
13.7734375,953.2210693359375,27.334884643554688
13.7890625,953.2145385742188,27.324607849121094
13.8046875,953.200927734375,27.313941955566406
13.8203125,953.2112426757812,27.32129669189453
13.8359375,953.199951171875,27.312103271484375
13.8515625,953.1900634765625,27.324607849121094
13.8671875,953.1996459960938,27.311378479003906
13.8828125,953.19482421875,27.31578826904297
13.8984375,953.1976318359375,27.31578826904297
13.9140625,953.1951904296875,27.312103271484375
13.9296875,953.18115234375,27.313941955566406
13.9453125,953.1646118164062,27.308425903320312
13.9609375,953.1969604492188,27.309532165527344
13.9765625,953.1701049804688,27.307693481445312
13.9921875,953.1968383789062,27.305862426757812
14.0078125,953.1685791015625,27.30218505859375
14.0234375,953.1974487304688,27.310272216796875
14.0390625,953.1803588867188,27.315040588378906
14.0546875,953.1646728515625,27.32202911376953
14.0703125,953.1707763671875,27.307693481445312
14.0859375,953.1699829101562,27.30291748046875
14.1015625,953.1729736328125,27.308425903320312
14.1171875,953.1790161132812,27.29924774169922
14.1328125,953.172607421875,27.309532165527344
14.1484375,953.1641235351562,27.296302795410156
14.1640625,953.1700439453125,27.308067321777344
14.1796875,953.1723022460938,27.296676635742188
14.1953125,953.1712036132812,27.30328369140625
14.2109375,953.1754760742188,27.305496215820312
14.2265625,953.1763305664062,27.30512237548828
14.2421875,953.129638671875,27.289329528808594
14.2578125,953.1411743164062,27.29998016357422
14.2734375,953.1649780273438,27.30291748046875
14.2890625,953.122802734375,27.30108642578125
14.3046875,953.1608276367188,27.297401428222656
14.3203125,953.1629638671875,27.291160583496094
14.3359375,953.2070922851562,27.288955688476562
14.3515625,953.1728515625,27.291160583496094
14.3671875,953.1826171875,27.30438995361328
14.3828125,953.2377319335938,27.290428161621094
14.3984375,953.2112426757812,27.30145263671875
14.4140625,953.2315673828125,27.293365478515625
14.4296875,953.1930541992188,27.286376953125
14.4453125,953.2252197265625,27.289688110351562
14.4609375,953.1915283203125,27.30035400390625
14.4765625,953.2296142578125,27.293739318847656
14.4921875,953.2163696289062,27.295944213867188
14.5078125,953.282958984375,27.297401428222656
14.5234375,953.231689453125,27.297042846679688
14.5390625,953.2782592773438,27.295944213867188
14.5546875,953.251953125,27.292266845703125
14.5703125,953.2203979492188,27.288955688476562
14.5859375,953.2654418945312,27.29924774169922
14.6015625,953.2431640625,27.2845458984375
14.6171875,953.2578735351562,27.305496215820312
14.6328125,953.3101196289062,27.293739318847656
14.6484375,953.2521362304688,27.28748321533203
14.6640625,953.2330322265625,27.297042846679688
14.6796875,953.284912109375,27.297401428222656
14.6953125,953.23046875,27.292266845703125
14.7109375,953.23828125,27.293365478515625
14.7265625,953.2545776367188,27.297401428222656
14.7421875,953.2352294921875,27.297042846679688
14.7578125,953.2352294921875,27.299606323242188
14.7734375,953.2528076171875,27.30438995361328
14.7890625,953.267578125,27.30218505859375
14.8046875,953.2405395507812,27.30071258544922
14.8203125,953.2559204101562,27.312103271484375
14.8359375,953.243896484375,27.304763793945312
14.8515625,953.2496948242188,27.292633056640625
14.8671875,953.1613159179688,27.30181121826172
14.8828125,953.200439453125,27.290428161621094
14.8984375,953.2734375,27.305862426757812
14.9140625,953.2008666992188,27.313941955566406
14.9296875,953.1663818359375,27.297042846679688
14.9453125,953.1880493164062,27.307693481445312
14.9609375,953.1753540039062,27.308799743652344
14.9765625,953.1658325195312,27.305862426757812
14.9921875,953.2271728515625,27.312103271484375
15.0078125,953.225341796875,27.306968688964844
15.0234375,953.22607421875,27.309532165527344
15.0390625,953.2006225585938,27.312103271484375
15.0546875,953.2289428710938,27.312103271484375
15.0703125,953.2540283203125,27.314682006835938
15.0859375,953.2339477539062,27.324607849121094
15.1015625,953.2386474609375,27.328269958496094
15.1171875,953.2383422851562,27.33783721923828
15.1328125,953.2399291992188,27.342971801757812
15.1484375,953.2254638671875,27.314682006835938
15.1640625,953.2106323242188,27.331222534179688
15.1796875,953.2266845703125,27.328269958496094
15.1953125,953.20068359375,27.322402954101562
15.2109375,953.2054443359375,27.331222534179688
15.2265625,953.21044921875,27.33856201171875
15.2421875,953.2196655273438,27.327545166015625
15.2578125,953.2047729492188,27.33563232421875
15.2734375,953.2020263671875,27.324966430664062
15.2890625,953.21044921875,27.331954956054688
15.3046875,953.1956787109375,27.333786010742188
15.3203125,953.1958618164062,27.33563232421875
15.3359375,953.198974609375,27.33673095703125
15.3515625,953.2074584960938,27.34149932861328
15.3671875,953.196533203125,27.33599090576172
15.3828125,953.2037963867188,27.324607849121094
15.3984375,953.2003173828125,27.331222534179688
15.4140625,953.1937866210938,27.334884643554688
15.4296875,953.1881103515625,27.31835174560547
15.4453125,953.1979370117188,27.329376220703125
15.4609375,953.1936645507812,27.32129669189453
15.4765625,953.1951293945312,27.32129669189453
15.4921875,953.1760864257812,27.32129669189453
15.5078125,953.194580078125,27.331222534179688
15.5234375,953.1943359375,27.32129669189453
15.5390625,953.1683349609375,27.316513061523438
15.5546875,953.1976928710938,27.312103271484375
15.5703125,953.1644287109375,27.312103271484375
15.5859375,953.16748046875,27.307693481445312
15.6015625,953.1735229492188,27.316513061523438
15.6171875,953.196533203125,27.32276153564453
15.6328125,953.1475830078125,27.326812744140625
15.6484375,953.1448974609375,27.313941955566406
15.6640625,953.1424560546875,27.313941955566406
15.6796875,953.1192016601562,27.310630798339844
15.6953125,953.1649169921875,27.312103271484375
15.7109375,953.15966796875,27.308067321777344
15.7265625,953.149658203125,27.309532165527344
15.7421875,953.1246948242188,27.310630798339844
15.7578125,953.1122436523438,27.313941955566406
15.7734375,953.15625,27.316513061523438
15.7890625,953.1953125,27.307693481445312
15.8046875,953.1119384765625,27.312835693359375
15.8203125,953.1727905273438,27.311378479003906
15.8359375,953.0591430664062,27.31578826904297
15.8515625,953.1450805664062,27.32202911376953
15.8671875,953.17138671875,27.330474853515625
15.8828125,953.17578125,27.3209228515625
15.8984375,953.1119995117188,27.328269958496094
15.9140625,953.1677856445312,27.307693481445312
15.9296875,953.224365234375,27.308425903320312
15.9453125,953.2124633789062,27.32129669189453
15.9609375,953.1694946289062,27.313941955566406
15.9765625,953.0928955078125,27.319091796875
15.9921875,953.1817626953125,27.329376220703125
16.0078125,953.1290283203125,27.32129669189453
16.0234375,953.1904296875,27.32019805908203
16.0390625,953.1658325195312,27.314682006835938
16.0546875,953.2005004882812,27.331222534179688
16.0703125,953.16748046875,27.324607849121094
16.0859375,953.2026977539062,27.328269958496094
16.1015625,953.2054443359375,27.316513061523438
16.1171875,953.1649169921875,27.334884643554688
16.1328125,953.1900024414062,27.333053588867188
16.1484375,953.221435546875,27.333786010742188
16.1640625,953.2191772460938,27.343704223632812
16.1796875,953.1908569335938,27.340042114257812
16.1953125,953.1653442382812,27.324607849121094
16.2109375,953.1573486328125,27.33819580078125
16.2265625,953.1586303710938,27.330848693847656
16.2421875,953.1950073242188,27.333786010742188
16.2578125,953.1612548828125,27.341873168945312
16.2734375,953.219970703125,27.344810485839844
16.2890625,953.1724243164062,27.33856201171875
16.3046875,953.1192016601562,27.350318908691406
16.3203125,953.2279663085938,27.343704223632812
16.3359375,953.2028198242188,27.360610961914062
16.3515625,953.1441040039062,27.35216522216797
16.3671875,953.1778564453125,27.359886169433594
16.3828125,953.1219482421875,27.35106658935547
16.3984375,953.1587524414062,27.35289764404297
16.4140625,953.2090454101562,27.35216522216797
16.4296875,953.2388916015625,27.37311553955078
16.4453125,953.2368774414062,27.367233276367188
16.4609375,953.23974609375,27.37421417236328
16.4765625,953.2308959960938,27.368331909179688
16.4921875,953.2225341796875,27.366859436035156
16.5078125,953.219970703125,27.364295959472656
16.5234375,953.2305297851562,27.362823486328125
16.5390625,953.21484375,27.35730743408203
16.5546875,953.216064453125,27.363548278808594
16.5703125,953.2262573242188,27.358779907226562
16.5859375,953.224609375,27.383392333984375
16.6015625,953.2389526367188,27.385238647460938
16.6171875,953.2122192382812,27.37421417236328
16.6328125,953.20458984375,27.37311553955078
16.6484375,953.2057495117188,27.366500854492188
16.6640625,953.1889038085938,27.384140014648438
16.6796875,953.2008666992188,27.367233276367188
16.6953125,953.2122192382812,27.37494659423828
16.7109375,953.2118530273438,27.367233276367188
16.7265625,953.21044921875,27.363189697265625
16.7421875,953.201171875,27.37421417236328
16.7578125,953.2076416015625,27.378982543945312
16.7734375,953.205078125,27.39111328125
16.7890625,953.214111328125,27.360610961914062
16.8046875,953.1829223632812,27.360610961914062
16.8203125,953.200927734375,27.36870574951172
16.8359375,953.2040405273438,27.367233276367188
16.8515625,953.2015380859375,27.37421417236328
16.8671875,953.2034301757812,27.3551025390625
16.8828125,953.187255859375,27.36980438232422
16.8984375,953.1976318359375,27.37494659423828
16.9140625,953.1801147460938,27.360244750976562
16.9296875,953.2008666992188,27.35730743408203
16.9453125,953.171875,27.362823486328125
16.9609375,953.2052612304688,27.35400390625
16.9765625,953.180419921875,27.359512329101562
16.9921875,953.1721801757812,27.360610961914062
17.0078125,953.1787109375,27.360610961914062
17.0234375,953.2020874023438,27.35400390625
17.0390625,953.1475830078125,27.35400390625
17.0546875,953.1685180664062,27.347015380859375
17.0703125,953.1642456054688,27.35400390625
17.0859375,953.1702880859375,27.344810485839844
17.1015625,953.1682739257812,27.359886169433594
17.1171875,953.1619262695312,27.35400390625
17.1328125,953.1594848632812,27.345550537109375
17.1484375,953.2130737304688,27.345184326171875
17.1640625,953.1742553710938,27.348487854003906
17.1796875,953.2474975585938,27.35216522216797
17.1953125,953.146240234375,27.345184326171875
17.2109375,953.180908203125,27.342247009277344
17.2265625,953.2068481445312,27.35289764404297
17.2421875,953.1905517578125,27.35216522216797
17.2578125,953.2197265625,27.341873168945312
17.2734375,953.1284790039062,27.33563232421875
17.2890625,953.190673828125,27.341873168945312
17.3046875,953.125,27.340042114257812
17.3203125,953.1964721679688,27.341873168945312
17.3359375,953.1554565429688,27.356201171875
17.3515625,953.2620239257812,27.341873168945312
17.3671875,953.219970703125,27.346656799316406
17.3828125,953.1946411132812,27.332679748535156
17.3984375,953.1766357421875,27.345184326171875
17.4140625,953.2149047851562,27.35547637939453
17.4296875,953.2374877929688,27.353271484375
17.4453125,953.1649169921875,27.341873168945312
17.4609375,953.1823120117188,27.348861694335938
17.4765625,953.169189453125,27.33783721923828
17.4921875,953.2350463867188,27.34040069580078
17.5078125,953.2459716796875,27.349960327148438
17.5234375,953.2147216796875,27.346282958984375
17.5390625,953.1689453125,27.33563232421875
17.5546875,953.2235107421875,27.350318908691406
17.5703125,953.2052001953125,27.33563232421875
17.5859375,953.2271118164062,27.324607849121094
17.6015625,953.2015380859375,27.328269958496094
17.6171875,953.1953125,27.333786010742188
17.6328125,953.2035522460938,27.341140747070312
17.6484375,953.2282104492188,27.340042114257812
17.6640625,953.159423828125,27.33856201171875
17.6796875,953.2064819335938,27.33673095703125
17.6953125,953.1392822265625,27.332679748535156
17.7109375,953.0714111328125,27.344078063964844
17.7265625,953.053955078125,27.342971801757812
17.7421875,953.0783081054688,27.325706481933594
17.7578125,953.1436767578125,27.331222534179688
17.7734375,953.1376342773438,27.333786010742188
17.7890625,953.1917114257812,27.341873168945312
17.8046875,953.1948852539062,27.33673095703125
17.8203125,953.2385864257812,27.345909118652344
17.8359375,953.2388305664062,27.332679748535156
17.8515625,953.2274169921875,27.345550537109375
17.8671875,953.23828125,27.33856201171875
17.8828125,953.2333374023438,27.350318908691406
17.8984375,953.2196044921875,27.348487854003906
17.9140625,953.2241821289062,27.3543701171875
17.9296875,953.217529296875,27.35400390625
17.9453125,953.239013671875,27.35400390625
17.9609375,953.2300415039062,27.348114013671875
17.9765625,953.2218017578125,27.350318908691406
17.9921875,953.2255249023438,27.346656799316406
18.0078125,953.2191772460938,27.33856201171875
18.0234375,953.202880859375,27.343704223632812
18.0390625,953.2135009765625,27.34040069580078
18.0546875,953.2198486328125,27.346656799316406
18.0703125,953.1970825195312,27.342247009277344
18.0859375,953.1995849609375,27.35216522216797
18.1015625,953.2161254882812,27.360984802246094
18.1171875,953.2014770507812,27.346656799316406
18.1328125,953.20068359375,27.33783721923828
18.1484375,953.2075805664062,27.33563232421875
18.1640625,953.2037963867188,27.345550537109375
18.1796875,953.197021484375,27.332679748535156
18.1953125,953.19873046875,27.344078063964844
18.2109375,953.2201538085938,27.325706481933594
18.2265625,953.1854248046875,27.342971801757812
18.2421875,953.1979370117188,27.345550537109375
18.2578125,953.194580078125,27.331222534179688
18.2734375,953.1937866210938,27.331222534179688
18.2890625,953.2069091796875,27.325332641601562
18.3046875,953.1925659179688,27.328643798828125
18.3203125,953.2138671875,27.331222534179688
18.3359375,953.19677734375,27.332679748535156
18.3515625,953.2023315429688,27.333786010742188
18.3671875,953.1982421875,27.31835174560547
18.3828125,953.1925659179688,27.32129669189453
18.3984375,953.1814575195312,27.328643798828125
18.4140625,953.1970825195312,27.331222534179688
18.4296875,953.1746826171875,27.331954956054688
18.4453125,953.1652221679688,27.313941955566406
18.4609375,953.1932373046875,27.328269958496094
18.4765625,953.1253662109375,27.32129669189453
18.4921875,953.1365966796875,27.331222534179688
18.5078125,953.1817626953125,27.331954956054688
18.5234375,953.1639404296875,27.33783721923828
18.5390625,953.1675415039062,27.325706481933594
18.5546875,953.1956176757812,27.325332641601562
18.5703125,953.1697998046875,27.328269958496094
18.5859375,953.1976928710938,27.33563232421875
18.6015625,953.2211303710938,27.331222534179688
18.6171875,953.238037109375,27.325706481933594
18.6328125,953.1281127929688,27.330116271972656
18.6484375,953.1823120117188,27.33673095703125
18.6640625,953.1901245117188,27.33673095703125
18.6796875,953.1943359375,27.334152221679688
18.6953125,953.2197265625,27.329742431640625
18.7109375,953.1983642578125,27.329742431640625
18.7265625,953.2062377929688,27.325706481933594
18.7421875,953.1693725585938,27.330474853515625
18.7578125,953.2127685546875,27.331954956054688
18.7734375,953.2009887695312,27.326812744140625
18.7890625,953.1658325195312,27.326438903808594
18.8046875,953.1909790039062,27.316513061523438
18.8203125,953.24609375,27.32129669189453
18.8359375,953.1760864257812,27.32386016845703
18.8515625,953.1859130859375,27.31835174560547
18.8671875,953.2374267578125,27.33673095703125
18.8828125,953.2134399414062,27.331222534179688
18.8984375,953.21044921875,27.328269958496094
18.9140625,953.2198486328125,27.327545166015625
18.9296875,953.2041015625,27.33746337890625
18.9453125,953.2075805664062,27.344078063964844
18.9609375,953.2332763671875,27.342971801757812
18.9765625,953.1829223632812,27.325706481933594
18.9921875,953.1716918945312,27.324607849121094
19.0078125,953.14599609375,27.32129669189453
19.0234375,953.2322387695312,27.33673095703125
19.0390625,953.1967163085938,27.341873168945312
19.0546875,953.2218017578125,27.347015380859375
19.0703125,953.2342529296875,27.350318908691406
19.0859375,953.2619018554688,27.331954956054688
19.1015625,953.2380981445312,27.348114013671875
19.1171875,953.1697387695312,27.345550537109375
19.1328125,953.1928100585938,27.350318908691406
19.1484375,953.1688232421875,27.34040069580078
19.1640625,953.1766967773438,27.345550537109375
19.1796875,953.1616821289062,27.3551025390625
19.1953125,953.1704711914062,27.35400390625
19.2109375,953.2431640625,27.35400390625
19.2265625,953.2318725585938,27.356201171875
19.2421875,953.2410888671875,27.37274169921875
19.2578125,953.2372436523438,27.364654541015625
19.2734375,953.2293701171875,27.35803985595703
19.2890625,953.2227172851562,27.35803985595703
19.3046875,953.2042236328125,27.360610961914062
19.3203125,953.2301635742188,27.37311553955078
19.3359375,953.2164916992188,27.37200927734375
19.3515625,953.2271118164062,27.378982543945312
19.3671875,953.2236328125,27.37421417236328
19.3828125,953.219482421875,27.377883911132812
19.3984375,953.2318725585938,27.365394592285156
19.4140625,953.2223510742188,27.366500854492188
19.4296875,953.2199096679688,27.37494659423828
19.4453125,953.2196655273438,27.365394592285156
19.4609375,953.2115478515625,27.36870574951172
19.4765625,953.2059326171875,27.37421417236328
19.4921875,953.2111206054688,27.379730224609375
19.5078125,953.2111206054688,27.37494659423828
19.5234375,953.2095336914062,27.36870574951172
19.5390625,953.2166137695312,27.37053680419922
19.5546875,953.2042236328125,27.367233276367188
19.5703125,953.2224731445312,27.36980438232422
19.5859375,953.1994018554688,27.36980438232422
19.6015625,953.2035522460938,27.362823486328125
19.6171875,953.2064819335938,27.360610961914062
19.6328125,953.203857421875,27.365394592285156
19.6484375,953.2055053710938,27.361717224121094
19.6640625,953.2021484375,27.37236785888672
19.6796875,953.1798706054688,27.366500854492188
19.6953125,953.1954345703125,27.37053680419922
19.7109375,953.20068359375,27.364654541015625
19.7265625,953.188720703125,27.35803985595703
19.7421875,953.2095947265625,27.367233276367188
19.7578125,953.2026977539062,27.35216522216797
19.7734375,953.2000732421875,27.35400390625
19.7890625,953.2013549804688,27.35400390625
19.8046875,953.2056274414062,27.35216522216797
19.8203125,953.1778564453125,27.35216522216797
19.8359375,953.2012329101562,27.34040069580078
19.8515625,953.1964721679688,27.342247009277344
19.8671875,953.138671875,27.361343383789062
19.8828125,953.1759033203125,27.35363006591797
19.8984375,953.1583251953125,27.35216522216797
19.9140625,953.1318359375,27.342605590820312
19.9296875,953.1357421875,27.3558349609375
19.9453125,953.1334838867188,27.349960327148438
19.9609375,953.1986694335938,27.35400390625
19.9765625,953.1685180664062,27.33856201171875
19.9921875,953.19091796875,27.35472869873047
20.0078125,953.1351318359375,27.356201171875
20.0234375,953.1705322265625,27.347015380859375
20.0390625,953.2269897460938,27.343704223632812
20.0546875,953.1931762695312,27.350318908691406
20.0703125,953.1741333007812,27.351425170898438
20.0859375,953.171875,27.346656799316406
20.1015625,953.1773071289062,27.345550537109375
20.1171875,953.208984375,27.343704223632812
20.1328125,953.165771484375,27.35216522216797
20.1484375,953.2125854492188,27.35693359375
20.1640625,953.2376098632812,27.349960327148438
20.1796875,953.2266845703125,27.33673095703125
20.1953125,953.2146606445312,27.332679748535156
20.2109375,953.1951293945312,27.341873168945312
20.2265625,953.2342529296875,27.340042114257812
20.2421875,953.1844482421875,27.348114013671875
20.2578125,953.2306518554688,27.361717224121094
20.2734375,953.2135009765625,27.360984802246094
20.2890625,953.2014770507812,27.342247009277344
20.3046875,953.1721801757812,27.35289764404297
20.3203125,953.1683959960938,27.348861694335938
20.3359375,953.1775512695312,27.364654541015625
20.3515625,953.1951904296875,27.34040069580078
20.3671875,953.19287109375,27.356201171875
20.3828125,953.1705322265625,27.35913848876953
20.3984375,953.2228393554688,27.359512329101562
20.4140625,953.1739501953125,27.37053680419922
20.4296875,953.2239379882812,27.356201171875
20.4453125,953.1663818359375,27.35216522216797
20.4609375,953.2413330078125,27.359886169433594
20.4765625,953.1846923828125,27.3558349609375
20.4921875,953.2009887695312,27.351791381835938
20.5078125,953.23583984375,27.367233276367188
20.5234375,953.1793823242188,27.362449645996094
20.5390625,953.1167602539062,27.356201171875
20.5546875,953.1526489257812,27.35400390625
20.5703125,953.1463623046875,27.36870574951172
20.5859375,953.1049194335938,27.365394592285156
20.6015625,953.2048950195312,27.362449645996094
20.6171875,953.2459106445312,27.360244750976562
20.6328125,953.2294921875,27.364654541015625
20.6484375,953.22998046875,27.37421417236328
20.6640625,953.2232055664062,27.381561279296875
20.6796875,953.2388305664062,27.37421417236328
20.6953125,953.2308959960938,27.37421417236328
20.7109375,953.2314453125,27.37200927734375
20.7265625,953.2258911132812,27.37421417236328
20.7421875,953.2356567382812,27.390380859375
20.7578125,953.2151489257812,27.377151489257812
20.7734375,953.2060546875,27.385597229003906
20.7890625,953.236328125,27.399200439453125
20.8046875,953.2286376953125,27.379730224609375
20.8203125,953.2237548828125,27.39331817626953
20.8359375,953.2250366210938,27.384140014648438
20.8515625,953.214599609375,27.387802124023438
20.8671875,953.1987915039062,27.397369384765625
20.8828125,953.2098999023438,27.396621704101562
20.8984375,953.2014770507812,27.3892822265625
20.9140625,953.2001342773438,27.3922119140625
20.9296875,953.20458984375,27.37457275390625
20.9453125,953.1998291015625,27.383392333984375
20.9609375,953.2073364257812,27.385971069335938
20.9765625,953.20458984375,27.376052856445312
20.9921875,953.202392578125,27.367233276367188
21.0078125,953.1728515625,27.37567901611328
21.0234375,953.207763671875,27.37126922607422
21.0390625,953.2020263671875,27.376052856445312
21.0546875,953.2035522460938,27.359886169433594
21.0703125,953.1852416992188,27.362449645996094
21.0859375,953.1819458007812,27.359886169433594
21.1015625,953.1900634765625,27.365394592285156
21.1171875,953.182861328125,27.362449645996094
21.1328125,953.2022705078125,27.35400390625
21.1484375,953.1715698242188,27.362449645996094
21.1640625,953.2010498046875,27.369430541992188
21.1796875,953.2029418945312,27.365394592285156
21.1953125,953.2025756835938,27.362091064453125
21.2109375,953.1920166015625,27.37494659423828
21.2265625,953.1825561523438,27.36870574951172
21.2421875,953.1699829101562,27.366859436035156
21.2578125,953.1830444335938,27.367233276367188
21.2734375,953.1937866210938,27.369430541992188
21.2890625,953.1886596679688,27.362449645996094
21.3046875,953.2099609375,27.35106658935547
21.3203125,953.2297973632812,27.35289764404297
21.3359375,953.220458984375,27.35693359375
21.3515625,953.1969604492188,27.360610961914062
21.3671875,953.1948852539062,27.36870574951172
21.3828125,953.1669921875,27.356201171875
21.3984375,953.1795043945312,27.359886169433594
21.4140625,953.2229614257812,27.35400390625
21.4296875,953.2211303710938,27.347381591796875
21.4453125,953.1439819335938,27.35400390625
21.4609375,953.2802734375,27.35400390625
21.4765625,953.2479248046875,27.35400390625
21.4921875,953.2001953125,27.37311553955078
21.5078125,953.1859741210938,27.369430541992188
21.5234375,953.2955932617188,27.360610961914062
21.5390625,953.2415161132812,27.364654541015625
21.5546875,953.2801513671875,27.362091064453125
21.5703125,953.2278442382812,27.365394592285156
21.5859375,953.2420043945312,27.35400390625
21.6015625,953.233642578125,27.361343383789062
21.6171875,953.2237548828125,27.378623962402344
21.6328125,953.2785034179688,27.383392333984375
21.6484375,953.2491455078125,27.37311553955078
21.6640625,953.235595703125,27.37494659423828
21.6796875,953.2423095703125,27.37494659423828
21.6953125,953.2560424804688,27.385238647460938
21.7109375,953.2254638671875,27.384140014648438
21.7265625,953.239013671875,27.399200439453125
21.7421875,953.2070922851562,27.3892822265625
21.7578125,953.2335815429688,27.403610229492188
21.7734375,953.206298828125,27.396621704101562
21.7890625,953.2146606445312,27.39185333251953
21.8046875,953.1328735351562,27.39185333251953
21.8203125,953.2213134765625,27.404708862304688
21.8359375,953.202880859375,27.414260864257812
21.8515625,953.1661376953125,27.402877807617188
21.8671875,953.205078125,27.402877807617188
21.8828125,953.1583862304688,27.418670654296875
21.8984375,953.0374755859375,27.40654754638672
21.9140625,953.1552124023438,27.417938232421875
21.9296875,953.1826171875,27.413902282714844
21.9453125,953.212158203125,27.4249267578125
21.9609375,953.2162475585938,27.429336547851562
21.9765625,953.2435913085938,27.427490234375
21.9921875,953.2398071289062,27.429336547851562
22.0078125,953.23046875,27.44329833984375
22.0234375,953.2353515625,27.435577392578125
22.0390625,953.2633666992188,27.436683654785156
22.0546875,953.2406616210938,27.436683654785156
22.0703125,953.2562255859375,27.4256591796875
22.0859375,953.2522583007812,27.44292449951172
22.1015625,953.2413330078125,27.44439697265625
22.1171875,953.2379760742188,27.44439697265625
22.1328125,953.2379760742188,27.436683654785156
22.1484375,953.2294311523438,27.456153869628906
22.1640625,953.2246704101562,27.449913024902344
22.1796875,953.228271484375,27.461669921875
22.1953125,953.2318725585938,27.453590393066406
22.2109375,953.2316284179688,27.466445922851562
22.2265625,953.2297973632812,27.456153869628906
22.2421875,953.2169189453125,27.449180603027344
22.2578125,953.22998046875,27.458358764648438
22.2734375,953.2159423828125,27.44550323486328
22.2890625,953.2236328125,27.455429077148438
22.3046875,953.2198486328125,27.463516235351562
22.3203125,953.2146606445312,27.446609497070312
22.3359375,953.2117919921875,27.453590393066406
22.3515625,953.2124633789062,27.45690155029297
22.3671875,953.2056274414062,27.436683654785156
22.3828125,953.2066040039062,27.446609497070312
22.3984375,953.1932373046875,27.44550323486328
22.4140625,953.2056884765625,27.44512939453125
22.4296875,953.1967163085938,27.44367218017578
22.4453125,953.2109375,27.435577392578125
22.4609375,953.2161254882812,27.434478759765625
22.4765625,953.2093505859375,27.436309814453125
22.4921875,953.2071533203125,27.44182586669922
22.5078125,953.2035522460938,27.42528533935547
22.5234375,953.20849609375,27.430068969726562
22.5390625,953.197021484375,27.428970336914062
22.5546875,953.184326171875,27.44329833984375
22.5703125,953.1803588867188,27.42859649658203
22.5859375,953.185546875,27.42603302001953
22.6015625,953.2049560546875,27.42345428466797
22.6171875,953.1981201171875,27.436683654785156
22.6328125,953.1851196289062,27.42859649658203
22.6484375,953.1920776367188,27.423080444335938
22.6640625,953.1837768554688,27.427490234375
22.6796875,953.1884155273438,27.433746337890625
22.6953125,953.1782836914062,27.4249267578125
22.7109375,953.1917114257812,27.422348022460938
22.7265625,953.18310546875,27.4256591796875
22.7421875,953.1917724609375,27.411697387695312
22.7578125,953.2297973632812,27.420875549316406
22.7734375,953.1912841796875,27.410598754882812
22.7890625,953.2799072265625,27.413528442382812
22.8046875,953.252685546875,27.413528442382812
22.8203125,953.2569580078125,27.413902282714844
22.8359375,953.2324829101562,27.419418334960938
22.8515625,953.2473754882812,27.402877807617188
22.8671875,953.2045288085938,27.402877807617188
22.8828125,953.2791137695312,27.402877807617188
22.8984375,953.3137817382812,27.40875244140625
22.9140625,953.2922973632812,27.404708862304688
22.9296875,953.2453002929688,27.39185333251953
22.9453125,953.2864379882812,27.402877807617188
22.9609375,953.3353881835938,27.38744354248047
22.9765625,953.3057861328125,27.40692138671875
22.9921875,953.2055053710938,27.398468017578125
23.0078125,953.2637939453125,27.402877807617188
23.0234375,953.3388671875,27.38890838623047
23.0390625,953.266357421875,27.401031494140625
23.0546875,953.274169921875,27.39185333251953
23.0703125,953.2691040039062,27.40654754638672
23.0859375,953.267578125,27.400299072265625
23.1015625,953.2734985351562,27.416839599609375
23.1171875,953.2913208007812,27.403610229492188
23.1328125,953.2416381835938,27.413528442382812
23.1484375,953.3167114257812,27.41022491455078
23.1640625,953.2230834960938,27.40654754638672
23.1796875,953.2794799804688,27.40839385986328
23.1953125,953.2809448242188,27.418670654296875
23.2109375,953.3135986328125,27.427490234375
23.2265625,953.3419799804688,27.416465759277344
23.2421875,953.30859375,27.416839599609375
23.2578125,953.2219848632812,27.42162322998047
23.2734375,953.3204345703125,27.433746337890625
23.2890625,953.3265380859375,27.42162322998047
23.3046875,953.2720947265625,27.422348022460938
23.3203125,953.3373413085938,27.435577392578125
23.3359375,953.1868286132812,27.423828125
23.3515625,953.2388916015625,27.434478759765625
23.3671875,953.2111206054688,27.42345428466797
23.3828125,953.210693359375,27.43926239013672
23.3984375,953.1322631835938,27.451744079589844
23.4140625,953.0723876953125,27.44182586669922
23.4296875,953.1325073242188,27.435577392578125
23.4453125,953.1174926757812,27.453216552734375
23.4609375,953.1143798828125,27.447708129882812
23.4765625,953.1873168945312,27.44367218017578
23.4921875,953.2114868164062,27.455429077148438
23.5078125,953.2395629882812,27.456153869628906
23.5234375,953.2528076171875,27.4627685546875
23.5390625,953.2576293945312,27.473434448242188
23.5546875,953.2407836914062,27.481155395507812
23.5703125,953.2260131835938,27.47747802734375
23.5859375,953.24169921875,27.470855712890625
23.6015625,953.2094116210938,27.47820281982422
23.6171875,953.2196655273438,27.469757080078125
23.6328125,953.2152709960938,27.47930908203125
23.6484375,953.2216186523438,27.461669921875
23.6640625,953.2145385742188,27.466445922851562
23.6796875,953.2322998046875,27.47930908203125
23.6953125,953.2145385742188,27.463516235351562
23.7109375,953.211669921875,27.471588134765625
23.7265625,953.2042236328125,27.47784423828125
23.7421875,953.2137451171875,27.488494873046875
23.7578125,953.2159423828125,27.49768829345703
23.7734375,953.2132568359375,27.471229553222656
23.7890625,953.2029418945312,27.48004913330078
23.8046875,953.2138671875,27.486663818359375
23.8203125,953.1847534179688,27.464614868164062
23.8359375,953.1878662109375,27.466445922851562
23.8515625,953.202392578125,27.469024658203125
23.8671875,953.1829223632812,27.466445922851562
23.8828125,953.1814575195312,27.458358764648438
23.8984375,953.1764526367188,27.46131134033203
23.9140625,953.1821899414062,27.455429077148438
23.9296875,953.1905517578125,27.44477081298828
23.9453125,953.1763916015625,27.458358764648438
23.9609375,953.1914672851562,27.456153869628906
23.9765625,953.1787109375,27.437416076660156
23.9921875,953.1768798828125,27.454322814941406
24.0078125,953.178466796875,27.456153869628906
24.0234375,953.1793823242188,27.451385498046875
24.0390625,953.1644287109375,27.439987182617188
24.0546875,953.1567993164062,27.437416076660156
24.0703125,953.1786499023438,27.437416076660156
24.0859375,953.1852416992188,27.436683654785156
24.1015625,953.1774291992188,27.43926239013672
24.1171875,953.1788330078125,27.43926239013672
24.1328125,953.177001953125,27.434478759765625
24.1484375,953.1531982421875,27.44329833984375
24.1640625,953.1409301757812,27.42603302001953
24.1796875,953.1350708007812,27.422348022460938
24.1953125,953.1424560546875,27.430068969726562
24.2109375,953.1174926757812,27.42859649658203
24.2265625,953.1000366210938,27.43926239013672
24.2421875,953.0664672851562,27.44036102294922
24.2578125,953.0612182617188,27.433006286621094
24.2734375,952.9785766601562,27.433006286621094
24.2890625,952.9738159179688,27.433746337890625
24.3046875,952.8878173828125,27.431900024414062
24.3203125,953.0089111328125,27.42859649658203
24.3359375,952.9966430664062,27.42272186279297
24.3515625,952.9464111328125,27.4263916015625
24.3671875,952.9264526367188,27.42713165283203
24.3828125,953.0270385742188,27.433746337890625
24.3984375,953.0216064453125,27.431900024414062
24.4140625,952.9629516601562,27.434478759765625
24.4296875,953.088623046875,27.434852600097656
24.4453125,953.1538696289062,27.4256591796875
24.4609375,953.13623046875,27.419776916503906
24.4765625,953.1015625,27.434478759765625
24.4921875,953.1985473632812,27.42418670654297
24.5078125,953.1761474609375,27.435577392578125
24.5234375,953.1688842773438,27.436683654785156
24.5390625,953.167236328125,27.429336547851562
24.5546875,953.090576171875,27.428237915039062
24.5703125,953.1788940429688,27.437416076660156
24.5859375,953.1649169921875,27.440719604492188
24.6015625,953.1065673828125,27.44439697265625
24.6171875,953.1076049804688,27.437416076660156
24.6328125,953.1141357421875,27.439987182617188
24.6484375,953.1932373046875,27.44623565673828
24.6640625,953.1939086914062,27.434478759765625
24.6796875,953.2028198242188,27.429336547851562
24.6953125,953.2130737304688,27.450645446777344
24.7109375,953.1864624023438,27.446975708007812
24.7265625,953.2075805664062,27.437416076660156
24.7421875,953.2067260742188,27.437416076660156
24.7578125,953.1708374023438,27.453216552734375
24.7734375,953.1783447265625,27.44733428955078
24.7890625,953.2466430664062,27.455429077148438
24.8046875,953.1803588867188,27.456153869628906
24.8203125,953.1547241210938,27.461669921875
24.8359375,953.1845703125,27.456153869628906
24.8515625,953.1541748046875,27.4627685546875
24.8671875,953.2086791992188,27.46387481689453
24.8828125,953.2241821289062,27.45800018310547
24.8984375,953.2344360351562,27.4620361328125
24.9140625,953.2294311523438,27.463516235351562
24.9296875,953.234375,27.461669921875
24.9453125,953.2467651367188,27.471588134765625
24.9609375,953.2328491210938,27.474899291992188
24.9765625,953.2361450195312,27.47747802734375
24.9921875,953.2303466796875,27.466445922851562
25.0078125,953.2244873046875,27.466445922851562
25.0234375,953.2310791015625,27.484085083007812
25.0390625,953.2155151367188,27.48004913330078
25.0546875,953.2288818359375,27.47967529296875
25.0703125,953.2132568359375,27.47820281982422
25.0859375,953.210693359375,27.47747802734375
25.1015625,953.2160034179688,27.49842071533203
25.1171875,953.2199096679688,27.487770080566406
25.1328125,953.2152709960938,27.47930908203125
25.1484375,953.2180786132812,27.486663818359375
25.1640625,953.2188110351562,27.485191345214844
25.1796875,953.2060546875,27.47747802734375
25.1953125,953.2063598632812,27.47930908203125
25.2109375,953.1905517578125,27.488868713378906
25.2265625,953.1819458007812,27.471588134765625
25.2421875,953.1885986328125,27.482254028320312
25.2578125,953.2117919921875,27.471588134765625
25.2734375,953.2119140625,27.466445922851562
25.2890625,953.208984375,27.469383239746094
25.3046875,953.1799926757812,27.456153869628906
25.3203125,953.1817016601562,27.45800018310547
25.3359375,953.177734375,27.453590393066406
25.3515625,953.186767578125,27.44550323486328
25.3671875,953.179443359375,27.44292449951172
25.3828125,953.1762084960938,27.44439697265625
25.3984375,953.1560668945312,27.435577392578125
25.4140625,953.175537109375,27.434478759765625
25.4296875,953.17529296875,27.435577392578125
25.4453125,953.1605224609375,27.437416076660156
25.4609375,953.1685180664062,27.43926239013672
25.4765625,953.1812133789062,27.434478759765625
25.4921875,953.1818237304688,27.431900024414062
25.5078125,953.1368408203125,27.427490234375
25.5234375,953.1621704101562,27.429336547851562
25.5390625,953.152099609375,27.436683654785156
25.5546875,953.1295166015625,27.431541442871094
25.5703125,953.1415405273438,27.423828125
25.5859375,953.048828125,27.435577392578125
25.6015625,953.1240234375,27.4256591796875
25.6171875,953.109375,27.430068969726562
25.6328125,953.1156616210938,27.421249389648438
25.6484375,953.0347290039062,27.4256591796875
25.6640625,953.0376586914062,27.435211181640625
25.6796875,953.1007080078125,27.430068969726562
25.6953125,953.0086669921875,27.428237915039062
25.7109375,952.9194946289062,27.427490234375
25.7265625,952.9140625,27.416839599609375
25.7421875,953.0199584960938,27.431541442871094
25.7578125,953.0709838867188,27.4256591796875
25.7734375,953.0519409179688,27.439987182617188
25.7890625,953.068359375,27.433746337890625
25.8046875,952.943359375,27.434478759765625
25.8203125,953.06591796875,27.439620971679688
25.8359375,953.0419311523438,27.455429077148438
25.8515625,953.0650634765625,27.44477081298828
25.8671875,952.9934692382812,27.430442810058594
25.8828125,953.0278930664062,27.43926239013672
25.8984375,952.9439086914062,27.42969512939453
25.9140625,953.1061401367188,27.435577392578125
25.9296875,953.055908203125,27.431900024414062
25.9453125,953.1248779296875,27.44439697265625
25.9609375,953.0681762695312,27.436683654785156
25.9765625,953.0679321289062,27.451385498046875
25.9921875,953.0478515625,27.460205078125
26.0078125,953.0338745117188,27.452491760253906
26.0234375,953.0665283203125,27.44550323486328
26.0390625,953.1298217773438,27.465721130371094
26.0546875,953.0582885742188,27.4598388671875
26.0703125,953.106689453125,27.456153869628906
26.0859375,953.0609130859375,27.469383239746094
26.1015625,953.1446533203125,27.47930908203125
26.1171875,953.005859375,27.47674560546875
26.1328125,952.965576171875,27.485191345214844
26.1484375,952.9718017578125,27.47930908203125
26.1640625,953.063232421875,27.484085083007812
26.1796875,953.1306762695312,27.47820281982422
26.1953125,953.079833984375,27.489974975585938
26.2109375,953.025390625,27.492904663085938
26.2265625,953.0896606445312,27.502456665039062
26.2421875,953.0726928710938,27.487770080566406
26.2578125,953.0951538085938,27.489974975585938
26.2734375,953.1264038085938,27.489974975585938
26.2890625,953.130615234375,27.511276245117188
26.3046875,953.2169799804688,27.505767822265625
26.3203125,953.2415161132812,27.511276245117188
26.3359375,953.2241821289062,27.507614135742188
26.3515625,953.2393798828125,27.508346557617188
26.3671875,953.23828125,27.516433715820312
26.3828125,953.2305908203125,27.526710510253906
26.3984375,953.2305297851562,27.524879455566406
26.4140625,953.2314453125,27.53369903564453
26.4296875,953.241943359375,27.52928924560547
26.4453125,953.2271728515625,27.53002166748047
26.4609375,953.2212524414062,27.534072875976562
26.4765625,953.2294311523438,27.523773193359375
26.4921875,953.2398071289062,27.525611877441406
26.5078125,953.21484375,27.53369903564453
26.5234375,953.2203979492188,27.540687561035156
26.5390625,953.2139892578125,27.538108825683594
26.5546875,953.2023315429688,27.520843505859375
26.5703125,953.1946411132812,27.5322265625
26.5859375,953.2137451171875,27.5303955078125
26.6015625,953.2189331054688,27.5303955078125
26.6171875,953.1956176757812,27.524147033691406
26.6328125,953.2015380859375,27.528915405273438
26.6484375,953.1954345703125,27.5322265625
26.6640625,953.1911010742188,27.5296630859375
26.6796875,953.1954956054688,27.521942138671875
26.6953125,953.2037353515625,27.5303955078125
26.7109375,953.1992797851562,27.527084350585938
26.7265625,953.1856689453125,27.504661560058594
26.7421875,953.1918334960938,27.517532348632812
26.7578125,953.1900634765625,27.51605987548828
26.7734375,953.1876220703125,27.51348114013672
26.7890625,953.1873779296875,27.51202392578125
26.8046875,953.1859741210938,27.51238250732422
26.8203125,953.2094116210938,27.502456665039062
26.8359375,953.2101440429688,27.500625610351562
26.8515625,953.1914672851562,27.484817504882812
26.8671875,953.1898803710938,27.4954833984375
26.8828125,953.1915893554688,27.484817504882812
26.8984375,953.1677856445312,27.49658966064453
26.9140625,953.1802978515625,27.484817504882812
26.9296875,953.1755981445312,27.484085083007812
26.9453125,953.1832885742188,27.489227294921875
26.9609375,953.122802734375,27.484085083007812
26.9765625,953.1390380859375,27.47454071044922
26.9921875,953.1594848632812,27.474166870117188
27.0078125,953.1039428710938,27.482254028320312
27.0234375,953.1041259765625,27.466445922851562
27.0390625,953.058349609375,27.48004913330078
27.0546875,953.0746459960938,27.474166870117188
27.0703125,952.961669921875,27.482254028320312
27.0859375,952.9624633789062,27.47784423828125
27.1015625,953.0816040039062,27.469383239746094
27.1171875,952.942626953125,27.466445922851562
27.1328125,952.8849487304688,27.468284606933594
27.1484375,952.9749145507812,27.47563934326172
27.1640625,952.9283447265625,27.472694396972656
27.1796875,953.023193359375,27.468284606933594
27.1953125,952.990966796875,27.473068237304688
27.2109375,952.9329223632812,27.466445922851562
27.2265625,953.029052734375,27.486663818359375
27.2421875,953.0687255859375,27.474166870117188
27.2578125,953.021484375,27.472694396972656
27.2734375,953.0064086914062,27.47747802734375
27.2890625,953.0157470703125,27.488494873046875
27.3046875,952.9864501953125,27.482986450195312
27.3203125,953.0582885742188,27.485191345214844
27.3359375,953.1021118164062,27.486663818359375
27.3515625,953.0430297851562,27.481155395507812
27.3671875,953.0514526367188,27.486663818359375
27.3828125,953.0107421875,27.492904663085938
27.3984375,953.105224609375,27.485191345214844
27.4140625,953.1588134765625,27.49401092529297
27.4296875,953.1705322265625,27.506866455078125
27.4453125,953.1423950195312,27.485565185546875
27.4609375,953.0609130859375,27.508346557617188
27.4765625,953.1295166015625,27.508346557617188
27.4921875,953.0840454101562,27.503936767578125
27.5078125,953.0979614257812,27.51385498046875
27.5234375,953.0725708007812,27.510177612304688
27.5390625,953.12841796875,27.502456665039062
27.5546875,952.9937133789062,27.50981903076172
27.5703125,953.1056518554688,27.51385498046875
27.5859375,953.1264038085938,27.53002166748047
27.6015625,953.1118774414062,27.524147033691406
27.6171875,953.0336303710938,27.51385498046875
27.6328125,953.0737915039062,27.53076171875
27.6484375,953.1017456054688,27.527084350585938
27.6640625,953.100830078125,27.528915405273438
27.6796875,953.0603637695312,27.540313720703125
27.6953125,953.2205200195312,27.525985717773438
27.7109375,953.0667114257812,27.5296630859375
27.7265625,953.19677734375,27.5303955078125
27.7421875,953.1842651367188,27.523048400878906
27.7578125,953.2300415039062,27.527816772460938
27.7734375,953.2449951171875,27.53369903564453
27.7890625,953.2455444335938,27.52928924560547
27.8046875,953.2385864257812,27.537002563476562
27.8203125,953.2356567382812,27.522300720214844
27.8359375,953.2366943359375,27.541412353515625
27.8515625,953.2330932617188,27.53002166748047
27.8671875,953.2338256835938,27.525611877441406
27.8828125,953.232177734375,27.537002563476562
27.8984375,953.2344970703125,27.531494140625
27.9140625,953.22021484375,27.539939880371094
27.9296875,953.2395629882812,27.544349670410156
27.9453125,953.2255859375,27.54766082763672
27.9609375,953.2205810546875,27.53186798095703
27.9765625,953.22021484375,27.54509735107422
27.9921875,953.2280883789062,27.538841247558594
28.0078125,953.2053833007812,27.54509735107422
28.0234375,953.21435546875,27.54840087890625
28.0390625,953.20703125,27.543251037597656
28.0546875,953.22021484375,27.534072875976562
28.0703125,953.189453125,27.54840087890625
28.0859375,953.2171630859375,27.542518615722656
28.1015625,953.1956176757812,27.5303955078125
28.1171875,953.2123413085938,27.519363403320312
28.1328125,953.192626953125,27.518638610839844
28.1484375,953.169921875,27.51312255859375
28.1640625,953.18310546875,27.53002166748047
28.1796875,953.1890258789062,27.51605987548828
28.1953125,953.185302734375,27.509071350097656
28.2109375,953.1923217773438,27.51348114013672
28.2265625,953.1928100585938,27.520469665527344
28.2421875,953.1575317382812,27.508346557617188
28.2578125,953.1688842773438,27.505035400390625
28.2734375,953.1685791015625,27.503936767578125
28.2890625,953.1774291992188,27.503936767578125
28.3046875,953.17919921875,27.504302978515625
28.3203125,953.1516723632812,27.507614135742188
28.3359375,953.1777954101562,27.49842071533203
28.3515625,953.189453125,27.511276245117188
28.3671875,953.1865234375,27.49768829345703
28.3828125,953.1607055664062,27.491806030273438
28.3984375,953.1822509765625,27.489974975585938
28.4140625,953.2178955078125,27.503204345703125
28.4296875,953.1731567382812,27.488128662109375
28.4453125,953.1895751953125,27.489974975585938
28.4609375,953.2662353515625,27.499526977539062
28.4765625,953.2367553710938,27.49768829345703
28.4921875,953.2868041992188,27.489227294921875
28.5078125,953.2560424804688,27.484817504882812
28.5234375,953.2252197265625,27.4954833984375
28.5390625,953.2854614257812,27.504661560058594
28.5546875,953.2659912109375,27.509445190429688
28.5703125,953.2431030273438,27.499526977539062
28.5859375,953.2456665039062,27.503936767578125
28.6015625,953.2090454101562,27.49768829345703
28.6171875,953.3297729492188,27.508346557617188
28.6328125,953.2335205078125,27.508346557617188
28.6484375,953.2896118164062,27.51275634765625
28.6640625,953.3175659179688,27.51348114013672
28.6796875,953.2609252929688,27.511276245117188
28.6953125,953.2952880859375,27.527816772460938
28.7109375,953.32568359375,27.523048400878906
28.7265625,953.3209228515625,27.519737243652344
28.7421875,953.320068359375,27.519363403320312
28.7578125,953.2877197265625,27.536277770996094
28.7734375,953.3103637695312,27.526710510253906
28.7890625,953.2640380859375,27.5303955078125
28.8046875,953.309814453125,27.540687561035156
28.8203125,953.2719116210938,27.53369903564453
28.8359375,953.3811645507812,27.540687561035156
28.8515625,953.3239135742188,27.537002563476562
28.8671875,953.26318359375,27.539581298828125
28.8828125,953.3118286132812,27.53186798095703
28.8984375,953.3505249023438,27.544349670410156
28.9140625,953.3350830078125,27.553543090820312
28.9296875,953.2510986328125,27.54840087890625
28.9453125,953.331298828125,27.535171508789062
28.9609375,953.3203735351562,27.54840087890625
28.9765625,953.3323974609375,27.555747985839844
28.9921875,953.2704467773438,27.556121826171875
29.0078125,953.1610107421875,27.560890197753906
29.0234375,953.2709350585938,27.56383514404297
29.0390625,953.2868041992188,27.57080841064453
29.0546875,953.2079467773438,27.54840087890625
29.0703125,953.2828979492188,27.5675048828125
29.0859375,953.2649536132812,27.565673828125
29.1015625,953.2594604492188,27.571556091308594
29.1171875,953.2510986328125,27.573760986328125
29.1328125,953.251220703125,27.58220672607422
29.1484375,953.2521362304688,27.571182250976562
29.1640625,953.257568359375,27.58220672607422
29.1796875,953.239013671875,27.58403778076172
29.1953125,953.2391967773438,27.571556091308594
29.2109375,953.23974609375,27.58037567138672
29.2265625,953.2466430664062,27.58514404296875
29.2421875,953.2274169921875,27.58588409423828
29.2578125,953.2447509765625,27.58441162109375
29.2734375,953.2427978515625,27.56970977783203
29.2890625,953.2144165039062,27.592857360839844
29.3046875,953.2381591796875,27.574119567871094
29.3203125,953.2369995117188,27.58844757080078
29.3359375,953.2330932617188,27.586990356445312
29.3515625,953.2210083007812,27.581832885742188
29.3671875,953.2036743164062,27.574119567871094
29.3828125,953.2232666015625,27.587722778320312
29.3984375,953.223388671875,27.59911346435547
29.4140625,953.2023315429688,27.58147430419922
29.4296875,953.1995239257812,27.58514404296875
29.4453125,953.1998291015625,27.568603515625
29.4609375,953.216064453125,27.58147430419922
29.4765625,953.2066040039062,27.571914672851562
29.4921875,953.1931762695312,27.573760986328125
29.5078125,953.1861572265625,27.58147430419922
29.5234375,953.2186279296875,27.560890197753906
29.5390625,953.2171630859375,27.555747985839844
29.5546875,953.1671142578125,27.560890197753906
29.5703125,953.221923828125,27.56273651123047
29.5859375,953.1911010742188,27.558326721191406
29.6015625,953.1864013671875,27.556121826171875
29.6171875,953.1969604492188,27.560890197753906
29.6328125,953.1914672851562,27.55096435546875
29.6484375,953.1605834960938,27.54840087890625
29.6640625,953.1895751953125,27.544349670410156
29.6796875,953.1904296875,27.54840087890625
29.6953125,953.1944580078125,27.544349670410156
29.7109375,953.1664428710938,27.536277770996094
29.7265625,953.1866455078125,27.531494140625
29.7421875,953.1879272460938,27.541412353515625
29.7578125,953.1889038085938,27.538482666015625
29.7734375,953.2161254882812,27.53369903564453
29.7890625,953.2018432617188,27.53296661376953
29.8046875,953.223388671875,27.534072875976562
29.8203125,953.2503662109375,27.535903930664062
29.8359375,953.2463989257812,27.5322265625
29.8515625,953.2340698242188,27.5333251953125
29.8671875,953.2670288085938,27.526710510253906
29.8828125,953.2693481445312,27.519737243652344
29.8984375,953.2752075195312,27.53002166748047
29.9140625,953.2506103515625,27.52745819091797
29.9296875,953.3231811523438,27.5303955078125
29.9453125,953.272705078125,27.51348114013672
29.9609375,953.2745971679688,27.51348114013672
29.9765625,953.2620849609375,27.519363403320312
29.9921875,953.2667846679688,27.51679229736328
30.0078125,953.249755859375,27.522300720214844
30.0234375,953.2647705078125,27.509445190429688
30.0390625,953.2933349609375,27.522300720214844
30.0546875,953.2706909179688,27.51385498046875
30.0703125,953.288330078125,27.51679229736328
30.0859375,953.2551879882812,27.523773193359375
30.1015625,953.286376953125,27.51238250732422
30.1171875,953.272705078125,27.519363403320312
30.1328125,953.2734375,27.521202087402344
30.1484375,953.3058471679688,27.524147033691406
30.1640625,953.315673828125,27.525985717773438
30.1796875,953.2286376953125,27.53076171875
30.1953125,953.296630859375,27.518638610839844
30.2109375,953.245849609375,27.527816772460938
30.2265625,953.2832641601562,27.531494140625
30.2421875,953.339111328125,27.51312255859375
30.2578125,953.2525024414062,27.5333251953125
30.2734375,953.2484741210938,27.534072875976562
30.2890625,953.3304443359375,27.52745819091797
30.3046875,953.2711791992188,27.525253295898438
30.3203125,953.2894897460938,27.53443145751953
30.3359375,953.2533569335938,27.534072875976562
30.3515625,953.2462158203125,27.5296630859375
30.3671875,953.3091430664062,27.53553009033203
30.3828125,953.307861328125,27.537002563476562
30.3984375,953.3212280273438,27.5333251953125
30.4140625,953.2640380859375,27.531494140625
30.4296875,953.2799682617188,27.535171508789062
30.4453125,953.2576293945312,27.537002563476562
30.4609375,953.2548217773438,27.5333251953125
30.4765625,953.30224609375,27.545455932617188
30.4921875,953.2932739257812,27.54875946044922
30.5078125,953.2745361328125,27.544349670410156
30.5234375,953.2483520507812,27.555747985839844
30.5390625,953.2489624023438,27.556121826171875
30.5546875,953.2417602539062,27.543624877929688
30.5703125,953.2548217773438,27.56383514404297
30.5859375,953.2515258789062,27.556480407714844
30.6015625,953.2448120117188,27.545455932617188
30.6171875,953.2431030273438,27.556121826171875
30.6328125,953.2274169921875,27.560890197753906
30.6484375,953.2171630859375,27.56529998779297
30.6640625,953.2140502929688,27.579627990722656
30.6796875,953.22021484375,27.5660400390625
30.6953125,953.222412109375,27.57080841064453
30.7109375,953.217529296875,27.5675048828125
30.7265625,953.2046508789062,27.577423095703125
30.7421875,953.2266235351562,27.58403778076172
30.7578125,953.2153930664062,27.560890197753906
30.7734375,953.2160034179688,27.56383514404297
30.7890625,953.1976928710938,27.56456756591797
30.8046875,953.189453125,27.561988830566406
30.8203125,953.2052612304688,27.556121826171875
30.8359375,953.2017822265625,27.560890197753906
30.8515625,953.2052001953125,27.555747985839844
30.8671875,953.1885986328125,27.571914672851562
30.8828125,953.2026977539062,27.5675048828125
30.8984375,953.1992797851562,27.558326721191406
30.9140625,953.1971435546875,27.556480407714844
30.9296875,953.197021484375,27.557220458984375
30.9453125,953.188720703125,27.556480407714844
30.9609375,953.1892700195312,27.54913330078125
30.9765625,953.1897583007812,27.556480407714844
30.9921875,953.1796875,27.556480407714844
31.0078125,953.197021484375,27.541412353515625
31.0234375,953.1721801757812,27.54509735107422
31.0390625,953.1881103515625,27.556480407714844
31.0546875,953.1904296875,27.556121826171875
31.0703125,953.189208984375,27.545455932617188
31.0859375,953.1958618164062,27.543251037597656
31.1015625,953.1932373046875,27.540687561035156
31.1171875,953.2031860351562,27.536277770996094
31.1328125,953.1950073242188,27.5333251953125
31.1484375,953.2132568359375,27.531494140625
31.1640625,953.2763671875,27.52745819091797
31.1796875,953.2843627929688,27.5322265625
31.1953125,953.2687377929688,27.541412353515625
31.2109375,953.2738037109375,27.537002563476562
31.2265625,953.2733154296875,27.541046142578125
31.2421875,953.2260131835938,27.544723510742188
31.2578125,953.296875,27.531494140625
31.2734375,953.235107421875,27.52745819091797
31.2890625,953.2885131835938,27.534072875976562
31.3046875,953.3292236328125,27.53369903564453
31.3203125,953.3375854492188,27.525611877441406
31.3359375,953.322998046875,27.525611877441406
31.3515625,953.3194580078125,27.541046142578125
31.3671875,953.3156127929688,27.54840087890625
31.3828125,953.3372192382812,27.537002563476562
31.3984375,953.245849609375,27.541046142578125
31.4140625,953.3221435546875,27.53186798095703
31.4296875,953.2991333007812,27.543624877929688
31.4453125,953.3181762695312,27.541046142578125
31.4609375,953.2882080078125,27.54875946044922
31.4765625,953.267333984375,27.543624877929688
31.4921875,953.3009033203125,27.542144775390625
31.5078125,953.3683471679688,27.53186798095703
31.5234375,953.261474609375,27.56639862060547
31.5390625,953.2565307617188,27.556480407714844
31.5546875,953.259765625,27.54730224609375
31.5703125,953.2780151367188,27.561988830566406
31.5859375,953.3343505859375,27.54619598388672
31.6015625,953.2425537109375,27.573760986328125
31.6171875,953.3170166015625,27.560890197753906
31.6328125,953.3695678710938,27.568603515625
31.6484375,953.3170776367188,27.573760986328125
31.6640625,953.3505249023438,27.5675048828125
31.6796875,953.309814453125,27.568603515625
31.6953125,953.2949829101562,27.56970977783203
31.7109375,953.2933349609375,27.571556091308594
31.7265625,953.318115234375,27.573387145996094
31.7421875,953.3410034179688,27.58478546142578
31.7578125,953.3120727539062,27.573760986328125
31.7734375,953.2673950195312,27.589920043945312
31.7890625,953.3067016601562,27.59911346435547
31.8046875,953.2681274414062,27.599472045898438
31.8203125,953.2575073242188,27.6009521484375
31.8359375,953.246826171875,27.607559204101562
31.8515625,953.2481079101562,27.601318359375
31.8671875,953.2540283203125,27.60167694091797
31.8828125,953.2498168945312,27.604629516601562
31.8984375,953.24609375,27.604629516601562
31.9140625,953.2322387695312,27.622268676757812
31.9296875,953.2453002929688,27.612342834472656
31.9453125,953.2329711914062,27.614547729492188
31.9609375,953.2470092773438,27.628135681152344
31.9765625,953.2285766601562,27.634017944335938
31.9921875,953.2177124023438,27.628135681152344
32.0078125,953.2047729492188,27.616378784179688
32.0234375,953.2274780273438,27.63329315185547
32.0390625,953.2171630859375,27.622268676757812
32.0546875,953.22802734375,27.613075256347656
32.0703125,953.2271118164062,27.61785888671875
32.0859375,953.215576171875,27.61968994140625
32.1015625,953.204345703125,27.628509521484375
32.1171875,953.2052612304688,27.614181518554688
32.1328125,953.2271728515625,27.61931610107422
32.1484375,953.2193603515625,27.614181518554688
32.1640625,953.2176513671875,27.632545471191406
32.1796875,953.2056884765625,27.614181518554688
32.1953125,953.2074584960938,27.614181518554688
32.2109375,953.2098388671875,27.61968994140625
32.2265625,953.19482421875,27.614547729492188
32.2421875,953.2098999023438,27.60057830810547
32.2578125,953.2144165039062,27.611244201660156
32.2734375,953.2137451171875,27.61931610107422
32.2890625,953.2080078125,27.614181518554688
32.3046875,953.2271728515625,27.611602783203125
32.3203125,953.2269287109375,27.614181518554688
32.3359375,953.203857421875,27.60608673095703
32.3515625,953.201904296875,27.609397888183594
32.3671875,953.2093505859375,27.604629516601562
32.3828125,953.1964721679688,27.606834411621094
32.3984375,953.2020263671875,27.613449096679688
32.4140625,953.2037963867188,27.606834411621094
32.4296875,953.2240600585938,27.604629516601562
32.4453125,953.2208862304688,27.60167694091797
32.4609375,953.2211303710938,27.597640991210938
32.4765625,953.1945190429688,27.60167694091797
32.4921875,953.2085571289062,27.60167694091797
32.5078125,953.2140502929688,27.595062255859375
32.5234375,953.2008666992188,27.587722778320312
32.5390625,953.1947631835938,27.592857360839844
32.5546875,953.1951904296875,27.58220672607422
32.5703125,953.2007446289062,27.58514404296875
32.5859375,953.2009887695312,27.59911346435547
32.6015625,953.2023315429688,27.591026306152344
32.6171875,953.1920166015625,27.58844757080078
32.6328125,953.2073364257812,27.578170776367188
32.6484375,953.2188110351562,27.58037567138672
32.6640625,953.1994018554688,27.573760986328125
32.6796875,953.2040405273438,27.571914672851562
32.6953125,953.1901245117188,27.557220458984375
32.7109375,953.1982421875,27.573760986328125
32.7265625,953.2232055664062,27.553543090820312
32.7421875,953.1978759765625,27.56456756591797
32.7578125,953.198974609375,27.5675048828125
32.7734375,953.1992797851562,27.559425354003906
32.7890625,953.197265625,27.54692840576172
