# Time (seconds),Pressure,Temp
0.0078125,954.03662109375,28.96026611328125
0.0234375,953.7868041992188,28.970916748046875
0.0390625,953.77294921875,28.96430206298828
0.0546875,953.7723388671875,28.973121643066406
0.0703125,953.7880249023438,28.97643280029297
0.0859375,953.7883911132812,28.96430206298828
0.1015625,953.7843017578125,28.96026611328125
0.1171875,953.7700805664062,28.96099853515625
0.1328125,953.7755126953125,28.974227905273438
0.1484375,953.7954711914062,28.96099853515625
0.1640625,953.7766723632812,28.966148376464844
0.1796875,953.7724609375,28.965774536132812
0.1953125,953.7843627929688,28.975326538085938
0.2109375,953.7739868164062,28.965774536132812
0.2265625,953.7825317382812,28.956954956054688
0.2421875,953.788818359375,28.96063995361328
0.2578125,953.79296875,28.96099853515625
0.2734375,953.7850341796875,28.95879364013672
0.2890625,953.7848510742188,28.96247100830078
0.3046875,953.7865600585938,28.97643280029297
0.3203125,953.7883911132812,28.96026611328125
0.3359375,953.7821044921875,28.963943481445312
0.3515625,953.7835693359375,28.97827911376953
0.3671875,953.7808227539062,28.96430206298828
0.3828125,953.7843017578125,28.971664428710938
0.3984375,953.7879638671875,28.971664428710938
0.4140625,953.7730102539062,28.96430206298828
0.4296875,953.7716674804688,28.963943481445312
0.4453125,953.772216796875,28.966148376464844
0.4609375,953.786865234375,28.974227905273438
0.4765625,953.799560546875,28.96026611328125
0.4921875,953.8041381835938,28.9779052734375
0.5078125,953.81787109375,28.96430206298828
0.5234375,953.8129272460938,28.9771728515625
0.5390625,953.83154296875,28.973495483398438
0.5546875,953.8335571289062,28.97900390625
0.5703125,953.8341064453125,28.973495483398438
0.5859375,953.816162109375,28.97386932373047
0.6015625,953.8341674804688,28.9779052734375
0.6171875,953.8494873046875,28.99481201171875
0.6328125,953.8524169921875,28.97937774658203
0.6484375,953.88427734375,28.99664306640625
0.6640625,953.9201049804688,28.990760803222656
0.6796875,953.9039916992188,29.007675170898438
0.6953125,953.9199829101562,29.005096435546875
0.7109375,953.8677978515625,29.03082275390625
0.7265625,953.907958984375,29.03229522705078
0.7421875,953.93505859375,29.0484619140625
0.7578125,953.9037475585938,29.052871704101562
0.7734375,953.9125366210938,29.06316375732422
0.7890625,953.9697265625,29.077125549316406
0.8046875,953.9281005859375,29.08594512939453
0.8203125,953.9785766601562,29.09734344482422
0.8359375,953.9204711914062,29.110572814941406
0.8515625,953.9027099609375,29.126007080078125
0.8671875,953.9298706054688,29.144378662109375
0.8828125,953.9591674804688,29.1524658203125
0.8984375,953.91943359375,29.17266845703125
0.9140625,953.946533203125,29.174514770507812
0.9296875,953.9467163085938,29.196563720703125
0.9453125,953.9739379882812,29.203903198242188
0.9609375,953.9615478515625,29.212722778320312
0.9765625,953.9617919921875,29.22447967529297
0.9921875,953.971923828125,29.25865936279297
1.0078125,953.924560546875,29.281448364257812
1.0234375,953.975830078125,29.29503631591797
1.0390625,953.95263671875,29.31452178955078
1.0546875,953.913330078125,29.33216094970703
1.0703125,953.9192504882812,29.34759521484375
1.0859375,953.9303588867188,29.3677978515625
1.1015625,953.9066772460938,29.386184692382812
1.1171875,953.9210815429688,29.395736694335938
1.1328125,953.9459228515625,29.41925811767578
1.1484375,953.9320678710938,29.43689727783203
1.1640625,953.930908203125,29.456741333007812
1.1796875,953.9442138671875,29.482093811035156
1.1953125,953.9007568359375,29.48981475830078
1.2109375,953.9307861328125,29.515899658203125
1.2265625,953.9136352539062,29.531333923339844
1.2421875,953.9732055664062,29.55596160888672
1.2578125,953.89794921875,29.57801055908203
1.2734375,953.919189453125,29.591598510742188
1.2890625,953.9259643554688,29.57984161376953
1.3046875,953.9439086914062,29.609603881835938
1.3203125,953.9163818359375,29.63092803955078
1.3359375,953.9083251953125,29.642684936523438
1.3515625,953.9244384765625,29.672447204589844
1.3671875,953.9339599609375,29.690460205078125
1.3828125,953.9112548828125,29.693023681640625
1.3984375,953.9157104492188,29.705894470214844
1.4140625,953.9188232421875,29.742630004882812
1.4296875,953.9295654296875,29.780487060546875
1.4453125,953.9100341796875,29.817596435546875
1.4609375,953.9125366210938,29.82238006591797
1.4765625,953.9088134765625,29.835983276367188
1.4921875,953.9166870117188,29.8580322265625
1.5078125,953.9194946289062,29.870155334472656
1.5234375,953.8973999023438,29.887420654296875
1.5390625,953.9110717773438,29.898818969726562
1.5546875,953.937255859375,29.904335021972656
1.5703125,953.9049072265625,29.920127868652344
1.5859375,953.9053955078125,29.920867919921875
1.6015625,953.9024047851562,29.94879150390625
1.6171875,953.9237060546875,29.957977294921875
1.6328125,953.9097290039062,29.98113250732422
1.6484375,953.9454345703125,29.98737335205078
1.6640625,953.9275512695312,29.988479614257812
1.6796875,953.927734375,29.9998779296875
1.6953125,953.9425659179688,30.005760192871094
1.7109375,953.9431762695312,30.023399353027344
1.7265625,953.93115234375,30.03919219970703
1.7421875,953.9122924804688,30.044700622558594
1.7578125,953.9212036132812,30.065292358398438
1.7734375,953.9024658203125,30.059402465820312
1.7890625,953.93115234375,30.081825256347656
1.8046875,953.9202880859375,30.09027099609375
1.8203125,953.9108276367188,30.10460662841797
1.8359375,953.9063720703125,30.100570678710938
1.8515625,953.9232788085938,30.111953735351562
1.8671875,953.9268798828125,30.119308471679688
1.8828125,953.9401245117188,30.139511108398438
1.8984375,953.89599609375,30.15899658203125
1.9140625,953.9141235351562,30.169647216796875
1.9296875,953.9151611328125,30.168548583984375
1.9453125,953.9066772460938,30.174057006835938
1.9609375,953.9144287109375,30.187660217285156
1.9765625,953.9085693359375,30.200149536132812
1.9921875,953.9098510742188,30.223670959472656
2.0078125,953.8989868164062,30.22624969482422
2.0234375,953.8980102539062,30.225502014160156
2.0390625,953.9122314453125,30.240936279296875
2.0546875,953.9210815429688,30.24388885498047
2.0703125,953.9482421875,30.256370544433594
2.0859375,953.8956909179688,30.25086212158203
2.1015625,953.9160766601562,30.26483154296875
2.1171875,953.9161376953125,30.289443969726562
2.1328125,953.89599609375,30.2843017578125
2.1484375,953.9008178710938,30.311866760253906
2.1640625,953.8970336914062,30.312973022460938
2.1796875,953.9204711914062,30.308563232421875
2.1953125,953.927734375,30.329505920410156
2.2109375,953.9071655273438,30.33538818359375
2.2265625,953.9375610351562,30.33649444580078
2.2421875,953.895263671875,30.351181030273438
2.2578125,953.909912109375,30.3526611328125
2.2734375,953.8992919921875,30.366989135742188
2.2890625,953.8815307617188,30.358543395996094
2.3046875,953.9099731445312,30.364784240722656
2.3203125,953.9506225585938,30.364051818847656
2.3359375,953.8831176757812,30.385360717773438
2.3515625,953.8941040039062,30.383529663085938
2.3671875,953.9280395507812,30.396385192871094
2.3828125,953.9185791015625,30.415870666503906
2.3984375,953.9204711914062,30.42394256591797
2.4140625,953.9080810546875,30.446739196777344
2.4296875,953.942626953125,30.45849609375
2.4453125,953.95458984375,30.45812225341797
2.4609375,953.9976196289062,30.47833251953125
2.4765625,953.9768676757812,30.47760772705078
2.4921875,953.958251953125,30.48017120361328
2.5078125,953.9794311523438,30.504066467285156
2.5234375,953.9471435546875,30.504066467285156
2.5390625,953.9926147460938,30.504791259765625
2.5546875,954.0022583007812,30.5301513671875
2.5703125,953.9957885742188,30.527572631835938
2.5859375,953.9495239257812,30.534934997558594
2.6015625,953.993896484375,30.569107055664062
2.6171875,953.9536743164062,30.577560424804688
2.6328125,953.9102783203125,30.58159637451172
2.6484375,953.8915405273438,30.594825744628906
2.6640625,953.9124755859375,30.59667205810547
2.6796875,953.9013061523438,30.614669799804688
2.6953125,953.8978881835938,30.645538330078125
2.7109375,953.928955078125,30.63561248779297
2.7265625,953.908203125,30.639297485351562
2.7421875,953.9085693359375,30.65068817138672
2.7578125,953.90966796875,30.663917541503906
2.7734375,953.9319458007812,30.670166015625
2.7890625,953.9063110351562,30.6705322265625
2.8046875,953.9069213867188,30.67273712158203
2.8203125,953.917236328125,30.6712646484375
2.8359375,953.9004516601562,30.677146911621094
2.8515625,953.9075317382812,30.67273712158203
2.8671875,953.904052734375,30.670166015625
2.8828125,953.9027099609375,30.649948120117188
2.8984375,953.913818359375,30.639663696289062
2.9140625,953.918701171875,30.6348876953125
2.9296875,953.9224853515625,30.63561248779297
2.9453125,953.8968505859375,30.61944580078125
2.9609375,953.9126586914062,30.59850311279297
2.9765625,953.909912109375,30.588577270507812
2.9921875,953.9005126953125,30.58159637451172
3.0078125,953.925048828125,30.560646057128906
3.0234375,953.8929443359375,30.56763458251953
3.0390625,953.9224243164062,30.550369262695312
3.0546875,953.9027709960938,30.536392211914062
3.0703125,953.913330078125,30.533828735351562
3.0859375,953.8981323242188,30.52794647216797
3.1015625,953.9113159179688,30.494140625
3.1171875,953.8989868164062,30.491195678710938
3.1328125,953.923828125,30.466583251953125
3.1484375,953.9122924804688,30.450775146484375
3.1640625,953.9239501953125,30.439376831054688
3.1796875,953.905517578125,30.436073303222656
3.1953125,953.9188842773438,30.40484619140625
3.2109375,953.90625,30.3890380859375
3.2265625,953.9136352539062,30.373977661132812
3.2421875,953.9192504882812,30.375808715820312
3.2578125,953.9243774414062,30.361480712890625
3.2734375,953.9180297851562,30.344207763671875
3.2890625,953.9193725585938,30.330978393554688
3.3046875,953.9114379882812,30.339431762695312
3.3203125,953.8967895507812,30.304153442382812
3.3359375,953.9200439453125,30.275482177734375
3.3515625,953.9166870117188,30.261154174804688
3.3671875,953.921875,30.24609375
3.3828125,953.9185791015625,30.242782592773438
3.3984375,953.915283203125,30.224403381347656
3.4140625,953.9295654296875,30.21485137939453
3.4296875,953.9113159179688,30.19573974609375
3.4453125,953.9260864257812,30.188392639160156
3.4609375,953.9146728515625,30.170021057128906
3.4765625,953.9241333007812,30.168922424316406
3.4921875,953.9366455078125,30.156417846679688
3.5078125,953.9395751953125,30.133644104003906
3.5234375,953.91162109375,30.117462158203125
3.5390625,953.9088134765625,30.118209838867188
3.5546875,953.9262084960938,30.097991943359375
3.5703125,953.927734375,30.08879852294922
3.5859375,953.9287109375,30.077041625976562
3.6015625,953.9359130859375,30.061981201171875
3.6171875,953.9248046875,30.050216674804688
3.6328125,953.9278564453125,30.045074462890625
3.6484375,953.9147338867188,30.01934814453125
3.6640625,953.9163818359375,30.01567840576172
3.6796875,953.9339599609375,30.005760192871094
3.6953125,953.921630859375,29.993988037109375
3.7109375,953.9246826171875,29.993255615234375
3.7265625,953.924560546875,29.98480987548828
3.7421875,953.920654296875,29.98554229736328
3.7578125,953.922607421875,29.962387084960938
3.7734375,953.9202880859375,29.954299926757812
3.7890625,953.9176635742188,29.94915771484375
3.8046875,953.9423217773438,29.9322509765625
3.8203125,953.9077758789062,29.93004608154297
3.8359375,953.9033203125,29.920867919921875
3.8515625,953.9395141601562,29.927108764648438
3.8671875,953.9149780273438,29.907997131347656
3.8828125,953.9077758789062,29.907638549804688
3.8984375,953.9292602539062,29.8958740234375
3.9140625,953.906005859375,29.881912231445312
3.9296875,953.9236450195312,29.884490966796875
3.9453125,953.9125366210938,29.87933349609375
3.9609375,953.891845703125,29.862442016601562
3.9765625,953.8948974609375,29.855079650878906
3.9921875,953.9329223632812,29.856185913085938
4.0078125,953.91162109375,29.85692596435547
4.0234375,953.907958984375,29.84332275390625
4.0390625,953.919189453125,29.847732543945312
4.0546875,953.9016723632812,29.849571228027344
4.0703125,953.912109375,29.82678985595703
4.0859375,953.884765625,29.831199645996094
4.1015625,953.9263916015625,29.837081909179688
4.1171875,953.9281616210938,29.818344116210938
4.1328125,953.9030151367188,29.821273803710938
4.1484375,953.896240234375,29.809524536132812
4.1640625,953.909912109375,29.809524536132812
4.1796875,953.9063110351562,29.813186645507812
4.1953125,953.9228515625,29.80657196044922
4.2109375,953.904296875,29.801437377929688
4.2265625,953.8887329101562,29.795921325683594
4.2421875,953.9102783203125,29.789306640625
4.2578125,953.8983154296875,29.785629272460938
4.2734375,953.9027709960938,29.784896850585938
4.2890625,953.907470703125,29.77570343017578
4.3046875,953.9119262695312,29.776451110839844
4.3203125,953.8958129882812,29.774246215820312
4.3359375,953.9219970703125,29.763946533203125
4.3515625,953.8784790039062,29.7547607421875
4.3671875,953.90625,29.765052795410156
4.3828125,953.8893432617188,29.761016845703125
4.3984375,953.905029296875,29.7547607421875
4.4140625,953.8889770507812,29.741531372070312
4.4296875,953.9157104492188,29.728668212890625
4.4453125,953.90185546875,29.742271423339844
4.4609375,953.9002685546875,29.732711791992188
4.4765625,953.9220581054688,29.73932647705078
4.4921875,953.8963012695312,29.732711791992188
4.5078125,953.9190673828125,29.73418426513672
4.5234375,953.9041748046875,29.73712158203125
4.5390625,953.9099731445312,29.724258422851562
4.5546875,953.9169921875,29.727195739746094
4.5703125,953.8850708007812,29.729774475097656
4.5859375,953.897216796875,29.725738525390625
4.6015625,953.9010620117188,29.729774475097656
4.6171875,953.8948364257812,29.728302001953125
4.6328125,953.8983154296875,29.721328735351562
4.6484375,953.8898315429688,29.709930419921875
4.6640625,953.8862915039062,29.710304260253906
4.6796875,953.9126586914062,29.709556579589844
4.6953125,953.8892211914062,29.709556579589844
4.7109375,953.9024047851562,29.695968627929688
4.7265625,953.9059448242188,29.689353942871094
4.7421875,953.899169921875,29.707725524902344
4.7578125,953.8968505859375,29.690460205078125
4.7734375,953.8903198242188,29.70220947265625
4.7890625,953.9035034179688,29.714340209960938
4.8046875,953.8849487304688,29.70331573486328
4.8203125,953.9161376953125,29.706993103027344
4.8359375,953.89794921875,29.695968627929688
4.8515625,953.914794921875,29.686782836914062
4.8671875,953.9126586914062,29.682373046875
4.8828125,953.927734375,29.682373046875
4.8984375,953.9093017578125,29.690460205078125
4.9140625,953.917236328125,29.670974731445312
4.9296875,953.9529418945312,29.669509887695312
4.9453125,953.9199829101562,29.669509887695312
4.9609375,953.9498291015625,29.672447204589844
4.9765625,953.9154663085938,29.662155151367188
4.9921875,953.93896484375,29.669143676757812
5.0078125,953.9802856445312,29.658485412597656
5.0234375,953.9242553710938,29.64781951904297
5.0390625,954.013427734375,29.641952514648438
5.0546875,954.0414428710938,29.640472412109375
5.0703125,953.9624633789062,29.64525604248047
5.0859375,954.0376586914062,29.643409729003906
5.1015625,954.047607421875,29.640106201171875
5.1171875,954.0419311523438,29.63092803955078
5.1328125,954.0218505859375,29.625045776367188
5.1484375,954.0039672851562,29.627975463867188
5.1640625,954.0132446289062,29.621360778808594
5.1796875,953.9563598632812,29.626144409179688
5.1953125,954.0440673828125,29.618797302246094
5.2109375,953.968017578125,29.627243041992188
5.2265625,953.970703125,29.634963989257812
5.2421875,954.0150756835938,29.63202667236328
5.2578125,954.056640625,29.63092803955078
5.2734375,953.9328002929688,29.626876831054688
5.2890625,954.0637817382812,29.640846252441406
5.3046875,954.0467529296875,29.66583251953125
5.3203125,953.9835205078125,29.695968627929688
5.3359375,953.968017578125,29.690460205078125
5.3515625,954.0037841796875,29.694122314453125
5.3671875,954.0836791992188,29.705520629882812
5.3828125,954.0101318359375,29.727195739746094
5.3984375,953.9967041015625,29.7198486328125
5.4140625,953.954833984375,29.743736267089844
5.4296875,954.0247192382812,29.75623321533203
5.4453125,954.0260009765625,29.75550079345703
5.4609375,953.9708251953125,29.786727905273438
5.4765625,953.9961547851562,29.80400848388672
5.4921875,954.0856323242188,29.82678985595703
5.5078125,954.0054321289062,29.849571228027344
5.5234375,953.9671020507812,29.850669860839844
5.5390625,954.0723266601562,29.872360229492188
5.5546875,954.073974609375,29.888153076171875
5.5703125,953.9320068359375,29.900283813476562
5.5859375,954.0528564453125,29.93335723876953
5.6015625,954.1552124023438,29.94915771484375
5.6171875,954.0337524414062,29.975990295410156
5.6328125,954.0489501953125,29.988479614257812
5.6484375,954.0120239257812,30.010894775390625
5.6640625,953.9419555664062,30.032943725585938
5.6796875,954.0659790039062,30.05095672607422
5.6953125,954.0521850585938,30.061981201171875
5.7109375,954.0042724609375,30.074844360351562
5.7265625,953.9900512695312,30.097991943359375
5.7421875,954.0491333007812,30.130691528320312
5.7578125,954.0404663085938,30.14429473876953
5.7734375,954.012451171875,30.15972900390625
5.7890625,953.9662475585938,30.187660217285156
5.8046875,954.0376586914062,30.188392639160156
5.8203125,953.9911499023438,30.219635009765625
5.8359375,953.9912109375,30.227706909179688
5.8515625,953.9932861328125,30.249755859375
5.8671875,953.9913330078125,30.258575439453125
5.8828125,954.1002807617188,30.2813720703125
5.8984375,953.946533203125,30.30194091796875
5.9140625,953.9916381835938,30.3177490234375
5.9296875,954.0553588867188,30.332809448242188
5.9453125,953.9451293945312,30.3548583984375
5.9609375,953.9796142578125,30.356338500976562
5.9765625,954.0580444335938,30.378013610839844
5.9921875,954.0009765625,30.396759033203125
6.0078125,954.0087890625,30.409255981445312
6.0234375,954.1493530273438,30.42578887939453
6.0390625,953.96630859375,30.436813354492188
6.0546875,953.9703979492188,30.466583251953125
6.0703125,953.9799194335938,30.494140625
6.0859375,954.0502319335938,30.49266815185547
6.1015625,954.034423828125,30.507003784179688
6.1171875,954.00537109375,30.524642944335938
6.1328125,953.9641723632812,30.538238525390625
6.1484375,954.00732421875,30.5654296875
6.1640625,954.0590209960938,30.569839477539062
6.1796875,953.9607543945312,30.590789794921875
6.1953125,954.0405883789062,30.60474395751953
6.2109375,953.94873046875,30.622024536132812
6.2265625,953.9785766601562,30.647010803222656
6.2421875,954.1143798828125,30.65068817138672
6.2578125,953.9359741210938,30.681915283203125
6.2734375,953.9205932617188,30.70691680908203
6.2890625,953.9583129882812,30.75542449951172
6.3046875,953.9732666015625,30.767547607421875
6.3203125,953.9583129882812,30.784088134765625
6.3359375,954.0335083007812,30.791427612304688
6.3515625,953.9869995117188,30.8123779296875
6.3671875,954.0028686523438,30.81531524658203
6.3828125,953.9630737304688,30.839210510253906
6.3984375,954.0216674804688,30.833328247070312
6.4140625,953.97265625,30.8494873046875
6.4296875,953.9981689453125,30.848388671875
6.4453125,953.8934936523438,30.870803833007812
6.4609375,954.0343627929688,30.874847412109375
6.4765625,954.0311279296875,30.887344360351562
6.4921875,953.9540405273438,30.906814575195312
6.5078125,953.9942626953125,30.891021728515625
6.5234375,954.0243530273438,30.911598205566406
6.5390625,953.9946899414062,30.910491943359375
6.5546875,953.9713134765625,30.933273315429688
6.5703125,953.9825439453125,30.931068420410156
6.5859375,954.0486450195312,30.93695068359375
6.6015625,954.0564575195312,30.945404052734375
6.6171875,954.1175537109375,30.966346740722656
6.6328125,954.1066284179688,30.963783264160156
6.6484375,954.0723266601562,30.96819305419922
6.6640625,953.9729614257812,30.993911743164062
6.6796875,953.9957885742188,30.999420166015625
6.6953125,953.927001953125,31.014495849609375
6.7109375,953.9158935546875,31.011192321777344
6.7265625,953.9365234375,31.02184295654297
6.7421875,953.8844604492188,31.011192321777344
6.7578125,953.9119873046875,31.017433166503906
6.7734375,953.904296875,31.028831481933594
6.7890625,953.9072265625,31.017433166503906
6.8046875,953.8917236328125,31.018165588378906
6.8203125,953.9091796875,31.013023376464844
6.8359375,953.9055786132812,31.020736694335938
6.8515625,953.9057006835938,31.008987426757812
6.8671875,953.9046020507812,31.00640869140625
6.8828125,953.8953857421875,30.991348266601562
6.8984375,953.9041137695312,30.980682373046875
6.9140625,953.9005737304688,30.97333526611328
6.9296875,953.9058227539062,30.963043212890625
6.9453125,953.9072265625,30.95386505126953
6.9609375,953.917724609375,30.93878936767578
6.9765625,953.9221801757812,30.91600799560547
6.9921875,953.9138793945312,30.91968536376953
7.0078125,953.9191284179688,30.911598205566406
7.0234375,953.935546875,30.895790100097656
7.0390625,953.9035034179688,30.871536254882812
7.0546875,953.9154663085938,30.859054565429688
7.0703125,953.9214477539062,30.845077514648438
7.0859375,953.909912109375,30.838104248046875
7.1015625,953.912109375,30.82854461669922
7.1171875,953.911865234375,30.81385040283203
7.1328125,953.9097290039062,30.798416137695312
7.1484375,953.9112548828125,30.772689819335938
7.1640625,953.9271850585938,30.771957397460938
7.1796875,953.9270629882812,30.745132446289062
7.1953125,953.9112548828125,30.734100341796875
7.2109375,953.9275512695312,30.70874786376953
7.2265625,953.9255981445312,30.695892333984375
7.2421875,953.9141235351562,30.68669891357422
7.2578125,953.9186401367188,30.676406860351562
7.2734375,953.9093627929688,30.663177490234375
7.2890625,953.9235229492188,30.658767700195312
7.3046875,953.9183349609375,30.626068115234375
7.3203125,953.9210205078125,30.61907958984375
7.3359375,953.9137573242188,30.613563537597656
7.3515625,953.9269409179688,30.58013153076172
7.3671875,953.9249267578125,30.58710479736328
7.3828125,953.9171752929688,30.58159637451172
7.3984375,953.9047241210938,30.5643310546875
7.4140625,953.9149169921875,30.54999542236328
7.4296875,953.9163818359375,30.538238525390625
7.4453125,953.9356079101562,30.517654418945312
7.4609375,953.9114379882812,30.506629943847656
7.4765625,953.9097290039062,30.4937744140625
7.4921875,953.919189453125,30.487525939941406
7.5078125,953.9305419921875,30.472824096679688
7.5234375,953.9058227539062,30.466583251953125
7.5390625,953.92138671875,30.462173461914062
7.5546875,953.9208984375,30.452606201171875
7.5703125,953.9318237304688,30.44195556640625
7.5859375,953.9259643554688,30.419906616210938
7.6015625,953.9238891601562,30.40814971923828
7.6171875,953.9227294921875,30.402267456054688
7.6328125,953.9370727539062,30.38720703125
7.6484375,953.9295654296875,30.38610076904297
7.6640625,953.9205322265625,30.37287139892578
7.6796875,953.9119873046875,30.37287139892578
7.6953125,953.9341430664062,30.361480712890625
7.7109375,953.940185546875,30.346038818359375
7.7265625,953.9237060546875,30.344207763671875
7.7421875,953.9241333007812,30.328033447265625
7.7578125,953.9075317382812,30.31444549560547
7.7734375,953.921142578125,30.304153442382812
7.7890625,953.928466796875,30.287986755371094
7.8046875,953.91796875,30.271804809570312
7.8203125,953.9169311523438,30.251602172851562
7.8359375,953.9119873046875,30.256370544433594
7.8515625,953.9375610351562,30.243515014648438
7.8671875,953.92138671875,30.23065948486328
7.8828125,953.9200439453125,30.218154907226562
7.8984375,953.9188232421875,30.221839904785156
7.9140625,953.9263305664062,30.206764221191406
7.9296875,953.915283203125,30.20861053466797
7.9453125,953.8993530273438,30.19207000732422
7.9609375,953.9161987304688,30.1781005859375
7.9765625,953.9149169921875,30.183609008789062
7.9921875,953.9153442382812,30.171485900878906
8.0078125,953.9213256835938,30.170753479003906
8.0234375,953.9140625,30.148704528808594
8.0390625,953.9119262695312,30.14612579345703
8.0546875,953.9116821289062,30.141357421875
8.0703125,953.9111328125,30.131797790527344
8.0859375,953.9144287109375,30.118942260742188
8.1015625,953.9191284179688,30.114898681640625
8.1171875,953.918701171875,30.108642578125
8.1328125,953.9180908203125,30.096519470214844
8.1484375,953.9066772460938,30.09064483642578
8.1640625,953.913330078125,30.09064483642578
8.1796875,953.9073486328125,30.08807373046875
8.1953125,953.9274291992188,30.07300567626953
8.2109375,953.9259033203125,30.067855834960938
8.2265625,953.921142578125,30.064186096191406
8.2421875,953.9064331054688,30.049484252929688
8.2578125,953.9032592773438,30.045448303222656
8.2734375,953.9088134765625,30.049484252929688
8.2890625,953.9032592773438,30.038833618164062
8.3046875,953.925537109375,30.039566040039062
8.3203125,953.9231567382812,30.044342041015625
8.3359375,953.9087524414062,30.01971435546875
8.3515625,953.9199829101562,30.025962829589844
8.3671875,953.9313354492188,30.01678466796875
8.3828125,953.8999633789062,30.030372619628906
8.3984375,953.9174194335938,29.99950408935547
8.4140625,953.93115234375,30.009796142578125
8.4296875,953.9303588867188,30.005760192871094
8.4453125,953.9049072265625,30.005760192871094
8.4609375,953.9157104492188,30.01751708984375
8.4765625,953.9150390625,29.997299194335938
8.4921875,953.928466796875,30.00501251220703
8.5078125,953.9172973632812,29.998397827148438
8.5234375,953.9310913085938,29.98480987548828
8.5390625,953.9242553710938,29.988479614257812
8.5546875,953.9205322265625,29.991058349609375
8.5703125,953.9242553710938,29.990325927734375
8.5859375,953.9124145507812,30.00060272216797
8.6015625,953.9043579101562,29.99694061279297
8.6171875,953.917724609375,29.995468139648438
8.6328125,953.923583984375,29.98296356201172
8.6484375,953.9235229492188,29.988479614257812
8.6640625,953.9223022460938,29.98627471923828
8.6796875,953.9094848632812,29.98333740234375
8.6953125,953.9224243164062,29.996192932128906
8.7109375,953.9236450195312,29.98333740234375
8.7265625,953.9158325195312,29.98150634765625
8.7421875,953.9203491210938,29.976348876953125
8.7578125,953.9067993164062,29.976348876953125
8.7734375,953.8966064453125,29.990325927734375
8.7890625,953.9302978515625,29.98150634765625
8.8046875,953.9161987304688,29.974517822265625
8.8203125,953.90771484375,29.972686767578125
8.8359375,953.9231567382812,29.98113250732422
8.8515625,953.9292602539062,29.977828979492188
8.8671875,953.8985595703125,29.972312927246094
8.8828125,953.9080810546875,29.966796875
8.8984375,953.9254760742188,29.96607208251953
8.9140625,953.9152221679688,29.962020874023438
8.9296875,953.9149169921875,29.962020874023438
8.9453125,953.9183959960938,29.959083557128906
8.9609375,953.931396484375,29.950637817382812
8.9765625,953.927490234375,29.942176818847656
8.9921875,953.9099731445312,29.956878662109375
9.0078125,953.9161376953125,29.956878662109375
9.0234375,953.9161376953125,29.956878662109375
9.0390625,953.9119873046875,29.94512176513672
9.0546875,953.9197998046875,29.944381713867188
9.0703125,953.9107666015625,29.94585418701172
9.0859375,953.94677734375,29.954673767089844
9.1015625,953.9506225585938,29.956878662109375
9.1171875,953.9287109375,29.955406188964844
9.1328125,953.931640625,29.959083557128906
9.1484375,953.9415283203125,29.962387084960938
9.1640625,953.938232421875,29.972312927246094
9.1796875,953.9451293945312,29.991783142089844
9.1953125,954.0032348632812,30.005760192871094
9.2109375,953.9987182617188,30.01751708984375
9.2265625,953.9806518554688,30.0355224609375
9.2421875,954.0291748046875,30.05462646484375
9.2578125,954.0184936523438,30.058303833007812
9.2734375,954.0559692382812,30.07006072998047
9.2890625,953.9668579101562,30.103134155273438
9.3046875,954.0173950195312,30.12261962890625
9.3203125,954.0562133789062,30.1409912109375
9.3359375,954.0706787109375,30.16266632080078
9.3515625,954.0291748046875,30.19097137451172
9.3671875,953.9884033203125,30.207862854003906
9.3828125,953.9871826171875,30.21485137939453
9.3984375,954.0415649414062,30.236167907714844
9.4140625,954.0502319335938,30.258216857910156
9.4296875,954.0237426757812,30.2843017578125
9.4453125,954.0413208007812,30.312973022460938
9.4609375,954.0220336914062,30.33318328857422
9.4765625,954.0664672851562,30.35669708251953
9.4921875,954.086669921875,30.359642028808594
9.5078125,954.0870361328125,30.395278930664062
9.5234375,954.0432739257812,30.415122985839844
9.5390625,954.0392456054688,30.42578887939453
9.5546875,953.9716186523438,30.45555877685547
9.5703125,954.0899658203125,30.47723388671875
9.5859375,954.0108642578125,30.499282836914062
9.6015625,954.0321655273438,30.533462524414062
9.6171875,953.9847412109375,30.556610107421875
9.6328125,954.0467529296875,30.577926635742188
9.6484375,954.0482788085938,30.5999755859375
9.6640625,954.0086669921875,30.6370849609375
9.6796875,954.048828125,30.648841857910156
9.6953125,953.982421875,30.69073486328125
9.7109375,954.0350341796875,30.712425231933594
9.7265625,954.0413818359375,30.731529235839844
9.7421875,954.0419921875,30.747329711914062
9.7578125,954.0322265625,30.765701293945312
9.7734375,954.0919799804688,30.80834197998047
9.7890625,954.0526123046875,30.824874877929688
9.8046875,954.0758666992188,30.84362030029297
9.8203125,954.065673828125,30.84986114501953
9.8359375,954.0364379882812,30.8829345703125
9.8515625,954.0499267578125,30.906814575195312
9.8671875,954.1298828125,30.929611206054688
9.8828125,954.1160888671875,30.93511962890625
9.8984375,954.0604248046875,30.960105895996094
9.9140625,954.1203002929688,30.982528686523438
9.9296875,954.1434936523438,31.002731323242188
9.9453125,954.10302734375,31.017433166503906
9.9609375,954.1050415039062,31.027725219726562
9.9765625,954.0689697265625,31.052337646484375
9.9921875,954.109130859375,31.07769775390625
10.0078125,954.0662231445312,31.083953857421875
10.0234375,954.1104736328125,31.11518096923828
10.0390625,954.13037109375,31.13208770751953
10.0546875,954.0662231445312,31.134666442871094
10.0703125,954.0826416015625,31.154869079589844
10.0859375,954.0673217773438,31.174713134765625
10.1015625,954.1057739257812,31.177658081054688
10.1171875,954.027099609375,31.205581665039062
10.1328125,954.0609741210938,31.239395141601562
10.1484375,954.05419921875,31.2720947265625
10.1640625,954.1339111328125,31.309585571289062
10.1796875,954.0354614257812,31.329055786132812
10.1953125,954.0983276367188,31.352577209472656
10.2109375,954.0396728515625,31.35698699951172
10.2265625,954.0693359375,31.39263916015625
10.2421875,954.0801391601562,31.389686584472656
10.2578125,954.1072998046875,31.401458740234375
10.2734375,954.1521606445312,31.42681121826172
10.2890625,954.0656127929688,31.42864990234375
10.3046875,954.017333984375,31.444808959960938
10.3203125,954.09130859375,31.462448120117188
10.3359375,954.114501953125,31.48303985595703
10.3515625,954.0603637695312,31.493316650390625
10.3671875,954.1312866210938,31.512435913085938
10.3828125,954.0369873046875,31.5186767578125
10.3984375,954.035888671875,31.53595733642578
10.4140625,954.081787109375,31.543670654296875
10.4296875,954.0604248046875,31.57379913330078
10.4453125,954.1226196289062,31.56682586669922
10.4609375,954.0974731445312,31.584823608398438
10.4765625,954.0543823242188,31.602462768554688
10.4921875,954.0382690429688,31.62340545654297
10.5078125,954.0581665039062,31.633697509765625
10.5234375,953.9606323242188,31.63921356201172
10.5390625,953.9659423828125,31.63994598388672
10.5546875,954.0497436523438,31.6590576171875
10.5703125,954.0126953125,31.668251037597656
10.5859375,953.9688110351562,31.674118041992188
10.6015625,953.962158203125,31.67522430419922
10.6171875,953.9533081054688,31.67522430419922
10.6328125,953.9497680664062,31.673019409179688
10.6484375,953.9191284179688,31.674118041992188
10.6640625,953.9395751953125,31.673385620117188
10.6796875,953.9256591796875,31.667877197265625
10.6953125,953.9155883789062,31.65758514404297
10.7109375,953.9175415039062,31.65868377685547
10.7265625,953.923095703125,31.64179229736328
10.7421875,953.9381103515625,31.633331298828125
10.7578125,953.9151611328125,31.6256103515625
10.7734375,953.9144287109375,31.60723876953125
10.7890625,953.9305419921875,31.591812133789062
10.8046875,953.928955078125,31.586669921875
10.8203125,953.917724609375,31.562042236328125
10.8359375,953.8973388671875,31.55284881591797
10.8515625,953.9071655273438,31.530441284179688
10.8671875,953.9049682617188,31.524185180664062
10.8828125,953.9013061523438,31.512435913085938
10.8984375,953.9031982421875,31.474220275878906
10.9140625,953.8963012695312,31.470909118652344
10.9296875,953.9098510742188,31.4481201171875
10.9453125,953.91943359375,31.4139404296875
10.9609375,953.8970336914062,31.405120849609375
10.9765625,953.90625,31.383445739746094
10.9921875,953.9160766601562,31.35771942138672
11.0078125,953.8848266601562,31.341552734375
11.0234375,953.9136352539062,31.315093994140625
11.0390625,953.9093627929688,31.295249938964844
11.0546875,953.9252319335938,31.276138305664062
11.0703125,953.9071655273438,31.260345458984375
11.0859375,953.9067993164062,31.241226196289062
11.1015625,953.9097290039062,31.230209350585938
11.1171875,953.9212036132812,31.207427978515625
11.1328125,953.9111328125,31.194931030273438
11.1484375,953.9039916992188,31.172508239746094
11.1640625,953.914794921875,31.150100708007812
11.1796875,953.9108276367188,31.141639709472656
11.1953125,953.9166259765625,31.124000549316406
11.2109375,953.9100341796875,31.121795654296875
11.2265625,953.9313354492188,31.0938720703125
11.2421875,953.9303588867188,31.07623291015625
11.2578125,953.91015625,31.065567016601562
11.2734375,953.91748046875,31.04351806640625
11.2890625,953.9169921875,31.030288696289062
11.3046875,953.9210815429688,31.021469116210938
11.3203125,953.9105834960938,31.013755798339844
11.3359375,953.9122924804688,31.00237274169922
11.3515625,953.9415893554688,30.99024200439453
11.3671875,953.9230346679688,30.963043212890625
11.3828125,953.9263305664062,30.9527587890625
11.3984375,953.9121704101562,30.942092895507812
11.4140625,953.9224853515625,30.920791625976562
11.4296875,953.9174194335938,30.91417694091797
11.4453125,953.9166870117188,30.911598205566406
11.4609375,953.9241943359375,30.895065307617188
11.4765625,953.9279174804688,30.881103515625
11.4921875,953.9253540039062,30.86125946044922
11.5078125,953.9049072265625,30.857208251953125
11.5234375,953.9302368164062,30.84728240966797
11.5390625,953.9232788085938,30.834426879882812
11.5546875,953.914794921875,30.818260192871094
11.5703125,953.91015625,30.81090545654297
11.5859375,953.909423828125,30.81200408935547
11.6015625,953.9358520507812,30.804656982421875
11.6171875,953.9059448242188,30.800979614257812
11.6328125,953.9234008789062,30.763870239257812
11.6484375,953.9130859375,30.75798797607422
11.6640625,953.9244995117188,30.763137817382812
11.6796875,953.903564453125,30.744400024414062
11.6953125,953.9231567382812,30.739990234375
11.7109375,953.9041748046875,30.72491455078125
11.7265625,953.8984985351562,30.712783813476562
11.7421875,953.9110717773438,30.70801544189453
11.7578125,953.9064331054688,30.698455810546875
11.7734375,953.8982543945312,30.69037628173828
11.7890625,953.9058227539062,30.68963623046875
11.8046875,953.9088134765625,30.68669891357422
11.8203125,953.905517578125,30.67420196533203
11.8359375,953.9119873046875,30.67089080810547
11.8515625,953.9135131835938,30.656204223632812
11.8671875,953.8988647460938,30.646278381347656
11.8828125,953.9093017578125,30.63819122314453
11.8984375,953.9083862304688,30.65399932861328
11.9140625,953.9208374023438,30.643707275390625
11.9296875,953.9144287109375,30.638565063476562
11.9453125,953.9306030273438,30.633407592773438
11.9609375,953.9223022460938,30.620925903320312
11.9765625,953.926513671875,30.628639221191406
11.9921875,953.907470703125,30.61834716796875
12.0078125,953.90234375,30.63636016845703
12.0234375,953.9052734375,30.61834716796875
12.0390625,953.9113159179688,30.61431121826172
12.0546875,953.9114379882812,30.608428955078125
12.0703125,953.9074096679688,30.59850311279297
12.0859375,953.9063110351562,30.59667205810547
12.1015625,953.904296875,30.613563537597656
12.1171875,953.9078979492188,30.598129272460938
12.1328125,953.9188232421875,30.59667205810547
12.1484375,953.9186401367188,30.5999755859375
12.1640625,953.9255981445312,30.5999755859375
12.1796875,953.9046630859375,30.59850311279297
12.1953125,953.9188232421875,30.592987060546875
12.2109375,953.9111328125,30.594825744628906
12.2265625,953.9071655273438,30.58710479736328
12.2421875,953.9088134765625,30.58344268798828
12.2578125,953.9085083007812,30.60108184814453
12.2734375,953.9256591796875,30.587478637695312
12.2890625,953.908203125,30.576828002929688
12.3046875,953.8993530273438,30.589683532714844
12.3203125,953.9091186523438,30.58159637451172
12.3359375,953.9028930664062,30.569839477539062
12.3515625,953.9071044921875,30.569839477539062
12.3671875,953.901611328125,30.574981689453125
12.3828125,953.923095703125,30.577186584472656
12.3984375,953.9215698242188,30.574981689453125
12.4140625,953.9021606445312,30.569839477539062
12.4296875,953.8986206054688,30.576828002929688
12.4453125,953.9041748046875,30.58159637451172
12.4609375,953.89990234375,30.579391479492188
12.4765625,953.9044189453125,30.571670532226562
12.4921875,953.9227294921875,30.579757690429688
12.5078125,953.9236450195312,30.573150634765625
12.5234375,953.9217529296875,30.569839477539062
12.5390625,953.90771484375,30.590057373046875
12.5546875,953.9108276367188,30.569839477539062
12.5703125,953.916015625,30.574623107910156
12.5859375,953.9153442382812,30.576828002929688
12.6015625,953.9220581054688,30.569839477539062
12.6171875,953.9225463867188,30.577186584472656
12.6328125,953.9085083007812,30.571311950683594
12.6484375,953.9227294921875,30.573516845703125
12.6640625,953.902099609375,30.56946563720703
12.6796875,953.916015625,30.56580352783203
12.6953125,953.9221801757812,30.568740844726562
12.7109375,953.9237060546875,30.550369262695312
12.7265625,953.9458618164062,30.554779052734375
12.7421875,953.937255859375,30.54558563232422
12.7578125,953.9596557617188,30.54705810546875
12.7734375,953.9585571289062,30.552932739257812
12.7890625,954.0010986328125,30.535293579101562
12.8046875,953.9730224609375,30.54485321044922
12.8203125,953.9453125,30.544113159179688
12.8359375,954.0521850585938,30.54779052734375
12.8515625,953.9891357421875,30.551467895507812
12.8671875,954.0528564453125,30.543380737304688
12.8828125,954.0974731445312,30.540443420410156
12.8984375,954.044677734375,30.521705627441406
12.9140625,954.0661010742188,30.533828735351562
12.9296875,954.0863647460938,30.527572631835938
12.9453125,954.1724243164062,30.526473999023438
12.9609375,954.2536010742188,30.531982421875
12.9765625,954.2188110351562,30.544113159179688
12.9921875,954.1602783203125,30.554405212402344
13.0078125,954.1983642578125,30.554405212402344
13.0234375,954.137939453125,30.577926635742188
13.0390625,954.1522216796875,30.58489990234375
13.0546875,954.1983642578125,30.61431121826172
13.0703125,954.1027221679688,30.666481018066406
13.0859375,954.1407470703125,30.732269287109375
13.1015625,954.0857543945312,30.74144744873047
13.1171875,954.16796875,30.805389404296875
13.1328125,954.08349609375,30.827438354492188
13.1484375,954.1166381835938,30.84803009033203
13.1640625,954.0972290039062,30.876693725585938
13.1796875,954.069580078125,30.89653778076172
13.1953125,954.1463012695312,30.93695068359375
13.2109375,954.0623779296875,30.939163208007812
13.2265625,954.106201171875,30.975540161132812
13.2421875,954.0949096679688,31.011550903320312
13.2578125,954.0985107421875,31.026626586914062
13.2734375,954.053955078125,31.044998168945312
13.2890625,954.1167602539062,31.073287963867188
13.3046875,954.126708984375,31.100845336914062
13.3203125,954.1593627929688,31.1317138671875
13.3359375,954.0787963867188,31.143844604492188
13.3515625,954.1044921875,31.152664184570312
13.3671875,954.1585083007812,31.1986083984375
13.3828125,954.1170043945312,31.212936401367188
13.3984375,954.0623168945312,31.23534393310547
13.4140625,954.0453491210938,31.255935668945312
13.4296875,954.1156005859375,31.271728515625
13.4453125,954.0430297851562,31.313621520996094
13.4609375,954.0704956054688,31.32501220703125
13.4765625,954.0548706054688,31.337875366210938
13.4921875,954.0950317382812,31.368743896484375
13.5078125,954.0538940429688,31.388587951660156
13.5234375,954.1131591796875,31.41504669189453
13.5390625,954.0505981445312,31.42681121826172
13.5546875,954.0386352539062,31.437469482421875
13.5703125,954.0667114257812,31.46723175048828
13.5859375,954.0438842773438,31.480087280273438
13.6015625,954.0589599609375,31.49626922607422
13.6171875,954.037841796875,31.511329650878906
13.6328125,954.03515625,31.53375244140625
13.6484375,954.0857543945312,31.543670654296875
13.6640625,954.0281982421875,31.568283081054688
13.6796875,954.0377807617188,31.568283081054688
13.6953125,954.0294189453125,31.586669921875
13.7109375,954.0545654296875,31.613128662109375
13.7265625,954.108642578125,31.628189086914062
13.7421875,954.1005249023438,31.64104461669922
13.7578125,954.0540161132812,31.64179229736328
13.7734375,954.0654296875,31.662734985351562
13.7890625,954.0471801757812,31.663467407226562
13.8046875,954.0651245117188,31.67890167236328
13.8203125,954.1007080078125,31.6954345703125
13.8359375,954.125732421875,31.701324462890625
13.8515625,954.072998046875,31.689926147460938
13.8671875,954.1163330078125,31.71417999267578
13.8828125,954.0528564453125,31.72998809814453
13.8984375,954.102783203125,31.735122680664062
13.9140625,954.1099853515625,31.74762725830078
13.9296875,954.0955810546875,31.7659912109375
13.9453125,954.0388793945312,31.78290557861328
13.9609375,954.0626831054688,31.778854370117188
13.9765625,954.0856323242188,31.792823791503906
13.9921875,954.12109375,31.80126953125
14.0078125,954.0460205078125,31.821121215820312
14.0234375,954.0718383789062,31.81487274169922
14.0390625,954.0550537109375,31.838760375976562
14.0546875,954.0974731445312,31.87476348876953
14.0703125,954.065185546875,31.894607543945312
14.0859375,954.0462036132812,31.912246704101562
14.1015625,954.0963745117188,31.92181396484375
14.1171875,954.1075439453125,31.92070770263672
14.1328125,954.0357055664062,31.9423828125
14.1484375,954.0748901367188,31.95782470703125
14.1640625,954.0841674804688,31.95745086669922
14.1796875,954.0812377929688,31.972152709960938
14.1953125,954.0676879882812,31.968475341796875
14.2109375,954.09130859375,31.97362518310547
14.2265625,954.1150512695312,31.99199676513672
14.2421875,954.1217041015625,31.99823760986328
14.2578125,954.0475463867188,31.99237060546875
14.2734375,954.10498046875,32.01477813720703
14.2890625,954.1072387695312,32.024696350097656
14.3046875,954.0669555664062,32.03462219238281
14.3203125,954.0709228515625,32.05115509033203
14.3359375,954.1262817382812,32.05005645751953
14.3515625,954.2069091796875,32.075050354003906
14.3671875,954.10302734375,32.08570861816406
14.3828125,954.123779296875,32.08570861816406
14.3984375,954.086669921875,32.08863830566406
14.4140625,954.1043701171875,32.10041046142578
14.4296875,954.0857543945312,32.11143493652344
14.4453125,954.1378173828125,32.11509704589844
14.4609375,954.1153564453125,32.127593994140625
14.4765625,954.1082763671875,32.145233154296875
14.4921875,954.0197143554688,32.143402099609375
14.5078125,954.115234375,32.13751983642578
14.5234375,954.0482788085938,32.15626525878906
14.5390625,954.1033325195312,32.15553283691406
14.5546875,954.115234375,32.17683410644531
14.5703125,954.1561279296875,32.17169189453125
14.5859375,954.0797729492188,32.1900634765625
14.6015625,954.1001586914062,32.211753845214844
14.6171875,954.1339111328125,32.20734405517578
14.6328125,954.0695190429688,32.21910095214844
14.6484375,954.1119384765625,32.235267639160156
14.6640625,954.1978149414062,32.2216796875
14.6796875,954.1270751953125,32.24555969238281
14.6953125,954.1468505859375,32.23821258544922
14.7109375,953.9476928710938,32.23894500732422
14.7265625,953.9076538085938,32.234535217285156
14.7421875,953.93115234375,32.233428955078125
14.7578125,953.9142456054688,32.21983337402344
14.7734375,953.928466796875,32.224609375
14.7890625,953.918701171875,32.216163635253906
14.8046875,953.91796875,32.21101379394531
14.8203125,953.910888671875,32.18455505371094
14.8359375,953.917236328125,32.17096710205078
14.8515625,953.907470703125,32.13972473144531
14.8671875,953.9205322265625,32.13200378417969
14.8828125,953.9210205078125,32.11436462402344
14.8984375,953.9132690429688,32.091217041015625
14.9140625,953.915771484375,32.08056640625
14.9296875,953.9241943359375,32.06549072265625
14.9453125,953.9185791015625,32.041236877441406
14.9609375,953.9172973632812,32.01587677001953
14.9765625,953.9088134765625,31.984649658203125
14.9921875,953.9093627929688,31.982444763183594
15.0078125,953.921142578125,31.951576232910156
15.0234375,953.9210205078125,31.952308654785156
15.0390625,953.9180908203125,31.912246704101562
15.0546875,953.9201049804688,31.894607543945312
15.0703125,953.9302978515625,31.896453857421875
15.0859375,953.925048828125,31.8714599609375
15.1015625,953.9130859375,31.838760375976562
15.1171875,953.9259033203125,31.824424743652344
15.1328125,953.93115234375,31.809364318847656
15.1484375,953.9295654296875,31.80054473876953
15.1640625,953.9346923828125,31.776290893554688
15.1796875,953.9293823242188,31.754974365234375
15.1953125,953.92724609375,31.74835205078125
15.2109375,953.9337158203125,31.720794677734375
15.2265625,953.938720703125,31.6925048828125
15.2421875,953.9210205078125,31.67742919921875
15.2578125,953.9196166992188,31.661636352539062
15.2734375,953.9401245117188,31.65943145751953
15.2890625,953.9338989257812,31.628921508789062
15.3046875,953.9147338867188,31.60687255859375
15.3203125,953.9287109375,31.5885009765625
15.3359375,953.92919921875,31.5892333984375
15.3515625,953.9244995117188,31.57086181640625
15.3671875,953.9364013671875,31.552490234375
15.3828125,953.9232788085938,31.541824340820312
15.3984375,953.9376831054688,31.52198028564453
15.4140625,953.9309692382812,31.505088806152344
15.4296875,953.92333984375,31.490753173828125
15.4453125,953.9231567382812,31.493316650390625
15.4609375,953.9287109375,31.46612548828125
15.4765625,953.9320068359375,31.46392822265625
15.4921875,953.9240112304688,31.444808959960938
15.5078125,953.9269409179688,31.4466552734375
15.5234375,953.9235229492188,31.422760009765625
15.5390625,953.9163818359375,31.403289794921875
15.5546875,953.9197998046875,31.40990447998047
15.5703125,953.9306640625,31.380508422851562
15.5859375,953.9414672851562,31.371688842773438
15.6015625,953.9149169921875,31.365074157714844
15.6171875,953.9285888671875,31.333465576171875
15.6328125,953.9278564453125,31.32538604736328
15.6484375,953.9114379882812,31.330902099609375
15.6640625,953.9329223632812,31.317672729492188
15.6796875,953.9244995117188,31.3055419921875
15.6953125,953.9227294921875,31.303695678710938
15.7109375,953.9315185546875,31.29010772705078
15.7265625,953.9176635742188,31.28680419921875
15.7421875,953.9166259765625,31.265113830566406
15.7578125,953.9144897460938,31.249679565429688
15.7734375,953.915283203125,31.23792266845703
15.7890625,953.9093627929688,31.25408935546875
15.8046875,953.9127197265625,31.239028930664062
15.8203125,953.9132080078125,31.23388671875
15.8359375,953.913818359375,31.226524353027344
15.8515625,953.9119262695312,31.22101593017578
15.8671875,953.9124755859375,31.208526611328125
15.8828125,953.8974609375,31.210357666015625
15.8984375,953.9000854492188,31.200439453125
15.9140625,953.9026489257812,31.201171875
15.9296875,953.923095703125,31.190887451171875
15.9453125,953.9232788085938,31.174354553222656
15.9609375,953.9197998046875,31.18059539794922
15.9765625,953.9019165039062,31.169944763183594
15.9921875,953.9193725585938,31.18059539794922
16.0078125,953.9235229492188,31.16112518310547
16.0234375,953.9065551757812,31.167739868164062
16.0390625,953.919189453125,31.160377502441406
16.0546875,953.9208984375,31.150100708007812
16.0703125,953.9036254882812,31.14862060546875
16.0859375,953.9183959960938,31.14348602294922
16.1015625,953.9119873046875,31.151199340820312
16.1171875,953.9121704101562,31.14569091796875
16.1328125,953.9127807617188,31.141281127929688
16.1484375,953.9236450195312,31.140174865722656
16.1640625,953.9349975585938,31.137229919433594
16.1796875,953.9083862304688,31.134666442871094
16.1953125,953.9093017578125,31.122894287109375
16.2109375,953.9075317382812,31.142013549804688
16.2265625,953.917236328125,31.12694549560547
16.2421875,953.9061279296875,31.12584686279297
16.2578125,953.9072265625,31.12694549560547
16.2734375,953.9073486328125,31.139434814453125
16.2890625,953.9205322265625,31.1298828125
16.3046875,953.9034423828125,31.123268127441406
16.3203125,953.896240234375,31.119964599609375
16.3359375,953.916748046875,31.130615234375
16.3515625,953.9088745117188,31.121063232421875
16.3671875,953.915771484375,31.119964599609375
16.3828125,953.9006958007812,31.10930633544922
16.3984375,953.8888549804688,31.104896545410156
16.4140625,953.9171752929688,31.121795654296875
16.4296875,953.9055786132812,31.09680938720703
16.4453125,953.907958984375,31.088363647460938
16.4609375,953.9113159179688,31.087615966796875
16.4765625,953.9183349609375,31.07696533203125
16.4921875,953.9132080078125,31.087989807128906
16.5078125,953.9046630859375,31.086158752441406
16.5234375,953.9069213867188,31.083953857421875
16.5390625,953.9119873046875,31.073654174804688
16.5546875,953.9158325195312,31.073287963867188
16.5703125,953.9139404296875,31.07586669921875
16.5859375,953.9112548828125,31.070350646972656
16.6015625,953.919677734375,31.052337646484375
16.6171875,953.9094848632812,31.047569274902344
16.6328125,953.911376953125,31.04462432861328
16.6484375,953.899169921875,31.044998168945312
16.6640625,953.906982421875,31.061904907226562
16.6796875,953.915771484375,31.04462432861328
16.6953125,953.9027709960938,31.046470642089844
16.7109375,953.9094848632812,31.050132751464844
16.7265625,953.909912109375,31.047195434570312
16.7421875,953.9072265625,31.04206085205078
16.7578125,953.9078979492188,31.052337646484375
16.7734375,953.9137573242188,31.050132751464844
16.7890625,953.8937377929688,31.026626586914062
16.8046875,953.9063110351562,31.030288696289062
16.8203125,953.905517578125,31.028457641601562
16.8359375,953.90771484375,31.02552032470703
16.8515625,953.9110717773438,31.016700744628906
16.8671875,953.9113159179688,31.0247802734375
16.8828125,953.912109375,31.013023376464844
16.8984375,953.899658203125,31.013755798339844
16.9140625,953.905029296875,31.033241271972656
16.9296875,953.9129638671875,31.020370483398438
16.9453125,953.9105224609375,31.018165588378906
16.9609375,953.9067993164062,31.02625274658203
16.9765625,953.920654296875,31.02184295654297
16.9921875,953.8927612304688,31.009719848632812
17.0078125,953.9189453125,31.00823974609375
17.0234375,953.9051513671875,31.015228271484375
17.0390625,953.9458618164062,31.00823974609375
17.0546875,953.9751586914062,30.993911743164062
17.0703125,954.0179443359375,31.00420379638672
17.0859375,954.0350341796875,31.00640869140625
17.1015625,953.9671020507812,30.993911743164062
17.1171875,954.0447387695312,30.98839569091797
17.1328125,954.080078125,30.979576110839844
17.1484375,954.00927734375,30.993911743164062
17.1640625,954.0376586914062,30.99024200439453
17.1796875,954.0276489257812,30.989501953125
17.1953125,954.0150756835938,30.993911743164062
17.2109375,954.07763671875,30.992080688476562
17.2265625,954.069580078125,30.996856689453125
17.2421875,954.0092163085938,31.00237274169922
17.2578125,954.0516357421875,31.01044464111328
17.2734375,954.056640625,31.014495849609375
17.2890625,954.06591796875,31.0233154296875
17.3046875,954.1104736328125,31.03765106201172
17.3203125,954.0621948242188,31.04206085205078
17.3359375,954.164794921875,31.070350646972656
17.3515625,954.0684814453125,31.088363647460938
17.3671875,954.0744018554688,31.104156494140625
17.3828125,954.0270385742188,31.130615234375
17.3984375,954.0684814453125,31.151199340820312
17.4140625,953.95703125,31.174713134765625
17.4296875,954.065673828125,31.180221557617188
17.4453125,954.0393676757812,31.230209350585938
17.4609375,954.1130981445312,31.245269775390625
17.4765625,954.0032348632812,31.264007568359375
17.4921875,954.0355834960938,31.298927307128906
17.5078125,954.1664428710938,31.328697204589844
17.5234375,954.0122680664062,31.348541259765625
17.5390625,954.2425537109375,31.3779296875
17.5546875,954.2119140625,31.39153289794922
17.5703125,954.2688598632812,31.444076538085938
17.5859375,954.2562255859375,31.476783752441406
17.6015625,954.2551879882812,31.492958068847656
17.6171875,954.3762817382812,31.526031494140625
17.6328125,954.2988891601562,31.53961944580078
17.6484375,954.4700317382812,31.57196044921875
17.6640625,954.3920288085938,31.577476501464844
17.6796875,954.3912963867188,31.60320281982422
17.6953125,954.3567504882812,31.630393981933594
17.7109375,954.2119140625,31.650238037109375
17.7265625,954.295654296875,31.682205200195312
17.7421875,954.2631225585938,31.700950622558594
17.7578125,954.2410888671875,31.719696044921875
17.7734375,954.208251953125,31.74835205078125
17.7890625,954.1005249023438,31.768569946289062
17.8046875,954.1240234375,31.78290557861328
17.8203125,954.1452026367188,31.80420684814453
17.8359375,954.1825561523438,31.81928253173828
17.8515625,954.1470336914062,31.83324432373047
17.8671875,954.245849609375,31.85382080078125
17.8828125,954.2107543945312,31.87366485595703
17.8984375,954.1840209960938,31.894607543945312
17.9140625,954.1353149414062,31.902328491210938
17.9296875,954.0709228515625,31.912994384765625
17.9453125,954.1119995117188,31.937973022460938
17.9609375,954.0918579101562,31.94532012939453
17.9765625,954.1499633789062,31.98059844970703
17.9921875,954.1067504882812,31.97693634033203
18.0078125,954.1996459960938,31.983551025390625
18.0234375,954.0939331054688,31.99237060546875
18.0390625,954.1611328125,31.99603271484375
18.0546875,954.1155395507812,31.996780395507812
18.0703125,954.1460571289062,32.004852294921875
18.0859375,954.1970825195312,32.00743103027344
18.1015625,954.1124877929688,32.000083923339844
18.1171875,954.1535034179688,32.022865295410156
18.1328125,954.1869506835938,32.024696350097656
18.1484375,954.2307739257812,32.03241729736328
18.1640625,954.2427978515625,32.038299560546875
18.1796875,954.2003784179688,32.04197692871094
18.1953125,954.2438354492188,32.04197692871094
18.2109375,954.15771484375,32.0460205078125
18.2265625,954.1885986328125,32.06144714355469
18.2421875,954.1297607421875,32.06144714355469
18.2578125,954.1447143554688,32.06879425048828
18.2734375,954.1819458007812,32.07725524902344
18.2890625,954.2000732421875,32.07872009277344
18.3046875,954.1422729492188,32.08680725097656
18.3203125,954.192626953125,32.09893798828125
18.3359375,954.228515625,32.10407257080078
18.3515625,954.17529296875,32.116943359375
18.3671875,954.1555786132812,32.126495361328125
18.3828125,954.177490234375,32.12391662597656
18.3984375,954.17724609375,32.13311004638672
18.4140625,954.209716796875,32.143402099609375
18.4296875,954.1982421875,32.14854431152344
18.4453125,954.1622314453125,32.163978576660156
18.4609375,954.126220703125,32.183448791503906
18.4765625,954.176513671875,32.195953369140625
18.4921875,954.1664428710938,32.201087951660156
18.5078125,954.1716918945312,32.212486267089844
18.5234375,954.2098999023438,32.232330322265625
18.5390625,954.2596435546875,32.23967742919922
18.5546875,954.241943359375,32.24224853515625
18.5703125,954.1834716796875,32.25621032714844
18.5859375,954.178955078125,32.26172637939453
18.6015625,954.2823486328125,32.27825927734375
18.6171875,954.2677612304688,32.285980224609375
18.6328125,954.2506103515625,32.302513122558594
18.6484375,954.1876831054688,32.30546569824219
18.6640625,954.282470703125,32.33338165283203
18.6796875,954.147216796875,32.34184265136719
18.6953125,954.095458984375,32.338897705078125
18.7109375,954.1561279296875,32.353973388671875
18.7265625,954.0810546875,32.374176025390625
18.7421875,954.2025756835938,32.375648498535156
18.7578125,954.1310424804688,32.392555236816406
18.7734375,954.2355346679688,32.390708923339844
18.7890625,954.1654663085938,32.40431213378906
18.8046875,954.20263671875,32.41386413574219
18.8203125,954.194580078125,32.429298400878906
18.8359375,954.1393432617188,32.436279296875
18.8515625,954.1585693359375,32.4344482421875
18.8671875,954.1763305664062,32.446205139160156
18.8828125,954.1021728515625,32.43186950683594
18.8984375,954.048828125,32.45024108886719
18.9140625,954.14453125,32.443267822265625
18.9296875,954.1491088867188,32.45796203613281
18.9453125,954.1231079101562,32.45832824707031
18.9609375,954.145263671875,32.45281982421875
18.9765625,954.0740966796875,32.462738037109375
18.9921875,954.0201416015625,32.45832824707031
19.0078125,954.161376953125,32.45649719238281
19.0234375,954.044677734375,32.45722961425781
19.0390625,954.0243530273438,32.45281982421875
19.0546875,954.0238647460938,32.461265563964844
19.0703125,954.0385131835938,32.448036193847656
19.0859375,953.9642944335938,32.43114471435547
19.1015625,953.9721069335938,32.41754150390625
19.1171875,953.9373168945312,32.40504455566406
19.1328125,953.9808959960938,32.39732360839844
19.1484375,953.9090576171875,32.37822723388672
19.1640625,953.9268798828125,32.36793518066406
19.1796875,953.9259033203125,32.35838317871094
19.1953125,953.9207763671875,32.334129333496094
19.2109375,953.9171752929688,32.31023406982422
19.2265625,953.9135131835938,32.28266906738281
19.2421875,953.932861328125,32.26282501220703
19.2578125,953.9016723632812,32.24041748046875
19.2734375,953.9317626953125,32.21800231933594
19.2890625,953.93310546875,32.19337463378906
19.3046875,953.9150390625,32.16655731201172
19.3203125,953.9338989257812,32.126495361328125
19.3359375,953.9240112304688,32.10407257080078
19.3515625,953.91162109375,32.075050354003906
19.3671875,953.9290161132812,32.051902770996094
19.3828125,953.9267578125,32.02654266357422
19.3984375,953.9105224609375,32.00559997558594
19.4140625,953.9203491210938,31.971420288085938
19.4296875,953.9199829101562,31.953414916992188
19.4453125,953.9193725585938,31.929527282714844
19.4609375,953.9337158203125,31.908584594726562
19.4765625,953.9317016601562,31.87366485595703
19.4921875,953.9312133789062,31.846473693847656
19.5078125,953.914794921875,31.827362060546875
19.5234375,953.9122314453125,31.811195373535156
19.5390625,953.9345703125,31.80054473876953
19.5546875,953.9275512695312,31.773338317871094
19.5703125,953.9481811523438,31.760108947753906
19.5859375,953.9277954101562,31.74762725830078
19.6015625,953.9336547851562,31.723731994628906
19.6171875,953.9312133789062,31.719322204589844
19.6328125,953.9457397460938,31.691757202148438
19.6484375,953.9389038085938,31.67559814453125
19.6640625,953.9301147460938,31.674118041992188
19.6796875,953.9395751953125,31.64179229736328
19.6953125,953.9417114257812,31.646560668945312
19.7109375,953.9271850585938,31.628921508789062
19.7265625,953.9403686523438,31.61974334716797
19.7421875,953.9412841796875,31.598419189453125
19.7578125,953.9384765625,31.586669921875
19.7734375,953.943359375,31.586669921875
19.7890625,953.915283203125,31.58740234375
19.8046875,953.9332885742188,31.583717346191406
19.8203125,953.9376831054688,31.560211181640625
19.8359375,953.9395751953125,31.560211181640625
19.8515625,953.940185546875,31.541824340820312
19.8671875,953.9252319335938,31.539260864257812
19.8828125,953.9315185546875,31.53375244140625
19.8984375,953.9356689453125,31.538894653320312
19.9140625,953.9332885742188,31.523452758789062
19.9296875,953.9418334960938,31.509498596191406
19.9453125,953.9405517578125,31.49993133544922
19.9609375,953.9342041015625,31.509498596191406
19.9765625,953.9297485351562,31.487449645996094
19.9921875,953.9383544921875,31.490013122558594
20.0078125,953.9295654296875,31.492218017578125
20.0234375,953.9442138671875,31.479354858398438
20.0390625,953.9405517578125,31.460617065429688
20.0546875,953.920654296875,31.46429443359375
20.0703125,953.9168701171875,31.455833435058594
20.0859375,953.9364624023438,31.46355438232422
20.1015625,953.927001953125,31.4473876953125
20.1171875,953.9348754882812,31.435630798339844
20.1328125,953.9163818359375,31.42864990234375
20.1484375,953.9216918945312,31.41063690185547
20.1640625,953.9337158203125,31.423507690429688
20.1796875,953.9230346679688,31.421302795410156
20.1953125,953.9269409179688,31.4110107421875
20.2109375,953.9259033203125,31.402191162109375
20.2265625,953.9238891601562,31.401817321777344
20.2421875,953.9225463867188,31.39740753173828
20.2578125,953.9234008789062,31.39153289794922
20.2734375,953.9228515625,31.3779296875
20.2890625,953.9197387695312,31.371688842773438
20.3046875,953.9208984375,31.35515594482422
20.3203125,953.9132690429688,31.341552734375
20.3359375,953.914794921875,31.348899841308594
20.3515625,953.924560546875,31.332000732421875
20.3671875,953.9073486328125,31.330902099609375
20.3828125,953.9126586914062,31.333106994628906
20.3984375,953.9212036132812,31.317672729492188
20.4140625,953.9107055664062,31.313621520996094
20.4296875,953.9091186523438,31.30810546875
20.4453125,953.8984375,31.294876098632812
20.4609375,953.8988647460938,31.297080993652344
20.4765625,953.9152221679688,31.29267120361328
20.4921875,953.9088134765625,31.282394409179688
20.5078125,953.8959350585938,31.277610778808594
20.5234375,953.9235229492188,31.264381408691406
20.5390625,953.9078979492188,31.2720947265625
20.5546875,953.912109375,31.260345458984375
20.5703125,953.9055786132812,31.25408935546875
20.5859375,953.9031982421875,31.23865509033203
20.6015625,953.9149169921875,31.23388671875
20.6171875,953.913818359375,31.227630615234375
20.6328125,953.9096069335938,31.2349853515625
20.6484375,953.9060668945312,31.221389770507812
20.6640625,953.9119262695312,31.225799560546875
20.6796875,953.917724609375,31.214767456054688
20.6953125,953.9059448242188,31.210357666015625
20.7109375,953.8958129882812,31.20264434814453
20.7265625,953.9041137695312,31.1993408203125
20.7421875,953.9127807617188,31.1986083984375
20.7578125,953.9078979492188,31.18132781982422
20.7734375,953.9163208007812,31.173606872558594
20.7890625,953.9149169921875,31.18280029296875
20.8046875,953.9165649414062,31.16295623779297
20.8203125,953.895263671875,31.16112518310547
20.8359375,953.9016723632812,31.160377502441406
20.8515625,953.9053955078125,31.160751342773438
20.8671875,953.9142456054688,31.152305603027344
20.8828125,953.9122924804688,31.159278869628906
20.8984375,953.9110717773438,31.14752197265625
20.9140625,953.9129638671875,31.144943237304688
20.9296875,953.913330078125,31.14569091796875
20.9453125,953.8990478515625,31.139076232910156
20.9609375,953.8900756835938,31.135765075683594
20.9765625,953.9022216796875,31.142013549804688
20.9921875,953.89990234375,31.134666442871094
21.0078125,953.9075317382812,31.125099182128906
21.0234375,953.9012451171875,31.12694549560547
21.0390625,953.9151611328125,31.117027282714844
21.0546875,953.9099731445312,31.120330810546875
21.0703125,953.9312133789062,31.124374389648438
21.0859375,953.951904296875,31.119964599609375
21.1015625,953.9305419921875,31.0938720703125
21.1171875,953.9435424804688,31.09680938720703
21.1328125,954.02099609375,31.09607696533203
21.1484375,954.0375366210938,31.087989807128906
21.1640625,954.0033569335938,31.087989807128906
21.1796875,954.0630493164062,31.07843780517578
21.1953125,954.038818359375,31.07769775390625
21.2109375,954.1964721679688,31.083206176757812
21.2265625,954.0625610351562,31.086517333984375
21.2421875,954.0844116210938,31.073287963867188
21.2578125,954.1798706054688,31.07402801513672
21.2734375,954.2534790039062,31.070350646972656
21.2890625,954.28662109375,31.052337646484375
21.3046875,954.1569213867188,31.070350646972656
21.3203125,954.0977172851562,31.070350646972656
21.3359375,954.3170776367188,31.07402801513672
21.3515625,954.126220703125,31.07769775390625
21.3671875,954.2544555664062,31.093505859375
21.3828125,954.3008422851562,31.107833862304688
21.3984375,954.2868041992188,31.109664916992188
21.4140625,954.1500854492188,31.119590759277344
21.4296875,954.4074096679688,31.13391876220703
21.4453125,954.294677734375,31.142379760742188
21.4609375,954.3356323242188,31.135391235351562
21.4765625,954.2907104492188,31.14642333984375
21.4921875,954.211669921875,31.1658935546875
21.5078125,953.9888916015625,31.193092346191406
21.5234375,954.1344604492188,31.209991455078125
21.5390625,954.111083984375,31.214401245117188
21.5546875,953.9978637695312,31.240127563476562
21.5703125,954.0650634765625,31.260345458984375
21.5859375,954.2188110351562,31.301864624023438
21.6015625,954.1864624023438,31.30810546875
21.6171875,954.1482543945312,31.317672729492188
21.6328125,954.1217041015625,31.361770629882812
21.6484375,954.0394287109375,31.382339477539062
21.6640625,954.0946655273438,31.41504669189453
21.6796875,954.1439819335938,31.441879272460938
21.6953125,954.1920166015625,31.492218017578125
21.7109375,954.2980346679688,31.545875549316406
21.7265625,954.3134765625,31.58740234375
21.7421875,954.3361206054688,31.62157440185547
21.7578125,954.2451171875,31.64362335205078
21.7734375,954.2825317382812,31.67596435546875
21.7890625,954.1752319335938,31.69213104248047
21.8046875,954.3226318359375,31.71270751953125
21.8203125,954.1985473632812,31.735122680664062
21.8359375,954.3077392578125,31.753494262695312
21.8515625,954.2396850585938,31.78290557861328
21.8671875,954.300537109375,31.788040161132812
21.8828125,954.27294921875,31.812301635742188
21.8984375,954.277099609375,31.828834533691406
21.9140625,954.322998046875,31.838027954101562
21.9296875,954.2737426757812,31.87035369873047
21.9453125,954.2583618164062,31.896087646484375
21.9609375,954.296875,31.90380096435547
21.9765625,954.2086791992188,31.919235229492188
21.9921875,954.293701171875,31.94165802001953
22.0078125,954.1907348632812,31.953414916992188
22.0234375,954.1758422851562,31.956344604492188
22.0390625,954.2268676757812,31.991622924804688
22.0546875,954.1730346679688,31.99237060546875
22.0703125,954.274169921875,32.001190185546875
22.0859375,954.1997680664062,32.0111083984375
22.1015625,954.2192993164062,32.02838134765625
22.1171875,954.3368530273438,32.03462219238281
22.1328125,954.1181640625,32.04638671875
22.1484375,954.2316284179688,32.06365966796875
22.1640625,954.3092651367188,32.06990051269531
22.1796875,954.2596435546875,32.072845458984375
22.1953125,954.3305053710938,32.091949462890625
22.2109375,954.230224609375,32.10444641113281
22.2265625,954.2877197265625,32.11509704589844
22.2421875,954.2539672851562,32.13714599609375
22.2578125,954.17138671875,32.14082336425781
22.2734375,954.11669921875,32.14155578613281
22.2890625,954.2571411132812,32.15626525878906
22.3046875,954.2653198242188,32.17683410644531
22.3203125,954.2918701171875,32.17169189453125
22.3359375,954.2745971679688,32.20036315917969
22.3515625,954.2869262695312,32.20072937011719
22.3671875,954.2470092773438,32.213592529296875
22.3828125,954.2177734375,32.22975158691406
22.3984375,954.2510986328125,32.23747253417969
22.4140625,954.171142578125,32.23967742919922
22.4296875,954.0906982421875,32.248497009277344
22.4453125,954.1704711914062,32.25254821777344
22.4609375,954.1505126953125,32.25585174560547
22.4765625,954.1884765625,32.2606201171875
22.4921875,954.2123413085938,32.267982482910156
22.5078125,954.2752075195312,32.285621643066406
22.5234375,954.1507568359375,32.29075622558594
22.5390625,954.0974731445312,32.282310485839844
22.5546875,954.1857299804688,32.299949645996094
22.5703125,954.1253662109375,32.302513122558594
22.5859375,954.1876831054688,32.299949645996094
22.6015625,954.2048950195312,32.2940673828125
22.6171875,954.194091796875,32.306922912597656
22.6328125,954.2581176757812,32.286346435546875
22.6484375,954.1395263671875,32.30987548828125
22.6640625,954.0923461914062,32.30546569824219
22.6796875,954.2113647460938,32.30839538574219
22.6953125,954.2487182617188,32.30546569824219
22.7109375,954.1390380859375,32.302154541015625
22.7265625,954.1476440429688,32.31097412109375
22.7421875,954.1593627929688,32.31023406982422
22.7578125,954.0874633789062,32.29664611816406
22.7734375,954.0784301757812,32.29186248779297
22.7890625,954.112548828125,32.29296875
22.8046875,954.029052734375,32.286346435546875
22.8203125,953.9512329101562,32.29296875
22.8359375,953.9298095703125,32.287452697753906
22.8515625,953.9495239257812,32.28083801269531
22.8671875,953.9572143554688,32.27863311767578
22.8828125,953.9684448242188,32.26246643066406
22.8984375,953.9459228515625,32.25547790527344
22.9140625,953.9451904296875,32.24629211425781
22.9296875,953.9299926757812,32.23600769042969
22.9453125,953.9313354492188,32.214691162109375
22.9609375,953.923828125,32.19374084472656
22.9765625,953.9193725585938,32.163246154785156
22.9921875,953.91748046875,32.145233154296875
23.0078125,953.9283447265625,32.124290466308594
23.0234375,953.916015625,32.1158447265625
23.0390625,953.9152221679688,32.08863830566406
23.0546875,953.9041137695312,32.06879425048828
23.0703125,953.9146728515625,32.04380798339844
23.0859375,953.9152221679688,32.02838134765625
23.1015625,953.8981323242188,31.996780395507812
23.1171875,953.9177856445312,31.97693634033203
23.1328125,953.9235229492188,31.94165802001953
23.1484375,953.923583984375,31.918136596679688
23.1640625,953.915283203125,31.902328491210938
23.1796875,953.9172973632812,31.87035369873047
23.1953125,953.930908203125,31.85161590576172
23.2109375,953.9093017578125,31.838760375976562
23.2265625,953.9230346679688,31.828834533691406
23.2421875,953.9124145507812,31.792449951171875
23.2578125,953.9058227539062,31.779220581054688
23.2734375,953.9104614257812,31.76268768310547
23.2890625,953.9280395507812,31.740264892578125
23.3046875,953.9203491210938,31.7296142578125
23.3203125,953.9247436523438,31.71087646484375
23.3359375,953.9186401367188,31.69213104248047
23.3515625,953.9210205078125,31.688827514648438
23.3671875,953.909912109375,31.671188354492188
23.3828125,953.9231567382812,31.654273986816406
23.3984375,953.917236328125,31.64179229736328
23.4140625,953.9297485351562,31.63848114013672
23.4296875,953.9157104492188,31.614585876464844
23.4453125,953.9353637695312,31.60430908203125
23.4609375,953.9320068359375,31.602462768554688
23.4765625,953.9121704101562,31.578948974609375
23.4921875,953.9319458007812,31.582992553710938
23.5078125,953.9208984375,31.55322265625
23.5234375,953.9347534179688,31.558364868164062
23.5390625,953.9351196289062,31.558731079101562
23.5546875,953.9238891601562,31.559104919433594
23.5703125,953.9352416992188,31.529701232910156
23.5859375,953.92578125,31.528236389160156
23.6015625,953.9322509765625,31.511329650878906
23.6171875,953.9347534179688,31.511329650878906
23.6328125,953.9298706054688,31.50213623046875
23.6484375,953.9296875,31.50434112548828
23.6640625,953.9298095703125,31.490386962890625
23.6796875,953.9116821289062,31.480087280273438
23.6953125,953.9364624023438,31.477523803710938
23.7109375,953.9104614257812,31.467605590820312
23.7265625,953.9208374023438,31.46429443359375
23.7421875,953.9300537109375,31.444808959960938
23.7578125,953.9186401367188,31.460243225097656
23.7734375,953.9237060546875,31.4481201171875
23.7890625,953.9236450195312,31.427169799804688
23.8046875,953.9144287109375,31.43048095703125
23.8203125,953.9267578125,31.423507690429688
23.8359375,953.9212036132812,31.421661376953125
23.8515625,953.919921875,31.412841796875
23.8671875,953.9028930664062,31.412109375
23.8828125,953.9039916992188,31.408798217773438
23.8984375,953.903564453125,31.388587951660156
23.9140625,953.9130249023438,31.4110107421875
23.9296875,953.9205932617188,31.406227111816406
23.9453125,953.9242553710938,31.388587951660156
23.9609375,953.9225463867188,31.397048950195312
23.9765625,953.9221801757812,31.386383056640625
23.9921875,953.9210815429688,31.37535858154297
24.0078125,953.9171142578125,31.367279052734375
24.0234375,953.9144287109375,31.36029052734375
24.0390625,953.9053955078125,31.35771942138672
24.0546875,953.915283203125,31.352577209472656
24.0703125,953.9034423828125,31.352203369140625
24.0859375,953.9147338867188,31.344131469726562
24.1015625,953.9180908203125,31.32538604736328
24.1171875,953.9066772460938,31.332359313964844
24.1328125,953.918701171875,31.312156677246094
24.1484375,953.9107666015625,31.317672729492188
24.1640625,953.9166259765625,31.327590942382812
24.1796875,953.9052124023438,31.315826416015625
24.1953125,953.90576171875,31.298927307128906
24.2109375,953.904052734375,31.298927307128906
24.2265625,953.9046020507812,31.294517517089844
24.2421875,953.9119873046875,31.30406951904297
24.2578125,953.9033203125,31.29010772705078
24.2734375,953.9068603515625,31.279083251953125
24.2890625,953.9086303710938,31.282394409179688
24.3046875,953.9030151367188,31.283126831054688
24.3203125,953.907958984375,31.274673461914062
24.3359375,953.9171752929688,31.262176513671875
24.3515625,953.9004516601562,31.266212463378906
24.3671875,953.9013671875,31.262176513671875
24.3828125,953.9130249023438,31.25335693359375
24.3984375,953.8948364257812,31.241958618164062
24.4140625,953.9031982421875,31.24932098388672
24.4296875,953.9027709960938,31.232040405273438
24.4453125,953.9022216796875,31.224693298339844
24.4609375,953.9181518554688,31.232040405273438
24.4765625,953.9112548828125,31.222862243652344
24.4921875,953.9091186523438,31.207427978515625
24.5078125,953.9165649414062,31.207427978515625
24.5234375,953.9237060546875,31.208526611328125
24.5390625,953.8969116210938,31.20264434814453
24.5546875,953.9059448242188,31.193824768066406
24.5703125,953.9144897460938,31.180221557617188
24.5859375,953.9132080078125,31.176559448242188
24.6015625,953.9141235351562,31.176559448242188
24.6171875,953.8956298828125,31.167739868164062
24.6328125,953.9066162109375,31.16112518310547
24.6484375,953.9065551757812,31.1658935546875
24.6640625,953.8956909179688,31.163330078125
24.6796875,953.9146118164062,31.152305603027344
24.6953125,953.8943481445312,31.14569091796875
24.7109375,953.9121704101562,31.154869079589844
24.7265625,953.8963012695312,31.137969970703125
24.7421875,953.9025268554688,31.14642333984375
24.7578125,953.9080200195312,31.135391235351562
24.7734375,953.9028930664062,31.140174865722656
24.7890625,953.9044799804688,31.12767791748047
24.8046875,953.9032592773438,31.142013549804688
24.8203125,953.9118041992188,31.1280517578125
24.8359375,953.91162109375,31.126571655273438
24.8515625,953.8971557617188,31.135025024414062
24.8671875,953.9141235351562,31.137603759765625
24.8828125,953.9077758789062,31.123268127441406
24.8984375,953.896240234375,31.13025665283203
24.9140625,953.91015625,31.1309814453125
24.9296875,953.90185546875,31.11518096923828
24.9453125,953.9241333007812,31.117027282714844
24.9609375,953.8998413085938,31.11041259765625
24.9765625,953.9033203125,31.118858337402344
24.9921875,953.8999633789062,31.118858337402344
25.0078125,953.96630859375,31.11224365234375
25.0234375,953.9633178710938,31.106735229492188
25.0390625,953.925048828125,31.11518096923828
25.0546875,953.9576416015625,31.120330810546875
25.0703125,953.905517578125,31.106735229492188
25.0859375,953.9142456054688,31.106735229492188
25.1015625,953.9387817382812,31.121795654296875
25.1171875,953.9169921875,31.119964599609375
25.1328125,953.9603881835938,31.120330810546875
25.1484375,953.97607421875,31.1287841796875
25.1640625,953.9409790039062,31.157073974609375
25.1796875,953.9061279296875,31.150100708007812
25.1953125,953.8988647460938,31.14642333984375
25.2109375,953.9445190429688,31.163330078125
25.2265625,953.9324951171875,31.18132781982422
25.2421875,953.9115600585938,31.209991455078125
25.2578125,953.8892822265625,31.230209350585938
25.2734375,953.9200439453125,31.247848510742188
25.2890625,953.9097290039062,31.27393341064453
25.3046875,953.8915405273438,31.282020568847656
25.3203125,953.9221801757812,31.317672729492188
25.3359375,953.8837890625,31.32391357421875
25.3515625,953.8551635742188,31.353683471679688
25.3671875,953.8801879882812,31.364700317382812
25.3828125,953.9105834960938,31.402191162109375
25.3984375,953.8881225585938,31.420196533203125
25.4140625,953.8778076171875,31.437835693359375
25.4296875,953.8801879882812,31.460617065429688
25.4453125,953.8722534179688,31.46502685546875
25.4609375,953.8936767578125,31.493690490722656
25.4765625,953.8540649414062,31.55469512939453
25.4921875,953.8451538085938,31.59143829345703
25.5078125,953.878662109375,31.636634826660156
25.5234375,953.834716796875,31.67852783203125
25.5390625,953.8700561523438,31.691024780273438
25.5546875,953.8646850585938,31.706092834472656
25.5703125,953.8602294921875,31.73365020751953
25.5859375,953.8712768554688,31.752761840820312
25.6015625,953.897705078125,31.758277893066406
25.6171875,953.8695678710938,31.785842895507812
25.6328125,953.8394165039062,31.791725158691406
25.6484375,953.8836669921875,31.80126953125
25.6640625,953.8636474609375,31.824798583984375
25.6796875,953.896484375,31.841690063476562
25.6953125,953.8826293945312,31.865585327148438
25.7109375,953.8831787109375,31.87255859375
25.7265625,953.8756103515625,31.899391174316406
25.7421875,953.960693359375,31.914093017578125
25.7578125,953.8999633789062,31.921066284179688
25.7734375,953.8844604492188,31.94165802001953
25.7890625,953.8955078125,31.96112823486328
25.8046875,953.904052734375,31.95929718017578
25.8203125,953.9044799804688,31.95598602294922
25.8359375,953.87841796875,31.986114501953125
25.8515625,953.9244384765625,31.999343872070312
25.8671875,953.9053955078125,32.00044250488281
25.8828125,953.8929443359375,32.01808166503906
25.8984375,953.8959350585938,32.02544403076172
25.9140625,953.8853149414062,32.02874755859375
25.9296875,953.922607421875,32.04564666748047
25.9453125,953.880126953125,32.05961608886719
25.9609375,953.8982543945312,32.06438446044922
25.9765625,953.9219970703125,32.075408935546875
25.9921875,953.922607421875,32.06292724609375
26.0078125,953.9118041992188,32.08607482910156
26.0234375,953.9098510742188,32.09893798828125
26.0390625,953.900390625,32.09893798828125
26.0546875,953.8908081054688,32.1158447265625
26.0703125,953.9200439453125,32.11620330810547
26.0859375,953.894287109375,32.11767578125
26.1015625,953.9512329101562,32.13862609863281
26.1171875,953.9407348632812,32.13641357421875
26.1328125,953.9035034179688,32.147071838378906
26.1484375,953.9099731445312,32.14155578613281
26.1640625,953.9481811523438,32.14854431152344
26.1796875,953.906982421875,32.15919494628906
26.1953125,953.9069213867188,32.17132568359375
26.2109375,953.920654296875,32.163978576660156
26.2265625,953.9063110351562,32.17096710205078
26.2421875,953.9337768554688,32.17242431640625
26.2578125,953.9578857421875,32.177581787109375
26.2734375,953.9285888671875,32.20880889892578
26.2890625,953.9483642578125,32.20036315917969
26.3046875,953.9420776367188,32.19226837158203
26.3203125,953.993896484375,32.20256042480469
26.3359375,953.944091796875,32.20146179199219
26.3515625,953.9428100585938,32.213958740234375
26.3671875,953.9482421875,32.217628479003906
26.3828125,953.9819946289062,32.214691162109375
26.3984375,954.0230102539062,32.215065002441406
26.4140625,954.0045776367188,32.215065002441406
26.4296875,953.9806518554688,32.216896057128906
26.4453125,953.9653930664062,32.22057342529297
26.4609375,953.9805908203125,32.215065002441406
26.4765625,953.9699096679688,32.215065002441406
26.4921875,953.9729614257812,32.20036315917969
26.5078125,953.9152221679688,32.199989318847656
26.5234375,953.9133911132812,32.20036315917969
26.5390625,953.9026489257812,32.20036315917969
26.5546875,953.9103393554688,32.19190979003906
26.5703125,953.9203491210938,32.20366668701172
26.5859375,953.908935546875,32.194114685058594
26.6015625,953.9205322265625,32.183448791503906
26.6171875,953.915283203125,32.15919494628906
26.6328125,953.9141235351562,32.15919494628906
26.6484375,953.892578125,32.15074920654297
26.6640625,953.9163208007812,32.14045715332031
26.6796875,953.9152221679688,32.14082336425781
26.6953125,953.9141235351562,32.13200378417969
26.7109375,953.916748046875,32.11509704589844
26.7265625,953.9115600585938,32.109954833984375
26.7421875,953.9093017578125,32.10041046142578
26.7578125,953.9183959960938,32.08533477783203
26.7734375,953.9169921875,32.075408935546875
26.7890625,953.9130249023438,32.072845458984375
26.8046875,953.9055786132812,32.06034851074219
26.8203125,953.9222412109375,32.04749298095703
26.8359375,953.9083862304688,32.024696350097656
26.8515625,953.918701171875,32.019927978515625
26.8671875,953.9199829101562,32.01808166503906
26.8828125,953.921630859375,31.981704711914062
26.8984375,953.9155883789062,31.97693634033203
26.9140625,953.9270629882812,31.962234497070312
26.9296875,953.8999633789062,31.95929718017578
26.9453125,953.9224243164062,31.92364501953125
26.9609375,953.9038696289062,31.912246704101562
26.9765625,953.8896484375,31.916656494140625
26.9921875,953.915771484375,31.896453857421875
27.0078125,953.91552734375,31.89019775390625
27.0234375,953.9298095703125,31.878448486328125
27.0390625,953.939453125,31.85235595703125
27.0546875,953.9124145507812,31.85015106201172
27.0703125,953.9259033203125,31.842437744140625
27.0859375,953.9083862304688,31.827362060546875
27.1015625,953.915283203125,31.807159423828125
27.1171875,953.929443359375,31.809364318847656
27.1328125,953.921875,31.793556213378906
27.1484375,953.9219970703125,31.78363037109375
27.1640625,953.9235229492188,31.770401000976562
27.1796875,953.9126586914062,31.7667236328125
27.1953125,953.9284057617188,31.756446838378906
27.2109375,953.9166259765625,31.72998809814453
27.2265625,953.9139404296875,31.73365020751953
27.2421875,953.9143676757812,31.7296142578125
27.2578125,953.9192504882812,31.70977020263672
27.2734375,953.9227905273438,31.695068359375
27.2890625,953.9105224609375,31.69654083251953
27.3046875,953.9183959960938,31.695068359375
27.3203125,953.9213256835938,31.682205200195312
27.3359375,953.9169921875,31.67707061767578
27.3515625,953.944580078125,31.665672302246094
27.3671875,953.9249267578125,31.65868377685547
27.3828125,953.917724609375,31.652442932128906
27.3984375,953.9122924804688,31.643997192382812
27.4140625,953.9275512695312,31.630393981933594
27.4296875,953.9149169921875,31.63921356201172
27.4453125,953.915771484375,31.62157440185547
27.4609375,953.9270629882812,31.61017608642578
27.4765625,953.912841796875,31.612022399902344
27.4921875,953.9201049804688,31.60723876953125
27.5078125,953.9220581054688,31.602828979492188
27.5234375,953.9180908203125,31.589599609375
27.5390625,953.91796875,31.60614013671875
27.5546875,953.9345703125,31.591079711914062
27.5703125,953.9288940429688,31.579681396484375
27.5859375,953.9319458007812,31.579307556152344
27.6015625,953.9098510742188,31.564620971679688
27.6171875,953.9190673828125,31.568283081054688
27.6328125,953.9249267578125,31.556533813476562
27.6484375,953.9212036132812,31.55322265625
27.6640625,953.9389038085938,31.55284881591797
27.6796875,953.9208984375,31.548439025878906
27.6953125,953.9288330078125,31.545135498046875
27.7109375,953.9285888671875,31.545135498046875
27.7265625,953.9225463867188,31.538162231445312
27.7421875,953.921875,31.54918670654297
27.7578125,953.9342651367188,31.53631591796875
27.7734375,953.9216918945312,31.524185180664062
27.7890625,953.9150390625,31.524559020996094
27.8046875,953.926513671875,31.512435913085938
27.8203125,953.92529296875,31.509498596191406
27.8359375,953.9303588867188,31.51573944091797
27.8515625,953.9082641601562,31.51573944091797
27.8671875,953.9285888671875,31.49810028076172
27.8828125,953.9046630859375,31.50324249267578
27.8984375,953.9405517578125,31.49810028076172
27.9140625,953.9017944335938,31.50067901611328
27.9296875,953.913330078125,31.496994018554688
27.9453125,953.9261474609375,31.490386962890625
27.9609375,953.9326171875,31.488548278808594
27.9765625,953.9007568359375,31.473472595214844
27.9921875,953.9149169921875,31.475318908691406
28.0078125,953.9252319335938,31.48303985595703
28.0234375,953.9223022460938,31.470169067382812
28.0390625,953.9264526367188,31.46723175048828
28.0546875,953.9261474609375,31.460617065429688
28.0703125,953.9362182617188,31.46429443359375
28.0859375,953.9138793945312,31.444808959960938
28.1015625,953.919189453125,31.445556640625
28.1171875,953.9186401367188,31.440399169921875
28.1328125,953.9246826171875,31.4481201171875
28.1484375,953.9188842773438,31.433059692382812
28.1640625,953.906005859375,31.433059692382812
28.1796875,953.9174194335938,31.433059692382812
28.1953125,953.9334716796875,31.414688110351562
28.2109375,953.9251098632812,31.424964904785156
28.2265625,953.9249267578125,31.41431427001953
28.2421875,953.9208374023438,31.402191162109375
28.2578125,953.9238891601562,31.419097900390625
28.2734375,953.9207763671875,31.403289794921875
28.2890625,953.9227294921875,31.41614532470703
28.3046875,953.9240112304688,31.398880004882812
28.3203125,953.9205322265625,31.400352478027344
28.3359375,953.9147338867188,31.389686584472656
28.3515625,953.922607421875,31.3760986328125
28.3671875,953.9415893554688,31.39263916015625
28.3828125,953.9361572265625,31.369842529296875
28.3984375,953.9451904296875,31.369842529296875
28.4140625,953.9553833007812,31.366912841796875
28.4296875,954.0016479492188,31.361770629882812
28.4453125,953.9856567382812,31.345230102539062
28.4609375,954.0132446289062,31.347061157226562
28.4765625,953.9967041015625,31.332733154296875
28.4921875,954.09326171875,31.333465576171875
28.5078125,954.0988159179688,31.336769104003906
28.5234375,954.1170654296875,31.336769104003906
28.5390625,954.0034790039062,31.32170867919922
28.5546875,954.0480346679688,31.333106994628906
28.5703125,954.0623168945312,31.334205627441406
28.5859375,954.0916748046875,31.32538604736328
28.6015625,953.9766235351562,31.32538604736328
28.6171875,954.2007446289062,31.317672729492188
28.6328125,954.143798828125,31.32501220703125
28.6484375,954.0985107421875,31.319129943847656
28.6640625,954.1798095703125,31.327590942382812
28.6796875,954.0527954101562,31.332733154296875
28.6953125,954.0604248046875,31.31987762451172
28.7109375,954.1290893554688,31.32501220703125
28.7265625,954.0979614257812,31.353683471679688
28.7421875,954.0003662109375,31.337875366210938
28.7578125,954.0877685546875,31.3433837890625
28.7734375,954.07763671875,31.356613159179688
28.7890625,954.0986328125,31.35956573486328
28.8046875,954.033203125,31.3760986328125
28.8203125,954.2106323242188,31.37976837158203
28.8359375,954.0818481445312,31.398880004882812
28.8515625,954.094482421875,31.40807342529297
28.8671875,954.1251831054688,31.421661376953125
28.8828125,954.1392211914062,31.444808959960938
28.8984375,954.1289672851562,31.457679748535156
28.9140625,954.2246704101562,31.462448120117188
28.9296875,954.218505859375,31.486343383789062
28.9453125,954.130615234375,31.508392333984375
28.9609375,954.190185546875,31.507293701171875
28.9765625,954.003662109375,31.511329650878906
28.9921875,954.1021118164062,31.515365600585938
29.0078125,954.1395263671875,31.538894653320312
29.0234375,954.1018676757812,31.566452026367188
29.0390625,954.00537109375,31.576370239257812
29.0546875,954.0015258789062,31.589599609375
29.0703125,954.0864868164062,31.5892333984375
29.0859375,954.055419921875,31.61974334716797
29.1015625,954.1122436523438,31.645828247070312
29.1171875,954.1195678710938,31.652069091796875
29.1328125,954.0394897460938,31.65868377685547
29.1484375,954.1693725585938,31.673019409179688
29.1640625,953.9746704101562,31.684783935546875
29.1796875,954.0714721679688,31.684417724609375
29.1953125,954.0892944335938,31.689552307128906
29.2109375,954.0139770507812,31.69139862060547
29.2265625,954.0912475585938,31.716384887695312
29.2421875,954.081787109375,31.716384887695312
29.2578125,954.0363159179688,31.74762725830078
29.2734375,954.1763305664062,31.76709747314453
29.2890625,954.0426635742188,31.787673950195312
29.3046875,954.11279296875,31.79723358154297
29.3203125,954.1275024414062,31.79869842529297
29.3359375,954.1264038085938,31.809364318847656
29.3515625,954.1650390625,31.813026428222656
29.3671875,954.196533203125,31.821487426757812
29.3828125,954.1477661132812,31.824424743652344
29.3984375,954.092529296875,31.834716796875
29.4140625,954.1090698242188,31.844268798828125
29.4296875,954.0729370117188,31.849777221679688
29.4453125,954.1152954101562,31.842437744140625
29.4609375,954.2054443359375,31.87035369873047
29.4765625,954.1388549804688,31.871826171875
29.4921875,954.0631103515625,31.877342224121094
29.5078125,954.0535888671875,31.88726806640625
29.5234375,954.0323486328125,31.885787963867188
29.5390625,954.0909423828125,31.910789489746094
29.5546875,954.0257568359375,31.90563201904297
29.5703125,954.1621704101562,31.91004180908203
29.5859375,954.1123046875,31.91004180908203
29.6015625,954.029296875,31.92254638671875
29.6171875,954.0729370117188,31.915557861328125
29.6328125,954.1021728515625,31.919235229492188
29.6484375,953.991943359375,31.931365966796875
29.6640625,954.0887451171875,31.934669494628906
29.6796875,953.9874877929688,31.94165802001953
29.6953125,953.9140625,31.947166442871094
29.7109375,953.9205322265625,31.947166442871094
29.7265625,953.9277954101562,31.94165802001953
29.7421875,953.9051513671875,31.93981170654297
29.7578125,953.9168701171875,31.95745086669922
29.7734375,953.9072265625,31.95598602294922
29.7890625,953.901123046875,31.952308654785156
29.8046875,953.8989868164062,31.934669494628906
29.8203125,953.9163818359375,31.92291259765625
29.8359375,953.9086303710938,31.92437744140625
29.8515625,953.9153442382812,31.917404174804688
29.8671875,953.9146728515625,31.919235229492188
29.8828125,953.9130249023438,31.910789489746094
29.8984375,953.9169311523438,31.900497436523438
29.9140625,953.908203125,31.909683227539062
29.9296875,953.8988647460938,31.902694702148438
29.9453125,953.9113159179688,31.879173278808594
29.9609375,953.9102172851562,31.85529327392578
29.9765625,953.8965454101562,31.84905242919922
29.9921875,953.913818359375,31.834716796875
30.0078125,953.9093627929688,31.831771850585938
30.0234375,953.9126586914062,31.808616638183594
30.0390625,953.9103393554688,31.797592163085938
30.0546875,953.9039916992188,31.772979736328125
30.0703125,953.9199829101562,31.775184631347656
30.0859375,953.9005126953125,31.761581420898438
30.1015625,953.9147338867188,31.73365020751953
30.1171875,953.9059448242188,31.720794677734375
30.1328125,953.9046630859375,31.69139862060547
30.1484375,953.9274291992188,31.685142517089844
30.1640625,953.9202880859375,31.674118041992188
30.1796875,953.9323120117188,31.66015625
30.1953125,953.9225463867188,31.635910034179688
30.2109375,953.94287109375,31.627456665039062
30.2265625,953.9581909179688,31.614227294921875
30.2421875,953.9437255859375,31.598419189453125
30.2578125,953.9373779296875,31.580055236816406
30.2734375,953.9415283203125,31.55725860595703
30.2890625,953.9464721679688,31.542198181152344
30.3046875,953.9526977539062,31.539993286132812
30.3203125,953.953125,31.51647186279297
30.3359375,953.9549560546875,31.502883911132812
30.3515625,953.9542236328125,31.49810028076172
30.3671875,953.9549560546875,31.48119354248047
30.3828125,953.9269409179688,31.468338012695312
30.3984375,953.9400024414062,31.452529907226562
30.4140625,953.950439453125,31.444808959960938
30.4296875,953.9537963867188,31.43122100830078
30.4453125,953.952392578125,31.4139404296875
30.4609375,953.9442138671875,31.4102783203125
30.4765625,953.9528198242188,31.39263916015625
30.4921875,953.9540405273438,31.368743896484375
30.5078125,953.9606323242188,31.371688842773438
30.5234375,953.9478149414062,31.355880737304688
30.5390625,953.9533081054688,31.345962524414062
30.5546875,953.9451904296875,31.31987762451172
30.5703125,953.9360961914062,31.333106994628906
30.5859375,953.9426879882812,31.313621520996094
30.6015625,953.9324951171875,31.302597045898438
30.6171875,953.9420776367188,31.298187255859375
30.6328125,953.9339599609375,31.28569793701172
30.6484375,953.9476318359375,31.276138305664062
30.6640625,953.9454345703125,31.25629425048828
30.6796875,953.946533203125,31.246742248535156
30.6953125,953.9300537109375,31.241958618164062
30.7109375,953.9367065429688,31.2349853515625
30.7265625,953.9180908203125,31.226524353027344
30.7421875,953.9160766601562,31.21697998046875
30.7578125,953.9300537109375,31.205581665039062
30.7734375,953.934814453125,31.195655822753906
30.7890625,953.9166259765625,31.176185607910156
30.8046875,953.9270629882812,31.167739868164062
30.8203125,953.9222412109375,31.167739868164062
30.8359375,953.9203491210938,31.158546447753906
30.8515625,953.9182739257812,31.137969970703125
30.8671875,953.9192504882812,31.150100708007812
30.8828125,953.9155883789062,31.134666442871094
30.8984375,953.9027709960938,31.1287841796875
30.9140625,953.9033203125,31.107833862304688
