# Time (seconds),Pressure,Temp
0.0078125,952.797607421875,27.786163330078125
0.0234375,952.7098999023438,27.79534912109375
0.0390625,952.7107543945312,27.790199279785156
0.0546875,952.7210083007812,27.800865173339844
0.0703125,952.7077026367188,27.785789489746094
0.0859375,952.714599609375,27.77623748779297
0.1015625,952.7196044921875,27.76483917236328
0.1171875,952.7215576171875,27.781753540039062
0.1328125,952.7046508789062,27.772933959960938
0.1484375,952.7223510742188,27.787261962890625
0.1640625,952.7135620117188,27.785057067871094
0.1796875,952.7425537109375,27.798660278320312
0.1953125,952.7093505859375,27.769996643066406
0.2109375,952.7094116210938,27.77806854248047
0.2265625,952.7061767578125,27.771827697753906
0.2421875,952.7036743164062,27.7791748046875
0.2578125,952.71044921875,27.783226013183594
0.2734375,952.7202758789062,27.769996643066406
0.2890625,952.727294921875,27.7791748046875
0.3046875,952.7098388671875,27.785789489746094
0.3203125,952.7110595703125,27.776611328125
0.3359375,952.7077026367188,27.77696990966797
0.3515625,952.7190551757812,27.769248962402344
0.3671875,952.7081909179688,27.768150329589844
0.3828125,952.7313842773438,27.785430908203125
0.3984375,952.7068481445312,27.785057067871094
0.4140625,952.706787109375,27.76483917236328
0.4296875,952.7328491210938,27.784324645996094
0.4453125,952.7096557617188,27.774032592773438
0.4609375,952.70263671875,27.789466857910156
0.4765625,952.7430419921875,27.793502807617188
0.4921875,952.7160034179688,27.798660278320312
0.5078125,952.7117919921875,27.785057067871094
0.5234375,952.7174682617188,27.776611328125
0.5390625,952.7190551757812,27.781021118164062
0.5546875,952.7034301757812,27.7791748046875
0.5703125,952.7062377929688,27.781753540039062
0.5859375,952.7232666015625,27.785057067871094
0.6015625,952.7317504882812,27.781021118164062
0.6171875,952.719482421875,27.781021118164062
0.6328125,952.7034301757812,27.772560119628906
0.6484375,952.7216186523438,27.7791748046875
0.6640625,952.7193603515625,27.772933959960938
0.6796875,952.71630859375,27.764480590820312
0.6953125,952.7184448242188,27.7791748046875
0.7109375,952.719970703125,27.785789489746094
0.7265625,952.7349243164062,27.7791748046875
0.7421875,952.7391357421875,27.764114379882812
0.7578125,952.7076416015625,27.76300811767578
0.7734375,952.7075805664062,27.7791748046875
0.7890625,952.7091674804688,27.764480590820312
0.8046875,952.7154541015625,27.769996643066406
0.8203125,952.7333374023438,27.77550506591797
0.8359375,952.7196044921875,27.769248962402344
0.8515625,952.70703125,27.767417907714844
0.8671875,952.7182006835938,27.76483917236328
0.8828125,952.7035522460938,27.77734375
0.8984375,952.7054443359375,27.776611328125
0.9140625,952.7077026367188,27.76300811767578
0.9296875,952.7075805664062,27.76483917236328
0.9453125,952.7155151367188,27.767417907714844
0.9609375,952.7031860351562,27.764480590820312
0.9765625,952.7698364257812,27.754188537597656
0.9921875,953.0767822265625,27.767417907714844
1.0078125,954.014404296875,27.772933959960938
1.0234375,954.1331787109375,27.764114379882812
1.0390625,953.5850830078125,27.763381958007812
1.0546875,953.6560668945312,27.751251220703125
1.0703125,953.9691772460938,27.754188537597656
1.0859375,953.9097290039062,27.75859832763672
1.1015625,954.0457763671875,27.746475219726562
1.1171875,953.6234130859375,27.74463653564453
1.1328125,953.891357421875,27.745742797851562
1.1484375,954.0528564453125,27.749404907226562
1.1640625,954.5697631835938,27.747573852539062
1.1796875,954.482421875,27.74463653564453
1.1953125,954.6546630859375,27.753456115722656
1.2109375,954.6830444335938,27.732513427734375
1.2265625,954.664794921875,27.745742797851562
1.2421875,954.1412353515625,27.74720001220703
1.2578125,954.1736450195312,27.719642639160156
1.2734375,955.0520629882812,27.733612060546875
1.2890625,954.0181884765625,27.72589874267578
1.3046875,954.3370361328125,27.72148895263672
1.3203125,954.5938720703125,27.72405242919922
1.3359375,954.7528686523438,27.72735595703125
1.3515625,954.7813110351562,27.714500427246094
1.3671875,954.8194580078125,27.734344482421875
1.3828125,953.8952026367188,27.717803955078125
1.3984375,953.9640502929688,27.712295532226562
1.4140625,954.1481323242188,27.72735595703125
1.4296875,954.9849243164062,27.721847534179688
1.4453125,953.9352416992188,27.719642639160156
1.4609375,953.7294311523438,27.72589874267578
1.4765625,953.9774169921875,27.72442626953125
1.4921875,953.9880981445312,27.721847534179688
1.5078125,954.7628784179688,27.72405242919922
1.5234375,954.9654541015625,27.721115112304688
1.5390625,954.5735473632812,27.729202270507812
1.5546875,954.9599609375,27.721847534179688
1.5703125,954.5682373046875,27.730308532714844
1.5859375,954.2137451171875,27.736549377441406
1.6015625,953.940185546875,27.739486694335938
1.6171875,954.0527954101562,27.732139587402344
1.6328125,953.5813598632812,27.740585327148438
1.6484375,953.4088745117188,27.7413330078125
1.6640625,953.1280517578125,27.746475219726562
1.6796875,953.1058959960938,27.742431640625
1.6953125,953.0164794921875,27.738380432128906
1.7109375,952.8839111328125,27.753456115722656
1.7265625,952.85302734375,27.754920959472656
1.7421875,952.8478393554688,27.754188537597656
1.7578125,952.805908203125,27.76483917236328
1.7734375,952.819580078125,27.785057067871094
1.7890625,952.7969970703125,27.772933959960938
1.8046875,952.7994384765625,27.785057067871094
1.8203125,952.7969970703125,27.78137969970703
1.8359375,952.7913208007812,27.76300811767578
1.8515625,952.7966918945312,27.76483917236328
1.8671875,952.796875,27.772201538085938
1.8828125,952.803466796875,27.785789489746094
1.8984375,952.8006591796875,27.781021118164062
1.9140625,952.7811279296875,27.786888122558594
1.9296875,952.7965698242188,27.77881622314453
1.9453125,952.7921752929688,27.79718017578125
1.9609375,952.7797241210938,27.793502807617188
1.9765625,952.7996826171875,27.788734436035156
1.9921875,952.7949829101562,27.783226013183594
2.0078125,952.7843017578125,27.79828643798828
2.0234375,952.781005859375,27.791671752929688
2.0390625,952.7822265625,27.789466857910156
2.0546875,952.7789916992188,27.786888122558594
2.0703125,952.7745361328125,27.785057067871094
2.0859375,952.7791137695312,27.786888122558594
2.1015625,952.7691040039062,27.790573120117188
2.1171875,952.7772216796875,27.781753540039062
2.1328125,952.787109375,27.772933959960938
2.1484375,952.7737426757812,27.775131225585938
2.1640625,952.7786254882812,27.76300811767578
2.1796875,952.765625,27.78137969970703
2.1953125,952.7894287109375,27.7791748046875
2.2109375,952.7510986328125,27.77623748779297
2.2265625,952.7805786132812,27.770721435546875
2.2421875,952.7466430664062,27.769996643066406
2.2578125,952.7542724609375,27.77623748779297
2.2734375,952.7805786132812,27.768890380859375
2.2890625,952.7822265625,27.769248962402344
2.3046875,952.748779296875,27.769248962402344
2.3203125,952.748779296875,27.78064727783203
2.3359375,952.7684936523438,27.76483917236328
2.3515625,952.7537841796875,27.769996643066406
2.3671875,952.7410888671875,27.767044067382812
2.3828125,952.7599487304688,27.765945434570312
2.3984375,952.7461547851562,27.77623748779297
2.4140625,952.7805786132812,27.785057067871094
2.4296875,952.7557373046875,27.770721435546875
2.4453125,952.745361328125,27.769248962402344
2.4609375,952.765625,27.77623748779297
2.4765625,952.744140625,27.768524169921875
2.4921875,952.7536010742188,27.764480590820312
2.5078125,952.7303466796875,27.76263427734375
2.5234375,952.7427978515625,27.768524169921875
2.5390625,952.7589721679688,27.751251220703125
2.5546875,952.74169921875,27.76263427734375
2.5703125,952.7457885742188,27.763381958007812
2.5859375,952.7476196289062,27.767044067382812
2.6015625,952.7342529296875,27.75786590576172
2.6171875,952.7567138671875,27.746475219726562
2.6328125,952.7465209960938,27.745742797851562
2.6484375,952.7386474609375,27.75676727294922
2.6640625,952.7410888671875,27.763381958007812
2.6796875,952.7453002929688,27.7413330078125
2.6953125,952.7503051757812,27.748306274414062
2.7109375,952.740234375,27.748672485351562
2.7265625,952.7557373046875,27.756019592285156
2.7421875,952.740966796875,27.750152587890625
2.7578125,952.7373046875,27.754920959472656
2.7734375,952.7420654296875,27.754188537597656
2.7890625,952.7785034179688,27.734718322753906
2.8046875,952.9689331054688,27.7442626953125
2.8203125,953.231201171875,27.753456115722656
2.8359375,953.5977783203125,27.753456115722656
2.8515625,953.5404663085938,27.749404907226562
2.8671875,953.8739624023438,27.738380432128906
2.8828125,953.7581787109375,27.742431640625
2.8984375,953.884765625,27.743896484375
2.9140625,954.1177368164062,27.739852905273438
2.9296875,954.6530151367188,27.742431640625
2.9453125,954.612060546875,27.737281799316406
2.9609375,953.673828125,27.738380432128906
2.9765625,954.3596801757812,27.745742797851562
2.9921875,954.2266235351562,27.740585327148438
3.0078125,954.4954223632812,27.731765747070312
3.0234375,954.667724609375,27.731033325195312
3.0390625,954.4102783203125,27.735443115234375
3.0546875,954.2219848632812,27.72772979736328
3.0703125,954.8422241210938,27.730667114257812
3.0859375,954.16015625,27.742431640625
3.1015625,954.2669067382812,27.730308532714844
3.1171875,954.7368774414062,27.718910217285156
3.1328125,955.129638671875,27.722946166992188
3.1484375,954.4841918945312,27.721115112304688
3.1640625,954.38427734375,27.721847534179688
3.1796875,954.2941284179688,27.72699737548828
3.1953125,954.6063232421875,27.735076904296875
3.2109375,955.050048828125,27.72625732421875
3.2265625,954.5812377929688,27.718910217285156
3.2421875,954.7189331054688,27.718536376953125
3.2578125,954.0806274414062,27.72479248046875
3.2734375,954.00537109375,27.715972900390625
3.2890625,954.0397338867188,27.715972900390625
3.3046875,954.5819091796875,27.715232849121094
3.3203125,953.8765258789062,27.722946166992188
3.3359375,954.80419921875,27.714500427246094
3.3515625,954.5191040039062,27.718536376953125
3.3671875,954.3463134765625,27.7086181640625
3.3828125,954.3823852539062,27.714500427246094
3.3984375,954.4057006835938,27.704574584960938
3.4140625,954.4153442382812,27.72405242919922
3.4296875,954.1677856445312,27.715232849121094
3.4453125,953.5748901367188,27.712295532226562
3.4609375,953.285888671875,27.711563110351562
3.4765625,953.29248046875,27.714500427246094
3.4921875,952.9998168945312,27.716705322265625
3.5078125,952.9600830078125,27.72148895263672
3.5234375,952.8463134765625,27.715232849121094
3.5390625,952.8324584960938,27.71192169189453
3.5546875,952.8065185546875,27.718910217285156
3.5703125,952.8071899414062,27.719284057617188
3.5859375,952.8018798828125,27.711563110351562
3.6015625,952.78857421875,27.709716796875
3.6171875,952.8014526367188,27.721115112304688
3.6328125,952.7865600585938,27.721115112304688
3.6484375,952.7823486328125,27.722213745117188
3.6640625,952.7824096679688,27.712669372558594
3.6796875,952.7975463867188,27.72956085205078
3.6953125,952.7837524414062,27.722946166992188
3.7109375,952.7855224609375,27.722946166992188
3.7265625,952.7866821289062,27.72735595703125
3.7421875,952.7877807617188,27.72552490234375
3.7578125,952.7654418945312,27.718910217285156
3.7734375,952.7778930664062,27.721847534179688
3.7890625,952.7782592773438,27.720016479492188
3.8046875,952.7720947265625,27.72442626953125
3.8203125,952.7689819335938,27.730308532714844
3.8359375,952.779052734375,27.721847534179688
3.8515625,952.7752685546875,27.72735595703125
3.8671875,952.7811279296875,27.72148895263672
3.8828125,952.7781982421875,27.729202270507812
3.8984375,952.7879638671875,27.72735595703125
3.9140625,952.7637939453125,27.72589874267578
3.9296875,952.7738037109375,27.72148895263672
3.9453125,952.7871704101562,27.714500427246094
3.9609375,952.7720947265625,27.709716796875
3.9765625,952.7770385742188,27.716331481933594
3.9921875,952.7639770507812,27.715232849121094
4.0078125,952.7673950195312,27.708984375
4.0234375,952.775146484375,27.7078857421875
4.0390625,952.7559204101562,27.708984375
4.0546875,952.7745361328125,27.7078857421875
4.0703125,952.7481079101562,27.685836791992188
4.0859375,952.753662109375,27.7078857421875
4.1015625,952.7571411132812,27.698333740234375
4.1171875,952.7705078125,27.696128845214844
4.1328125,952.7476196289062,27.71082305908203
4.1484375,952.7717895507812,27.699066162109375
4.1640625,952.7598266601562,27.704208374023438
4.1796875,952.7632446289062,27.68877410888672
4.1953125,952.7408447265625,27.702377319335938
4.2109375,952.7738647460938,27.694656372070312
4.2265625,952.762939453125,27.698333740234375
4.2421875,952.7734375,27.685836791992188
4.2578125,952.7716674804688,27.685104370117188
4.2734375,952.7518310546875,27.685104370117188
4.2890625,952.7614135742188,27.671875
4.3046875,952.762451171875,27.680694580078125
4.3203125,952.7400512695312,27.677749633789062
4.3359375,952.7374267578125,27.675918579101562
4.3515625,952.7371826171875,27.679595947265625
4.3671875,952.7453002929688,27.676284790039062
4.3828125,952.7617797851562,27.684005737304688
4.3984375,952.7583618164062,27.664886474609375
4.4140625,952.7432861328125,27.680328369140625
4.4296875,952.7489624023438,27.67407989501953
4.4453125,952.7316284179688,27.685104370117188
4.4609375,952.7626342773438,27.680328369140625
4.4765625,952.7621459960938,27.672607421875
4.4921875,952.74169921875,27.679595947265625
4.5078125,952.7446899414062,27.67223358154297
4.5234375,952.7368774414062,27.649459838867188
4.5390625,952.7459106445312,27.667098999023438
4.5546875,952.7350463867188,27.661209106445312
4.5703125,952.737548828125,27.6707763671875
4.5859375,952.7367553710938,27.67407989501953
4.6015625,952.7603149414062,27.666725158691406
4.6171875,952.7332763671875,27.675918579101562
4.6328125,952.7604370117188,27.663414001464844
4.6484375,952.7472534179688,27.666725158691406
4.6640625,952.9359130859375,27.675918579101562
4.6796875,953.0527954101562,27.67040252685547
4.6953125,952.97216796875,27.67407989501953
4.7109375,953.17578125,27.675918579101562
4.7265625,953.3641967773438,27.675918579101562
4.7421875,953.5572509765625,27.679954528808594
4.7578125,953.2821655273438,27.684005737304688
4.7734375,954.6587524414062,27.664886474609375
4.7890625,953.7210693359375,27.664161682128906
4.8046875,954.5654296875,27.675918579101562
4.8203125,955.0968017578125,27.663055419921875
4.8359375,954.9295043945312,27.67040252685547
4.8515625,954.9600830078125,27.66857147216797
4.8671875,954.6781616210938,27.667098999023438
4.8828125,955.0087280273438,27.67040252685547
4.8984375,955.2728881835938,27.664161682128906
4.9140625,953.5829467773438,27.665260314941406
4.9296875,955.008544921875,27.65679931640625
4.9453125,954.5343627929688,27.6715087890625
4.9609375,953.89013671875,27.65313720703125
4.9765625,954.0902099609375,27.675918579101562
4.9921875,953.9969482421875,27.67040252685547
5.0078125,954.2950439453125,27.663787841796875
5.0234375,954.9111328125,27.675918579101562
5.0390625,955.020263671875,27.666725158691406
5.0546875,955.614990234375,27.65679931640625
5.0703125,955.6641235351562,27.665992736816406
5.0859375,954.2246704101562,27.65679931640625
5.1015625,953.7734375,27.659378051757812
5.1171875,955.2532348632812,27.67407989501953
5.1328125,955.3167724609375,27.65203094482422
5.1484375,955.0418701171875,27.659378051757812
5.1640625,954.766845703125,27.67664337158203
5.1796875,955.3265380859375,27.67040252685547
5.1953125,955.0048828125,27.675918579101562
5.2109375,955.0399780273438,27.684005737304688
5.2265625,955.2354736328125,27.677017211914062
5.2421875,955.1135864257812,27.676284790039062
5.2578125,955.2472534179688,27.672607421875
5.2734375,954.1130981445312,27.67040252685547
5.2890625,954.3744506835938,27.67407989501953
5.3046875,953.7308959960938,27.677017211914062
5.3203125,954.232421875,27.685104370117188
5.3359375,954.2069091796875,27.695388793945312
5.3515625,953.9660034179688,27.694656372070312
5.3671875,954.049560546875,27.68951416015625
5.3828125,953.625,27.685836791992188
5.3984375,953.457763671875,27.692825317382812
5.4140625,953.671142578125,27.703475952148438
5.4296875,953.2564086914062,27.687667846679688
5.4453125,953.1621704101562,27.699066162109375
5.4609375,953.0132446289062,27.696487426757812
5.4765625,952.9531860351562,27.7078857421875
5.4921875,952.861083984375,27.712669372558594
5.5078125,952.816162109375,27.718910217285156
5.5234375,952.8394165039062,27.718910217285156
5.5390625,952.8125610351562,27.718177795410156
5.5546875,952.8071899414062,27.718536376953125
5.5703125,952.8137817382812,27.718910217285156
5.5859375,952.8012084960938,27.721847534179688
5.6015625,952.7955932617188,27.721115112304688
5.6171875,952.8014526367188,27.715232849121094
5.6328125,952.794921875,27.72699737548828
5.6484375,952.787109375,27.719642639160156
5.6640625,952.8048706054688,27.72442626953125
5.6796875,952.8042602539062,27.72699737548828
5.6953125,952.7960815429688,27.722946166992188
5.7109375,952.7813110351562,27.70751190185547
5.7265625,952.7960205078125,27.720741271972656
5.7421875,952.788818359375,27.721847534179688
5.7578125,952.7824096679688,27.721847534179688
5.7734375,952.7728881835938,27.721115112304688
5.7890625,952.7686767578125,27.714500427246094
5.8046875,952.76904296875,27.72479248046875
5.8203125,952.7701416015625,27.722213745117188
5.8359375,952.7764892578125,27.703102111816406
5.8515625,952.7703857421875,27.696128845214844
5.8671875,952.7798461914062,27.698333740234375
5.8828125,952.7656860351562,27.7071533203125
5.8984375,952.7713623046875,27.706787109375
5.9140625,952.768310546875,27.703102111816406
5.9296875,952.7596435546875,27.695388793945312
5.9453125,952.7528686523438,27.71082305908203
5.9609375,952.7621459960938,27.700897216796875
5.9765625,952.75341796875,27.694656372070312
5.9921875,952.779052734375,27.68951416015625
6.0078125,952.7470092773438,27.685104370117188
6.0234375,952.7590942382812,27.695388793945312
6.0390625,952.7648315429688,27.685104370117188
6.0546875,952.7572631835938,27.685104370117188
6.0703125,952.7637939453125,27.67040252685547
6.0859375,952.7389526367188,27.6744384765625
6.1015625,952.7394409179688,27.67113494873047
6.1171875,952.7504272460938,27.665992736816406
6.1328125,952.740966796875,27.665992736816406
6.1484375,952.7469482421875,27.664886474609375
6.1640625,952.7384033203125,27.661209106445312
6.1796875,952.7434692382812,27.675918579101562
6.1953125,952.7628784179688,27.687667846679688
6.2109375,952.7598266601562,27.6707763671875
6.2265625,952.7534790039062,27.67223358154297
6.2421875,952.7505493164062,27.663414001464844
6.2578125,952.7604370117188,27.647621154785156
6.2734375,952.7415161132812,27.65203094482422
6.2890625,952.755859375,27.650558471679688
6.3046875,952.7369995117188,27.645774841308594
6.3203125,952.7551879882812,27.659378051757812
6.3359375,952.7403564453125,27.649459838867188
6.3515625,952.7394409179688,27.65717315673828
6.3671875,952.7532348632812,27.65717315673828
6.3828125,952.7556762695312,27.660850524902344
6.3984375,952.7614135742188,27.661209106445312
6.4140625,952.739990234375,27.651290893554688
6.4296875,952.7395629882812,27.639907836914062
6.4453125,952.7539672851562,27.65570068359375
6.4609375,952.7609252929688,27.647621154785156
6.4765625,952.7421875,27.658279418945312
6.4921875,952.7300415039062,27.649459838867188
6.5078125,952.7590942382812,27.647621154785156
6.5234375,952.7601318359375,27.646881103515625
6.5390625,952.7349243164062,27.65717315673828
6.5546875,952.7376098632812,27.645050048828125
6.5703125,952.755126953125,27.65313720703125
6.5859375,952.7349853515625,27.641738891601562
6.6015625,953.005859375,27.651290893554688
6.6171875,953.2075805664062,27.65203094482422
6.6328125,953.4867553710938,27.651290893554688
6.6484375,953.4796142578125,27.652389526367188
6.6640625,954.5703125,27.647621154785156
6.6796875,954.268310546875,27.646881103515625
6.6953125,954.458740234375,27.645050048828125
6.7109375,955.1616821289062,27.647621154785156
6.7265625,955.685302734375,27.65570068359375
6.7421875,955.7534790039062,27.649459838867188
6.7578125,954.3228759765625,27.660476684570312
6.7734375,954.9210205078125,27.660476684570312
6.7890625,954.6636352539062,27.65386962890625
6.8046875,954.7448120117188,27.645774841308594
6.8203125,955.3414916992188,27.666725158691406
6.8359375,954.8433227539062,27.65644073486328
6.8515625,955.4755249023438,27.664886474609375
6.8671875,955.1822509765625,27.65679931640625
6.8828125,954.6130981445312,27.67040252685547
6.8984375,954.9637451171875,27.663055419921875
6.9140625,955.7953491210938,27.658279418945312
6.9296875,955.38623046875,27.67040252685547
6.9453125,955.1934204101562,27.675918579101562
6.9609375,955.3837890625,27.6715087890625
6.9765625,955.2890625,27.684364318847656
6.9921875,954.5233154296875,27.6715087890625
7.0078125,955.3892822265625,27.685104370117188
7.0234375,955.0028686523438,27.694656372070312
7.0390625,954.5297241210938,27.677749633789062
7.0546875,954.65576171875,27.676284790039062
7.0703125,954.0573120117188,27.68951416015625
7.0859375,956.0551147460938,27.68730926513672
7.1015625,954.8745727539062,27.685104370117188
7.1171875,955.3764038085938,27.699066162109375
7.1328125,955.8865966796875,27.695388793945312
7.1484375,955.0288696289062,27.69024658203125
7.1640625,954.5775756835938,27.700164794921875
7.1796875,954.6322631835938,27.692825317382812
7.1953125,954.6703491210938,27.71082305908203
7.2109375,953.954345703125,27.715232849121094
7.2265625,954.2654418945312,27.712669372558594
7.2421875,953.7496948242188,27.703102111816406
7.2578125,953.8353881835938,27.715232849121094
7.2734375,953.4308471679688,27.72552490234375
7.2890625,953.4599609375,27.72442626953125
7.3046875,953.2889404296875,27.730308532714844
7.3203125,953.0432739257812,27.722213745117188
7.3359375,952.915771484375,27.72735595703125
7.3515625,952.8684692382812,27.742431640625
7.3671875,952.8598022460938,27.735443115234375
7.3828125,952.8345336914062,27.742431640625
7.3984375,952.8418579101562,27.750885009765625
7.4140625,952.8271484375,27.745742797851562
7.4296875,952.8253784179688,27.75786590576172
7.4453125,952.8110961914062,27.745742797851562
7.4609375,952.809814453125,27.753456115722656
7.4765625,952.8058471679688,27.76153564453125
7.4921875,952.7994995117188,27.754920959472656
7.5078125,952.7958374023438,27.754188537597656
7.5234375,952.798828125,27.76080322265625
7.5390625,952.7994384765625,27.757125854492188
7.5546875,952.7930908203125,27.76042938232422
7.5703125,952.7862548828125,27.750511169433594
7.5859375,952.7882690429688,27.771827697753906
7.6015625,952.8077392578125,27.76483917236328
7.6171875,952.7897338867188,27.75786590576172
7.6328125,952.8020629882812,27.763381958007812
7.6484375,952.7894897460938,27.763381958007812
7.6640625,952.7913208007812,27.75786590576172
7.6796875,952.7979736328125,27.750152587890625
7.6953125,952.7852172851562,27.757125854492188
7.7109375,952.7715454101562,27.753456115722656
7.7265625,952.78076171875,27.749404907226562
7.7421875,952.7809448242188,27.750152587890625
7.7578125,952.7869262695312,27.751251220703125
7.7734375,952.7758178710938,27.74463653564453
7.7890625,952.7601318359375,27.747573852539062
7.8046875,952.7759399414062,27.754920959472656
7.8203125,952.768310546875,27.74720001220703
7.8359375,952.7699584960938,27.748306274414062
7.8515625,952.7760009765625,27.748306274414062
7.8671875,952.7700805664062,27.734718322753906
7.8828125,952.7633666992188,27.74463653564453
7.8984375,952.7625732421875,27.742431640625
7.9140625,952.770751953125,27.7420654296875
7.9296875,952.747314453125,27.752716064453125
7.9453125,952.7734985351562,27.738380432128906
7.9609375,952.7763061523438,27.72772979736328
7.9765625,952.7560424804688,27.719642639160156
7.9921875,952.7671508789062,27.72589874267578
8.0078125,952.7576293945312,27.715972900390625
8.0234375,952.7567138671875,27.715972900390625
8.0390625,952.7698974609375,27.715972900390625
8.0546875,952.7495727539062,27.72589874267578
8.0703125,952.7505493164062,27.717803955078125
8.0859375,952.7491455078125,27.72479248046875
8.1015625,952.746826171875,27.718177795410156
8.1171875,952.760498046875,27.718910217285156
8.1328125,952.7462158203125,27.721115112304688
8.1484375,952.74169921875,27.722213745117188
8.1640625,952.7674560546875,27.72956085205078
8.1796875,952.7550659179688,27.715232849121094
8.1953125,952.765625,27.696128845214844
8.2109375,952.7476196289062,27.700897216796875
8.2265625,952.768310546875,27.700164794921875
8.2421875,952.7653198242188,27.696128845214844
8.2578125,952.7498779296875,27.699066162109375
8.2734375,952.7598266601562,27.702377319335938
8.2890625,952.7578125,27.7078857421875
8.3046875,952.7474975585938,27.694656372070312
8.3203125,952.7635498046875,27.7071533203125
8.3359375,952.7473754882812,27.685104370117188
8.3515625,952.7614135742188,27.693557739257812
8.3671875,952.7438354492188,27.694656372070312
8.3828125,952.7521362304688,27.685836791992188
8.3984375,952.7637939453125,27.694656372070312
8.4140625,952.7461547851562,27.694656372070312
8.4296875,952.7677001953125,27.685104370117188
8.4453125,952.739990234375,27.68951416015625
8.4609375,952.7367553710938,27.693557739257812
8.4765625,952.7359008789062,27.699066162109375
8.4921875,952.7364501953125,27.68951416015625
8.5078125,952.7726440429688,27.680694580078125
8.5234375,953.0545043945312,27.681427001953125
8.5390625,953.1723022460938,27.68951416015625
8.5546875,953.5377197265625,27.675918579101562
8.5703125,953.8988647460938,27.676284790039062
8.5859375,954.1409301757812,27.66967010498047
8.6015625,954.3062133789062,27.68951416015625
8.6171875,955.0760498046875,27.6715087890625
8.6328125,953.565673828125,27.68804168701172
8.6484375,953.7621459960938,27.67298126220703
8.6640625,954.0558471679688,27.679595947265625
8.6796875,953.0167846679688,27.675918579101562
8.6953125,954.0393676757812,27.664520263671875
8.7109375,954.5679321289062,27.67040252685547
8.7265625,954.3439331054688,27.6707763671875
8.7421875,954.283203125,27.667098999023438
8.7578125,954.0617065429688,27.662315368652344
8.7734375,954.6602172851562,27.6707763671875
8.7890625,953.4921875,27.649459838867188
8.8046875,953.9358520507812,27.65423583984375
8.8203125,953.543701171875,27.649459838867188
8.8359375,953.954345703125,27.649459838867188
8.8515625,953.2510986328125,27.65790557861328
8.8671875,955.1050415039062,27.65313720703125
8.8828125,954.2186279296875,27.662689208984375
8.8984375,954.9295043945312,27.641738891601562
8.9140625,954.0729370117188,27.645774841308594
8.9296875,954.0829467773438,27.648727416992188
8.9453125,954.4015502929688,27.643211364746094
8.9609375,954.4696655273438,27.647621154785156
8.9765625,954.5525512695312,27.645050048828125
8.9921875,954.2913208007812,27.640640258789062
9.0078125,954.1434326171875,27.647621154785156
9.0234375,953.9164428710938,27.647621154785156
9.0390625,954.2426147460938,27.642471313476562
9.0546875,954.0389404296875,27.6380615234375
9.0703125,953.4901123046875,27.642112731933594
9.0859375,953.354248046875,27.65570068359375
9.1015625,953.4841918945312,27.65679931640625
9.1171875,953.7141723632812,27.65496826171875
9.1328125,953.7445068359375,27.647621154785156
9.1484375,953.3046875,27.665260314941406
9.1640625,953.5357666015625,27.663414001464844
9.1796875,953.3773193359375,27.650558471679688
9.1953125,953.243408203125,27.664161682128906
9.2109375,953.0009155273438,27.661956787109375
9.2265625,953.0902709960938,27.665992736816406
9.2421875,952.9149169921875,27.647621154785156
9.2578125,952.8695068359375,27.67664337158203
9.2734375,952.8418579101562,27.661209106445312
9.2890625,952.8338012695312,27.672607421875
9.3046875,952.8092651367188,27.664886474609375
9.3203125,952.7970581054688,27.68804168701172
9.3359375,952.7969360351562,27.695388793945312
9.3515625,952.7916870117188,27.684005737304688
9.3671875,952.791748046875,27.69097900390625
9.3828125,952.8038330078125,27.685104370117188
9.3984375,952.7991333007812,27.685836791992188
9.4140625,952.8009033203125,27.685104370117188
9.4296875,952.7979736328125,27.680694580078125
9.4453125,952.7908935546875,27.68951416015625
9.4609375,952.7720947265625,27.685104370117188
9.4765625,952.7817993164062,27.679595947265625
9.4921875,952.7824096679688,27.695388793945312
9.5078125,952.7666015625,27.6715087890625
9.5234375,952.773193359375,27.676284790039062
9.5390625,952.7778930664062,27.679595947265625
9.5546875,952.7847290039062,27.6737060546875
9.5703125,952.7537231445312,27.676284790039062
9.5859375,952.7677001953125,27.68951416015625
9.6015625,952.781005859375,27.666725158691406
9.6171875,952.778076171875,27.671875
9.6328125,952.7691040039062,27.684005737304688
9.6484375,952.7720336914062,27.6744384765625
9.6640625,952.7747192382812,27.675918579101562
9.6796875,952.7634887695312,27.675186157226562
9.6953125,952.7664794921875,27.666725158691406
9.7109375,952.772705078125,27.67223358154297
9.7265625,952.7738647460938,27.658645629882812
9.7421875,952.755859375,27.675918579101562
9.7578125,952.7659301757812,27.663414001464844
9.7734375,952.7568359375,27.665992736816406
9.7890625,952.762451171875,27.65203094482422
9.8046875,952.7688598632812,27.67040252685547
9.8203125,952.765380859375,27.65203094482422
9.8359375,952.7516479492188,27.649459838867188
9.8515625,952.7686767578125,27.65644073486328
9.8671875,952.7508544921875,27.645774841308594
9.8828125,952.757568359375,27.647621154785156
9.8984375,952.762451171875,27.643943786621094
9.9140625,952.760986328125,27.646881103515625
9.9296875,952.759521484375,27.643943786621094
9.9453125,952.7681274414062,27.646881103515625
9.9609375,952.7599487304688,27.6380615234375
9.9765625,952.7590942382812,27.646881103515625
9.9921875,952.7599487304688,27.634750366210938
10.0078125,952.7294311523438,27.6365966796875
10.0234375,952.7565307617188,27.63695526123047
10.0390625,952.756591796875,27.63953399658203
10.0546875,952.733642578125,27.632186889648438
10.0703125,952.7406005859375,27.632186889648438
10.0859375,952.7412109375,27.628135681152344
10.1015625,952.7318725585938,27.627410888671875
10.1171875,952.752685546875,27.63585662841797
10.1328125,952.7399291992188,27.627037048339844
10.1484375,952.739501953125,27.628509521484375
10.1640625,952.7342529296875,27.627410888671875
10.1796875,952.7461547851562,27.632186889648438
10.1953125,952.7352294921875,27.62372589111328
10.2109375,952.7368774414062,27.625930786132812
10.2265625,952.7363891601562,27.625198364257812
10.2421875,952.753173828125,27.627410888671875
10.2578125,952.7401123046875,27.624473571777344
10.2734375,952.7392578125,27.623367309570312
10.2890625,952.7368774414062,27.628135681152344
10.3046875,952.7324829101562,27.61675262451172
10.3203125,952.75341796875,27.62152099609375
10.3359375,952.7395629882812,27.627410888671875
10.3515625,952.7581176757812,27.61895751953125
10.3671875,952.9288330078125,27.627410888671875
10.3828125,953.8636474609375,27.613449096679688
10.3984375,954.1650390625,27.607192993164062
10.4140625,954.7156982421875,27.614181518554688
10.4296875,954.5939331054688,27.627410888671875
10.4453125,954.5851440429688,27.611244201660156
10.4609375,954.9482421875,27.609397888183594
10.4765625,954.1270751953125,27.61859130859375
10.4921875,955.4580078125,27.609397888183594
10.5078125,955.3145751953125,27.611602783203125
10.5234375,955.4769897460938,27.617111206054688
10.5390625,955.309326171875,27.610496520996094
10.5546875,955.1641845703125,27.611244201660156
10.5703125,955.0330810546875,27.61931610107422
10.5859375,954.9860229492188,27.609397888183594
10.6015625,954.68310546875,27.60167694091797
10.6171875,956.2455444335938,27.61748504638672
10.6328125,957.1317749023438,27.611244201660156
10.6484375,955.4066162109375,27.614181518554688
10.6640625,955.0374755859375,27.628135681152344
10.6796875,954.6783447265625,27.627410888671875
10.6953125,954.9248046875,27.628135681152344
10.7109375,954.673583984375,27.632186889648438
10.7265625,954.977783203125,27.622268676757812
10.7421875,955.035888671875,27.62372589111328
10.7578125,955.3279418945312,27.63439178466797
10.7734375,954.837158203125,27.639907836914062
10.7890625,955.5216064453125,27.632186889648438
10.8046875,956.8214721679688,27.628883361816406
10.8203125,955.1076049804688,27.63770294189453
10.8359375,956.0064697265625,27.630340576171875
10.8515625,955.1041870117188,27.634017944335938
10.8671875,955.3915405273438,27.634750366210938
10.8828125,954.072265625,27.624832153320312
10.8984375,954.7310791015625,27.631446838378906
10.9140625,953.954345703125,27.6365966796875
10.9296875,954.5746459960938,27.650558471679688
10.9453125,954.6447143554688,27.647621154785156
10.9609375,955.818359375,27.651657104492188
10.9765625,955.7483520507812,27.660476684570312
10.9921875,955.520751953125,27.659378051757812
11.0078125,954.7172241210938,27.663414001464844
11.0234375,953.7340698242188,27.676284790039062
11.0390625,953.7932739257812,27.679595947265625
11.0546875,953.5682373046875,27.677749633789062
11.0703125,953.5025024414062,27.685104370117188
11.0859375,953.408203125,27.675186157226562
11.1015625,953.0426635742188,27.68914794921875
11.1171875,953.1629638671875,27.696487426757812
11.1328125,953.0244140625,27.701644897460938
11.1484375,952.9244384765625,27.703475952148438
11.1640625,952.8487548828125,27.695388793945312
11.1796875,952.8538818359375,27.721115112304688
11.1953125,952.8385620117188,27.70384979248047
11.2109375,952.8057861328125,27.714500427246094
11.2265625,952.822265625,27.721115112304688
11.2421875,952.8086547851562,27.718910217285156
11.2578125,952.8048095703125,27.730308532714844
11.2734375,952.8089599609375,27.731765747070312
11.2890625,952.8025512695312,27.731765747070312
11.3046875,952.8091430664062,27.72956085205078
11.3203125,952.8028564453125,27.72552490234375
11.3359375,952.7869262695312,27.74169158935547
11.3515625,952.7772216796875,27.730308532714844
11.3671875,952.7951049804688,27.734344482421875
11.3828125,952.7866821289062,27.730308532714844
11.3984375,952.7802734375,27.728103637695312
11.4140625,952.7788696289062,27.735076904296875
11.4296875,952.7824096679688,27.72735595703125
11.4453125,952.7889404296875,27.72625732421875
11.4609375,952.7936401367188,27.733612060546875
11.4765625,952.7692260742188,27.718910217285156
11.4921875,952.7677001953125,27.722946166992188
11.5078125,952.7783203125,27.70935821533203
11.5234375,952.7674560546875,27.719642639160156
11.5390625,952.7642822265625,27.713394165039062
11.5546875,952.7654418945312,27.703102111816406
11.5703125,952.7637939453125,27.70751190185547
11.5859375,952.7720336914062,27.696128845214844
11.6015625,952.7655029296875,27.709716796875
11.6171875,952.7721557617188,27.7078857421875
11.6328125,952.7600708007812,27.685836791992188
11.6484375,952.766845703125,27.700897216796875
11.6640625,952.7551879882812,27.697235107421875
11.6796875,952.7625732421875,27.702377319335938
11.6953125,952.7733154296875,27.702377319335938
11.7109375,952.7631225585938,27.694656372070312
11.7265625,952.7611694335938,27.695388793945312
11.7421875,952.770751953125,27.685104370117188
11.7578125,952.766845703125,27.693557739257812
11.7734375,952.7604370117188,27.695388793945312
11.7890625,952.7630004882812,27.69171905517578
11.8046875,952.764404296875,27.69024658203125
11.8203125,952.7505493164062,27.685462951660156
11.8359375,952.7596435546875,27.6737060546875
11.8515625,952.75732421875,27.681427001953125
11.8671875,952.7586669921875,27.684005737304688
11.8828125,952.7667236328125,27.667098999023438
11.8984375,952.7643432617188,27.685104370117188
11.9140625,952.766845703125,27.67113494873047
11.9296875,952.743896484375,27.671875
11.9453125,952.7606811523438,27.680328369140625
11.9609375,952.7579345703125,27.681427001953125
11.9765625,952.7377319335938,27.684005737304688
11.9921875,952.7402954101562,27.663414001464844
12.0078125,952.7568359375,27.663414001464844
12.0234375,952.7562255859375,27.675918579101562
12.0390625,952.74560546875,27.660110473632812
12.0546875,952.7350463867188,27.663414001464844
12.0703125,952.7431030273438,27.665992736816406
12.0859375,952.7540893554688,27.666725158691406
12.1015625,952.756591796875,27.665260314941406
12.1171875,952.7540283203125,27.647621154785156
12.1328125,952.7415161132812,27.647621154785156
12.1484375,952.7547607421875,27.642471313476562
12.1640625,952.748779296875,27.644676208496094
12.1796875,952.7520141601562,27.65203094482422
12.1953125,952.7349243164062,27.65313720703125
12.2109375,952.73193359375,27.65313720703125
12.2265625,952.73974609375,27.648353576660156
12.2421875,952.77099609375,27.6365966796875
12.2578125,953.1642456054688,27.6365966796875
12.2734375,953.180419921875,27.645050048828125
12.2890625,953.761474609375,27.643211364746094
12.3046875,954.587890625,27.65203094482422
12.3203125,955.8682861328125,27.632919311523438
12.3359375,955.2100830078125,27.645050048828125
12.3515625,954.9612426757812,27.635498046875
12.3671875,954.3165893554688,27.646881103515625
12.3828125,954.7357788085938,27.646881103515625
12.3984375,955.2693481445312,27.640640258789062
12.4140625,955.6069946289062,27.635498046875
12.4296875,955.2120971679688,27.646148681640625
12.4453125,955.7972412109375,27.63585662841797
12.4609375,955.190673828125,27.648727416992188
12.4765625,956.1482543945312,27.647621154785156
12.4921875,955.6632690429688,27.642471313476562
12.5078125,955.0760498046875,27.65313720703125
12.5234375,955.0043334960938,27.647621154785156
12.5390625,955.51708984375,27.65313720703125
12.5546875,955.2478637695312,27.650558471679688
12.5703125,955.181396484375,27.661956787109375
12.5859375,954.6554565429688,27.647621154785156
12.6015625,955.7521362304688,27.648727416992188
12.6171875,955.1519165039062,27.660476684570312
12.6328125,955.58154296875,27.65203094482422
12.6484375,955.55810546875,27.660110473632812
12.6640625,954.9901123046875,27.67040252685547
12.6796875,955.322998046875,27.675186157226562
12.6953125,955.1116333007812,27.671875
12.7109375,954.5131225585938,27.675918579101562
12.7265625,955.7686767578125,27.68951416015625
12.7421875,955.2300415039062,27.6707763671875
12.7578125,954.8091430664062,27.67113494873047
12.7734375,954.8921508789062,27.678115844726562
12.7890625,954.7841796875,27.665992736816406
12.8046875,955.5707397460938,27.67040252685547
12.8203125,954.5786743164062,27.668197631835938
12.8359375,954.7730102539062,27.679954528808594
12.8515625,955.0100708007812,27.676284790039062
12.8671875,954.12841796875,27.682159423828125
12.8828125,953.9485473632812,27.677749633789062
12.8984375,954.3028564453125,27.67040252685547
12.9140625,954.0979614257812,27.68914794921875
12.9296875,954.756591796875,27.685836791992188
12.9453125,954.4118041992188,27.704208374023438
12.9609375,954.9127807617188,27.685104370117188
12.9765625,954.583740234375,27.699066162109375
12.9921875,954.837646484375,27.703102111816406
13.0078125,954.1615600585938,27.711563110351562
13.0234375,953.45263671875,27.7078857421875
13.0390625,953.5980224609375,27.721115112304688
13.0546875,953.4451904296875,27.712669372558594
13.0703125,953.2411499023438,27.72772979736328
13.0859375,952.9940185546875,27.740585327148438
13.1015625,952.935546875,27.729934692382812
13.1171875,952.8633422851562,27.738380432128906
13.1328125,952.8019409179688,27.739852905273438
13.1484375,952.8290405273438,27.74353790283203
13.1640625,952.810302734375,27.754920959472656
13.1796875,952.8234252929688,27.757125854492188
13.1953125,952.8204956054688,27.76080322265625
13.2109375,952.8114013671875,27.75786590576172
13.2265625,952.8140258789062,27.767417907714844
13.2421875,952.8072509765625,27.751251220703125
13.2578125,952.7888793945312,27.764480590820312
13.2734375,952.7967529296875,27.76483917236328
13.2890625,952.806396484375,27.763381958007812
13.3046875,952.8193359375,27.769996643066406
13.3203125,952.80029296875,27.772933959960938
13.3359375,952.7874755859375,27.769996643066406
13.3515625,952.7811279296875,27.772933959960938
13.3671875,952.7933959960938,27.766685485839844
13.3828125,952.7958374023438,27.76300811767578
13.3984375,952.7960815429688,27.76300811767578
13.4140625,952.7894897460938,27.76117706298828
13.4296875,952.7833862304688,27.76483917236328
13.4453125,952.7897338867188,27.769996643066406
13.4609375,952.7799682617188,27.75676727294922
13.4765625,952.804443359375,27.754920959472656
13.4921875,952.7725830078125,27.76227569580078
13.5078125,952.7894287109375,27.76080322265625
13.5234375,952.7791137695312,27.758224487304688
13.5390625,952.7860107421875,27.74720001220703
13.5546875,952.784912109375,27.766685485839844
13.5703125,952.7778930664062,27.751251220703125
13.5859375,952.7955322265625,27.7449951171875
13.6015625,952.7823486328125,27.754920959472656
13.6171875,952.8006591796875,27.750152587890625
13.6328125,952.7780151367188,27.737281799316406
13.6484375,952.7744140625,27.74095916748047
13.6640625,952.782470703125,27.742431640625
13.6796875,952.7886352539062,27.735816955566406
13.6953125,952.776611328125,27.74463653564453
13.7109375,952.7774658203125,27.747573852539062
13.7265625,952.7759399414062,27.747573852539062
13.7421875,952.7716674804688,27.74720001220703
13.7578125,952.79443359375,27.738021850585938
13.7734375,952.7840576171875,27.739852905273438
13.7890625,952.777099609375,27.740585327148438
13.8046875,952.7783203125,27.7442626953125
13.8203125,952.7774658203125,27.728836059570312
13.8359375,952.7949829101562,27.733245849609375
13.8515625,952.7894287109375,27.717803955078125
13.8671875,952.7730102539062,27.72699737548828
13.8828125,952.7757568359375,27.72515106201172
13.8984375,952.78271484375,27.728103637695312
13.9140625,952.7801513671875,27.732872009277344
13.9296875,952.7865600585938,27.736549377441406
13.9453125,952.7742919921875,27.730308532714844
13.9609375,952.779052734375,27.72956085205078
13.9765625,952.7789916992188,27.72735595703125
13.9921875,952.7877807617188,27.72625732421875
14.0078125,952.7684936523438,27.722213745117188
14.0234375,952.7752685546875,27.719284057617188
14.0390625,952.7821655273438,27.712669372558594
14.0546875,952.77490234375,27.700897216796875
14.0703125,952.773193359375,27.712295532226562
14.0859375,952.7724609375,27.711563110351562
14.1015625,952.7628784179688,27.7071533203125
14.1171875,952.7719116210938,27.70825958251953
14.1328125,952.7631225585938,27.71082305908203
14.1484375,952.7783203125,27.70384979248047
14.1640625,952.7734985351562,27.704208374023438
14.1796875,952.7734985351562,27.712295532226562
14.1953125,953.0659790039062,27.714126586914062
14.2109375,953.4164428710938,27.694656372070312
14.2265625,953.7388916015625,27.696128845214844
14.2421875,953.952880859375,27.700164794921875
14.2578125,953.9705810546875,27.712295532226562
14.2734375,954.5834350585938,27.712295532226562
14.2890625,955.3731079101562,27.694656372070312
14.3046875,954.4616088867188,27.70825958251953
14.3203125,954.946533203125,27.70751190185547
14.3359375,954.9190673828125,27.700897216796875
14.3515625,954.5529174804688,27.7071533203125
14.3671875,954.349365234375,27.70384979248047
14.3828125,954.9390258789062,27.703475952148438
14.3984375,955.039794921875,27.7071533203125
14.4140625,954.2628784179688,27.7086181640625
14.4296875,954.471435546875,27.685836791992188
14.4453125,955.3536987304688,27.699066162109375
14.4609375,954.7599487304688,27.700164794921875
14.4765625,954.6310424804688,27.685104370117188
14.4921875,956.0552978515625,27.694656372070312
14.5078125,954.97265625,27.699066162109375
14.5234375,956.0160522460938,27.694656372070312
14.5390625,955.4208374023438,27.703475952148438
14.5546875,955.84716796875,27.696128845214844
14.5703125,955.4747314453125,27.7071533203125
14.5859375,955.599365234375,27.700164794921875
14.6015625,955.864013671875,27.7078857421875
14.6171875,955.7586669921875,27.694656372070312
14.6328125,955.4972534179688,27.7078857421875
14.6484375,954.5626220703125,27.70384979248047
14.6640625,955.5864868164062,27.715232849121094
14.6796875,954.9525756835938,27.70384979248047
14.6953125,954.749755859375,27.71009063720703
14.7109375,956.3046875,27.714500427246094
14.7265625,955.319580078125,27.713768005371094
14.7421875,955.8165283203125,27.709716796875
14.7578125,955.405029296875,27.713394165039062
14.7734375,955.1326293945312,27.721847534179688
14.7890625,954.4273071289062,27.729202270507812
14.8046875,953.6151123046875,27.722946166992188
14.8203125,954.0493774414062,27.731765747070312
14.8359375,953.7223510742188,27.738021850585938
14.8515625,953.8544311523438,27.74536895751953
14.8671875,953.6346435546875,27.75676727294922
14.8828125,953.7163696289062,27.754188537597656
14.8984375,953.0282592773438,27.767791748046875
14.9140625,953.1193237304688,27.76042938232422
14.9296875,952.9022216796875,27.76263427734375
14.9453125,952.8922729492188,27.76227569580078
14.9609375,952.9215698242188,27.786888122558594
14.9765625,952.8580932617188,27.774765014648438
14.9921875,952.8038330078125,27.781021118164062
15.0078125,952.8301391601562,27.789466857910156
15.0234375,952.83935546875,27.787635803222656
15.0390625,952.8265991210938,27.793502807617188
15.0546875,952.8158569335938,27.808212280273438
15.0703125,952.8167114257812,27.809310913085938
15.0859375,952.8114013671875,27.81519317626953
15.1015625,952.8048095703125,27.807106018066406
15.1171875,952.810546875,27.804901123046875
15.1328125,952.8103637695312,27.81224822998047
15.1484375,952.8045654296875,27.808578491210938
15.1640625,952.80419921875,27.808578491210938
15.1796875,952.7952270507812,27.80011749267578
15.1953125,952.8009033203125,27.800865173339844
15.2109375,952.78125,27.81151580810547
15.2265625,952.7990112304688,27.801963806152344
15.2421875,952.7933349609375,27.803070068359375
15.2578125,952.8029174804688,27.79828643798828
15.2734375,952.7708129882812,27.803070068359375
15.2890625,952.7933959960938,27.807479858398438
15.3046875,952.7866821289062,27.781753540039062
15.3203125,952.7817993164062,27.79534912109375
15.3359375,952.7896728515625,27.785430908203125
15.3515625,952.7803955078125,27.787635803222656
15.3671875,952.7847290039062,27.80011749267578
15.3828125,952.7763671875,27.785789489746094
15.3984375,952.7677612304688,27.784683227539062
15.4140625,952.7718505859375,27.785789489746094
15.4296875,952.7791748046875,27.77623748779297
15.4453125,952.7608642578125,27.786529541015625
15.4609375,952.7720947265625,27.769996643066406
15.4765625,952.780517578125,27.77623748779297
15.4921875,952.759033203125,27.769248962402344
15.5078125,952.780517578125,27.785057067871094
15.5234375,952.7933959960938,27.76483917236328
15.5390625,952.7698974609375,27.765945434570312
15.5546875,952.7646484375,27.754920959472656
15.5703125,952.765380859375,27.754188537597656
15.5859375,952.7713012695312,27.755294799804688
15.6015625,952.7665405273438,27.763381958007812
15.6171875,952.7739868164062,27.76080322265625
15.6328125,952.7796630859375,27.76153564453125
15.6484375,952.762451171875,27.74463653564453
15.6640625,952.7678833007812,27.750152587890625
15.6796875,952.7677612304688,27.747573852539062
15.6953125,952.7466430664062,27.74463653564453
15.7109375,952.7637329101562,27.745742797851562
15.7265625,952.7595825195312,27.732872009277344
15.7421875,952.7709350585938,27.736549377441406
15.7578125,952.76953125,27.732872009277344
15.7734375,952.7595825195312,27.730308532714844
15.7890625,952.7658081054688,27.72956085205078
15.8046875,952.7706298828125,27.735443115234375
15.8203125,952.7628173828125,27.735443115234375
15.8359375,952.766357421875,27.730308532714844
15.8515625,952.7653198242188,27.72956085205078
15.8671875,952.7765502929688,27.72662353515625
15.8828125,952.7673950195312,27.72148895263672
15.8984375,952.765625,27.715232849121094
15.9140625,952.7697143554688,27.721115112304688
15.9296875,952.7781982421875,27.718910217285156
15.9453125,952.7647705078125,27.713768005371094
15.9609375,952.759521484375,27.715232849121094
15.9765625,952.7697143554688,27.72699737548828
15.9921875,952.7612915039062,27.730308532714844
16.0078125,952.7521362304688,27.719284057617188
16.0234375,952.749267578125,27.718536376953125
16.0390625,952.7498168945312,27.722946166992188
16.0546875,952.7621459960938,27.718910217285156
16.0703125,952.7462158203125,27.721115112304688
16.0859375,952.7554321289062,27.722213745117188
16.1015625,952.7860107421875,27.714126586914062
16.1171875,953.020751953125,27.709716796875
16.1328125,953.3359375,27.709716796875
16.1484375,953.6574096679688,27.702377319335938
16.1640625,953.9757080078125,27.700164794921875
16.1796875,955.2609252929688,27.715232849121094
16.1953125,955.28857421875,27.7086181640625
16.2109375,955.6024169921875,27.715972900390625
16.2265625,955.7452392578125,27.716331481933594
16.2421875,955.7081909179688,27.70935821533203
16.2578125,956.353515625,27.714500427246094
16.2734375,955.2897338867188,27.71082305908203
16.2890625,954.2380981445312,27.7086181640625
16.3046875,954.4200439453125,27.718910217285156
16.3203125,954.3314819335938,27.703102111816406
16.3359375,955.042236328125,27.714500427246094
16.3515625,954.6677856445312,27.719284057617188
16.3671875,954.2007446289062,27.718910217285156
16.3828125,955.0455322265625,27.72772979736328
16.3984375,954.1531982421875,27.721115112304688
16.4140625,954.3328857421875,27.72405242919922
16.4296875,954.175537109375,27.72589874267578
16.4453125,954.793701171875,27.721847534179688
16.4609375,953.8754272460938,27.733612060546875
16.4765625,954.040283203125,27.72405242919922
16.4921875,954.3881225585938,27.738380432128906
16.5078125,954.434326171875,27.72442626953125
16.5234375,954.2012939453125,27.736175537109375
16.5390625,954.346923828125,27.74720001220703
16.5546875,954.42919921875,27.74095916748047
16.5703125,954.2667846679688,27.751609802246094
16.5859375,954.6046142578125,27.74720001220703
16.6015625,954.2303466796875,27.754188537597656
16.6171875,954.1618041992188,27.764114379882812
16.6328125,954.074951171875,27.77550506591797
16.6484375,954.1173095703125,27.776611328125
16.6640625,954.66796875,27.769996643066406
16.6796875,954.5055541992188,27.773658752441406
16.6953125,954.209716796875,27.7791748046875
16.7109375,953.8960571289062,27.79755401611328
16.7265625,954.3207397460938,27.790573120117188
16.7421875,953.9987182617188,27.806373596191406
16.7578125,954.048095703125,27.81334686279297
16.7734375,954.4053955078125,27.81298828125
16.7890625,954.034423828125,27.816299438476562
16.8046875,953.4133911132812,27.83026123046875
16.8203125,953.6939086914062,27.817031860351562
16.8359375,953.26708984375,27.846420288085938
16.8515625,953.3190307617188,27.836502075195312
16.8671875,953.306640625,27.836502075195312
16.8828125,953.385498046875,27.850830078125
16.8984375,953.1419067382812,27.855613708496094
16.9140625,952.918701171875,27.858917236328125
16.9296875,952.9376831054688,27.873985290527344
16.9453125,952.848876953125,27.872146606445312
16.9609375,952.8487548828125,27.885009765625
16.9765625,952.8739624023438,27.90081787109375
16.9921875,952.8497314453125,27.896774291992188
17.0078125,952.8475341796875,27.90081787109375
17.0234375,952.8264770507812,27.906700134277344
17.0390625,952.8384399414062,27.915878295898438
17.0546875,952.8334350585938,27.892364501953125
17.0703125,952.8244018554688,27.907424926757812
17.0859375,952.81396484375,27.908531188964844
17.1015625,952.8187866210938,27.914047241210938
17.1171875,952.82177734375,27.905593872070312
17.1328125,952.8060913085938,27.90081787109375
17.1484375,952.81982421875,27.915145874023438
17.1640625,952.8147583007812,27.91808319091797
17.1796875,952.81201171875,27.913673400878906
17.1953125,952.8115234375,27.913314819335938
17.2109375,952.8056030273438,27.914772033691406
17.2265625,952.8146362304688,27.897132873535156
17.2421875,952.8225708007812,27.91551971435547
17.2578125,952.7967529296875,27.911834716796875
17.2734375,952.814453125,27.90485382080078
17.2890625,952.813720703125,27.910736083984375
17.3046875,952.7981567382812,27.90081787109375
17.3203125,952.7984008789062,27.880599975585938
17.3359375,952.791015625,27.915145874023438
17.3515625,952.8075561523438,27.892364501953125
17.3671875,952.784912109375,27.88465118408203
17.3828125,952.7991943359375,27.90412139892578
17.3984375,952.7872314453125,27.89897918701172
17.4140625,952.7957763671875,27.889785766601562
17.4296875,952.7990112304688,27.88134002685547
17.4453125,952.7814331054688,27.8853759765625
17.4609375,952.7853393554688,27.8861083984375
17.4765625,952.7866821289062,27.886856079101562
17.4921875,952.7939453125,27.876930236816406
17.5078125,952.7882690429688,27.86773681640625
17.5234375,952.792724609375,27.872146606445312
17.5390625,952.7930908203125,27.86663818359375
17.5546875,952.7848510742188,27.870315551757812
17.5703125,952.7702026367188,27.859649658203125
17.5859375,952.7828979492188,27.869216918945312
17.6015625,952.77490234375,27.84937286376953
17.6171875,952.780029296875,27.8489990234375
17.6328125,952.7830810546875,27.845321655273438
17.6484375,952.7796630859375,27.857444763183594
17.6640625,952.7808227539062,27.845321655273438
17.6796875,952.755859375,27.836502075195312
17.6953125,953.4035034179688,27.97541046142578
17.7109375,952.9689331054688,27.981666564941406
17.7265625,953.0084228515625,27.998931884765625
17.7421875,953.0369873046875,27.9912109375
17.7578125,952.9747314453125,28.00592041015625
17.7734375,953.0485229492188,28.001869201660156
17.7890625,952.9375,28.024658203125
17.8046875,952.872802734375,28.015838623046875
17.8203125,952.8748779296875,28.02832794189453
17.8359375,952.8390502929688,28.030174255371094
17.8515625,952.8446655273438,28.035308837890625
17.8671875,952.8463134765625,28.035308837890625
17.8828125,952.84521484375,28.04265594482422
17.8984375,952.8273315429688,28.047813415527344
17.9140625,952.8338623046875,28.04706573486328
17.9296875,952.8247680664062,28.04302978515625
17.9453125,952.8262329101562,28.051849365234375
17.9609375,952.8246459960938,28.046340942382812
17.9765625,952.8175659179688,28.04302978515625
17.9921875,952.8142700195312,28.047813415527344
18.0078125,952.8153076171875,28.045608520507812
18.0234375,952.799560546875,28.04119873046875
18.0390625,952.7902221679688,28.030532836914062
18.0546875,952.792724609375,28.024658203125
18.0703125,952.7861328125,28.028701782226562
18.0859375,952.7978515625,28.02576446533203
18.1015625,952.7862548828125,28.020980834960938
18.1171875,952.7994995117188,27.998931884765625
18.1328125,952.7740478515625,27.998931884765625
18.1484375,952.7943725585938,28.001869201660156
18.1640625,952.7832641601562,28.00627899169922
18.1796875,952.790283203125,28.00481414794922
18.1953125,952.7775268554688,27.9893798828125
18.2109375,952.768310546875,27.98863983154297
18.2265625,952.7969360351562,27.982025146484375
18.2421875,952.7932739257812,27.976150512695312
18.2578125,952.760986328125,27.97247314453125
18.2734375,952.7737426757812,27.980194091796875
18.2890625,952.7918701171875,27.969161987304688
18.3046875,952.7799682617188,27.97247314453125
18.3203125,952.7899169921875,27.9537353515625
18.3359375,952.7785034179688,27.93902587890625
18.3515625,952.77880859375,27.959976196289062
18.3671875,952.7731323242188,27.948593139648438
18.3828125,952.76123046875,27.93536376953125
18.3984375,952.7838134765625,27.93939971923828
18.4140625,952.7710571289062,27.934616088867188
18.4296875,952.776611328125,27.93792724609375
18.4453125,952.787109375,27.928375244140625
18.4609375,952.7874145507812,27.926544189453125
18.4765625,952.7697143554688,27.930580139160156
18.4921875,952.7702026367188,27.925796508789062
18.5078125,952.7877197265625,27.930953979492188
18.5234375,952.7642822265625,27.92102813720703
18.5390625,952.7721557617188,27.924697875976562
18.5546875,952.773193359375,27.906700134277344
18.5703125,952.7726440429688,27.9202880859375
18.5859375,952.780517578125,27.90485382080078
18.6015625,952.7939453125,27.914772033691406
18.6171875,952.7703857421875,27.913673400878906
18.6328125,952.779296875,27.894927978515625
18.6484375,952.7589111328125,27.895675659179688
18.6640625,952.770263671875,27.894927978515625
18.6796875,952.7821655273438,27.90412139892578
18.6953125,952.7657470703125,27.888687133789062
18.7109375,952.7528686523438,27.895675659179688
18.7265625,952.7584228515625,27.90081787109375
18.7421875,952.7571411132812,27.876556396484375
18.7578125,952.7726440429688,27.883544921875
18.7734375,952.7595825195312,27.875831604003906
18.7890625,952.7642211914062,27.86846923828125
18.8046875,952.7670288085938,27.873985290527344
18.8203125,952.7532348632812,27.875831604003906
18.8359375,952.7815551757812,27.872146606445312
18.8515625,952.753662109375,27.880599975585938
18.8671875,952.7789916992188,27.86773681640625
18.8828125,952.7939453125,27.873252868652344
18.8984375,952.8721923828125,27.86480712890625
18.9140625,953.0571899414062,27.853408813476562
18.9296875,952.9921875,27.858917236328125
18.9453125,954.1256103515625,27.879493713378906
18.9609375,953.4268798828125,27.873985290527344
18.9765625,953.88037109375,27.875457763671875
18.9921875,954.4073486328125,27.859649658203125
19.0078125,953.8837890625,27.859649658203125
19.0234375,952.845703125,27.86737060546875
19.0390625,952.4338989257812,27.859649658203125
19.0546875,952.9592895507812,27.873985290527344
19.0703125,952.86328125,27.870315551757812
19.0859375,955.7032470703125,27.86737060546875
19.1015625,955.3901977539062,27.871421813964844
19.1171875,955.1525268554688,27.88390350341797
19.1328125,952.6824951171875,27.879135131835938
19.1484375,952.891845703125,27.875831604003906
19.1640625,952.7695922851562,27.893096923828125
19.1796875,952.8143310546875,27.887954711914062
19.1953125,952.8292846679688,27.893470764160156
19.2109375,952.4974975585938,27.910736083984375
19.2265625,953.818359375,27.88390350341797
19.2421875,953.3323364257812,27.906700134277344
19.2578125,952.7630004882812,27.913673400878906
19.2734375,952.711669921875,27.922134399414062
19.2890625,952.9356689453125,27.915878295898438
19.3046875,952.7830810546875,27.91808319091797
19.3203125,953.2962036132812,27.920654296875
19.3359375,953.22412109375,27.930580139160156
19.3515625,953.2501831054688,27.93609619140625
19.3671875,953.1551513671875,27.941604614257812
19.3828125,954.8544921875,27.948593139648438
19.3984375,956.904296875,27.962554931640625
19.4140625,956.1192626953125,27.967330932617188
19.4296875,955.5655517578125,27.985702514648438
19.4453125,955.4701538085938,27.984970092773438
19.4609375,955.536865234375,27.995620727539062
19.4765625,955.3702392578125,28.004440307617188
19.4921875,955.1043701171875,28.00812530517578
19.5078125,954.3225708007812,28.022811889648438
19.5234375,954.0767211914062,28.045608520507812
19.5390625,953.2443237304688,28.046340942382812
19.5546875,953.734375,28.057357788085938
19.5703125,953.2508544921875,28.06214141845703
19.5859375,952.8328857421875,28.07978057861328
19.6015625,952.7521362304688,28.081619262695312
19.6171875,952.6381225585938,28.07757568359375
19.6328125,952.7662353515625,28.090438842773438
19.6484375,952.787841796875,28.088600158691406
19.6640625,952.6728515625,28.111007690429688
19.6796875,952.90234375,28.11652374267578
19.6953125,952.8221435546875,28.124610900878906
19.7109375,952.8856811523438,28.1312255859375
19.7265625,952.84326171875,28.1304931640625
19.7421875,952.8557739257812,28.140777587890625
19.7578125,952.8341064453125,28.140777587890625
19.7734375,952.8167724609375,28.144454956054688
19.7890625,952.8404541015625,28.14996337890625
19.8046875,952.8325805664062,28.143722534179688
19.8203125,952.83740234375,28.156211853027344
19.8359375,952.8284912109375,28.14996337890625
19.8515625,952.8235473632812,28.145553588867188
19.8671875,952.8309936523438,28.146286010742188
19.8828125,952.8125610351562,28.143722534179688
19.8984375,952.8140258789062,28.153648376464844
19.9140625,952.8209838867188,28.146286010742188
19.9296875,952.8005981445312,28.142250061035156
19.9453125,952.8169555664062,28.143356323242188
19.9609375,952.7990112304688,28.136734008789062
19.9765625,952.8013916015625,28.119094848632812
19.9921875,952.8068237304688,28.130126953125
20.0078125,952.8091430664062,28.134536743164062
20.0234375,952.8030395507812,28.123878479003906
20.0390625,952.7893676757812,28.12718963623047
20.0546875,952.796875,28.105499267578125
20.0703125,952.8013305664062,28.11064910888672
20.0859375,952.8012084960938,28.092269897460938
20.1015625,952.7833251953125,28.107704162597656
20.1171875,952.8003540039062,28.099624633789062
20.1328125,952.786376953125,28.091537475585938
20.1484375,952.7802124023438,28.081619262695312
20.1640625,952.7858276367188,28.092269897460938
20.1796875,952.8065185546875,28.088958740234375
20.1953125,952.8038330078125,28.082717895507812
20.2109375,952.7775268554688,28.08124542236328
20.2265625,952.7844848632812,28.072799682617188
20.2421875,952.796875,28.07647705078125
20.2578125,952.8109130859375,28.067283630371094
20.2734375,952.7783203125,28.066551208496094
20.2890625,952.7872314453125,28.055160522460938
20.3046875,952.7825317382812,28.056991577148438
20.3203125,952.8030395507812,28.06470489501953
20.3359375,952.778076171875,28.055160522460938
20.3515625,952.7825317382812,28.049270629882812
20.3671875,952.779052734375,28.051116943359375
20.3828125,952.7869873046875,28.04229736328125
20.3984375,952.7980346679688,28.04450225830078
20.4140625,952.7737426757812,28.046340942382812
20.4296875,952.7971801757812,28.04486083984375
20.4453125,952.7786254882812,28.04706573486328
20.4609375,952.7739868164062,28.030899047851562
20.4765625,952.7801513671875,28.027969360351562
20.4921875,952.7738647460938,28.013992309570312
20.5078125,952.7724609375,28.019149780273438
20.5234375,952.7681884765625,28.004440307617188
20.5390625,952.7643432617188,28.018043518066406
20.5546875,952.7711791992188,28.013633728027344
20.5703125,952.7706909179688,28.014366149902344
20.5859375,952.7623901367188,28.00848388671875
20.6015625,952.7880859375,28.001510620117188
20.6171875,952.792724609375,28.00775146484375
20.6328125,952.7646484375,28.001869201660156
20.6484375,952.7635498046875,27.998931884765625
20.6640625,952.7697143554688,27.9901123046875
20.6796875,952.7635498046875,27.995620727539062
20.6953125,952.7647705078125,27.99304962158203
20.7109375,952.7656860351562,27.998558044433594
20.7265625,952.7679443359375,27.987533569335938
20.7421875,952.76513671875,27.986434936523438
20.7578125,952.7637939453125,27.986434936523438
20.7734375,952.735595703125,27.982025146484375
20.7890625,952.760986328125,27.96843719482422
20.8046875,952.7882690429688,27.97650909423828
20.8203125,952.8106079101562,27.961822509765625
20.8359375,952.93896484375,27.967330932617188
20.8515625,952.823486328125,27.961822509765625
20.8671875,953.2862548828125,27.979820251464844
20.8828125,953.5162963867188,27.961074829101562
20.8984375,953.7037963867188,27.97247314453125
20.9140625,953.7598876953125,27.968063354492188
20.9296875,954.1495971679688,27.961822509765625
20.9453125,953.492919921875,27.957412719726562
20.9609375,953.2385864257812,27.959243774414062
20.9765625,955.269287109375,27.97394561767578
20.9921875,956.157958984375,27.977981567382812
21.0078125,956.2973022460938,27.97394561767578
21.0234375,955.6138916015625,27.97209930419922
21.0390625,957.1033325195312,27.982025146484375
21.0546875,956.068115234375,27.987533569335938
21.0703125,955.64990234375,27.9912109375
21.0859375,955.8739624023438,27.997459411621094
21.1015625,955.5542602539062,27.995620727539062
21.1171875,956.5620727539062,28.003341674804688
21.1328125,956.2079467773438,28.020980834960938
21.1484375,956.1936645507812,28.027969360351562
21.1640625,955.7660522460938,28.032005310058594
21.1796875,955.6298217773438,28.03899383544922
21.1953125,955.112548828125,28.04302978515625
21.2109375,956.062255859375,28.048912048339844
21.2265625,956.0025024414062,28.050750732421875
21.2421875,956.2967529296875,28.05773162841797
21.2578125,956.6647338867188,28.07537078857422
21.2734375,956.0039672851562,28.075729370117188
21.2890625,955.4664916992188,28.087127685546875
21.3046875,956.5645141601562,28.084548950195312
21.3203125,955.1958618164062,28.0970458984375
21.3359375,955.632080078125,28.11505889892578
21.3515625,954.7803955078125,28.1312255859375
21.3671875,955.2840576171875,28.137840270996094
21.3828125,953.6633911132812,28.153648376464844
21.3984375,952.84375,28.159889221191406
21.4140625,952.8401489257812,28.18561553955078
21.4296875,953.2426147460938,28.178634643554688
21.4453125,952.546630859375,28.186721801757812
21.4609375,952.5838623046875,28.193695068359375
21.4765625,952.237060546875,28.18634796142578
21.4921875,952.4302368164062,28.207664489746094
21.5078125,952.4102172851562,28.225303649902344
21.5234375,952.4280395507812,28.231918334960938
21.5390625,952.8012084960938,28.232650756835938
21.5546875,952.6058959960938,28.249916076660156
21.5703125,952.755859375,28.25653076171875
21.5859375,952.8180541992188,28.2705078125
21.6015625,952.8558959960938,28.27637481689453
21.6171875,952.8577270507812,28.2734375
21.6328125,952.8502197265625,28.286300659179688
21.6484375,952.8468017578125,28.29107666015625
21.6640625,952.8418579101562,28.280426025390625
21.6796875,952.8419189453125,28.297325134277344
21.6953125,952.8298950195312,28.296966552734375
21.7109375,952.848388671875,28.28924560546875
21.7265625,952.8284912109375,28.29145050048828
21.7421875,952.8364868164062,28.294761657714844
21.7578125,952.83203125,28.302108764648438
21.7734375,952.8446655273438,28.299171447753906
21.7890625,952.8444213867188,28.29218292236328
21.8046875,952.8131713867188,28.293289184570312
21.8203125,952.842529296875,28.294387817382812
21.8359375,952.8223876953125,28.29401397705078
21.8515625,952.8223266601562,28.293289184570312
21.8671875,952.8295288085938,28.29180908203125
21.8828125,952.829345703125,28.274917602539062
21.8984375,952.8282470703125,28.2705078125
21.9140625,952.8272705078125,28.277481079101562
21.9296875,952.8309326171875,28.277481079101562
21.9453125,952.8106079101562,28.267196655273438
21.9609375,952.81787109375,28.25579833984375
21.9765625,952.8234252929688,28.237060546875
21.9921875,952.8150024414062,28.232650756835938
22.0078125,952.7947387695312,28.232650756835938
22.0234375,952.799560546875,28.21904754638672
22.0390625,952.8167114257812,28.21942138671875
22.0546875,952.7933959960938,28.214637756347656
22.0703125,952.8151245117188,28.192962646484375
22.0859375,952.8117065429688,28.199951171875
22.1015625,952.78857421875,28.18304443359375
22.1171875,952.7994384765625,28.194793701171875
22.1328125,952.7921752929688,28.18561553955078
22.1484375,952.7955322265625,28.194793701171875
22.1640625,952.8173217773438,28.179000854492188
22.1796875,952.812255859375,28.195899963378906
22.1953125,952.7965698242188,28.190025329589844
22.2109375,952.8168334960938,28.18267059326172
22.2265625,952.7952270507812,28.175697326660156
22.2421875,952.8004760742188,28.172386169433594
22.2578125,952.7911987304688,28.179000854492188
22.2734375,952.7942504882812,28.16687774658203
22.2890625,952.7858276367188,28.161361694335938
22.3046875,952.8038940429688,28.16687774658203
22.3203125,952.7918701171875,28.153274536132812
22.3359375,952.7887573242188,28.14996337890625
22.3515625,952.7811279296875,28.15069580078125
22.3671875,952.78125,28.146286010742188
22.3828125,952.7796630859375,28.143722534179688
22.3984375,952.778076171875,28.140777587890625
22.4140625,952.7754516601562,28.13526153564453
22.4296875,952.7755126953125,28.13416290283203
22.4453125,952.7796630859375,28.11248779296875
22.4609375,952.7791748046875,28.111007690429688
22.4765625,952.776123046875,28.11358642578125
22.4921875,952.7841796875,28.116165161132812
22.5078125,952.776611328125,28.100730895996094
22.5234375,952.779296875,28.11579132080078
22.5390625,952.7784423828125,28.11579132080078
22.5546875,952.776611328125,28.103294372558594
22.5703125,952.7639770507812,28.09888458251953
22.5859375,952.7981567382812,28.102935791015625
22.6015625,952.891357421875,28.09888458251953
22.6171875,952.9453125,28.093368530273438
22.6328125,953.1055297851562,28.092636108398438
22.6484375,953.6929321289062,28.098526000976562
22.6640625,953.9803466796875,28.09447479248047
22.6796875,954.0724487304688,28.09521484375
22.6953125,953.8939819335938,28.09521484375
22.7109375,954.4099731445312,28.071319580078125
22.7265625,954.6685791015625,28.07610321044922
22.7421875,954.337646484375,28.091537475585938
22.7578125,954.360107421875,28.074630737304688
22.7734375,952.8275756835938,28.08124542236328
22.7890625,952.9560546875,28.07978057861328
22.8046875,953.75390625,28.07537078857422
22.8203125,953.9833984375,28.081619262695312
22.8359375,954.8385620117188,28.07978057861328
22.8515625,954.3828735351562,28.07830810546875
22.8671875,954.5767211914062,28.070220947265625
22.8828125,955.5798950195312,28.089332580566406
22.8984375,954.9408569335938,28.07720947265625
22.9140625,954.891845703125,28.084922790527344
22.9296875,954.9434814453125,28.07683563232422
22.9453125,954.5037841796875,28.09374237060547
22.9609375,955.811279296875,28.107345581054688
22.9765625,954.3253173828125,28.095947265625
22.9921875,953.8253784179688,28.116897583007812
23.0078125,954.1517944335938,28.123878479003906
23.0234375,953.3292236328125,28.134536743164062
23.0390625,953.2818603515625,28.13343048095703
23.0546875,953.4926147460938,28.13343048095703
23.0703125,953.256591796875,28.14996337890625
23.0859375,953.9483642578125,28.16650390625
23.1015625,955.1514892578125,28.163192749023438
23.1171875,955.591552734375,28.16687774658203
23.1328125,953.5784301757812,28.16687774658203
23.1484375,954.3472290039062,28.195167541503906
23.1640625,954.9603881835938,28.190383911132812
23.1796875,955.7332763671875,28.206924438476562
23.1953125,954.536376953125,28.18634796142578
23.2109375,954.0739135742188,28.193695068359375
23.2265625,953.104736328125,28.208396911621094
23.2421875,952.7953491210938,28.20068359375
23.2578125,954.1266479492188,28.22089385986328
23.2734375,954.4231567382812,28.209503173828125
23.2890625,953.8109130859375,28.212432861328125
23.3046875,952.8268432617188,28.223831176757812
23.3203125,953.1513671875,28.23779296875
23.3359375,953.0045166015625,28.23668670654297
23.3515625,953.1975708007812,28.241844177246094
23.3671875,953.0581665039062,28.251022338867188
23.3828125,952.8784790039062,28.266830444335938
23.3984375,952.8800659179688,28.2723388671875
23.4140625,952.8399658203125,28.258010864257812
23.4296875,952.8576049804688,28.277847290039062
23.4453125,952.8405151367188,28.274917602539062
23.4609375,952.8480224609375,28.278579711914062
23.4765625,952.8424072265625,28.281532287597656
23.4921875,952.8283081054688,28.286666870117188
23.5078125,952.8335571289062,28.293289184570312
23.5234375,952.821044921875,28.28924560546875
23.5390625,952.8338012695312,28.28594207763672
23.5546875,952.8179321289062,28.284095764160156
23.5703125,952.8291015625,28.287399291992188
23.5859375,952.8265380859375,28.29071044921875
23.6015625,952.8052978515625,28.274917602539062
23.6171875,952.8120727539062,28.294387817382812
23.6328125,952.8153076171875,28.278953552246094
23.6484375,952.8148803710938,28.263893127441406
23.6640625,952.8038940429688,28.278953552246094
23.6796875,952.7939453125,28.27454376220703
23.6953125,952.7960205078125,28.259109497070312
23.7109375,952.7896118164062,28.25579833984375
23.7265625,952.7916870117188,28.243301391601562
23.7421875,952.78515625,28.244049072265625
23.7578125,952.8012084960938,28.25322723388672
23.7734375,952.8016357421875,28.248458862304688
23.7890625,952.7855834960938,28.2359619140625
23.8046875,952.7735595703125,28.22089385986328
23.8203125,952.7542114257812,28.22125244140625
23.8359375,952.7637329101562,28.214637756347656
23.8515625,952.7631225585938,28.209503173828125
23.8671875,952.7907104492188,28.2025146484375
23.8828125,952.7523193359375,28.20030975341797
23.8984375,952.7545166015625,28.207290649414062
23.9140625,952.7857055664062,28.192588806152344
23.9296875,952.769287109375,28.194793701171875
23.9453125,952.76953125,28.18634796142578
23.9609375,952.7836303710938,28.194435119628906
23.9765625,952.7515258789062,28.190025329589844
23.9921875,952.7498779296875,28.18634796142578
24.0078125,952.7674560546875,28.18267059326172
24.0234375,952.7640991210938,28.190383911132812
24.0390625,952.7481079101562,28.176055908203125
24.0546875,952.7813110351562,28.172386169433594
24.0703125,952.7481079101562,28.1676025390625
24.0859375,952.7531127929688,28.163925170898438
24.1015625,952.7581176757812,28.171287536621094
24.1171875,952.7581787109375,28.171287536621094
24.1328125,952.749267578125,28.163192749023438
24.1484375,952.753173828125,28.163192749023438
24.1640625,952.780029296875,28.155105590820312
24.1796875,952.7518310546875,28.156211853027344
24.1953125,952.7603149414062,28.144081115722656
24.2109375,952.7561645507812,28.15069580078125
24.2265625,952.7788696289062,28.14849090576172
24.2421875,952.7756958007812,28.13232421875
24.2578125,952.7603149414062,28.12718963623047
24.2734375,952.7700805664062,28.141517639160156
24.2890625,952.773193359375,28.123878479003906
24.3046875,952.7684326171875,28.126815795898438
24.3203125,952.7495727539062,28.121307373046875
24.3359375,952.7442626953125,28.122032165527344
24.3515625,952.7443237304688,28.124237060546875
24.3671875,952.7763061523438,28.11358642578125
24.3828125,952.7703857421875,28.107345581054688
24.3984375,952.7608642578125,28.11579132080078
24.4140625,952.7413940429688,28.100730895996094
24.4296875,952.7601318359375,28.100730895996094
24.4453125,952.7738647460938,28.106239318847656
24.4609375,952.771484375,28.099624633789062
24.4765625,952.7421875,28.0966796875
24.4921875,952.7734985351562,28.090065002441406
24.5078125,952.802734375,28.09888458251953
24.5234375,952.8287353515625,28.0948486328125
24.5390625,952.7464599609375,28.09521484375
24.5546875,952.873779296875,28.09741973876953
24.5703125,953.6265258789062,28.099258422851562
24.5859375,953.973876953125,28.093368530273438
24.6015625,954.4654541015625,28.0966796875
24.6171875,957.492919921875,28.09374237060547
24.6328125,955.05224609375,28.095947265625
24.6484375,954.2578125,28.09191131591797
24.6640625,953.9300537109375,28.09300994873047
24.6796875,953.4618530273438,28.091163635253906
24.6953125,953.375,28.100730895996094
24.7109375,955.7117919921875,28.106971740722656
24.7265625,954.9336547851562,28.0977783203125
24.7421875,954.333251953125,28.11248779296875
24.7578125,954.8524169921875,28.102935791015625
24.7734375,955.4125366210938,28.11175537109375
24.7890625,953.6644287109375,28.11505889892578
24.8046875,953.9986572265625,28.120574951171875
24.8203125,954.406005859375,28.119827270507812
24.8359375,953.9549560546875,28.13416290283203
24.8515625,954.1661376953125,28.144454956054688
24.8671875,953.281005859375,28.143722534179688
24.8828125,953.5791015625,28.153274536132812
24.8984375,952.7893676757812,28.152542114257812
24.9140625,952.6983642578125,28.163925170898438
24.9296875,952.3890991210938,28.163192749023438
24.9453125,953.4556274414062,28.167236328125
24.9609375,954.3485717773438,28.177154541015625
24.9765625,953.5926513671875,28.18524169921875
24.9921875,953.7732543945312,28.195541381835938
25.0078125,953.1282348632812,28.192588806152344
25.0234375,953.3258666992188,28.191490173339844
25.0390625,952.9485473632812,28.196640014648438
25.0546875,953.319580078125,28.20398712158203
25.0703125,952.9575805664062,28.20325469970703
25.0859375,952.6937866210938,28.208770751953125
25.1015625,952.549560546875,28.213180541992188
25.1171875,952.9554443359375,28.226409912109375
25.1328125,953.1989135742188,28.23853302001953
25.1484375,953.042236328125,28.240371704101562
25.1640625,952.6842651367188,28.25286865234375
25.1796875,952.8111572265625,28.25176239013672
25.1953125,952.8970947265625,28.267929077148438
25.2109375,952.990234375,28.276016235351562
25.2265625,953.1768798828125,28.282989501953125
25.2421875,953.065185546875,28.279685974121094
25.2578125,952.9279174804688,28.29401397705078
25.2734375,952.895263671875,28.293655395507812
25.2890625,952.8767700195312,28.298797607421875
25.3046875,952.8497314453125,28.298797607421875
25.3203125,952.8455810546875,28.30467987060547
25.3359375,952.8401489257812,28.299896240234375
25.3515625,952.8284301757812,28.312026977539062
25.3671875,952.8516235351562,28.303939819335938
25.3828125,952.8359375,28.314964294433594
25.3984375,952.8268432617188,28.310195922851562
25.4140625,952.8251953125,28.317169189453125
25.4296875,952.8169555664062,28.308349609375
25.4453125,952.8214111328125,28.314964294433594
25.4609375,952.8341064453125,28.313858032226562
25.4765625,952.8224487304688,28.316436767578125
25.4921875,952.8263549804688,28.32122039794922
25.5078125,952.8221435546875,28.32122039794922
25.5234375,952.8298950195312,28.299896240234375
25.5390625,952.8068237304688,28.299171447753906
25.5546875,952.8096923828125,28.28924560546875
25.5703125,952.8201293945312,28.299530029296875
25.5859375,952.823486328125,28.299896240234375
25.6015625,952.8247680664062,28.303207397460938
25.6171875,952.8053588867188,28.296966552734375
25.6328125,952.7933959960938,28.294761657714844
25.6484375,952.8033447265625,28.295120239257812
25.6640625,952.7986450195312,28.27527618408203
25.6796875,952.796630859375,28.294761657714844
25.6953125,952.798583984375,28.28594207763672
25.7109375,952.7981567382812,28.27637481689453
25.7265625,952.7896118164062,28.275650024414062
25.7421875,952.7966918945312,28.274169921875
25.7578125,952.7941284179688,28.259841918945312
25.7734375,952.787841796875,28.248817443847656
25.7890625,952.7784423828125,28.242942810058594
25.8046875,952.7777709960938,28.25653076171875
25.8203125,952.79052734375,28.246253967285156
25.8359375,952.790771484375,28.25469970703125
25.8515625,952.7891235351562,28.250289916992188
25.8671875,952.770751953125,28.222000122070312
25.8828125,952.7871704101562,28.21832275390625
25.8984375,952.779052734375,28.22089385986328
25.9140625,952.7793579101562,28.227508544921875
25.9296875,952.7595825195312,28.22015380859375
25.9453125,952.7762451171875,28.22089385986328
25.9609375,952.7810668945312,28.21904754638672
25.9765625,952.7628784179688,28.208396911621094
25.9921875,952.7667236328125,28.20581817626953
26.0078125,952.7562866210938,28.18487548828125
26.0234375,952.7774047851562,28.193336486816406
26.0390625,952.7603759765625,28.193695068359375
26.0546875,952.7676391601562,28.191131591796875
26.0703125,952.75,28.19774627685547
26.0859375,952.7626342773438,28.18817901611328
26.1015625,952.7688598632812,28.18708038330078
26.1171875,952.7501831054688,28.191131591796875
26.1328125,952.76318359375,28.18524169921875
26.1484375,952.7601928710938,28.179733276367188
26.1640625,952.7489013671875,28.18634796142578
26.1796875,952.7572631835938,28.172386169433594
26.1953125,952.7493286132812,28.172386169433594
26.2109375,952.7481079101562,28.1676025390625
26.2265625,952.7877197265625,28.162826538085938
26.2421875,952.872802734375,28.160621643066406
26.2578125,953.0650024414062,28.1646728515625
26.2734375,953.4528198242188,28.154373168945312
26.2890625,954.154296875,28.156211853027344
26.3046875,955.2489013671875,28.16356658935547
26.3203125,955.712646484375,28.160621643066406
26.3359375,955.4420776367188,28.157310485839844
26.3515625,956.3048706054688,28.14996337890625
26.3671875,957.1018676757812,28.156211853027344
26.3828125,953.4489135742188,28.161720275878906
26.3984375,953.020263671875,28.153648376464844
26.4140625,952.751708984375,28.16246795654297
26.4296875,952.5844116210938,28.14996337890625
26.4453125,952.55224609375,28.153648376464844
26.4609375,952.3760986328125,28.160621643066406
26.4765625,952.8563842773438,28.16503143310547
26.4921875,952.8352661132812,28.161720275878906
26.5078125,952.3488159179688,28.1654052734375
26.5234375,952.2990112304688,28.156211853027344
26.5390625,952.4038696289062,28.161720275878906
26.5546875,952.5317993164062,28.158782958984375
26.5703125,952.7467651367188,28.16246795654297
26.5859375,952.5982666015625,28.161720275878906
26.6015625,952.5408325195312,28.176055908203125
26.6171875,952.4752197265625,28.16687774658203
26.6328125,952.4102783203125,28.16650390625
26.6484375,952.3427124023438,28.175323486328125
26.6640625,952.366943359375,28.175323486328125
26.6796875,952.5469360351562,28.1676025390625
26.6953125,952.3775024414062,28.1654052734375
26.7109375,952.9053955078125,28.163192749023438
26.7265625,954.3356323242188,28.171646118164062
26.7421875,955.7093505859375,28.172012329101562
26.7578125,956.4699096679688,28.170181274414062
26.7734375,955.6203002929688,28.171646118164062
26.7890625,953.3399047851562,28.18708038330078
26.8046875,955.1785888671875,28.171287536621094
26.8203125,956.3577270507812,28.179000854492188
26.8359375,954.5563354492188,28.18634796142578
26.8515625,955.3539428710938,28.172012329101562
26.8671875,954.8212890625,28.177902221679688
26.8828125,954.8343505859375,28.189285278320312
26.8984375,955.1686401367188,28.198471069335938
26.9140625,954.6041870117188,28.20398712158203
26.9296875,954.8717041015625,28.2025146484375
26.9453125,953.2658081054688,28.226036071777344
26.9609375,952.84912109375,28.241470336914062
26.9765625,952.673095703125,28.266098022460938
26.9921875,952.6593627929688,28.262420654296875
27.0078125,952.6912841796875,28.264991760253906
27.0234375,952.8392944335938,28.279685974121094
27.0390625,952.8048095703125,28.282989501953125
27.0546875,952.8290405273438,28.294387817382812
27.0703125,952.8349609375,28.30467987060547
27.0859375,952.8330078125,28.297325134277344
27.1015625,952.8352661132812,28.28704071044922
27.1171875,952.821044921875,28.29035186767578
27.1328125,952.8316040039062,28.297325134277344
27.1484375,952.8298950195312,28.3087158203125
27.1640625,952.8106689453125,28.3057861328125
27.1796875,952.8019409179688,28.3087158203125
27.1953125,952.8256225585938,28.296592712402344
27.2109375,952.8322143554688,28.293655395507812
27.2265625,952.8348999023438,28.295486450195312
27.2421875,952.8327026367188,28.313858032226562
27.2578125,952.8087768554688,28.30541229248047
27.2734375,952.8217163085938,28.299896240234375
27.2890625,952.8204956054688,28.301002502441406
27.3046875,952.8098754882812,28.298423767089844
27.3203125,952.8060913085938,28.301002502441406
27.3359375,952.8069458007812,28.296218872070312
27.3515625,952.7987060546875,28.3065185546875
27.3671875,952.7997436523438,28.296592712402344
27.3828125,952.7987060546875,28.285194396972656
27.3984375,952.7975463867188,28.295120239257812
27.4140625,952.8112182617188,28.280426025390625
27.4296875,952.77685546875,28.292556762695312
27.4453125,952.7750854492188,28.29145050048828
27.4609375,952.7940673828125,28.277481079101562
27.4765625,952.790283203125,28.29071044921875
27.4921875,952.7969360351562,28.274917602539062
27.5078125,952.7935791015625,28.269760131835938
27.5234375,952.7918701171875,28.262420654296875
27.5390625,952.7922973632812,28.247711181640625
27.5546875,952.7783203125,28.27086639404297
27.5703125,952.782958984375,28.247711181640625
27.5859375,952.781982421875,28.23999786376953
27.6015625,952.7877197265625,28.242942810058594
27.6171875,952.7731323242188,28.246978759765625
27.6328125,952.78662109375,28.243301391601562
27.6484375,952.7832641601562,28.24109649658203
27.6640625,952.7656860351562,28.231918334960938
27.6796875,952.7882080078125,28.231918334960938
27.6953125,952.7648315429688,28.225662231445312
27.7109375,952.7844848632812,28.228614807128906
27.7265625,952.7836303710938,28.2025146484375
27.7421875,952.7511596679688,28.207664489746094
27.7578125,952.7719116210938,28.20398712158203
27.7734375,952.7620849609375,28.207664489746094
27.7890625,952.7719116210938,28.2025146484375
27.8046875,952.7523193359375,28.2025146484375
27.8203125,952.7762451171875,28.199951171875
27.8359375,952.75146484375,28.2017822265625
27.8515625,952.7509765625,28.198471069335938
27.8671875,952.7848510742188,28.194435119628906
27.8828125,952.783203125,28.19774627685547
27.8984375,952.7835693359375,28.188552856445312
27.9140625,952.7658081054688,28.189285278320312
27.9296875,952.7778930664062,28.19774627685547
27.9453125,952.7787475585938,28.18561553955078
27.9609375,952.7626342773438,28.18561553955078
27.9765625,952.7745971679688,28.18817901611328
27.9921875,952.7545166015625,28.18341064453125
28.0078125,952.7863159179688,28.175697326660156
28.0234375,952.643798828125,28.173851013183594
28.0390625,952.5228881835938,28.1676025390625
28.0546875,952.5025024414062,28.191131591796875
28.0703125,952.712890625,28.171287536621094
28.0859375,953.0159301757812,28.16687774658203
28.1015625,952.6782836914062,28.179733276367188
28.1171875,951.9642944335938,28.18561553955078
28.1328125,952.8433227539062,28.171287536621094
28.1484375,956.140625,28.179359436035156
28.1640625,956.512939453125,28.173118591308594
28.1796875,955.9683227539062,28.18634796142578
28.1953125,955.15576171875,28.18817901611328
28.2109375,955.1691284179688,28.194793701171875
28.2265625,955.453857421875,28.18817901611328
28.2421875,956.2960815429688,28.20325469970703
28.2578125,956.2689819335938,28.19957733154297
28.2734375,957.0866088867188,28.20398712158203
28.2890625,957.1728515625,28.22162628173828
28.3046875,955.3884887695312,28.211334228515625
28.3203125,956.1678466796875,28.24109649658203
28.3359375,956.1080932617188,28.25176239013672
28.3515625,952.7201538085938,28.259483337402344
28.3671875,955.5724487304688,28.276748657226562
28.3828125,956.9048461914062,28.282989501953125
28.3984375,955.1761474609375,28.298423767089844
28.4140625,956.1657104492188,28.313125610351562
28.4296875,954.9971923828125,28.3087158203125
28.4453125,954.6390380859375,28.320846557617188
28.4609375,956.22998046875,28.331138610839844
28.4765625,955.0234375,28.350982666015625
28.4921875,953.1945190429688,28.370452880859375
28.5078125,953.6470336914062,28.391029357910156
28.5234375,956.8040161132812,28.386260986328125
28.5390625,957.0336303710938,28.404258728027344
28.5546875,956.9478759765625,28.40941619873047
28.5703125,956.4677734375,28.42705535888672
28.5859375,956.9691772460938,28.425949096679688
28.6015625,956.1808471679688,28.437332153320312
28.6171875,955.4887084960938,28.459022521972656
28.6328125,953.8650512695312,28.475921630859375
28.6484375,952.73828125,28.486587524414062
28.6640625,953.4697265625,28.495407104492188
28.6796875,952.4375,28.5203857421875
28.6953125,952.151611328125,28.52332305908203
28.7109375,952.6155395507812,28.526275634765625
28.7265625,952.5530395507812,28.547576904296875
28.7421875,952.6610107421875,28.564483642578125
28.7578125,952.7026977539062,28.55677032470703
28.7734375,952.7425537109375,28.56816864013672
28.7890625,952.7042846679688,28.577346801757812
28.8046875,952.6561279296875,28.602699279785156
28.8203125,952.7913818359375,28.597190856933594
28.8359375,952.7752685546875,28.590576171875
28.8515625,952.8195190429688,28.590576171875
28.8671875,952.869140625,28.616676330566406
28.8828125,952.8591918945312,28.616676330566406
28.8984375,952.8525390625,28.62291717529297
28.9140625,952.8645629882812,28.612991333007812
28.9296875,952.8455810546875,28.60638427734375
28.9453125,952.8550415039062,28.621810913085938
28.9609375,952.8273315429688,28.60344696044922
28.9765625,952.8428955078125,28.62291717529297
28.9921875,952.8501586914062,28.62218475341797
29.0078125,952.8416748046875,28.60638427734375
29.0234375,952.8263549804688,28.60638427734375
29.0390625,952.8294067382812,28.597564697265625
29.0546875,952.8237915039062,28.583961486816406
29.0703125,952.8200073242188,28.58580780029297
29.0859375,952.811767578125,28.5887451171875
29.1015625,952.8253173828125,28.57330322265625
29.1171875,952.8256225585938,28.583229064941406
29.1328125,952.8206176757812,28.583229064941406
29.1484375,952.8504638671875,28.57330322265625
29.1640625,952.8303833007812,28.56926727294922
29.1796875,952.8364868164062,28.558242797851562
29.1953125,952.8228759765625,28.546119689941406
29.2109375,952.823486328125,28.549423217773438
29.2265625,952.8214111328125,28.544273376464844
29.2421875,952.8465576171875,28.545013427734375
29.2578125,952.7940673828125,28.52332305908203
29.2734375,952.825439453125,28.51966094970703
29.2890625,952.8161010742188,28.524429321289062
29.3046875,952.8446044921875,28.511940002441406
29.3203125,952.8201293945312,28.504226684570312
29.3359375,952.8192749023438,28.496864318847656
29.3515625,952.8126220703125,28.496505737304688
29.3671875,952.8030395507812,28.496139526367188
29.3828125,952.8029174804688,28.489517211914062
29.3984375,952.824951171875,28.48548126220703
29.4140625,952.814453125,28.47997283935547
29.4296875,952.8096923828125,28.46416473388672
29.4453125,952.8123168945312,28.474090576171875
29.4609375,952.8133544921875,28.474456787109375
29.4765625,952.80078125,28.461227416992188
29.4921875,952.78271484375,28.459754943847656
29.5078125,952.8095092773438,28.438079833984375
29.5234375,952.80859375,28.435874938964844
29.5390625,952.7891845703125,28.438438415527344
29.5546875,952.8086547851562,28.437332153320312
29.5703125,952.7924194335938,28.433670043945312
29.5859375,952.7752075195312,28.436233520507812
29.6015625,952.79638671875,28.41748809814453
29.6171875,952.7783203125,28.423744201660156
29.6328125,952.8041381835938,28.435874938964844
29.6484375,952.7742919921875,28.419334411621094
29.6640625,952.7887573242188,28.403900146484375
29.6796875,952.7818603515625,28.404258728027344
29.6953125,952.7813110351562,28.399124145507812
29.7109375,952.78076171875,28.405006408691406
29.7265625,952.7711791992188,28.391403198242188
29.7421875,952.785888671875,28.378173828125
29.7578125,952.7816772460938,28.391029357910156
29.7734375,952.7698364257812,28.371559143066406
29.7890625,952.7709350585938,28.369354248046875
29.8046875,952.7628784179688,28.367523193359375
29.8203125,952.759033203125,28.369354248046875
29.8359375,952.7628784179688,28.36163330078125
29.8515625,952.759765625,28.35906219482422
29.8671875,952.759521484375,28.349136352539062
29.8828125,952.8457641601562,28.34252166748047
29.8984375,953.4698486328125,28.32598876953125
29.9140625,953.9969482421875,28.335174560546875
29.9296875,954.479248046875,28.317169189453125
29.9453125,953.7330932617188,28.334449768066406
29.9609375,953.6380004882812,28.313858032226562
29.9765625,953.8433227539062,28.316810607910156
29.9921875,953.70263671875,28.32635498046875
30.0078125,954.0040893554688,28.331138610839844
30.0234375,953.8068237304688,28.32746124267578
30.0390625,953.8931884765625,28.319015502929688
30.0546875,953.4398803710938,28.304306030273438
30.0703125,953.4295654296875,28.314964294433594
30.0859375,952.013427734375,28.3087158203125
30.1015625,951.8818359375,28.319015502929688
30.1171875,953.030517578125,28.312026977539062
30.1328125,953.428466796875,28.312759399414062
30.1484375,955.5067749023438,28.331138610839844
30.1640625,956.1272583007812,28.32231903076172
30.1796875,955.7780151367188,28.330398559570312
30.1953125,955.7853393554688,28.331138610839844
30.2109375,954.671142578125,28.32452392578125
30.2265625,954.147216796875,28.33885955810547
30.2421875,953.881591796875,28.33995819091797
30.2578125,955.54052734375,28.338485717773438
30.2734375,956.1583862304688,28.335174560546875
30.2890625,955.3753051757812,28.350982666015625
30.3046875,955.9705200195312,28.350982666015625
30.3203125,955.0037841796875,28.355026245117188
30.3359375,955.293701171875,28.368980407714844
30.3515625,955.0223388671875,28.367149353027344
30.3671875,955.1212158203125,28.370826721191406
30.3828125,955.0225830078125,28.367149353027344
30.3984375,954.3200073242188,28.364944458007812
30.4140625,955.2738647460938,28.373390197753906
30.4296875,954.4771118164062,28.387725830078125
30.4453125,955.140625,28.391029357910156
30.4609375,954.727294921875,28.391403198242188
30.4765625,953.9155883789062,28.401695251464844
30.4921875,954.0073852539062,28.39434051513672
30.5078125,953.5908203125,28.408309936523438
30.5234375,953.9267578125,28.407943725585938
30.5390625,953.6502075195312,28.41162109375
30.5546875,953.512451171875,28.423004150390625
30.5703125,953.5792846679688,28.42999267578125
30.5859375,953.1173706054688,28.43071746826172
30.6015625,953.4008178710938,28.44725799560547
30.6171875,953.069580078125,28.443946838378906
30.6328125,953.1654663085938,28.446151733398438
30.6484375,953.1405029296875,28.45276641845703
30.6640625,952.9260864257812,28.4468994140625
30.6796875,952.9319458007812,28.457550048828125
30.6953125,952.8870239257812,28.46636962890625
30.7109375,952.8634033203125,28.463790893554688
30.7265625,952.8475341796875,28.473716735839844
30.7421875,952.8348388671875,28.46527099609375
30.7578125,952.8471069335938,28.46563720703125
30.7734375,952.8309936523438,28.459022521972656
30.7890625,952.8405151367188,28.477020263671875
30.8046875,952.8423461914062,28.47997283935547
30.8203125,952.8114624023438,28.475189208984375
30.8359375,952.8134155273438,28.47997283935547
30.8515625,952.8228759765625,28.46674346923828
30.8671875,952.8114013671875,28.479225158691406
30.8828125,952.8042602539062,28.475189208984375
30.8984375,952.812255859375,28.46527099609375
30.9140625,952.783203125,28.457176208496094
30.9296875,952.8074951171875,28.457550048828125
30.9453125,952.8092651367188,28.457550048828125
30.9609375,952.810546875,28.445053100585938
30.9765625,952.775146484375,28.435501098632812
30.9921875,952.7866821289062,28.4468994140625
31.0078125,952.8004760742188,28.4476318359375
31.0234375,952.8082885742188,28.42815399169922
31.0390625,952.774658203125,28.43182373046875
31.0546875,952.7786254882812,28.42815399169922
31.0703125,952.7705078125,28.421539306640625
31.0859375,952.8027954101562,28.4127197265625
31.1015625,952.76904296875,28.425209045410156
31.1171875,952.76904296875,28.407211303710938
31.1328125,952.7846069335938,28.403533935546875
31.1484375,952.7818603515625,28.405006408691406
31.1640625,952.7760009765625,28.405731201171875
31.1796875,952.784423828125,28.401695251464844
31.1953125,952.7869873046875,28.404258728027344
31.2109375,952.7872314453125,28.402053833007812
31.2265625,952.7679443359375,28.39434051513672
31.2421875,952.7832641601562,28.381484985351562
31.2578125,952.76171875,28.37523651123047
