# Time (seconds),Pressure,Temp
0.0078125,953.3463745117188,28.372665405273438
0.0234375,953.2737426757812,28.367523193359375
0.0390625,953.2762451171875,28.387725830078125
0.0546875,953.2710571289062,28.372665405273438
0.0703125,953.2779541015625,28.385894775390625
0.0859375,953.279296875,28.371559143066406
0.1015625,953.2545166015625,28.37596893310547
0.1171875,953.2853393554688,28.374496459960938
0.1328125,953.278076171875,28.374496459960938
0.1484375,953.2990112304688,28.388092041015625
0.1640625,953.2741088867188,28.37854766845703
0.1796875,953.2796630859375,28.37413787841797
0.1953125,953.2697143554688,28.374496459960938
0.2109375,953.2715454101562,28.3770751953125
0.2265625,953.2794799804688,28.3770751953125
0.2421875,953.2604370117188,28.370452880859375
0.2578125,953.284912109375,28.386993408203125
0.2734375,953.2667846679688,28.38220977783203
0.2890625,953.280029296875,28.373390197753906
0.3046875,953.2780151367188,28.368621826171875
0.3203125,953.272216796875,28.367523193359375
0.3359375,953.2678833007812,28.370826721191406
0.3515625,953.2717895507812,28.381484985351562
0.3671875,953.2704467773438,28.374496459960938
0.3828125,953.2697143554688,28.38111114501953
0.3984375,953.2680053710938,28.38220977783203
0.4140625,953.2788696289062,28.370086669921875
0.4296875,953.282470703125,28.36347198486328
0.4453125,953.2770385742188,28.38220977783203
0.4609375,953.2693481445312,28.374862670898438
0.4765625,953.2548217773438,28.37670135498047
0.4921875,953.283203125,28.370452880859375
0.5078125,953.2490234375,28.37413787841797
0.5234375,953.2715454101562,28.373390197753906
0.5390625,953.2749633789062,28.37523651123047
0.5546875,953.2973022460938,28.387725830078125
0.5703125,953.2979736328125,28.374496459960938
0.5859375,953.3611450195312,28.371559143066406
0.6015625,953.3340454101562,28.391403198242188
0.6171875,953.3735961914062,28.401695251464844
0.6328125,953.369873046875,28.391403198242188
0.6484375,953.380859375,28.391403198242188
0.6640625,953.3712158203125,28.392501831054688
0.6796875,953.3963623046875,28.388092041015625
0.6953125,953.390625,28.401695251464844
0.7109375,953.388427734375,28.39875030517578
0.7265625,953.3994140625,28.408668518066406
0.7421875,953.3986206054688,28.41492462158203
0.7578125,953.3806762695312,28.407211303710938
0.7734375,953.3692016601562,28.407943725585938
0.7890625,953.4122924804688,28.404632568359375
0.8046875,953.4185791015625,28.421539306640625
0.8203125,953.433349609375,28.41748809814453
0.8359375,953.4671020507812,28.42815399169922
0.8515625,953.3945922851562,28.43512725830078
0.8671875,953.406005859375,28.434402465820312
0.8828125,953.443115234375,28.43329620361328
0.8984375,953.4345092773438,28.42999267578125
0.9140625,953.4097290039062,28.440643310546875
0.9296875,953.427490234375,28.44579315185547
0.9453125,953.43701171875,28.454971313476562
0.9609375,953.4205322265625,28.458282470703125
0.9765625,953.4053955078125,28.457176208496094
0.9921875,953.4244384765625,28.458282470703125
1.0078125,953.4591674804688,28.474090576171875
1.0234375,953.4696655273438,28.477020263671875
1.0390625,953.4239501953125,28.459022521972656
1.0546875,953.4592895507812,28.469680786132812
1.0703125,953.482421875,28.47997283935547
1.0859375,953.5181274414062,28.4832763671875
1.1015625,953.461669921875,28.48180389404297
1.1171875,953.45849609375,28.489517211914062
1.1328125,953.4771728515625,28.498336791992188
1.1484375,953.4409790039062,28.496864318847656
1.1640625,953.4509887695312,28.496139526367188
1.1796875,953.4521484375,28.50054931640625
1.1953125,953.4256591796875,28.489517211914062
1.2109375,953.4299926757812,28.488792419433594
1.2265625,953.4501953125,28.522964477539062
1.2421875,953.454833984375,28.51708221435547
1.2578125,953.4554443359375,28.51525115966797
1.2734375,953.4468383789062,28.529205322265625
1.2890625,953.4644165039062,28.524429321289062
1.3046875,953.4520263671875,28.526275634765625
1.3203125,953.4359741210938,28.52332305908203
1.3359375,953.4357299804688,28.526275634765625
1.3515625,953.4981689453125,28.531417846679688
1.3671875,953.4276123046875,28.528839111328125
1.3828125,953.4124145507812,28.530685424804688
1.3984375,953.4340209960938,28.542808532714844
1.4140625,953.4364624023438,28.53802490234375
1.4296875,953.432373046875,28.547950744628906
1.4453125,953.4572143554688,28.55493927001953
1.4609375,953.4412231445312,28.551254272460938
1.4765625,953.4384765625,28.558242797851562
1.4921875,953.4314575195312,28.551254272460938
1.5078125,953.43310546875,28.5538330078125
1.5234375,953.4578857421875,28.560806274414062
1.5390625,953.42333984375,28.55493927001953
1.5546875,953.4406127929688,28.562652587890625
1.5703125,953.4456176757812,28.564483642578125
1.5859375,953.428466796875,28.564483642578125
1.6015625,953.4296875,28.582122802734375
1.6171875,953.4158325195312,28.582496643066406
1.6328125,953.4111328125,28.57330322265625
1.6484375,953.4077758789062,28.579193115234375
1.6640625,953.40185546875,28.580291748046875
1.6796875,953.3864135742188,28.582496643066406
1.6953125,953.392578125,28.58837127685547
1.7109375,953.3829345703125,28.595352172851562
1.7265625,953.4112548828125,28.5916748046875
1.7421875,953.387451171875,28.589111328125
1.7578125,953.3854370117188,28.602699279785156
1.7734375,953.3849487304688,28.582122802734375
1.7890625,953.375732421875,28.597190856933594
1.8046875,953.3659057617188,28.586532592773438
1.8203125,953.376220703125,28.583229064941406
1.8359375,953.3729248046875,28.5916748046875
1.8515625,953.3653564453125,28.57330322265625
1.8671875,953.3790893554688,28.58580780029297
1.8828125,953.3540649414062,28.58580780029297
1.8984375,953.3540649414062,28.583602905273438
1.9140625,953.3478393554688,28.580291748046875
1.9296875,953.3421630859375,28.581756591796875
1.9453125,953.3536376953125,28.577346801757812
1.9609375,953.345458984375,28.5880126953125
1.9765625,953.3441162109375,28.57073211669922
1.9921875,953.3418579101562,28.57440948486328
2.0078125,953.3356323242188,28.56816864013672
2.0234375,953.3410034179688,28.564483642578125
2.0390625,953.3412475585938,28.55750274658203
2.0546875,953.3267822265625,28.561912536621094
2.0703125,953.3439331054688,28.563011169433594
2.0859375,953.3440551757812,28.551254272460938
2.1015625,953.3153686523438,28.565589904785156
2.1171875,953.3413696289062,28.55493927001953
2.1328125,953.328857421875,28.55750274658203
2.1484375,953.343505859375,28.5538330078125
2.1640625,953.3263549804688,28.545745849609375
2.1796875,953.3394165039062,28.55677032470703
2.1953125,953.3422241210938,28.551254272460938
2.2109375,953.3189697265625,28.544273376464844
2.2265625,953.3331909179688,28.53472137451172
2.2421875,953.3274536132812,28.542068481445312
2.2578125,953.3449096679688,28.530685424804688
2.2734375,953.3270874023438,28.53730010986328
2.2890625,953.333740234375,28.527374267578125
2.3046875,953.3207397460938,28.522598266601562
2.3203125,953.328125,28.531417846679688
2.3359375,953.3212280273438,28.52149200439453
2.3515625,953.3184204101562,28.515975952148438
2.3671875,953.3165893554688,28.511566162109375
2.3828125,953.3234252929688,28.51966094970703
2.3984375,953.309814453125,28.511199951171875
2.4140625,953.3179321289062,28.5174560546875
2.4296875,953.3179321289062,28.516708374023438
2.4453125,953.3155517578125,28.511199951171875
2.4609375,953.3155517578125,28.524070739746094
2.4765625,953.31982421875,28.52075958251953
2.4921875,953.3296508789062,28.51708221435547
2.5078125,953.3185424804688,28.52149200439453
2.5234375,953.324951171875,28.50347900390625
2.5390625,953.319580078125,28.507530212402344
2.5546875,953.3356323242188,28.508262634277344
2.5703125,953.3170776367188,28.513404846191406
2.5859375,953.3313598632812,28.524070739746094
2.6015625,953.3185424804688,28.50274658203125
2.6171875,953.311767578125,28.505325317382812
2.6328125,953.3180541992188,28.506431579589844
2.6484375,953.3355102539062,28.508262634277344
2.6640625,953.3098754882812,28.512672424316406
2.6796875,953.3175048828125,28.50347900390625
2.6953125,953.3147583007812,28.50347900390625
2.7109375,953.3153686523438,28.50347900390625
2.7265625,953.3165283203125,28.494300842285156
2.7421875,953.3145141601562,28.506431579589844
2.7578125,953.3198852539062,28.50238037109375
2.7734375,953.3153076171875,28.49944305419922
2.7890625,953.316162109375,28.489517211914062
2.8046875,953.2907104492188,28.4847412109375
2.8203125,953.306396484375,28.48621368408203
2.8359375,953.3125610351562,28.492454528808594
2.8515625,953.2862548828125,28.49944305419922
2.8671875,953.3192138671875,28.48548126220703
2.8828125,953.290283203125,28.50017547607422
2.8984375,953.330078125,28.50017547607422
2.9140625,953.3126831054688,28.48363494873047
2.9296875,953.3109741210938,28.489517211914062
2.9453125,953.3104248046875,28.495033264160156
2.9609375,953.32177734375,28.50274658203125
2.9765625,953.3231201171875,28.496139526367188
2.9921875,953.322998046875,28.48548126220703
3.0078125,953.34765625,28.47997283935547
3.0234375,953.3387451171875,28.48180389404297
3.0390625,953.373046875,28.48548126220703
3.0546875,953.3380737304688,28.48291015625
3.0703125,953.3569946289062,28.48621368408203
3.0859375,953.3489379882812,28.47997283935547
3.1015625,953.375732421875,28.477020263671875
3.1171875,953.3493041992188,28.46784210205078
3.1328125,953.425537109375,28.47997283935547
3.1484375,953.4397583007812,28.4847412109375
3.1640625,953.3775634765625,28.478500366210938
3.1796875,953.3595581054688,28.47997283935547
3.1953125,953.4147338867188,28.47040557861328
3.2109375,953.3975830078125,28.488418579101562
3.2265625,953.4005737304688,28.48694610595703
3.2421875,953.404052734375,28.471511840820312
3.2578125,953.3690185546875,28.477394104003906
3.2734375,953.3695678710938,28.4847412109375
3.2890625,953.3434448242188,28.486587524414062
3.3046875,953.348388671875,28.48291015625
3.3203125,953.3832397460938,28.48548126220703
3.3359375,953.386474609375,28.475563049316406
3.3515625,953.3544311523438,28.48694610595703
3.3671875,953.372314453125,28.48548126220703
3.3828125,953.3500366210938,28.47997283935547
3.3984375,953.3627319335938,28.490249633789062
3.4140625,953.3732299804688,28.471878051757812
3.4296875,953.378662109375,28.47997283935547
3.4453125,953.3656005859375,28.491729736328125
3.4609375,953.3895263671875,28.48363494873047
3.4765625,953.3917236328125,28.47997283935547
3.4921875,953.35546875,28.47997283935547
3.5078125,953.3494873046875,28.46710205078125
3.5234375,953.3614501953125,28.478126525878906
3.5390625,953.3672485351562,28.477020263671875
3.5546875,953.3493041992188,28.488418579101562
3.5703125,953.3731079101562,28.4847412109375
3.5859375,953.3954467773438,28.478126525878906
3.6015625,953.36669921875,28.47997283935547
3.6171875,953.3633422851562,28.47997283935547
3.6328125,953.3722534179688,28.47997283935547
3.6484375,953.3716430664062,28.4832763671875
3.6640625,953.365966796875,28.48180389404297
3.6796875,953.3814086914062,28.487686157226562
3.6953125,953.4232788085938,28.473358154296875
3.7109375,953.4044799804688,28.492828369140625
3.7265625,953.3812866210938,28.477020263671875
3.7421875,953.419189453125,28.480697631835938
3.7578125,953.406982421875,28.46636962890625
3.7734375,953.4169311523438,28.47997283935547
3.7890625,953.392578125,28.4832763671875
3.8046875,953.4436645507812,28.4847412109375
3.8203125,953.3859252929688,28.48180389404297
3.8359375,953.4303588867188,28.47997283935547
3.8515625,953.4373168945312,28.48548126220703
3.8671875,953.4163818359375,28.48694610595703
3.8828125,953.4320678710938,28.477767944335938
3.8984375,953.4127197265625,28.480697631835938
3.9140625,953.4290161132812,28.492828369140625
3.9296875,953.4088134765625,28.475563049316406
3.9453125,953.423828125,28.50347900390625
3.9609375,953.4080200195312,28.47997283935547
3.9765625,953.4122924804688,28.49871063232422
3.9921875,953.408203125,28.50312042236328
4.0078125,953.3834838867188,28.50054931640625
4.0234375,953.3790283203125,28.49944305419922
4.0390625,953.39453125,28.50164794921875
4.0546875,953.3737182617188,28.50347900390625
4.0703125,953.3948364257812,28.496505737304688
4.0859375,953.37451171875,28.50274658203125
4.1015625,953.3793334960938,28.497970581054688
4.1171875,953.3673706054688,28.48694610595703
4.1328125,953.3675537109375,28.50274658203125
4.1484375,953.3692016601562,28.50017547607422
4.1640625,953.3574829101562,28.49944305419922
4.1796875,953.364013671875,28.497970581054688
4.1953125,953.3572387695312,28.49981689453125
4.2109375,953.3508911132812,28.508995056152344
4.2265625,953.3656005859375,28.513404846191406
4.2421875,953.363037109375,28.496505737304688
4.2578125,953.3482666015625,28.509735107421875
4.2734375,953.35302734375,28.511199951171875
4.2890625,953.350830078125,28.494300842285156
4.3046875,953.3485107421875,28.49944305419922
4.3203125,953.3430786132812,28.48621368408203
4.3359375,953.3328857421875,28.49871063232422
4.3515625,953.3364868164062,28.497970581054688
4.3671875,953.3429565429688,28.50312042236328
4.3828125,953.3434448242188,28.48363494873047
4.3984375,953.3361206054688,28.48438262939453
4.4140625,953.3350830078125,28.496139526367188
4.4296875,953.3272705078125,28.49871063232422
4.4453125,953.3412475585938,28.48180389404297
4.4609375,953.315673828125,28.489517211914062
4.4765625,953.3338012695312,28.490623474121094
4.4921875,953.3242797851562,28.4847412109375
4.5078125,953.3273315429688,28.489151000976562
4.5234375,953.3331298828125,28.486587524414062
4.5390625,953.345458984375,28.489151000976562
4.5546875,953.3270874023438,28.4847412109375
4.5703125,953.346435546875,28.489517211914062
4.5859375,953.3391723632812,28.48180389404297
4.6015625,953.315673828125,28.4832763671875
4.6171875,953.3409423828125,28.48548126220703
4.6328125,953.3226318359375,28.487319946289062
4.6484375,953.323974609375,28.476661682128906
4.6640625,953.3360595703125,28.487686157226562
4.6796875,953.3419189453125,28.46930694580078
4.6953125,953.3173217773438,28.487319946289062
4.7109375,953.3394165039062,28.47997283935547
4.7265625,953.3226318359375,28.4847412109375
4.7421875,953.3338623046875,28.48180389404297
4.7578125,953.3395385742188,28.47997283935547
4.7734375,953.3220825195312,28.48180389404297
4.7890625,953.3245849609375,28.474815368652344
4.8046875,953.3388061523438,28.4832763671875
4.8203125,953.3223876953125,28.492828369140625
4.8359375,953.3108520507812,28.470779418945312
4.8515625,953.325927734375,28.46563720703125
4.8671875,953.3074951171875,28.473716735839844
4.8828125,953.327392578125,28.460487365722656
4.8984375,953.3170776367188,28.478866577148438
4.9140625,953.3267211914062,28.460128784179688
4.9296875,953.3284301757812,28.46857452392578
4.9453125,953.3203125,28.474815368652344
4.9609375,953.3274536132812,28.4847412109375
4.9765625,953.3363037109375,28.478126525878906
4.9921875,953.327880859375,28.477020263671875
5.0078125,953.30859375,28.46527099609375
5.0234375,953.3116455078125,28.478126525878906
5.0390625,953.3195190429688,28.46453857421875
5.0546875,953.3126831054688,28.4847412109375
5.0703125,953.3208618164062,28.473358154296875
5.0859375,953.3226318359375,28.47997283935547
5.1015625,953.3203125,28.48363494873047
5.1171875,953.32958984375,28.475563049316406
5.1328125,953.3245849609375,28.475189208984375
5.1484375,953.323974609375,28.478500366210938
5.1640625,953.3291015625,28.480331420898438
5.1796875,953.33349609375,28.474090576171875
5.1953125,953.3400268554688,28.458282470703125
5.2109375,953.31396484375,28.474090576171875
5.2265625,953.3651123046875,28.470779418945312
5.2421875,953.365966796875,28.474090576171875
5.2578125,953.35498046875,28.46710205078125
5.2734375,953.3482666015625,28.461959838867188
5.2890625,953.3101196289062,28.473358154296875
5.3046875,953.3303833007812,28.457176208496094
5.3203125,953.3526611328125,28.481430053710938
5.3359375,953.3772583007812,28.460487365722656
5.3515625,953.3703002929688,28.46233367919922
5.3671875,953.311279296875,28.47997283935547
5.3828125,953.35546875,28.47040557861328
5.3984375,953.3616943359375,28.470779418945312
5.4140625,953.3677978515625,28.460128784179688
5.4296875,953.338623046875,28.470779418945312
5.4453125,953.3558349609375,28.457550048828125
5.4609375,953.3455200195312,28.468948364257812
5.4765625,953.3455200195312,28.461227416992188
5.4921875,953.3392944335938,28.454238891601562
5.5078125,953.3422241210938,28.4468994140625
5.5234375,953.3486328125,28.4468994140625
5.5390625,953.339111328125,28.463058471679688
5.5546875,953.3610229492188,28.458282470703125
5.5703125,953.3455810546875,28.453514099121094
5.5859375,953.3331909179688,28.453514099121094
5.6015625,953.3439331054688,28.438438415527344
5.6171875,953.3209228515625,28.451309204101562
5.6328125,953.3311767578125,28.4476318359375
5.6484375,953.3319091796875,28.453140258789062
5.6640625,953.3302001953125,28.439910888671875
5.6796875,953.337158203125,28.443222045898438
5.6953125,953.3244018554688,28.439910888671875
5.7109375,953.3479614257812,28.440643310546875
5.7265625,953.323486328125,28.442115783691406
5.7421875,953.3368530273438,28.442115783691406
5.7578125,953.3344116210938,28.439910888671875
5.7734375,953.328857421875,28.43071746826172
5.7890625,953.3260498046875,28.436973571777344
5.8046875,953.3273315429688,28.436599731445312
5.8203125,953.343505859375,28.424476623535156
5.8359375,953.3212890625,28.434402465820312
5.8515625,953.3360595703125,28.436233520507812
5.8671875,953.3362426757812,28.43182373046875
5.8828125,953.36083984375,28.43182373046875
5.8984375,953.351318359375,28.43071746826172
5.9140625,953.3547973632812,28.42999267578125
5.9296875,953.3385620117188,28.422271728515625
5.9453125,953.3265380859375,28.42815399169922
5.9609375,953.342529296875,28.423004150390625
5.9765625,953.3468627929688,28.407211303710938
5.9921875,953.3363647460938,28.420799255371094
6.0078125,953.3298950195312,28.42999267578125
6.0234375,953.3182373046875,28.408309936523438
6.0390625,953.3196411132812,28.422271728515625
6.0546875,953.3455810546875,28.415283203125
6.0703125,953.3449096679688,28.41748809814453
6.0859375,953.3373413085938,28.41492462158203
6.1015625,953.345458984375,28.419334411621094
6.1171875,953.3345947265625,28.41492462158203
6.1328125,953.3341064453125,28.419334411621094
6.1484375,953.3094482421875,28.420799255371094
6.1640625,953.3270263671875,28.416763305664062
6.1796875,953.341552734375,28.41162109375
6.1953125,953.327880859375,28.404258728027344
6.2109375,953.302001953125,28.407943725585938
6.2265625,953.3190307617188,28.41162109375
6.2421875,953.3272705078125,28.403160095214844
6.2578125,953.3263549804688,28.401695251464844
6.2734375,953.3262939453125,28.403533935546875
6.2890625,953.3270874023438,28.402427673339844
6.3046875,953.3131103515625,28.390304565429688
6.3203125,953.3173217773438,28.404632568359375
6.3359375,953.3193359375,28.404632568359375
6.3515625,953.3175659179688,28.407569885253906
6.3671875,953.3262329101562,28.401695251464844
6.3828125,953.3239135742188,28.39543914794922
6.3984375,953.3106689453125,28.398391723632812
6.4140625,953.3121948242188,28.392501831054688
6.4296875,953.3204956054688,28.388465881347656
6.4453125,953.3159790039062,28.403533935546875
6.4609375,953.3264770507812,28.405006408691406
6.4765625,953.3080444335938,28.401695251464844
6.4921875,953.3125610351562,28.388465881347656
6.5078125,953.311767578125,28.39471435546875
6.5234375,953.3118286132812,28.388092041015625
6.5390625,953.3189086914062,28.385894775390625
6.5546875,953.323486328125,28.388465881347656
6.5703125,953.3052368164062,28.374496459960938
6.5859375,953.3175659179688,28.388465881347656
6.6015625,953.311767578125,28.38220977783203
6.6171875,953.3231811523438,28.401695251464844
6.6328125,953.3119506835938,28.37854766845703
6.6484375,953.3060913085938,28.386993408203125
6.6640625,953.3080444335938,28.391029357910156
6.6796875,953.3192749023438,28.384414672851562
6.6953125,953.306640625,28.372665405273438
6.7109375,953.3102416992188,28.386993408203125
6.7265625,953.3056030273438,28.386993408203125
6.7421875,953.3062133789062,28.391029357910156
6.7578125,953.3240356445312,28.386993408203125
6.7734375,953.3056030273438,28.39508056640625
6.7890625,953.2992553710938,28.390304565429688
6.8046875,953.3131713867188,28.374496459960938
6.8203125,953.2990112304688,28.388092041015625
6.8359375,953.303955078125,28.391029357910156
6.8515625,953.3042602539062,28.378173828125
6.8671875,953.3095092773438,28.404632568359375
6.8828125,953.3067626953125,28.391029357910156
6.8984375,953.2899169921875,28.388092041015625
6.9140625,953.2836303710938,28.401695251464844
6.9296875,953.281982421875,28.391029357910156
6.9453125,953.2994995117188,28.389572143554688
6.9609375,953.3239135742188,28.39875030517578
6.9765625,953.2960815429688,28.392501831054688
6.9921875,953.3002319335938,28.404258728027344
7.0078125,953.3067626953125,28.401695251464844
7.0234375,953.2933959960938,28.391403198242188
7.0390625,953.3073120117188,28.39543914794922
7.0546875,953.284423828125,28.391029357910156
7.0703125,953.300048828125,28.39618682861328
7.0859375,953.2999877929688,28.404632568359375
7.1015625,953.3056030273438,28.39543914794922
7.1171875,953.2813720703125,28.401695251464844
7.1328125,953.30419921875,28.403533935546875
7.1484375,953.3067016601562,28.392501831054688
7.1640625,953.2990112304688,28.403900146484375
7.1796875,953.2971801757812,28.41492462158203
7.1953125,953.30419921875,28.41307830810547
7.2109375,953.3075561523438,28.404632568359375
7.2265625,953.302001953125,28.410140991210938
7.2421875,953.30859375,28.401695251464844
7.2578125,953.3239135742188,28.41124725341797
7.2734375,953.3026123046875,28.404258728027344
7.2890625,953.3253784179688,28.410873413085938
7.3046875,953.3558349609375,28.408309936523438
7.3203125,953.340576171875,28.403533935546875
7.3359375,953.3723754882812,28.41124725341797
7.3515625,953.3594360351562,28.416763305664062
7.3671875,953.3624877929688,28.41162109375
7.3828125,953.4091186523438,28.41492462158203
7.3984375,953.3825073242188,28.41492462158203
7.4140625,953.377685546875,28.41565704345703
7.4296875,953.4005126953125,28.421173095703125
7.4453125,953.3938598632812,28.417861938476562
7.4609375,953.376220703125,28.41565704345703
7.4765625,953.3628540039062,28.41748809814453
7.4921875,953.4126586914062,28.41124725341797
7.5078125,953.3779296875,28.423004150390625
7.5234375,953.3994140625,28.42999267578125
7.5390625,953.3875732421875,28.43071746826172
7.5546875,953.415771484375,28.42999267578125
7.5703125,953.3768310546875,28.435874938964844
7.5859375,953.3678588867188,28.438438415527344
7.6015625,953.3663940429688,28.441383361816406
7.6171875,953.3959350585938,28.43182373046875
7.6328125,953.380615234375,28.445053100585938
7.6484375,953.4118041992188,28.449462890625
7.6640625,953.3590698242188,28.439178466796875
7.6796875,953.39208984375,28.44579315185547
7.6953125,953.4292602539062,28.442115783691406
7.7109375,953.3887939453125,28.443946838378906
7.7265625,953.3973999023438,28.438079833984375
7.7421875,953.3614501953125,28.44725799560547
7.7578125,953.4873046875,28.454971313476562
7.7734375,953.4127807617188,28.454612731933594
7.7890625,953.4217529296875,28.44579315185547
7.8046875,953.4357299804688,28.452041625976562
7.8203125,953.4364013671875,28.45093536376953
7.8359375,953.3956909179688,28.46599578857422
7.8515625,953.3750610351562,28.457550048828125
7.8671875,953.414794921875,28.457176208496094
7.8828125,953.4052734375,28.454612731933594
7.8984375,953.415771484375,28.470779418945312
7.9140625,953.4114379882812,28.46233367919922
7.9296875,953.4487915039062,28.458282470703125
7.9453125,953.4238891601562,28.456451416015625
7.9609375,953.4052124023438,28.460487365722656
7.9765625,953.44140625,28.457550048828125
7.9921875,953.3897705078125,28.46930694580078
8.0078125,953.4194946289062,28.458282470703125
8.0234375,953.3988037109375,28.46636962890625
8.0390625,953.3876342773438,28.481430053710938
8.0546875,953.4065551757812,28.474090576171875
8.0703125,953.4147338867188,28.47997283935547
8.0859375,953.4009399414062,28.475189208984375
8.1015625,953.3909301757812,28.47040557861328
8.1171875,953.37060546875,28.475189208984375
8.1328125,953.3837280273438,28.478126525878906
8.1484375,953.3817138671875,28.47997283935547
8.1640625,953.3997192382812,28.48253631591797
8.1796875,953.3934326171875,28.499069213867188
8.1953125,953.3783569335938,28.50017547607422
8.2109375,953.3832397460938,28.48253631591797
8.2265625,953.3760986328125,28.49944305419922
8.2421875,953.3837890625,28.497970581054688
8.2578125,953.384765625,28.50347900390625
8.2734375,953.3692016601562,28.48621368408203
8.2890625,953.3674926757812,28.49981689453125
8.3046875,953.357421875,28.49944305419922
8.3203125,953.3861694335938,28.50091552734375
8.3359375,953.3737182617188,28.50385284423828
8.3515625,953.3745727539062,28.509735107421875
8.3671875,953.3722534179688,28.50017547607422
8.3828125,953.3832397460938,28.491729736328125
8.3984375,953.36328125,28.50202178955078
8.4140625,953.3516845703125,28.49871063232422
8.4296875,953.35498046875,28.497970581054688
8.4453125,953.351318359375,28.50164794921875
8.4609375,953.3576049804688,28.48621368408203
8.4765625,953.3453979492188,28.471153259277344
8.4921875,953.339111328125,28.496505737304688
8.5078125,953.3392944335938,28.50274658203125
8.5234375,953.3500366210938,28.494659423828125
8.5390625,953.3491821289062,28.50164794921875
8.5546875,953.34326171875,28.47997283935547
8.5703125,953.33935546875,28.488792419433594
8.5859375,953.333740234375,28.48180389404297
8.6015625,953.3359985351562,28.48180389404297
8.6171875,953.3341674804688,28.48180389404297
8.6328125,953.34130859375,28.489891052246094
8.6484375,953.3301391601562,28.48253631591797
8.6640625,953.3360595703125,28.47997283935547
8.6796875,953.3351440429688,28.47997283935547
8.6953125,953.3345947265625,28.477020263671875
8.7109375,953.3408203125,28.47997283935547
8.7265625,953.3316040039062,28.471153259277344
8.7421875,953.3360595703125,28.46233367919922
8.7578125,953.3304443359375,28.463790893554688
8.7734375,953.3234252929688,28.48804473876953
8.7890625,953.3336791992188,28.470779418945312
8.8046875,953.3175659179688,28.471153259277344
8.8203125,953.3324584960938,28.475189208984375
8.8359375,953.3311767578125,28.47997283935547
8.8515625,953.3203125,28.46636962890625
8.8671875,953.33740234375,28.475189208984375
8.8828125,953.3406982421875,28.453872680664062
8.8984375,953.3189086914062,28.463790893554688
8.9140625,953.3312377929688,28.46710205078125
8.9296875,953.3316040039062,28.46233367919922
8.9453125,953.3196411132812,28.46784210205078
8.9609375,953.3232421875,28.472984313964844
8.9765625,953.338623046875,28.473358154296875
8.9921875,953.3184204101562,28.46233367919922
9.0078125,953.3375854492188,28.47040557861328
9.0234375,953.3677368164062,28.457550048828125
9.0390625,953.4178466796875,28.46233367919922
9.0546875,953.4666748046875,28.47997283935547
9.0703125,953.5317993164062,28.47997283935547
9.0859375,953.4673461914062,28.461959838867188
9.1015625,953.4942016601562,28.475189208984375
9.1171875,953.5026245117188,28.478500366210938
9.1328125,953.4552001953125,28.478126525878906
9.1484375,953.5651245117188,28.47997283935547
9.1640625,953.5043334960938,28.4847412109375
9.1796875,953.5645751953125,28.495407104492188
9.1953125,953.5106201171875,28.498336791992188
9.2109375,953.4972534179688,28.513404846191406
9.2265625,953.4712524414062,28.524795532226562
9.2421875,953.5595703125,28.542434692382812
9.2578125,953.6217041015625,28.564483642578125
9.2734375,953.5241088867188,28.577713012695312
9.2890625,953.6968383789062,28.601242065429688
9.3046875,953.5922241210938,28.618507385253906
9.3203125,953.738037109375,28.636146545410156
9.3359375,953.655517578125,28.665542602539062
9.3515625,953.7659912109375,28.688331604003906
9.3671875,953.67919921875,28.705230712890625
9.3828125,953.6593627929688,28.722869873046875
9.3984375,953.6826171875,28.756317138671875
9.4140625,953.6829223632812,28.788658142089844
9.4296875,953.6915283203125,28.81842041015625
9.4453125,953.7489013671875,28.83275604248047
9.4609375,953.6092529296875,28.863250732421875
9.4765625,953.6912231445312,28.89154052734375
9.4921875,953.6802368164062,28.930130004882812
9.5078125,953.7055053710938,28.985252380371094
9.5234375,953.6494140625,29.0491943359375
9.5390625,953.6014404296875,29.112030029296875
9.5546875,953.6925659179688,29.16790008544922
9.5703125,953.7201538085938,29.181854248046875
9.5859375,953.56982421875,29.2255859375
9.6015625,953.709716796875,29.231094360351562
9.6171875,953.5794067382812,29.267478942871094
9.6328125,953.5968627929688,29.296142578125
9.6484375,953.624755859375,29.324806213378906
9.6640625,953.6275634765625,29.343185424804688
9.6796875,953.6509399414062,29.378097534179688
9.6953125,953.6364135742188,29.404556274414062
9.7109375,953.6546630859375,29.42108917236328
9.7265625,953.625732421875,29.43872833251953
9.7421875,953.6604614257812,29.467018127441406
9.7578125,953.6171875,29.492019653320312
9.7734375,953.6094970703125,29.499359130859375
9.7890625,953.6281127929688,29.52581787109375
9.8046875,953.5888671875,29.55596160888672
9.8203125,953.54296875,29.571395874023438
9.8359375,953.5934448242188,29.597854614257812
9.8515625,953.5159912109375,29.606300354003906
9.8671875,953.5867919921875,29.622467041015625
9.8828125,953.5357666015625,29.642311096191406
9.8984375,953.4839477539062,29.66400146484375
9.9140625,953.484375,29.678329467773438
9.9296875,953.46240234375,29.69890594482422
9.9453125,953.4805908203125,29.709556579589844
9.9609375,953.4757080078125,29.7169189453125
9.9765625,953.4112548828125,29.730148315429688
9.9921875,953.4041748046875,29.744110107421875
10.0078125,953.4384155273438,29.762474060058594
10.0234375,953.4205932617188,29.774978637695312
10.0390625,953.4212036132812,29.77313995361328
10.0546875,953.41748046875,29.781585693359375
10.0703125,953.4110717773438,29.784164428710938
10.0859375,953.4125366210938,29.780487060546875
10.1015625,953.40380859375,29.7874755859375
10.1171875,953.4044799804688,29.785629272460938
10.1328125,953.4252319335938,29.784164428710938
10.1484375,953.4423828125,29.77276611328125
10.1640625,953.41015625,29.774978637695312
10.1796875,953.4116821289062,29.762115478515625
10.1953125,953.4091186523438,29.744110107421875
10.2109375,953.4073486328125,29.75623321533203
10.2265625,953.4067993164062,29.748886108398438
10.2421875,953.413818359375,29.730148315429688
10.2578125,953.4364624023438,29.7205810546875
10.2734375,953.4140625,29.721328735351562
10.2890625,953.412841796875,29.715072631835938
10.3046875,953.4344482421875,29.694122314453125
10.3203125,953.408935546875,29.672447204589844
10.3359375,953.4002075195312,29.662155151367188
10.3515625,953.4225463867188,29.65039825439453
10.3671875,953.4088745117188,29.633865356445312
10.3828125,953.4096069335938,29.626144409179688
10.3984375,953.4266967773438,29.608131408691406
10.4140625,953.4207763671875,29.60887908935547
10.4296875,953.4274291992188,29.584251403808594
10.4453125,953.4267578125,29.590866088867188
10.4609375,953.4328002929688,29.582778930664062
10.4765625,953.423095703125,29.55889892578125
10.4921875,953.4141235351562,29.53832244873047
10.5078125,953.397705078125,29.516632080078125
10.5234375,953.3956298828125,29.515899658203125
10.5390625,953.4169311523438,29.512962341308594
10.5546875,953.41552734375,29.512962341308594
10.5703125,953.4096069335938,29.484298706054688
10.5859375,953.412109375,29.47583770751953
10.6015625,953.4177856445312,29.464454650878906
10.6171875,953.4191284179688,29.439102172851562
10.6328125,953.4219360351562,29.428436279296875
10.6484375,953.4255981445312,29.430282592773438
10.6640625,953.4223022460938,29.415573120117188
10.6796875,953.4244384765625,29.406387329101562
10.6953125,953.4080200195312,29.38360595703125
10.7109375,953.4307861328125,29.38066864013672
10.7265625,953.4317016601562,29.34685516357422
10.7421875,953.4049682617188,29.34870147705078
10.7578125,953.4141845703125,29.328857421875
10.7734375,953.40625,29.324806213378906
10.7890625,953.4099731445312,29.309371948242188
10.8046875,953.42333984375,29.286964416503906
10.8203125,953.412841796875,29.273361206054688
10.8359375,953.4037475585938,29.27739715576172
10.8515625,953.4041137695312,29.250938415527344
10.8671875,953.4158325195312,29.248001098632812
10.8828125,953.4149169921875,29.23955535888672
10.8984375,953.4194946289062,29.20794677734375
10.9140625,953.4188232421875,29.197296142578125
10.9296875,953.4063110351562,29.18920135498047
10.9453125,953.4157104492188,29.196922302246094
10.9609375,953.4122314453125,29.187744140625
10.9765625,953.419677734375,29.15723419189453
10.9921875,953.4214477539062,29.15650177001953
11.0078125,953.4225463867188,29.147308349609375
11.0234375,953.4110107421875,29.144378662109375
11.0390625,953.422607421875,29.139968872070312
11.0546875,953.4789428710938,29.131874084472656
11.0703125,953.4847412109375,29.12305450439453
11.0859375,953.5238647460938,29.10028076171875
11.1015625,953.4966430664062,29.095497131347656
11.1171875,953.5958251953125,29.078598022460938
11.1328125,953.5625,29.070884704589844
11.1484375,953.63232421875,29.06830596923828
11.1640625,953.6607666015625,29.06389617919922
11.1796875,953.6381225585938,29.061691284179688
11.1953125,953.6731567382812,29.060218811035156
11.2109375,953.692138671875,29.056907653808594
11.2265625,953.7528076171875,29.057655334472656
11.2421875,953.57177734375,29.06462860107422
11.2578125,953.5748901367188,29.071609497070312
11.2734375,953.7172241210938,29.074546813964844
11.2890625,953.645751953125,29.08777618408203
11.3046875,953.6016845703125,29.110931396484375
11.3203125,953.6925048828125,29.130775451660156
11.3359375,953.6621704101562,29.15026092529297
11.3515625,953.6849975585938,29.16790008544922
11.3671875,953.620361328125,29.177444458007812
11.3828125,953.5806884765625,29.209793090820312
11.3984375,953.6603393554688,29.22447967529297
11.4140625,953.6987915039062,29.246902465820312
11.4296875,953.6234130859375,29.271888732910156
11.4453125,953.6258544921875,29.299087524414062
11.4609375,953.6560668945312,29.322601318359375
11.4765625,953.6608276367188,29.33106231689453
11.4921875,953.7100830078125,29.3670654296875
11.5078125,953.7219848632812,29.393524169921875
11.5234375,953.6295776367188,29.431015014648438
11.5390625,953.6177368164062,29.45489501953125
11.5546875,953.638671875,29.47400665283203
11.5703125,953.5927734375,29.499359130859375
11.5859375,953.6502685546875,29.52398681640625
11.6015625,953.583984375,29.55706024169922
11.6171875,953.6404418945312,29.582778930664062
11.6328125,953.6184692382812,29.590492248535156
11.6484375,953.6371459960938,29.62834930419922
11.6640625,953.5835571289062,29.64966583251953
11.6796875,953.6753540039062,29.690460205078125
11.6953125,953.6392822265625,29.715072631835938
11.7109375,953.6806030273438,29.711402893066406
11.7265625,953.599609375,29.747039794921875
11.7421875,953.6007690429688,29.756607055664062
11.7578125,953.6069946289062,29.7882080078125
11.7734375,953.5611572265625,29.813560485839844
11.7890625,953.4943237304688,29.838546752929688
11.8046875,953.50341796875,29.856185913085938
11.8203125,953.51953125,29.884849548339844
11.8359375,953.4954223632812,29.902862548828125
11.8515625,953.5050048828125,29.91498565673828
11.8671875,953.5025634765625,29.93004608154297
11.8828125,953.5010986328125,29.964599609375
11.8984375,953.5099487304688,29.969375610351562
11.9140625,953.4972534179688,29.98480987548828
11.9296875,953.5112915039062,29.99694061279297
11.9453125,953.5,30.014938354492188
11.9609375,953.4683227539062,30.025962829589844
11.9765625,953.4944458007812,30.032943725585938
11.9921875,953.46826171875,30.048751831054688
12.0078125,953.4633178710938,30.050216674804688
12.0234375,953.4635009765625,30.051315307617188
12.0390625,953.44140625,30.059402465820312
12.0546875,953.4386596679688,30.066024780273438
12.0703125,953.4141235351562,30.074844360351562
12.0859375,953.4281616210938,30.09064483642578
12.1015625,953.4327392578125,30.09137725830078
12.1171875,953.4130859375,30.081825256347656
12.1328125,953.415771484375,30.084762573242188
12.1484375,953.4064331054688,30.081825256347656
12.1640625,953.4259033203125,30.096519470214844
12.1796875,953.4345092773438,30.081825256347656
12.1953125,953.4103393554688,30.08623504638672
12.2109375,953.4323120117188,30.076316833496094
12.2265625,953.4176635742188,30.066749572753906
12.2421875,953.42919921875,30.065292358398438
12.2578125,953.4057006835938,30.049110412597656
12.2734375,953.4255981445312,30.058677673339844
12.2890625,953.4158325195312,30.05316162109375
12.3046875,953.4099731445312,30.033676147460938
12.3203125,953.4151611328125,30.030014038085938
12.3359375,953.4285888671875,30.013832092285156
12.3515625,953.4150390625,30.0020751953125
12.3671875,953.4036254882812,30.00135040283203
12.3828125,953.4149780273438,29.991058349609375
12.3984375,953.4138793945312,29.976348876953125
12.4140625,953.4142456054688,29.962020874023438
12.4296875,953.399658203125,29.9315185546875
12.4453125,953.3954467773438,29.92821502685547
12.4609375,953.4202270507812,29.922698974609375
12.4765625,953.4191284179688,29.899925231933594
12.4921875,953.4330444335938,29.85692596435547
12.5078125,953.4185180664062,29.84039306640625
12.5234375,953.4169311523438,29.820907592773438
12.5390625,953.4251098632812,29.80474090576172
12.5546875,953.413330078125,29.79077911376953
12.5703125,953.4119873046875,29.765785217285156
12.5859375,953.4053955078125,29.762115478515625
12.6015625,953.4205322265625,29.740066528320312
12.6171875,953.4147338867188,29.73235321044922
12.6328125,953.419921875,29.725364685058594
12.6484375,953.4330444335938,29.713241577148438
12.6640625,953.4150390625,29.692291259765625
12.6796875,953.4308471679688,29.690460205078125
12.6953125,953.4373168945312,29.669143676757812
12.7109375,953.4286499023438,29.640846252441406
12.7265625,953.4246826171875,29.623207092285156
12.7421875,953.403076171875,29.617698669433594
12.7578125,953.4169921875,29.590866088867188
12.7734375,953.4220581054688,29.59233856201172
12.7890625,953.43115234375,29.59490203857422
12.8046875,953.4278564453125,29.569549560546875
12.8203125,953.4223022460938,29.564407348632812
12.8359375,953.4169921875,29.546035766601562
12.8515625,953.4146118164062,29.538681030273438
12.8671875,953.4378662109375,29.52068328857422
12.8828125,953.418701171875,29.511863708496094
12.8984375,953.4178466796875,29.494224548339844
12.9140625,953.4208984375,29.497161865234375
12.9296875,953.4091186523438,29.47032928466797
12.9453125,953.4339599609375,29.478416442871094
12.9609375,953.427001953125,29.458572387695312
12.9765625,953.4202880859375,29.45563507080078
12.9921875,953.4182739257812,29.440200805664062
13.0078125,953.4137573242188,29.429908752441406
13.0234375,953.43359375,29.4346923828125
13.0390625,953.4298095703125,29.41925811767578
13.0546875,953.49169921875,29.413375854492188
13.0703125,953.4887084960938,29.397567749023438
13.0859375,953.5033569335938,29.392051696777344
13.1015625,953.4884643554688,29.388748168945312
13.1171875,953.5645751953125,29.371475219726562
13.1328125,953.6376342773438,29.36449432373047
13.1484375,953.615966796875,29.34722900390625
13.1640625,953.6298217773438,29.333267211914062
13.1796875,953.7127075195312,29.340606689453125
13.1953125,953.7372436523438,29.327011108398438
13.2109375,953.7682495117188,29.327011108398438
13.2265625,953.7640380859375,29.324073791503906
13.2421875,953.6310424804688,29.322242736816406
13.2578125,953.6572265625,29.324806213378906
13.2734375,953.8253784179688,29.3314208984375
13.2890625,953.8056640625,29.336570739746094
13.3046875,953.7603149414062,29.34685516357422
13.3203125,953.6124267578125,29.359725952148438
13.3359375,953.6161499023438,29.3677978515625
13.3515625,953.6856689453125,29.373687744140625
13.3671875,953.7149047851562,29.39830780029297
13.3828125,953.6331176757812,29.40271759033203
13.3984375,953.7470703125,29.429534912109375
13.4140625,953.6571044921875,29.444244384765625
13.4296875,953.6866455078125,29.461509704589844
13.4453125,953.5927124023438,29.48906707763672
13.4609375,953.6521606445312,29.503402709960938
13.4765625,953.6076049804688,29.517730712890625
13.4921875,953.673583984375,29.550445556640625
13.5078125,953.5680541992188,29.601890563964844
13.5234375,953.612548828125,29.626144409179688
13.5390625,953.6370849609375,29.673553466796875
13.5546875,953.6716918945312,29.695968627929688
13.5703125,953.6261596679688,29.712135314941406
13.5859375,953.6002197265625,29.728668212890625
13.6015625,953.6790161132812,29.744110107421875
13.6171875,953.610595703125,29.763221740722656
13.6328125,953.5796508789062,29.784896850585938
13.6484375,953.6158447265625,29.80841827392578
13.6640625,953.6403198242188,29.82678985595703
13.6796875,953.5799560546875,29.84222412109375
13.6953125,953.6495971679688,29.873825073242188
13.7109375,953.6216430664062,29.884849548339844
13.7265625,953.5994262695312,29.888900756835938
13.7421875,953.5657348632812,29.901382446289062
13.7578125,953.6171875,29.933731079101562
13.7734375,953.5642700195312,29.94402313232422
13.7890625,953.5204467773438,29.969375610351562
13.8046875,953.5145874023438,29.990325927734375
13.8203125,953.536376953125,29.991424560546875
13.8359375,953.5353393554688,30.005760192871094
13.8515625,953.5199584960938,30.01971435546875
13.8671875,953.5464477539062,30.048011779785156
13.8828125,953.5444946289062,30.041038513183594
13.8984375,953.53125,30.057571411132812
13.9140625,953.4611206054688,30.081825256347656
13.9296875,953.4666137695312,30.091751098632812
13.9453125,953.4555053710938,30.101303100585938
13.9609375,953.4368286132812,30.1060791015625
13.9765625,953.4241943359375,30.119308471679688
13.9921875,953.420654296875,30.138778686523438
14.0078125,953.4160766601562,30.156417846679688
14.0234375,953.4099731445312,30.157150268554688
14.0390625,953.4471435546875,30.15972900390625
14.0546875,953.4073486328125,30.167076110839844
14.0703125,953.4224243164062,30.16082763671875
14.0859375,953.4229736328125,30.172584533691406
14.1015625,953.41162109375,30.15899658203125
14.1171875,953.4275512695312,30.157150268554688
14.1328125,953.39990234375,30.152008056640625
14.1484375,953.4161376953125,30.15569305419922
14.1640625,953.4254760742188,30.152740478515625
14.1796875,953.3928833007812,30.156417846679688
14.1953125,953.4183349609375,30.137306213378906
14.2109375,953.4116821289062,30.14246368408203
14.2265625,953.4140625,30.113052368164062
14.2421875,953.4027099609375,30.12151336669922
14.2578125,953.4406127929688,30.1060791015625
14.2734375,953.4152221679688,30.10387420654297
14.2890625,953.435302734375,30.100929260253906
14.3046875,953.4122314453125,30.076316833496094
14.3203125,953.4176635742188,30.077041625976562
14.3359375,953.4392700195312,30.068222045898438
14.3515625,953.4293823242188,30.051315307617188
14.3671875,953.4241333007812,30.05426788330078
14.3828125,953.4309692382812,30.042495727539062
14.3984375,953.4064331054688,30.031471252441406
14.4140625,953.41796875,30.029266357421875
14.4296875,953.428466796875,30.01751708984375
14.4453125,953.4118041992188,30.00501251220703
14.4609375,953.4105224609375,30.00135040283203
14.4765625,953.4346923828125,29.975990295410156
14.4921875,953.4064331054688,29.972686767578125
14.5078125,953.4210815429688,29.954299926757812
14.5234375,953.4102783203125,29.94402313232422
14.5390625,953.421875,29.93004608154297
14.5546875,953.4251098632812,29.92821502685547
14.5703125,953.4244384765625,29.909469604492188
14.5859375,953.41357421875,29.89697265625
14.6015625,953.4237060546875,29.89404296875
14.6171875,953.4222412109375,29.888153076171875
14.6328125,953.421630859375,29.856185913085938
14.6484375,953.425048828125,29.85692596435547
14.6640625,953.425048828125,29.85948944091797
14.6796875,953.4097290039062,29.84295654296875
14.6953125,953.4202270507812,29.821273803710938
14.7109375,953.4132690429688,29.80657196044922
14.7265625,953.4249267578125,29.80474090576172
14.7421875,953.4270629882812,29.797027587890625
14.7578125,953.4203491210938,29.784164428710938
14.7734375,953.4190673828125,29.762474060058594
14.7890625,953.415771484375,29.761016845703125
14.8046875,953.4072265625,29.73786163330078
14.8203125,953.407958984375,29.724258422851562
14.8359375,953.4364624023438,29.725364685058594
14.8515625,953.4132080078125,29.709556579589844
14.8671875,953.4153442382812,29.705520629882812
14.8828125,953.4334106445312,29.695968627929688
14.8984375,953.4313354492188,29.678329467773438
14.9140625,953.4295043945312,29.676483154296875
14.9296875,953.4293823242188,29.66289520263672
14.9453125,953.430419921875,29.658485412597656
14.9609375,953.4288330078125,29.643783569335938
14.9765625,953.4224853515625,29.636436462402344
14.9921875,953.4307861328125,29.619529724121094
15.0078125,953.4434204101562,29.608505249023438
15.0234375,953.44482421875,29.607406616210938
15.0390625,953.4476318359375,29.591964721679688
15.0546875,953.435302734375,29.59380340576172
15.0703125,953.4462280273438,29.57360076904297
15.0859375,953.4574584960938,29.55889892578125
15.1015625,953.4666748046875,29.547866821289062
15.1171875,953.4613647460938,29.52875518798828
15.1328125,953.4864501953125,29.50745391845703
15.1484375,953.518310546875,29.48944091796875
15.1640625,953.5794067382812,29.483558654785156
15.1796875,953.6158447265625,29.47327423095703
15.1953125,953.68359375,29.469223022460938
15.2109375,953.6729736328125,29.480995178222656
15.2265625,953.6298828125,29.461509704589844
15.2421875,953.8329467773438,29.465919494628906
15.2578125,953.7467651367188,29.462982177734375
15.2734375,953.705810546875,29.458572387695312
15.2890625,953.7926635742188,29.45343017578125
15.3046875,953.694091796875,29.465919494628906
15.3203125,953.8010864257812,29.46959686279297
15.3359375,953.7847290039062,29.480247497558594
15.3515625,953.8240356445312,29.480995178222656
15.3671875,953.6705322265625,29.495323181152344
15.3828125,953.7203979492188,29.516998291015625
15.3984375,953.7338256835938,29.530227661132812
15.4140625,953.6969604492188,29.554115295410156
15.4296875,953.7196655273438,29.54345703125
15.4453125,953.7138061523438,29.584983825683594
15.4609375,953.6509399414062,29.59307098388672
15.4765625,953.610595703125,29.59564971923828
15.4921875,953.6520385742188,29.619529724121094
15.5078125,953.530029296875,29.625411987304688
15.5234375,953.5635986328125,29.644515991210938
15.5390625,953.7405395507812,29.66510009765625
15.5546875,953.638671875,29.682373046875
15.5703125,953.5972290039062,29.698532104492188
15.5859375,953.6378173828125,29.721328735351562
15.6015625,953.5425415039062,29.730880737304688
15.6171875,953.7115478515625,29.747413635253906
15.6328125,953.6300659179688,29.77570343017578
15.6484375,953.5969848632812,29.799957275390625
15.6640625,953.6675415039062,29.814666748046875
15.6796875,953.6038818359375,29.845535278320312
15.6953125,953.637939453125,29.849571228027344
15.7109375,953.609130859375,29.883010864257812
15.7265625,953.5867919921875,29.8951416015625
15.7421875,953.4946899414062,29.898818969726562
15.7578125,953.5266723632812,29.923805236816406
15.7734375,953.5668334960938,29.93335723876953
15.7890625,953.5923461914062,29.96166229248047
15.8046875,953.55029296875,29.978195190429688
15.8203125,953.4610595703125,29.991058349609375
15.8359375,953.5167236328125,30.01678466796875
15.8515625,953.519287109375,30.029640197753906
15.8671875,953.508544921875,30.042137145996094
15.8828125,953.49560546875,30.05499267578125
15.8984375,953.4830322265625,30.066749572753906
15.9140625,953.4716186523438,30.074111938476562
15.9296875,953.4896850585938,30.1068115234375
15.9453125,953.4649047851562,30.103134155273438
15.9609375,953.4884033203125,30.12371826171875
15.9765625,953.4342651367188,30.145401000976562
15.9921875,953.4716186523438,30.144668579101562
16.0078125,953.4536743164062,30.164512634277344
16.0234375,953.4340209960938,30.169281005859375
16.0390625,953.4376220703125,30.191696166992188
16.0546875,953.4213256835938,30.188392639160156
16.0703125,953.4364624023438,30.215225219726562
16.0859375,953.41162109375,30.222564697265625
16.1015625,953.4135131835938,30.227706909179688
16.1171875,953.4146728515625,30.224403381347656
16.1328125,953.4298095703125,30.23175811767578
16.1484375,953.4234008789062,30.238731384277344
16.1640625,953.4247436523438,30.236526489257812
16.1796875,953.4149780273438,30.2490234375
16.1953125,953.4281005859375,30.243141174316406
16.2109375,953.4221801757812,30.241310119628906
16.2265625,953.4208374023438,30.234695434570312
16.2421875,953.4165649414062,30.23028564453125
16.2578125,953.4197387695312,30.241310119628906
16.2734375,953.4208374023438,30.22881317138672
16.2890625,953.4207763671875,30.222564697265625
16.3046875,953.4189453125,30.206031799316406
16.3203125,953.4208984375,30.197586059570312
16.3359375,953.4158325195312,30.19353485107422
16.3515625,953.4214477539062,30.19794464111328
16.3671875,953.4158935546875,30.185455322265625
16.3828125,953.4122924804688,30.17516326904297
16.3984375,953.4177856445312,30.164138793945312
16.4140625,953.4125366210938,30.153114318847656
16.4296875,953.41748046875,30.154586791992188
16.4453125,953.4229736328125,30.133644104003906
16.4609375,953.4113159179688,30.128128051757812
16.4765625,953.40966796875,30.117103576660156
16.4921875,953.4185791015625,30.099464416503906
16.5078125,953.418701171875,30.08623504638672
16.5234375,953.4293823242188,30.074111938476562
16.5390625,953.4142456054688,30.05352020263672
16.5546875,953.4122314453125,30.057571411132812
16.5703125,953.4115600585938,30.0355224609375
16.5859375,953.4069213867188,30.013107299804688
16.6015625,953.4047241210938,29.997299194335938
16.6171875,953.4246826171875,29.98554229736328
16.6328125,953.4313354492188,29.9638671875
16.6484375,953.416015625,29.958351135253906
16.6640625,953.4047241210938,29.942176818847656
16.6796875,953.4091186523438,29.9322509765625
16.6953125,953.4164428710938,29.92638397216797
16.7109375,953.4320068359375,29.91240692138672
16.7265625,953.4240112304688,29.8958740234375
16.7421875,953.4110717773438,29.888153076171875
16.7578125,953.4281616210938,29.887794494628906
16.7734375,953.421630859375,29.881912231445312
16.7890625,953.4234008789062,29.867210388183594
16.8046875,953.4196166992188,29.847732543945312
16.8203125,953.4200439453125,29.847007751464844
16.8359375,953.4175415039062,29.82752227783203
16.8515625,953.412109375,29.830467224121094
16.8671875,953.4171752929688,29.818702697753906
16.8828125,953.42138671875,29.80621337890625
16.8984375,953.4118041992188,29.7904052734375
16.9140625,953.4132080078125,29.77204132080078
16.9296875,953.4083251953125,29.767257690429688
16.9453125,953.4407348632812,29.75623321533203
16.9609375,953.434814453125,29.742271423339844
16.9765625,953.4113159179688,29.73638916015625
16.9921875,953.4048461914062,29.7205810546875
17.0078125,953.4241943359375,29.713607788085938
17.0234375,953.4318237304688,29.709556579589844
17.0390625,953.4381103515625,29.693023681640625
17.0546875,953.4560546875,29.693389892578125
17.0703125,953.4609985351562,29.672447204589844
17.0859375,953.5023803710938,29.669509887695312
17.1015625,953.5177001953125,29.658485412597656
17.1171875,953.4796142578125,29.640106201171875
17.1328125,953.572265625,29.62761688232422
17.1484375,953.5464477539062,29.616226196289062
17.1640625,953.5291137695312,29.606300354003906
17.1796875,953.5252075195312,29.602996826171875
17.1953125,953.5159301757812,29.61144256591797
17.2109375,953.5592041015625,29.602996826171875
17.2265625,953.5948486328125,29.59380340576172
17.2421875,953.5025024414062,29.59454345703125
17.2578125,953.5275268554688,29.588661193847656
17.2734375,953.5372314453125,29.59380340576172
17.2890625,953.549560546875,29.59380340576172
17.3046875,953.4963989257812,29.587188720703125
17.3203125,953.5184936523438,29.57616424560547
17.3359375,953.5670776367188,29.584625244140625
17.3515625,953.5069580078125,29.584983825683594
17.3671875,953.5056762695312,29.59344482421875
17.3828125,953.5675659179688,29.59307098388672
17.3984375,953.5155029296875,29.601516723632812
17.4140625,953.5874633789062,29.608131408691406
17.4296875,953.5294799804688,29.59821319580078
17.4453125,953.6021118164062,29.59307098388672
17.4609375,953.5717163085938,29.606300354003906
17.4765625,953.589111328125,29.614013671875
17.4921875,953.5379638671875,29.62651824951172
17.5078125,953.4871826171875,29.61695098876953
17.5234375,953.5399780273438,29.64781951904297
17.5390625,953.5520629882812,29.64525604248047
17.5546875,953.5458374023438,29.655181884765625
17.5703125,953.5563354492188,29.68384552001953
17.5859375,953.5358276367188,29.69707489013672
17.6015625,953.5079345703125,29.721328735351562
17.6171875,953.5814819335938,29.728668212890625
17.6328125,953.5773315429688,29.774978637695312
17.6484375,953.6046752929688,29.803268432617188
17.6640625,953.5751953125,29.810256958007812
17.6796875,953.5430297851562,29.8238525390625
17.6953125,953.5156860351562,29.84295654296875
17.7109375,953.510986328125,29.853622436523438
17.7265625,953.4869995117188,29.862442016601562
17.7421875,953.5369262695312,29.87529754638672
17.7578125,953.4896850585938,29.891830444335938
17.7734375,953.487060546875,29.89697265625
17.7890625,953.5337524414062,29.898818969726562
17.8046875,953.5255126953125,29.91315460205078
17.8203125,953.509033203125,29.93004608154297
17.8359375,953.5047607421875,29.9322509765625
17.8515625,953.5360717773438,29.936302185058594
17.8671875,953.5059204101562,29.94953155517578
17.8828125,953.5180053710938,29.964599609375
17.8984375,953.4908447265625,29.96790313720703
17.9140625,953.50732421875,29.98371124267578
17.9296875,953.5189819335938,29.988479614257812
17.9453125,953.4638671875,29.992156982421875
17.9609375,953.527099609375,30.00501251220703
17.9765625,953.4469604492188,30.01751708984375
17.9921875,953.4411010742188,30.025230407714844
18.0078125,953.4239501953125,30.01934814453125
18.0234375,953.4053955078125,30.03221893310547
18.0390625,953.4065551757812,30.048385620117188
18.0546875,953.425537109375,30.049484252929688
18.0703125,953.4149169921875,30.063446044921875
18.0859375,953.4085083007812,30.05792999267578
18.1015625,953.407958984375,30.045074462890625
18.1171875,953.4114379882812,30.044700622558594
18.1328125,953.4144287109375,30.065292358398438
18.1484375,953.4133911132812,30.059776306152344
18.1640625,953.4236450195312,30.05792999267578
18.1796875,953.426513671875,30.05095672607422
18.1953125,953.4186401367188,30.05426788330078
18.2109375,953.4267578125,30.05462646484375
18.2265625,953.4219970703125,30.0355224609375
18.2421875,953.43505859375,30.03221893310547
18.2578125,953.4239501953125,30.038833618164062
18.2734375,953.403076171875,30.014205932617188
18.2890625,953.408935546875,30.01678466796875
18.3046875,953.4009399414062,30.022293090820312
18.3203125,953.4002075195312,30.0028076171875
18.3359375,953.42529296875,29.991058349609375
18.3515625,953.4240112304688,29.992156982421875
18.3671875,953.4308471679688,29.988121032714844
18.3828125,953.4273071289062,29.976348876953125
18.3984375,953.4052734375,29.98113250732422
18.4140625,953.4266357421875,29.972312927246094
18.4296875,953.4227905273438,29.962020874023438
18.4453125,953.415771484375,29.93335723876953
18.4609375,953.4261474609375,29.944381713867188
18.4765625,953.4033203125,29.920867919921875
18.4921875,953.4249267578125,29.93004608154297
18.5078125,953.427001953125,29.91461181640625
18.5234375,953.4249267578125,29.906539916992188
18.5390625,953.4216918945312,29.903587341308594
18.5546875,953.42138671875,29.8951416015625
18.5703125,953.3984375,29.884849548339844
18.5859375,953.4196166992188,29.87897491455078
18.6015625,953.4224853515625,29.86133575439453
18.6171875,953.4202270507812,29.83928680419922
18.6328125,953.3941040039062,29.85692596435547
18.6484375,953.4185180664062,29.84369659423828
18.6640625,953.4185180664062,29.833030700683594
18.6796875,953.4161987304688,29.816864013671875
18.6953125,953.4373168945312,29.80988311767578
18.7109375,953.4450073242188,29.797393798828125
18.7265625,953.419189453125,29.782691955566406
18.7421875,953.4093627929688,29.785629272460938
18.7578125,953.40966796875,29.764678955078125
18.7734375,953.416015625,29.73748779296875
18.7890625,953.4144287109375,29.74042510986328
18.8046875,953.408203125,29.728668212890625
18.8203125,953.4357299804688,29.728668212890625
18.8359375,953.41357421875,29.7198486328125
18.8515625,953.4336547851562,29.708457946777344
18.8671875,953.4259643554688,29.70220947265625
18.8828125,953.4044799804688,29.686782836914062
18.8984375,953.409423828125,29.686782836914062
18.9140625,953.4315185546875,29.673179626464844
18.9296875,953.4080810546875,29.674652099609375
18.9453125,953.430419921875,29.655914306640625
18.9609375,953.4320678710938,29.655181884765625
18.9765625,953.4296875,29.653335571289062
18.9921875,953.4270629882812,29.63092803955078
19.0078125,953.4344482421875,29.617698669433594
19.0234375,953.4336547851562,29.604469299316406
19.0390625,953.4323120117188,29.6121826171875
19.0546875,953.4451293945312,29.601158142089844
19.0703125,953.4494018554688,29.600418090820312
19.0859375,953.4619140625,29.597854614257812
19.1015625,953.505859375,29.59344482421875
19.1171875,953.5567626953125,29.57984161376953
19.1328125,953.4950561523438,29.566986083984375
19.1484375,953.569091796875,29.564407348632812
19.1640625,953.4546508789062,29.544937133789062
19.1796875,953.5299072265625,29.534271240234375
19.1953125,953.5305786132812,29.52581787109375
19.2109375,953.4974975585938,29.52509307861328
19.2265625,953.4933471679688,29.52398681640625
19.2421875,953.4907836914062,29.52765655517578
19.2578125,953.5938720703125,29.516632080078125
19.2734375,953.5563354492188,29.52324676513672
19.2890625,953.5050048828125,29.52251434326172
19.3046875,953.5827026367188,29.533164978027344
19.3203125,953.565185546875,29.52581787109375
19.3359375,953.5961303710938,29.535011291503906
19.3515625,953.4906005859375,29.536117553710938
19.3671875,953.5469360351562,29.553382873535156
19.3828125,953.5779418945312,29.564781188964844
19.3984375,953.4810791015625,29.58167266845703
19.4140625,953.5807495117188,29.59123992919922
19.4296875,953.6044311523438,29.586082458496094
19.4453125,953.587158203125,29.59710693359375
19.4609375,953.5721435546875,29.624671936035156
19.4765625,953.5736694335938,29.627975463867188
19.4921875,953.58349609375,29.643783569335938
19.5078125,953.5360717773438,29.66583251953125
19.5234375,953.5352783203125,29.682373046875
19.5390625,953.5806274414062,29.70514678955078
19.5546875,953.5739135742188,29.709556579589844
19.5703125,953.537841796875,29.724258422851562
19.5859375,953.5966796875,29.747039794921875
19.6015625,953.5433959960938,29.77313995361328
19.6171875,953.5626831054688,29.78893280029297
19.6328125,953.5450439453125,29.7911376953125
19.6484375,953.4945068359375,29.82238006591797
19.6640625,953.5508422851562,29.838546752929688
19.6796875,953.5297241210938,29.85692596435547
19.6953125,953.5631713867188,29.87456512451172
19.7109375,953.5505981445312,29.884490966796875
19.7265625,953.5497436523438,29.902488708496094
19.7421875,953.5360107421875,29.907638549804688
19.7578125,953.5257568359375,29.922698974609375
19.7734375,953.5775756835938,29.941444396972656
19.7890625,953.5626220703125,29.955406188964844
19.8046875,953.4815673828125,29.964599609375
19.8203125,953.49560546875,29.993629455566406
19.8359375,953.49365234375,29.997299194335938
19.8515625,953.4515991210938,30.01567840576172
19.8671875,953.5054321289062,30.024124145507812
19.8828125,953.44287109375,30.044700622558594
19.8984375,953.4855346679688,30.05352020263672
19.9140625,953.4942626953125,30.061241149902344
19.9296875,953.4358520507812,30.06749725341797
19.9453125,953.4669189453125,30.072265625
19.9609375,953.4786987304688,30.08879852294922
19.9765625,953.444580078125,30.097991943359375
19.9921875,953.4412841796875,30.12445068359375
20.0078125,953.4337768554688,30.129959106445312
20.0234375,953.4163208007812,30.148330688476562
20.0390625,953.4216918945312,30.145401000976562
20.0546875,953.4166870117188,30.155319213867188
20.0703125,953.4146728515625,30.165611267089844
20.0859375,953.4306640625,30.171485900878906
20.1015625,953.4161987304688,30.167816162109375
20.1171875,953.4242553710938,30.171485900878906
20.1328125,953.4192504882812,30.184356689453125
20.1484375,953.4258422851562,30.172958374023438
20.1640625,953.41943359375,30.180679321289062
20.1796875,953.4278564453125,30.170753479003906
20.1953125,953.42333984375,30.16156005859375
20.2109375,953.409912109375,30.17699432373047
20.2265625,953.4239501953125,30.164512634277344
20.2421875,953.4107666015625,30.153488159179688
20.2578125,953.4300537109375,30.152381896972656
20.2734375,953.411376953125,30.145767211914062
20.2890625,953.4191284179688,30.141357421875
20.3046875,953.4288330078125,30.133644104003906
20.3203125,953.41552734375,30.117462158203125
20.3359375,953.42529296875,30.119308471679688
20.3515625,953.421875,30.100196838378906
20.3671875,953.4121704101562,30.096519470214844
20.3828125,953.4183959960938,30.07300567626953
20.3984375,953.4202880859375,30.060134887695312
20.4140625,953.419677734375,30.063446044921875
20.4296875,953.4258422851562,30.045074462890625
20.4453125,953.4270629882812,30.03919219970703
20.4609375,953.4246826171875,30.034423828125
20.4765625,953.4182739257812,30.02044677734375
20.4921875,953.4119873046875,30.005760192871094
20.5078125,953.4196166992188,30.007591247558594
20.5234375,953.4298706054688,29.997299194335938
20.5390625,953.4169311523438,29.97930145263672
20.5546875,953.437255859375,29.978927612304688
20.5703125,953.4127197265625,29.978195190429688
20.5859375,953.429443359375,29.971939086914062
20.6015625,953.4263916015625,29.953567504882812
20.6171875,953.4275512695312,29.922698974609375
20.6328125,953.4083251953125,29.906898498535156
20.6484375,953.4007568359375,29.904693603515625
20.6640625,953.4203491210938,29.886695861816406
20.6796875,953.4203491210938,29.8951416015625
20.6953125,953.4152221679688,29.888900756835938
20.7109375,953.4216918945312,29.865371704101562
20.7265625,953.4176635742188,29.85692596435547
20.7421875,953.425048828125,29.86133575439453
20.7578125,953.4440307617188,29.847732543945312
20.7734375,953.4290161132812,29.856185913085938
20.7890625,953.4436645507812,29.820175170898438
20.8046875,953.4459838867188,29.821273803710938
20.8203125,953.4317626953125,29.810256958007812
20.8359375,953.4276123046875,29.802162170410156
20.8515625,953.4268798828125,29.784164428710938
20.8671875,953.4125366210938,29.784896850585938
20.8828125,953.4096069335938,29.77570343017578
20.8984375,953.4087524414062,29.7529296875
20.9140625,953.416015625,29.75440216064453
20.9296875,953.42578125,29.745941162109375
20.9453125,953.4385986328125,29.73455810546875
20.9609375,953.4141845703125,29.732711791992188
20.9765625,953.4320068359375,29.7198486328125
20.9921875,953.4241333007812,29.712135314941406
21.0078125,953.4341430664062,29.710304260253906
21.0234375,953.4327392578125,29.698532104492188
21.0390625,953.4381103515625,29.686782836914062
21.0546875,953.4320678710938,29.693389892578125
21.0703125,953.4197387695312,29.672821044921875
21.0859375,953.4464111328125,29.669509887695312
21.1015625,953.4585571289062,29.655181884765625
21.1171875,953.4774780273438,29.644515991210938
21.1328125,953.4841918945312,29.640106201171875
21.1484375,953.5452880859375,29.618797302246094
21.1640625,953.5646362304688,29.62945556640625
21.1796875,953.5502319335938,29.621360778808594
21.1953125,953.534423828125,29.616226196289062
21.2109375,953.5363159179688,29.617698669433594
21.2265625,953.5729370117188,29.60887908935547
21.2421875,953.5881958007812,29.618797302246094
21.2578125,953.5682373046875,29.61695098876953
21.2734375,953.6182861328125,29.622467041015625
21.2890625,953.64453125,29.627243041992188
21.3046875,953.59130859375,29.63275909423828
21.3203125,953.5595703125,29.638641357421875
21.3359375,953.5851440429688,29.655914306640625
21.3515625,953.537841796875,29.676856994628906
21.3671875,953.5675048828125,29.693389892578125
21.3828125,953.55419921875,29.705520629882812
21.3984375,953.5899658203125,29.711402893066406
21.4140625,953.491455078125,29.721328735351562
21.4296875,953.5294799804688,29.738967895507812
21.4453125,953.5891723632812,29.759170532226562
21.4609375,953.5349731445312,29.779388427734375
21.4765625,953.5489501953125,29.80474090576172
21.4921875,953.5490112304688,29.812828063964844
21.5078125,953.5181884765625,29.82862091064453
21.5234375,953.5747680664062,29.84039306640625
21.5390625,953.5543823242188,29.85692596435547
21.5546875,953.5350341796875,29.884849548339844
21.5703125,953.6669921875,29.908370971679688
21.5859375,953.6663818359375,29.93189239501953
21.6015625,953.5910034179688,29.979660034179688
21.6171875,953.5796508789062,30.005760192871094
21.6328125,953.5271606445312,30.03221893310547
21.6484375,953.5841674804688,30.044700622558594
21.6640625,953.6123046875,30.063446044921875
21.6796875,953.6404418945312,30.068222045898438
21.6953125,953.6033325195312,30.086593627929688
21.7109375,953.5966796875,30.100570678710938
21.7265625,953.5466918945312,30.117462158203125
21.7421875,953.5490112304688,30.148330688476562
21.7578125,953.5604248046875,30.150909423828125
21.7734375,953.577392578125,30.166343688964844
21.7890625,953.6207885742188,30.170753479003906
21.8046875,953.5130004882812,30.187660217285156
21.8203125,953.5278930664062,30.199417114257812
21.8359375,953.539794921875,30.21302032470703
21.8515625,953.5489501953125,30.227706909179688
21.8671875,953.5174560546875,30.23249053955078
21.8828125,953.4515380859375,30.256370544433594
21.8984375,953.4342651367188,30.26556396484375
21.9140625,953.465576171875,30.278793334960938
21.9296875,953.4484252929688,30.278793334960938
21.9453125,953.4544067382812,30.292022705078125
21.9609375,953.4359130859375,30.297531127929688
21.9765625,953.4180297851562,30.30194091796875
21.9921875,953.4231567382812,30.292022705078125
22.0078125,953.40966796875,30.305984497070312
22.0234375,953.4032592773438,30.307456970214844
22.0390625,953.430908203125,30.31444549560547
22.0546875,953.4376220703125,30.31810760498047
22.0703125,953.4169921875,30.30267333984375
22.0859375,953.4107666015625,30.305984497070312
22.1015625,953.4140625,30.3177490234375
22.1171875,953.4307861328125,30.3177490234375
22.1328125,953.4277954101562,30.290191650390625
22.1484375,953.425048828125,30.283203125
22.1640625,953.4249877929688,30.304519653320312
22.1796875,953.4324951171875,30.275482177734375
22.1953125,953.4140625,30.276962280273438
22.2109375,953.4243774414062,30.26556396484375
22.2265625,953.4393310546875,30.252708435058594
22.2421875,953.4141235351562,30.238006591796875
22.2578125,953.4234008789062,30.23028564453125
22.2734375,953.439453125,30.217056274414062
22.2890625,953.4303588867188,30.2119140625
22.3046875,953.40771484375,30.201622009277344
22.3203125,953.4197998046875,30.200889587402344
22.3359375,953.43359375,30.17699432373047
22.3515625,953.4412231445312,30.164512634277344
22.3671875,953.4238891601562,30.153488159179688
22.3828125,953.4221801757812,30.15679168701172
22.3984375,953.4076538085938,30.129234313964844
22.4140625,953.4288330078125,30.136947631835938
22.4296875,953.4002685546875,30.115257263183594
22.4453125,953.4328002929688,30.10828399658203
22.4609375,953.4434204101562,30.08807373046875
22.4765625,953.418701171875,30.08879852294922
22.4921875,953.4146728515625,30.0697021484375
22.5078125,953.4259033203125,30.065650939941406
22.5234375,953.4183349609375,30.062713623046875
22.5390625,953.427001953125,30.05242156982422
22.5546875,953.4098510742188,30.038833618164062
22.5703125,953.4246826171875,30.031471252441406
22.5859375,953.4053955078125,30.012374877929688
22.6015625,953.4285888671875,29.996192932128906
22.6171875,953.411376953125,29.98371124267578
22.6328125,953.4132080078125,29.98627471923828
22.6484375,953.41943359375,29.979660034179688
22.6640625,953.4139404296875,29.957611083984375
22.6796875,953.428466796875,29.972312927246094
22.6953125,953.4306030273438,29.956878662109375
22.7109375,953.4338989257812,29.94805908203125
22.7265625,953.4054565429688,29.934097290039062
22.7421875,953.425048828125,29.91387939453125
22.7578125,953.4230346679688,29.903228759765625
22.7734375,953.4219360351562,29.91057586669922
22.7890625,953.430419921875,29.905792236328125
22.8046875,953.4161987304688,29.880081176757812
22.8203125,953.4231567382812,29.887420654296875
22.8359375,953.421630859375,29.867210388183594
22.8515625,953.4261474609375,29.85692596435547
22.8671875,953.425048828125,29.854354858398438
22.8828125,953.4165649414062,29.835609436035156
22.8984375,953.4146728515625,29.847007751464844
22.9140625,953.4241333007812,29.819076538085938
22.9296875,953.416015625,29.80621337890625
22.9453125,953.4201049804688,29.797027587890625
22.9609375,953.4400634765625,29.785995483398438
22.9765625,953.429443359375,29.777549743652344
22.9921875,953.4693603515625,29.777549743652344
23.0078125,953.4442138671875,29.762115478515625
23.0234375,953.4646606445312,29.758811950683594
23.0390625,953.4763793945312,29.73565673828125
23.0546875,953.4943237304688,29.730506896972656
23.0703125,953.5955200195312,29.723159790039062
23.0859375,953.5349731445312,29.709556579589844
23.1015625,953.5079345703125,29.709556579589844
23.1171875,953.614990234375,29.694122314453125
23.1328125,953.5493774414062,29.694122314453125
23.1484375,953.5458374023438,29.690460205078125
23.1640625,953.5514526367188,29.6842041015625
23.1796875,953.6494140625,29.694869995117188
23.1953125,953.6242065429688,29.703689575195312
23.2109375,953.6525268554688,29.707725524902344
23.2265625,953.6058349609375,29.705894470214844
23.2421875,953.6815185546875,29.696701049804688
23.2578125,953.60888671875,29.710304260253906
23.2734375,953.5372924804688,29.7169189453125
23.2890625,953.6055297851562,29.722427368164062
23.3046875,953.58154296875,29.73565673828125
23.3203125,953.6283569335938,29.741531372070312
23.3359375,953.5804443359375,29.746681213378906
23.3515625,953.5115356445312,29.774978637695312
23.3671875,953.5987548828125,29.77570343017578
23.3828125,953.5809326171875,29.801437377929688
23.3984375,953.5379638671875,29.811729431152344
23.4140625,953.5910034179688,29.817596435546875
23.4296875,953.5850830078125,29.82678985595703
23.4453125,953.614013671875,29.84039306640625
23.4609375,953.5513916015625,29.87456512451172
23.4765625,953.593017578125,29.87346649169922
23.4921875,953.6222534179688,29.890357971191406
23.5078125,953.5982055664062,29.91057586669922
23.5234375,953.4913940429688,29.934097290039062
23.5390625,953.593017578125,29.956878662109375
23.5546875,953.5575561523438,29.957252502441406
23.5703125,953.5952758789062,29.98480987548828
23.5859375,953.589599609375,29.996566772460938
23.6015625,953.5376586914062,30.00501251220703
23.6171875,953.5389404296875,30.01751708984375
23.6328125,953.5665893554688,30.045074462890625
23.6484375,953.5842895507812,30.05352020263672
23.6640625,953.6095581054688,30.083663940429688
23.6796875,953.564208984375,30.1075439453125
23.6953125,953.58154296875,30.132537841796875
23.7109375,953.56787109375,30.141357421875
23.7265625,953.5573120117188,30.152381896972656
23.7421875,953.557861328125,30.180679321289062
23.7578125,953.5809936523438,30.18030548095703
23.7734375,953.5307006835938,30.205299377441406
23.7890625,953.5415649414062,30.222564697265625
23.8046875,953.5283203125,30.239479064941406
23.8203125,953.515625,30.259681701660156
23.8359375,953.4776611328125,30.261154174804688
23.8515625,953.4682006835938,30.2850341796875
23.8671875,953.5518798828125,30.304153442382812
23.8828125,953.4939575195312,30.308563232421875
23.8984375,953.4406127929688,30.328033447265625
23.9140625,953.4473266601562,30.347877502441406
23.9296875,953.4360961914062,30.35413360595703
23.9453125,953.4188232421875,30.35413360595703
23.9609375,953.415771484375,30.382049560546875
23.9765625,953.4246826171875,30.36736297607422
23.9921875,953.4165649414062,30.37102508544922
24.0078125,953.41748046875,30.37139892578125
24.0234375,953.4104614257812,30.38683319091797
24.0390625,953.42919921875,30.379844665527344
24.0546875,953.4171752929688,30.380592346191406
24.0703125,953.4183959960938,30.390869140625
24.0859375,953.4254760742188,30.39051055908203
24.1015625,953.4182739257812,30.374710083007812
24.1171875,953.4177856445312,30.382049560546875
24.1328125,953.4234008789062,30.367721557617188
24.1484375,953.416015625,30.375808715820312
24.1640625,953.4240112304688,30.378013610839844
24.1796875,953.4241943359375,30.375808715820312
24.1953125,953.4227905273438,30.366615295410156
24.2109375,953.4164428710938,30.3544921875
24.2265625,953.4087524414062,30.3555908203125
24.2421875,953.414794921875,30.35228729248047
24.2578125,953.4216918945312,30.344207763671875
24.2734375,953.4136352539062,30.328773498535156
24.2890625,953.413330078125,30.323989868164062
24.3046875,953.431396484375,30.3177490234375
24.3203125,953.4080810546875,30.293853759765625
24.3359375,953.4212036132812,30.28540802001953
24.3515625,953.4197387695312,30.269241333007812
24.3671875,953.4121704101562,30.261154174804688
24.3828125,953.4185791015625,30.249755859375
24.3984375,953.4186401367188,30.24829864501953
24.4140625,953.419677734375,30.239479064941406
24.4296875,953.4253540039062,30.224403381347656
24.4453125,953.4137573242188,30.21302032470703
24.4609375,953.419189453125,30.215957641601562
24.4765625,953.4183349609375,30.188392639160156
24.4921875,953.41015625,30.187660217285156
24.5078125,953.4262084960938,30.167816162109375
24.5234375,953.4314575195312,30.156051635742188
24.5390625,953.4069213867188,30.12335205078125
24.5546875,953.4168701171875,30.101303100585938
24.5703125,953.4111328125,30.066749572753906
24.5859375,953.4261474609375,30.045074462890625
24.6015625,953.4067993164062,30.01971435546875
24.6171875,953.4107666015625,30.005760192871094
24.6328125,953.4219970703125,29.988479614257812
24.6484375,953.4149169921875,29.976348876953125
24.6640625,953.4076538085938,29.962020874023438
24.6796875,953.4080200195312,29.953567504882812
24.6953125,953.4102172851562,29.936660766601562
24.7109375,953.4235229492188,29.920867919921875
24.7265625,953.4010009765625,29.902130126953125
24.7421875,953.4266357421875,29.89734649658203
24.7578125,953.4207763671875,29.870513916015625
24.7734375,953.4253540039062,29.86133575439453
24.7890625,953.4356689453125,29.837814331054688
24.8046875,953.4674682617188,29.82421112060547
24.8203125,953.4451904296875,29.80400848388672
24.8359375,953.4210205078125,29.793716430664062
24.8515625,953.4464111328125,29.780113220214844
24.8671875,953.418701171875,29.77204132080078
24.8828125,953.4723510742188,29.756607055664062
24.8984375,953.471923828125,29.729774475097656
24.9140625,953.441162109375,29.725738525390625
24.9296875,953.44921875,29.713966369628906
24.9453125,953.44921875,29.710304260253906
24.9609375,953.4763793945312,29.70184326171875
24.9765625,953.464111328125,29.70037841796875
24.9921875,953.4305419921875,29.694122314453125
25.0078125,953.403564453125,29.695968627929688
25.0234375,953.4904174804688,29.695968627929688
25.0390625,953.455810546875,29.696701049804688
25.0546875,953.4774169921875,29.711402893066406
25.0703125,953.5285034179688,29.728302001953125
25.0859375,953.465576171875,29.725738525390625
25.1015625,953.4020385742188,29.744476318359375
25.1171875,953.452880859375,29.7529296875
25.1328125,953.4769897460938,29.760643005371094
25.1484375,953.46044921875,29.7900390625
25.1640625,953.5433959960938,29.80988311767578
25.1796875,953.4127197265625,29.82568359375
25.1953125,953.52490234375,29.84039306640625
25.2109375,953.48388671875,29.86133575439453
25.2265625,953.5122680664062,29.869781494140625
25.2421875,953.509521484375,29.89220428466797
25.2578125,953.5242919921875,29.91387939453125
25.2734375,953.5765991210938,29.940711975097656
25.2890625,953.4501953125,29.955047607421875
25.3046875,953.474365234375,29.96790313720703
25.3203125,953.52880859375,29.993988037109375
25.3359375,953.4722290039062,30.01751708984375
25.3515625,953.5211791992188,30.031471252441406
25.3671875,953.46875,30.064186096191406
25.3828125,953.4928588867188,30.074844360351562
25.3984375,953.4677124023438,30.097259521484375
25.4140625,953.4435424804688,30.12445068359375
25.4296875,953.5802001953125,30.145767211914062
25.4453125,953.5057373046875,30.169647216796875
25.4609375,953.5625610351562,30.183982849121094
25.4765625,953.5215454101562,30.199417114257812
25.4921875,953.4590454101562,30.223670959472656
25.5078125,953.4848022460938,30.245346069335938
25.5234375,953.4959106445312,30.2850341796875
25.5390625,953.46875,30.309288024902344
25.5546875,953.4622192382812,30.346038818359375
25.5703125,953.4365234375,30.377281188964844
25.5859375,953.4868774414062,30.38610076904297
25.6015625,953.4638671875,30.38683319091797
25.6171875,953.4824829101562,30.409255981445312
25.6328125,953.45654296875,30.412918090820312
25.6484375,953.44677734375,30.436813354492188
25.6640625,953.4384155273438,30.43791961669922
25.6796875,953.4342651367188,30.462905883789062
25.6953125,953.4362182617188,30.462905883789062
25.7109375,953.431396484375,30.47870635986328
25.7265625,953.4228515625,30.480911254882812
25.7421875,953.4116821289062,30.482742309570312
25.7578125,953.4244384765625,30.498550415039062
25.7734375,953.4362182617188,30.4930419921875
25.7890625,953.4242553710938,30.499282836914062
25.8046875,953.436279296875,30.503318786621094
25.8203125,953.4366455078125,30.517295837402344
25.8359375,953.420654296875,30.499282836914062
25.8515625,953.4188842773438,30.497451782226562
25.8671875,953.4043579101562,30.498550415039062
25.8828125,953.4362182617188,30.4967041015625
25.8984375,953.4228515625,30.49707794189453
25.9140625,953.4246826171875,30.499282836914062
25.9296875,953.4165649414062,30.501113891601562
25.9453125,953.4047241210938,30.4937744140625
25.9609375,953.417724609375,30.4937744140625
25.9765625,953.4213256835938,30.472824096679688
25.9921875,953.412109375,30.47796630859375
26.0078125,953.4137573242188,30.465103149414062
26.0234375,953.4166259765625,30.466583251953125
26.0390625,953.4401245117188,30.453712463378906
26.0546875,953.4256591796875,30.447463989257812
26.0703125,953.43115234375,30.42578887939453
26.0859375,953.4188232421875,30.421737670898438
26.1015625,953.4063720703125,30.413291931152344
26.1171875,953.421630859375,30.416969299316406
26.1328125,953.4208984375,30.400436401367188
26.1484375,953.419189453125,30.379844665527344
26.1640625,953.4183349609375,30.37139892578125
26.1796875,953.4224243164062,30.37102508544922
26.1953125,953.4073486328125,30.35669708251953
26.2109375,953.4149169921875,30.341262817382812
26.2265625,953.4259033203125,30.326927185058594
26.2421875,953.419189453125,30.312240600585938
26.2578125,953.4146728515625,30.296432495117188
26.2734375,953.4161376953125,30.283203125
26.2890625,953.4356689453125,30.269973754882812
26.3046875,953.4284057617188,30.243141174316406
26.3203125,953.4221801757812,30.241683959960938
26.3359375,953.4262084960938,30.233596801757812
26.3515625,953.4230346679688,30.217788696289062
26.3671875,953.4130859375,30.2119140625
26.3828125,953.416015625,30.204559326171875
26.3984375,953.4362182617188,30.187660217285156
26.4140625,953.4322509765625,30.168174743652344
26.4296875,953.4242553710938,30.15899658203125
26.4453125,953.4186401367188,30.151641845703125
26.4609375,953.4124755859375,30.14208984375
26.4765625,953.4216918945312,30.129234313964844
26.4921875,953.4336547851562,30.113426208496094
26.5078125,953.4110717773438,30.098365783691406
26.5234375,953.4244995117188,30.074844360351562
26.5390625,953.43115234375,30.074844360351562
26.5546875,953.4222412109375,30.07006072998047
26.5703125,953.4325561523438,30.057571411132812
26.5859375,953.415771484375,30.07447052001953
26.6015625,953.4317626953125,30.05352020263672
26.6171875,953.4512329101562,30.040664672851562
26.6328125,953.4135131835938,30.040664672851562
26.6484375,953.4266357421875,30.03221893310547
26.6640625,953.4347534179688,30.034423828125
26.6796875,953.4182739257812,30.00318145751953
26.6953125,953.4210815429688,30.005760192871094
26.7109375,953.4153442382812,29.997299194335938
26.7265625,953.42529296875,29.997299194335938
26.7421875,953.4282836914062,29.973785400390625
26.7578125,953.4301147460938,29.975990295410156
26.7734375,953.4608154296875,29.972686767578125
26.7890625,953.4891967773438,29.9638671875
26.8046875,953.497314453125,29.950637817382812
26.8203125,953.442138671875,29.937767028808594
26.8359375,953.5276489257812,29.924537658691406
26.8515625,953.5549926757812,29.91571807861328
26.8671875,953.4829711914062,29.90874481201172
26.8828125,953.647216796875,29.907638549804688
26.8984375,953.5831909179688,29.903228759765625
26.9140625,953.7315673828125,29.906539916992188
26.9296875,953.64404296875,29.880081176757812
26.9453125,953.6150512695312,29.883384704589844
26.9609375,953.5844116210938,29.883743286132812
26.9765625,953.6082763671875,29.889999389648438
26.9921875,953.59521484375,29.888153076171875
27.0078125,953.4957885742188,29.903961181640625
27.0234375,953.5774536132812,29.898452758789062
27.0390625,953.5404663085938,29.903228759765625
27.0546875,953.6144409179688,29.91057586669922
27.0703125,953.5690307617188,29.91387939453125
27.0859375,953.6166381835938,29.935928344726562
27.1015625,953.4844360351562,29.94879150390625
27.1171875,953.6171875,29.951370239257812
27.1328125,953.4201049804688,29.962020874023438
27.1484375,953.5849609375,29.991783142089844
27.1640625,953.4749145507812,30.0020751953125
27.1796875,953.5166015625,30.014205932617188
27.1953125,953.5482788085938,30.027809143066406
27.2109375,953.5843505859375,30.03919219970703
27.2265625,953.520263671875,30.049484252929688
27.2421875,953.5972290039062,30.064918518066406
27.2578125,953.631591796875,30.074111938476562
27.2734375,953.5781860351562,30.07300567626953
27.2890625,953.5075073242188,30.110122680664062
27.3046875,953.550048828125,30.115257263183594
27.3203125,953.5391845703125,30.144668579101562
27.3359375,953.4811401367188,30.154586791992188
27.3515625,953.5538330078125,30.168922424316406
27.3671875,953.5558471679688,30.184715270996094
27.3828125,953.567626953125,30.21044158935547
27.3984375,953.5045166015625,30.206031799316406
27.4140625,953.5076293945312,30.23065948486328
27.4296875,953.5458374023438,30.239105224609375
27.4453125,953.4977416992188,30.25086212158203
27.4609375,953.5813598632812,30.262985229492188
27.4765625,953.4970703125,30.280624389648438
27.4921875,953.4916381835938,30.297531127929688
27.5078125,953.5244140625,30.32141876220703
27.5234375,953.5352172851562,30.327674865722656
27.5390625,953.5890502929688,30.344207763671875
27.5546875,953.5308227539062,30.3548583984375
27.5703125,953.442138671875,30.368820190429688
27.5859375,953.447265625,30.373977661132812
27.6015625,953.5289916992188,30.381690979003906
27.6171875,953.4568481445312,30.392715454101562
27.6328125,953.4938354492188,30.40484619140625
27.6484375,953.4735107421875,30.40814971923828
27.6640625,953.4409790039062,30.429824829101562
27.6796875,953.446044921875,30.450775146484375
27.6953125,953.4481201171875,30.445632934570312
27.7109375,953.4309692382812,30.453712463378906
27.7265625,953.4287109375,30.45555877685547
27.7421875,953.4217529296875,30.465835571289062
27.7578125,953.4256591796875,30.4595947265625
27.7734375,953.4160766601562,30.466583251953125
27.7890625,953.416748046875,30.471351623535156
27.8046875,953.4220581054688,30.47760772705078
27.8203125,953.4358520507812,30.481643676757812
27.8359375,953.428466796875,30.48017120361328
27.8515625,953.4271850585938,30.469146728515625
27.8671875,953.42724609375,30.472450256347656
27.8828125,953.4161987304688,30.472824096679688
27.8984375,953.4275512695312,30.472824096679688
27.9140625,953.421630859375,30.454452514648438
27.9296875,953.424560546875,30.446739196777344
27.9453125,953.4238891601562,30.44158172607422
27.9609375,953.42333984375,30.437545776367188
27.9765625,953.4241333007812,30.429824829101562
27.9921875,953.4227905273438,30.419906616210938
28.0078125,953.4152221679688,30.401168823242188
28.0234375,953.4193725585938,30.40484619140625
28.0390625,953.4268798828125,30.382049560546875
28.0546875,953.4197998046875,30.384254455566406
28.0703125,953.4248046875,30.382049560546875
28.0859375,953.4186401367188,30.36736297607422
28.1015625,953.4201049804688,30.35596466064453
28.1171875,953.414794921875,30.359642028808594
28.1328125,953.421142578125,30.33464813232422
28.1484375,953.434814453125,30.325096130371094
28.1640625,953.4177856445312,30.311866760253906
28.1796875,953.428955078125,30.313339233398438
28.1953125,953.4249877929688,30.293495178222656
28.2109375,953.4307861328125,30.269973754882812
28.2265625,953.4337158203125,30.26666259765625
28.2421875,953.41796875,30.260055541992188
28.2578125,953.4345703125,30.24388885498047
28.2734375,953.4204711914062,30.239105224609375
28.2890625,953.4199829101562,30.219993591308594
28.3046875,953.4180908203125,30.20861053466797
28.3203125,953.4121704101562,30.204559326171875
28.3359375,953.4147338867188,30.188392639160156
28.3515625,953.435302734375,30.164512634277344
28.3671875,953.4340209960938,30.16266632080078
28.3828125,953.4194946289062,30.153114318847656
28.3984375,953.4300537109375,30.1431884765625
28.4140625,953.4259033203125,30.136207580566406
28.4296875,953.4283447265625,30.129234313964844
28.4453125,953.4197998046875,30.104232788085938
28.4609375,953.43115234375,30.101303100585938
28.4765625,953.43505859375,30.094314575195312
28.4921875,953.41162109375,30.08879852294922
28.5078125,953.4266357421875,30.07300567626953
28.5234375,953.417236328125,30.064186096191406
28.5390625,953.4337158203125,30.05316162109375
28.5546875,953.4326171875,30.0362548828125
28.5703125,953.436279296875,30.02044677734375
28.5859375,953.4496459960938,30.005760192871094
28.6015625,953.4906616210938,30.005760192871094
28.6171875,953.5176391601562,29.993629455566406
28.6328125,953.4351196289062,29.977096557617188
28.6484375,953.5255126953125,29.988479614257812
28.6640625,953.490234375,29.974517822265625
28.6796875,953.5156860351562,29.968276977539062
28.6953125,953.6220703125,29.933731079101562
28.7109375,953.4924926757812,29.93335723876953
28.7265625,953.5564575195312,29.93004608154297
28.7421875,953.5542602539062,29.906898498535156
28.7578125,953.587890625,29.909103393554688
28.7734375,953.5731811523438,29.89807891845703
28.7890625,953.5265502929688,29.90874481201172
28.8046875,953.56591796875,29.91094970703125
28.8203125,953.564453125,29.90984344482422
28.8359375,953.6329956054688,29.906539916992188
28.8515625,953.6152954101562,29.90874481201172
28.8671875,953.6370849609375,29.902862548828125
28.8828125,953.6603393554688,29.904693603515625
28.8984375,953.5787353515625,29.909103393554688
28.9140625,953.6514892578125,29.91571807861328
28.9296875,953.7023315429688,29.926010131835938
28.9453125,953.5270385742188,29.92638397216797
28.9609375,953.5891723632812,29.950637817382812
28.9765625,953.5563354492188,29.958351135253906
28.9921875,953.6181030273438,29.96973419189453
29.0078125,953.593017578125,29.993629455566406
29.0234375,953.633544921875,29.98554229736328
29.0390625,953.613037109375,30.00318145751953
29.0546875,953.6069946289062,30.022293090820312
29.0703125,953.5909423828125,30.03331756591797
29.0859375,953.6046752929688,30.038833618164062
29.1015625,953.5848999023438,30.067855834960938
29.1171875,953.5739135742188,30.081825256347656
29.1328125,953.5675659179688,30.081825256347656
29.1484375,953.6171875,30.113426208496094
29.1640625,953.5664672851562,30.120773315429688
29.1796875,953.5576171875,30.148330688476562
29.1953125,953.5621948242188,30.141357421875
29.2109375,953.560302734375,30.16376495361328
29.2265625,953.5792846679688,30.19097137451172
29.2421875,953.5389404296875,30.197586059570312
29.2578125,953.6119384765625,30.2144775390625
29.2734375,953.5126342773438,30.221839904785156
29.2890625,953.527099609375,30.236167907714844
29.3046875,953.5242919921875,30.243515014648438
29.3203125,953.4646606445312,30.255645751953125
29.3359375,953.5357666015625,30.268142700195312
29.3515625,953.630859375,30.28173065185547
29.3671875,953.5789794921875,30.304153442382812
29.3828125,953.5303955078125,30.308563232421875
29.3984375,953.576904296875,30.330978393554688
29.4140625,953.5079345703125,30.344207763671875
29.4296875,953.5188598632812,30.359642028808594
29.4453125,953.4827270507812,30.37213134765625
29.4609375,953.4839477539062,30.359642028808594
29.4765625,953.450439453125,30.363311767578125
29.4921875,953.4269409179688,30.394920349121094
29.5078125,953.4306640625,30.419906616210938
29.5234375,953.4385986328125,30.433509826660156
29.5390625,953.4337768554688,30.453353881835938
29.5546875,953.4142456054688,30.444534301757812
29.5703125,953.4133911132812,30.452606201171875
29.5859375,953.4190673828125,30.453712463378906
29.6015625,953.4317626953125,30.446365356445312
29.6171875,953.4297485351562,30.455917358398438
29.6328125,953.4205322265625,30.4595947265625
29.6484375,953.4323120117188,30.453712463378906
29.6640625,953.4252319335938,30.453353881835938
29.6796875,953.408935546875,30.453353881835938
29.6953125,953.4357299804688,30.449676513671875
29.7109375,953.42529296875,30.437545776367188
29.7265625,953.4199829101562,30.447463989257812
29.7421875,953.4448852539062,30.44122314453125
29.7578125,953.435302734375,30.430931091308594
29.7734375,953.4264526367188,30.42652130126953
29.7890625,953.4176635742188,30.40814971923828
29.8046875,953.4200439453125,30.419906616210938
29.8203125,953.435546875,30.414024353027344
29.8359375,953.4277954101562,30.402267456054688
29.8515625,953.4205932617188,30.38610076904297
29.8671875,953.4476928710938,30.373977661132812
29.8828125,953.4518432617188,30.37102508544922
29.8984375,953.4110107421875,30.37213134765625
29.9140625,953.4175415039062,30.368087768554688
29.9296875,953.4303588867188,30.353759765625
29.9453125,953.4331665039062,30.348617553710938
29.9609375,953.415283203125,30.342361450195312
29.9765625,953.4080810546875,30.322158813476562
29.9921875,953.4228515625,30.31810760498047
30.0078125,953.4230346679688,30.3177490234375
30.0234375,953.4277954101562,30.30377960205078
30.0390625,953.421630859375,30.28173065185547
30.0546875,953.435546875,30.269241333007812
30.0703125,953.4503784179688,30.258949279785156
30.0859375,953.4326171875,30.251602172851562
30.1015625,953.4398193359375,30.238731384277344
30.1171875,953.4151611328125,30.240203857421875
30.1328125,953.4093627929688,30.22955322265625
30.1484375,953.4255981445312,30.222938537597656
30.1640625,953.4291381835938,30.197586059570312
30.1796875,953.4176635742188,30.19573974609375
30.1953125,953.41748046875,30.186920166015625
30.2109375,953.444091796875,30.169281005859375
30.2265625,953.4309692382812,30.16082763671875
30.2421875,953.4396362304688,30.170753479003906
30.2578125,953.4376831054688,30.129234313964844
30.2734375,953.4378051757812,30.14246368408203
30.2890625,953.4236450195312,30.119667053222656
30.3046875,953.420654296875,30.10718536376953
30.3203125,953.442138671875,30.111221313476562
30.3359375,953.4210815429688,30.099464416503906
30.3515625,953.4258422851562,30.096519470214844
30.3671875,953.4303588867188,30.074111938476562
30.3828125,953.424560546875,30.080726623535156
30.3984375,953.4395751953125,30.063446044921875
30.4140625,953.4169311523438,30.05426788330078
30.4296875,953.4303588867188,30.05279541015625
30.4453125,953.436767578125,30.047653198242188
30.4609375,953.4332885742188,30.03221893310547
30.4765625,953.4191284179688,30.03515625
30.4921875,953.4362182617188,30.01971435546875
30.5078125,953.4107666015625,30.006484985351562
30.5234375,953.4334106445312,30.0028076171875
30.5390625,953.4295043945312,30.00318145751953
30.5546875,953.4330444335938,29.993255615234375
30.5703125,953.415283203125,29.99803924560547
30.5859375,953.415771484375,29.991783142089844
30.6015625,953.5221557617188,29.972686767578125
30.6171875,953.5316162109375,29.96790313720703
30.6328125,953.63818359375,29.9638671875
30.6484375,953.8290405273438,29.942176818847656
30.6640625,953.7850341796875,29.943275451660156
30.6796875,953.8837890625,29.937034606933594
30.6953125,953.589111328125,29.94915771484375
30.7109375,953.4696044921875,29.92894744873047
30.7265625,953.659423828125,29.93004608154297
30.7421875,953.499267578125,29.9293212890625
30.7578125,953.484375,29.9296875
30.7734375,953.4652099609375,29.941444396972656
30.7890625,953.477783203125,29.939971923828125
30.8046875,953.4859008789062,29.944747924804688
30.8203125,953.4338989257812,29.94915771484375
30.8359375,953.4534912109375,29.955406188964844
