# Time (seconds),Pressure,Temp
0.0078125,953.2432861328125,28.032737731933594
0.0234375,953.1456298828125,28.032005310058594
0.0390625,953.1514892578125,28.020980834960938
0.0546875,953.1492919921875,28.045608520507812
0.0703125,953.12841796875,28.030532836914062
0.0859375,953.1484375,28.037147521972656
0.1015625,953.1520385742188,28.030899047851562
0.1171875,953.139404296875,28.030899047851562
0.1328125,953.1448364257812,28.034942626953125
0.1484375,953.139892578125,28.04082489013672
0.1640625,953.1380004882812,28.030174255371094
0.1796875,953.150146484375,28.036788940429688
0.1953125,953.1484375,28.045608520507812
0.2109375,953.1475830078125,28.030899047851562
0.2265625,953.1454467773438,28.035308837890625
0.2421875,953.1632080078125,28.036788940429688
0.2578125,953.1567993164062,28.04706573486328
0.2734375,953.1625366210938,28.036788940429688
0.2890625,953.16162109375,28.051116943359375
0.3046875,953.1599731445312,28.047439575195312
0.3203125,953.1614379882812,28.036788940429688
0.3359375,953.16162109375,28.02942657470703
0.3515625,953.171630859375,28.032005310058594
0.3671875,953.1598510742188,28.036788940429688
0.3828125,953.173583984375,28.026123046875
0.3984375,953.1491088867188,28.035308837890625
0.4140625,953.1632080078125,28.045608520507812
0.4296875,953.15771484375,28.04523468017578
0.4453125,953.1713256835938,28.038246154785156
0.4609375,953.19091796875,28.051116943359375
0.4765625,953.1761474609375,28.036415100097656
0.4921875,953.1818237304688,28.052223205566406
0.5078125,953.1702880859375,28.046340942382812
0.5234375,953.1786499023438,28.035308837890625
0.5390625,953.169189453125,28.04302978515625
0.5546875,953.14599609375,28.032005310058594
0.5703125,953.1688232421875,28.025390625
0.5859375,953.1574096679688,28.026123046875
0.6015625,953.1736450195312,28.039352416992188
0.6171875,953.173828125,28.053321838378906
0.6328125,953.1715698242188,28.024658203125
0.6484375,953.1692504882812,28.035308837890625
0.6640625,953.1619873046875,28.04523468017578
0.6796875,953.1641845703125,28.046340942382812
0.6953125,953.1755981445312,28.035308837890625
0.7109375,953.1805419921875,28.04155731201172
0.7265625,953.1781616210938,28.04706573486328
0.7421875,953.1672973632812,28.036788940429688
0.7578125,953.2278442382812,28.037521362304688
0.7734375,953.2363891601562,28.035308837890625
0.7890625,953.2188110351562,28.04523468017578
0.8046875,953.2525634765625,28.033836364746094
0.8203125,953.2293701171875,28.04265594482422
0.8359375,953.2696533203125,28.034584045410156
0.8515625,953.2688598632812,28.04523468017578
0.8671875,953.32373046875,28.051116943359375
0.8828125,953.2101440429688,28.049270629882812
0.8984375,953.2847290039062,28.046340942382812
0.9140625,953.2777709960938,28.04155731201172
0.9296875,953.3406982421875,28.046340942382812
0.9453125,953.2611694335938,28.053321838378906
0.9609375,953.3274536132812,28.051475524902344
0.9765625,953.2335205078125,28.04706573486328
0.9921875,953.2659301757812,28.050750732421875
1.0078125,953.2794799804688,28.038246154785156
1.0234375,953.2967529296875,28.053321838378906
1.0390625,953.3538208007812,28.052947998046875
1.0546875,953.3956909179688,28.066909790039062
1.0703125,953.2709350585938,28.051849365234375
1.0859375,953.3525390625,28.06470489501953
1.1015625,953.2736206054688,28.055160522460938
1.1171875,953.3976440429688,28.0625
1.1328125,953.2758178710938,28.055160522460938
1.1484375,953.3253173828125,28.06214141845703
1.1640625,953.2925415039062,28.06470489501953
1.1796875,953.2754516601562,28.06214141845703
1.1953125,953.264404296875,28.050750732421875
1.2109375,953.3684692382812,28.066551208496094
1.2265625,953.3432006835938,28.068389892578125
1.2421875,953.352294921875,28.065452575683594
1.2578125,953.3478393554688,28.073898315429688
1.2734375,953.3038940429688,28.071319580078125
1.2890625,953.3102416992188,28.065078735351562
1.3046875,953.4021606445312,28.070960998535156
1.3203125,953.2910766601562,28.075729370117188
1.3359375,953.2938842773438,28.075729370117188
1.3515625,953.298095703125,28.080886840820312
1.3671875,953.2728881835938,28.086395263671875
1.3828125,953.2955932617188,28.083091735839844
1.3984375,953.3167724609375,28.081619262695312
1.4140625,953.3165893554688,28.07940673828125
1.4296875,953.2930908203125,28.07610321044922
1.4453125,953.2903442382812,28.087127685546875
1.4609375,953.2938842773438,28.088226318359375
1.4765625,953.3052978515625,28.08051300048828
1.4921875,953.317138671875,28.086395263671875
1.5078125,953.3134765625,28.088958740234375
1.5234375,953.3441772460938,28.081619262695312
1.5390625,953.3602905273438,28.087860107421875
1.5546875,953.3082885742188,28.086395263671875
1.5703125,953.2704467773438,28.092269897460938
1.5859375,953.2799682617188,28.08124542236328
1.6015625,953.303955078125,28.07940673828125
1.6171875,953.2936401367188,28.09374237060547
1.6328125,953.2932739257812,28.07757568359375
1.6484375,953.273193359375,28.084548950195312
1.6640625,953.271484375,28.084922790527344
1.6796875,953.2876586914062,28.086395263671875
1.6953125,953.2889404296875,28.088226318359375
1.7109375,953.2706909179688,28.09888458251953
1.7265625,953.2752685546875,28.09557342529297
1.7421875,953.2606201171875,28.09191131591797
1.7578125,953.2447509765625,28.08124542236328
1.7734375,953.2490234375,28.074630737304688
1.7890625,953.239990234375,28.088600158691406
1.8046875,953.239013671875,28.086029052734375
1.8203125,953.22021484375,28.088958740234375
1.8359375,953.2216796875,28.086029052734375
1.8515625,953.232177734375,28.088226318359375
1.8671875,953.2467041015625,28.081619262695312
1.8828125,953.2383422851562,28.07757568359375
1.8984375,953.22412109375,28.09374237060547
1.9140625,953.2131958007812,28.0966796875
1.9296875,953.2445678710938,28.09191131591797
1.9453125,953.2327270507812,28.085655212402344
1.9609375,953.2249755859375,28.088600158691406
1.9765625,953.2252807617188,28.081619262695312
1.9921875,953.229248046875,28.0966796875
2.0078125,953.2135009765625,28.0966796875
2.0234375,953.2111206054688,28.081619262695312
2.0390625,953.2042846679688,28.07757568359375
2.0546875,953.2116088867188,28.071319580078125
2.0703125,953.2235107421875,28.074630737304688
2.0859375,953.223876953125,28.075729370117188
2.1015625,953.2113647460938,28.07647705078125
2.1171875,953.2055053710938,28.063980102539062
2.1328125,953.2102661132812,28.07940673828125
2.1484375,953.1962280273438,28.074630737304688
2.1640625,953.2166748046875,28.068389892578125
2.1796875,953.208251953125,28.0625
2.1953125,953.1992797851562,28.06214141845703
2.2109375,953.21484375,28.06214141845703
2.2265625,953.194580078125,28.0625
2.2421875,953.2178955078125,28.06214141845703
2.2578125,953.2070922851562,28.0625
2.2734375,953.1820068359375,28.06214141845703
2.2890625,953.1992797851562,28.052947998046875
2.3046875,953.1936645507812,28.04706573486328
2.3203125,953.2085571289062,28.06214141845703
2.3359375,953.2070922851562,28.055160522460938
2.3515625,953.1878051757812,28.057357788085938
2.3671875,953.20849609375,28.06104278564453
2.3828125,953.19921875,28.051849365234375
2.3984375,953.2384033203125,28.06029510498047
2.4140625,953.2243041992188,28.051475524902344
2.4296875,953.239501953125,28.050750732421875
2.4453125,953.2471923828125,28.0595703125
2.4609375,953.2402954101562,28.0595703125
2.4765625,953.4225463867188,28.052223205566406
2.4921875,953.3609008789062,28.04706573486328
2.5078125,953.2910766601562,28.04082489013672
2.5234375,953.3424072265625,28.052581787109375
2.5390625,953.3578491210938,28.04265594482422
2.5546875,953.30615234375,28.048912048339844
2.5703125,953.323486328125,28.04706573486328
2.5859375,953.3102416992188,28.04706573486328
2.6015625,953.2791137695312,28.06029510498047
2.6171875,953.3186645507812,28.06104278564453
2.6328125,953.2942504882812,28.06214141845703
2.6484375,953.2727661132812,28.04706573486328
2.6640625,953.3197631835938,28.055160522460938
2.6796875,953.2835083007812,28.055160522460938
2.6953125,953.299560546875,28.068389892578125
2.7109375,953.3589477539062,28.053321838378906
2.7265625,953.314453125,28.051849365234375
2.7421875,953.3232421875,28.075729370117188
2.7578125,953.3829345703125,28.068389892578125
2.7734375,953.3768310546875,28.07537078857422
2.7890625,953.376953125,28.07610321044922
2.8046875,953.4021606445312,28.07757568359375
2.8203125,953.3430786132812,28.06214141845703
2.8359375,953.3672485351562,28.063980102539062
2.8515625,953.3662109375,28.067657470703125
2.8671875,953.3450317382812,28.065811157226562
2.8828125,953.3681640625,28.075729370117188
2.8984375,953.4259033203125,28.073524475097656
2.9140625,953.353515625,28.07610321044922
2.9296875,953.3853759765625,28.092636108398438
2.9453125,953.3218383789062,28.07720947265625
2.9609375,953.4386596679688,28.075729370117188
2.9765625,953.3321533203125,28.081619262695312
2.9921875,953.341796875,28.081619262695312
3.0078125,953.327392578125,28.084190368652344
3.0234375,953.322265625,28.08051300048828
3.0390625,953.3260498046875,28.087127685546875
3.0546875,953.3590698242188,28.102935791015625
3.0703125,953.318115234375,28.0948486328125
3.0859375,953.3872680664062,28.095947265625
3.1015625,953.3192138671875,28.102188110351562
3.1171875,953.3073120117188,28.0948486328125
3.1328125,953.2958374023438,28.082717895507812
3.1484375,953.3274536132812,28.0966796875
3.1640625,953.296630859375,28.0966796875
3.1796875,953.328857421875,28.0970458984375
3.1953125,953.3067626953125,28.103668212890625
3.2109375,953.2936401367188,28.104393005371094
3.2265625,953.288330078125,28.107704162597656
3.2421875,953.2803955078125,28.095947265625
3.2578125,953.2576293945312,28.09741973876953
3.2734375,953.2453002929688,28.11541748046875
3.2890625,953.2572631835938,28.105499267578125
3.3046875,953.2562866210938,28.108444213867188
3.3203125,953.2517700195312,28.126815795898438
3.3359375,953.2451171875,28.11175537109375
3.3515625,953.2311401367188,28.11358642578125
3.3671875,953.2385864257812,28.11358642578125
3.3828125,953.2427368164062,28.108444213867188
3.3984375,953.2283935546875,28.11358642578125
3.4140625,953.2235717773438,28.11175537109375
3.4296875,953.2227783203125,28.0966796875
3.4453125,953.2135009765625,28.120574951171875
3.4609375,953.234375,28.11175537109375
3.4765625,953.2096557617188,28.116165161132812
3.4921875,953.2374877929688,28.108444213867188
3.5078125,953.222412109375,28.11358642578125
3.5234375,953.2355346679688,28.106971740722656
3.5390625,953.2330322265625,28.101455688476562
3.5546875,953.214599609375,28.108078002929688
3.5703125,953.2265625,28.105499267578125
3.5859375,953.2179565429688,28.100730895996094
3.6015625,953.2192993164062,28.0941162109375
3.6171875,953.2132568359375,28.095947265625
3.6328125,953.2307739257812,28.085296630859375
3.6484375,953.2159423828125,28.09557342529297
3.6640625,953.233642578125,28.090438842773438
3.6796875,953.2176513671875,28.090438842773438
3.6953125,953.2176513671875,28.087860107421875
3.7109375,953.2073364257812,28.07757568359375
3.7265625,953.2025756835938,28.09632110595703
3.7421875,953.2110595703125,28.090065002441406
3.7578125,953.2086791992188,28.092636108398438
3.7734375,953.2070922851562,28.07978057861328
3.7890625,953.216552734375,28.082717895507812
3.8046875,953.209716796875,28.08051300048828
3.8203125,953.2125854492188,28.07683563232422
3.8359375,953.2031860351562,28.069862365722656
3.8515625,953.2024536132812,28.069114685058594
3.8671875,953.1838989257812,28.07940673828125
3.8828125,953.2057495117188,28.073898315429688
3.8984375,953.200439453125,28.063980102539062
3.9140625,953.1947631835938,28.07610321044922
3.9296875,953.1929321289062,28.074630737304688
3.9453125,953.1897583007812,28.07757568359375
3.9609375,953.197265625,28.070960998535156
3.9765625,953.217529296875,28.07904052734375
3.9921875,953.1860961914062,28.067283630371094
4.0078125,953.2057495117188,28.081619262695312
4.0234375,953.2060546875,28.07757568359375
4.0390625,953.2008666992188,28.066909790039062
4.0546875,953.1990966796875,28.068389892578125
4.0703125,953.192138671875,28.075729370117188
4.0859375,953.2072143554688,28.06214141845703
4.1015625,953.208251953125,28.065078735351562
4.1171875,953.204345703125,28.063980102539062
4.1328125,953.2162475585938,28.056991577148438
4.1484375,953.2035522460938,28.074630737304688
4.1640625,953.2029418945312,28.070220947265625
4.1796875,953.2091064453125,28.063980102539062
4.1953125,953.2060546875,28.073898315429688
4.2109375,953.1998291015625,28.07757568359375
4.2265625,953.2557373046875,28.070960998535156
4.2421875,953.297607421875,28.067657470703125
4.2578125,953.3259887695312,28.066909790039062
4.2734375,953.38623046875,28.068389892578125
4.2890625,953.3636474609375,28.071319580078125
4.3046875,953.2587890625,28.070960998535156
4.3203125,953.3848876953125,28.063980102539062
4.3359375,953.3960571289062,28.074630737304688
4.3515625,953.39599609375,28.071319580078125
4.3671875,953.3693237304688,28.075729370117188
4.3828125,953.27294921875,28.071319580078125
4.3984375,953.3148803710938,28.074630737304688
4.4140625,953.325439453125,28.07757568359375
4.4296875,953.3048095703125,28.087127685546875
4.4453125,953.3655395507812,28.069862365722656
4.4609375,953.3638305664062,28.081619262695312
4.4765625,953.3733520507812,28.08013916015625
4.4921875,953.3301391601562,28.073898315429688
4.5078125,953.3934936523438,28.08234405517578
4.5234375,953.3148803710938,28.07610321044922
4.5390625,953.3268432617188,28.086029052734375
4.5546875,953.4114379882812,28.084548950195312
4.5703125,953.3778076171875,28.07757568359375
4.5859375,953.3561401367188,28.090805053710938
4.6015625,953.3839111328125,28.088958740234375
4.6171875,953.366943359375,28.081619262695312
4.6328125,953.3614501953125,28.090805053710938
4.6484375,953.376708984375,28.08051300048828
4.6640625,953.3297729492188,28.088958740234375
4.6796875,953.2927856445312,28.088600158691406
4.6953125,953.2832641601562,28.0966796875
4.7109375,953.3450317382812,28.088958740234375
4.7265625,953.4362182617188,28.102188110351562
4.7421875,953.3139038085938,28.090438842773438
4.7578125,953.3038330078125,28.09815216064453
4.7734375,953.3612060546875,28.102188110351562
4.7890625,953.3975830078125,28.085296630859375
4.8046875,953.3576049804688,28.0966796875
4.8203125,953.2750854492188,28.0977783203125
4.8359375,953.309814453125,28.089332580566406
4.8515625,953.3155517578125,28.09998321533203
4.8671875,953.3058471679688,28.090438842773438
4.8828125,953.2745361328125,28.11064910888672
4.8984375,953.2805786132812,28.109176635742188
4.9140625,953.3128051757812,28.0941162109375
4.9296875,953.25146484375,28.102188110351562
4.9453125,953.259521484375,28.098526000976562
4.9609375,953.2680053710938,28.102935791015625
4.9765625,953.3348999023438,28.098526000976562
4.9921875,953.2794189453125,28.11652374267578
5.0078125,953.27880859375,28.104393005371094
5.0234375,953.2985229492188,28.107345581054688
5.0390625,953.2617797851562,28.110275268554688
5.0546875,953.2632446289062,28.105499267578125
5.0703125,953.2760009765625,28.11175537109375
5.0859375,953.2467651367188,28.0966796875
5.1015625,953.2607421875,28.120201110839844
5.1171875,953.2654418945312,28.120574951171875
5.1328125,953.2498779296875,28.121307373046875
5.1484375,953.2774658203125,28.1312255859375
5.1640625,953.2473754882812,28.11285400390625
5.1796875,953.2151489257812,28.1304931640625
5.1953125,953.239501953125,28.11468505859375
5.2109375,953.2404174804688,28.11579132080078
5.2265625,953.245849609375,28.106239318847656
5.2421875,953.23779296875,28.123878479003906
5.2578125,953.2467041015625,28.11541748046875
5.2734375,953.2405395507812,28.11175537109375
5.2890625,953.2162475585938,28.11579132080078
5.3046875,953.2339477539062,28.104393005371094
5.3203125,953.2279663085938,28.11248779296875
5.3359375,953.2491455078125,28.102561950683594
5.3515625,953.234375,28.11579132080078
5.3671875,953.2232055664062,28.103668212890625
5.3828125,953.2207641601562,28.095947265625
5.3984375,953.2260131835938,28.102935791015625
5.4140625,953.2392578125,28.098526000976562
5.4296875,953.2137451171875,28.104034423828125
5.4453125,953.2196044921875,28.102935791015625
5.4609375,953.2296752929688,28.089332580566406
5.4765625,953.209716796875,28.09374237060547
5.4921875,953.2072143554688,28.09300994873047
5.5078125,953.2071533203125,28.090065002441406
5.5234375,953.2127685546875,28.086395263671875
5.5390625,953.2250366210938,28.0977783203125
5.5546875,953.208251953125,28.084548950195312
5.5703125,953.2092895507812,28.088958740234375
5.5859375,953.201904296875,28.092269897460938
5.6015625,953.2113037109375,28.09191131591797
5.6171875,953.213623046875,28.091163635253906
5.6328125,953.20458984375,28.092269897460938
5.6484375,953.2130737304688,28.09741973876953
5.6640625,953.1891479492188,28.07683563232422
5.6796875,953.2001953125,28.099258422851562
5.6953125,953.2084350585938,28.09300994873047
5.7109375,953.2113647460938,28.092269897460938
5.7265625,953.2088623046875,28.081619262695312
5.7421875,953.2067260742188,28.085296630859375
5.7578125,953.2015991210938,28.083450317382812
5.7734375,953.2014770507812,28.07427215576172
5.7890625,953.2041015625,28.087860107421875
5.8046875,953.203125,28.084922790527344
5.8203125,953.1986694335938,28.07978057861328
5.8359375,953.1903076171875,28.083091735839844
5.8515625,953.1965942382812,28.07720947265625
5.8671875,953.19482421875,28.07757568359375
5.8828125,953.2122192382812,28.075729370117188
5.8984375,953.199951171875,28.081619262695312
5.9140625,953.1892700195312,28.070960998535156
5.9296875,953.1990356445312,28.07757568359375
5.9453125,953.1798706054688,28.07757568359375
5.9609375,953.1859130859375,28.081619262695312
5.9765625,953.1904296875,28.082717895507812
5.9921875,953.206787109375,28.07940673828125
6.0078125,953.1878051757812,28.068016052246094
6.0234375,953.192138671875,28.07940673828125
6.0390625,953.2022705078125,28.07757568359375
6.0546875,953.1889038085938,28.081619262695312
6.0703125,953.183349609375,28.069862365722656
6.0859375,953.1881713867188,28.066909790039062
6.1015625,953.2051391601562,28.063980102539062
6.1171875,953.1881713867188,28.075729370117188
6.1328125,953.1785888671875,28.07940673828125
6.1484375,953.208740234375,28.075729370117188
6.1640625,953.1946411132812,28.074630737304688
6.1796875,953.2472534179688,28.070960998535156
6.1953125,953.2294921875,28.07683563232422
6.2109375,953.2115478515625,28.08234405517578
6.2265625,953.2168579101562,28.07427215576172
6.2421875,953.2268676757812,28.083091735839844
6.2578125,953.2120971679688,28.070220947265625
6.2734375,953.2240600585938,28.072799682617188
6.2890625,953.2183227539062,28.092636108398438
6.3046875,953.2316284179688,28.07978057861328
6.3203125,953.2489013671875,28.092636108398438
6.3359375,953.29443359375,28.083091735839844
6.3515625,953.3155517578125,28.105140686035156
6.3671875,953.2609252929688,28.07904052734375
6.3828125,953.345703125,28.09557342529297
6.3984375,953.2791137695312,28.091163635253906
6.4140625,953.2434692382812,28.085296630859375
6.4296875,953.2739868164062,28.099258422851562
6.4453125,953.2872924804688,28.09741973876953
6.4609375,953.2453002929688,28.09741973876953
6.4765625,953.2685546875,28.084548950195312
6.4921875,953.2440185546875,28.0941162109375
6.5078125,953.2425537109375,28.0966796875
6.5234375,953.2398071289062,28.09741973876953
6.5390625,953.2219848632812,28.098526000976562
6.5546875,953.2550048828125,28.095947265625
6.5703125,953.2379760742188,28.095947265625
6.5859375,953.2427978515625,28.0941162109375
6.6015625,953.2437133789062,28.102188110351562
6.6171875,953.2445068359375,28.095947265625
6.6328125,953.243896484375,28.095947265625
6.6484375,953.2505493164062,28.102188110351562
6.6640625,953.2374267578125,28.0970458984375
6.6796875,953.2440185546875,28.103668212890625
6.6953125,953.2152709960938,28.104766845703125
6.7109375,953.2155151367188,28.102935791015625
6.7265625,953.2225341796875,28.105140686035156
6.7421875,953.237060546875,28.102188110351562
6.7578125,953.25,28.106597900390625
6.7734375,953.2396850585938,28.09191131591797
6.7890625,953.2428588867188,28.095947265625
6.8046875,953.2271728515625,28.09300994873047
6.8203125,953.24609375,28.103668212890625
6.8359375,953.2393798828125,28.110275268554688
6.8515625,953.2340698242188,28.102188110351562
6.8671875,953.2403564453125,28.09815216064453
6.8828125,953.2399291992188,28.0941162109375
6.8984375,953.2210083007812,28.090438842773438
6.9140625,953.21826171875,28.087501525878906
6.9296875,953.2359008789062,28.09374237060547
6.9453125,953.2239379882812,28.104034423828125
6.9609375,953.2435913085938,28.08124542236328
6.9765625,953.2310791015625,28.092269897460938
6.9921875,953.2130737304688,28.092636108398438
7.0078125,953.2423706054688,28.090065002441406
7.0234375,953.2247314453125,28.08051300048828
7.0390625,953.2119140625,28.086029052734375
7.0546875,953.2310180664062,28.08124542236328
7.0703125,953.2310791015625,28.08124542236328
7.0859375,953.2130737304688,28.087860107421875
7.1015625,953.2360229492188,28.092636108398438
7.1171875,953.2316284179688,28.090438842773438
7.1328125,953.219482421875,28.087860107421875
7.1484375,953.2198486328125,28.090438842773438
7.1640625,953.2152709960938,28.101089477539062
7.1796875,953.2294921875,28.07683563232422
7.1953125,953.212158203125,28.087860107421875
7.2109375,953.212646484375,28.082717895507812
7.2265625,953.2199096679688,28.092636108398438
7.2421875,953.2381591796875,28.07757568359375
7.2578125,953.2188110351562,28.086395263671875
7.2734375,953.223876953125,28.092636108398438
7.2890625,953.2100830078125,28.081985473632812
7.3046875,953.2322998046875,28.088958740234375
7.3203125,953.209716796875,28.08234405517578
7.3359375,953.2156982421875,28.071319580078125
7.3515625,953.2001953125,28.09521484375
7.3671875,953.2180786132812,28.081619262695312
7.3828125,953.224609375,28.086753845214844
7.3984375,953.2125854492188,28.086029052734375
7.4140625,953.2070922851562,28.073898315429688
7.4296875,953.200439453125,28.074630737304688
7.4453125,953.2113037109375,28.068389892578125
7.4609375,953.2047729492188,28.069114685058594
7.4765625,953.202392578125,28.066551208496094
7.4921875,953.1997680664062,28.071319580078125
7.5078125,953.2116088867188,28.07757568359375
7.5234375,953.217529296875,28.075729370117188
7.5390625,953.2006225585938,28.06287384033203
7.5546875,953.2101440429688,28.07757568359375
7.5703125,953.196044921875,28.07978057861328
7.5859375,953.1939697265625,28.072067260742188
7.6015625,953.1996459960938,28.07793426513672
7.6171875,953.200927734375,28.07610321044922
7.6328125,953.2120971679688,28.07757568359375
7.6484375,953.2277221679688,28.069114685058594
7.6640625,953.204833984375,28.083091735839844
7.6796875,953.2188110351562,28.074630737304688
7.6953125,953.216064453125,28.081619262695312
7.7109375,953.2191772460938,28.069862365722656
7.7265625,953.1995239257812,28.07940673828125
7.7421875,953.219482421875,28.07757568359375
7.7578125,953.2193603515625,28.07830810546875
7.7734375,953.2169799804688,28.081619262695312
7.7890625,953.1904296875,28.07757568359375
7.8046875,953.1900634765625,28.070960998535156
7.8203125,953.201904296875,28.083091735839844
7.8359375,953.2001953125,28.075729370117188
7.8515625,953.1976928710938,28.06470489501953
7.8671875,953.2109985351562,28.09521484375
7.8828125,953.2001953125,28.086395263671875
7.8984375,953.2070922851562,28.07757568359375
7.9140625,953.2008666992188,28.07610321044922
7.9296875,953.20068359375,28.071693420410156
7.9453125,953.2068481445312,28.080886840820312
7.9609375,953.2166748046875,28.074630737304688
7.9765625,953.21435546875,28.072799682617188
7.9921875,953.2117919921875,28.074630737304688
8.0078125,953.2059936523438,28.09191131591797
8.0234375,953.2052612304688,28.075729370117188
8.0390625,953.2006225585938,28.081619262695312
8.0546875,953.2060546875,28.07610321044922
8.0703125,953.2162475585938,28.083450317382812
8.0859375,953.2218017578125,28.090065002441406
8.1015625,953.200927734375,28.084548950195312
8.1171875,953.2421875,28.09374237060547
8.1328125,953.2162475585938,28.087127685546875
8.1484375,953.2083129882812,28.07978057861328
8.1640625,953.2380981445312,28.088958740234375
8.1796875,953.2138671875,28.088226318359375
8.1953125,953.2311401367188,28.07610321044922
8.2109375,953.2288208007812,28.071319580078125
8.2265625,953.2098388671875,28.075729370117188
8.2421875,953.2208862304688,28.07757568359375
8.2578125,953.2193603515625,28.07978057861328
8.2734375,953.2130126953125,28.08234405517578
8.2890625,953.2366333007812,28.069114685058594
8.3046875,953.237060546875,28.070960998535156
8.3203125,953.2133178710938,28.075729370117188
8.3359375,953.2191772460938,28.075729370117188
8.3515625,953.2191772460938,28.081619262695312
8.3671875,953.2322998046875,28.069114685058594
8.3828125,953.2119140625,28.075729370117188
8.3984375,953.2406616210938,28.075729370117188
8.4140625,953.2532348632812,28.068389892578125
8.4296875,953.23828125,28.073898315429688
8.4453125,953.2405395507812,28.074630737304688
8.4609375,953.2113037109375,28.067283630371094
8.4765625,953.2308959960938,28.073898315429688
8.4921875,953.24169921875,28.06470489501953
8.5078125,953.2103881835938,28.065078735351562
8.5234375,953.2348022460938,28.08234405517578
8.5390625,953.2120971679688,28.074630737304688
8.5546875,953.2406005859375,28.068389892578125
8.5703125,953.2411499023438,28.063980102539062
8.5859375,953.2168579101562,28.066551208496094
8.6015625,953.2391967773438,28.0625
8.6171875,953.2363891601562,28.074630737304688
8.6328125,953.2346801757812,28.068389892578125
8.6484375,953.2262573242188,28.06214141845703
8.6640625,953.2376098632812,28.048912048339844
8.6796875,953.23388671875,28.049270629882812
8.6953125,953.235107421875,28.06029510498047
8.7109375,953.2619018554688,28.063980102539062
8.7265625,953.2407836914062,28.05846405029297
8.7421875,953.239013671875,28.065452575683594
8.7578125,953.2409057617188,28.04706573486328
8.7734375,953.236083984375,28.063980102539062
8.7890625,953.247314453125,28.06214141845703
8.8046875,953.2471923828125,28.063980102539062
8.8203125,953.2389526367188,28.056259155273438
8.8359375,953.2412109375,28.048912048339844
8.8515625,953.2350463867188,28.050018310546875
8.8671875,953.2100830078125,28.050750732421875
8.8828125,953.23828125,28.0614013671875
8.8984375,953.2237548828125,28.051475524902344
8.9140625,953.2401123046875,28.057357788085938
8.9296875,953.2107543945312,28.053321838378906
8.9453125,953.23193359375,28.051116943359375
8.9609375,953.215576171875,28.046340942382812
8.9765625,953.23779296875,28.051116943359375
8.9921875,953.2275390625,28.051116943359375
9.0078125,953.234130859375,28.034942626953125
9.0234375,953.2301635742188,28.04155731201172
9.0390625,953.2205810546875,28.051849365234375
9.0546875,953.2389526367188,28.04706573486328
9.0703125,953.2151489257812,28.04119873046875
9.0859375,953.2271728515625,28.034584045410156
9.1015625,953.2138671875,28.039352416992188
9.1171875,953.2347412109375,28.045608520507812
9.1328125,953.2276611328125,28.027969360351562
9.1484375,953.2192993164062,28.02686309814453
9.1640625,953.2328491210938,28.039718627929688
9.1796875,953.2305908203125,28.030174255371094
9.1953125,953.2194213867188,28.038619995117188
9.2109375,953.226318359375,28.031631469726562
9.2265625,953.21240234375,28.02942657470703
9.2421875,953.212890625,28.031272888183594
9.2578125,953.2040405273438,28.050376892089844
9.2734375,953.2083129882812,28.035308837890625
9.2890625,953.204345703125,28.04265594482422
9.3046875,953.208740234375,28.030899047851562
9.3203125,953.2224731445312,28.050376892089844
9.3359375,953.2095336914062,28.034584045410156
9.3515625,953.196533203125,28.032005310058594
9.3671875,953.21240234375,28.02576446533203
9.3828125,953.208251953125,28.031631469726562
9.3984375,953.1962890625,28.036788940429688
9.4140625,953.2003784179688,28.0235595703125
9.4296875,953.2045288085938,28.029067993164062
9.4453125,953.206787109375,28.027969360351562
9.4609375,953.1900024414062,28.019149780273438
9.4765625,953.21240234375,28.032737731933594
9.4921875,953.2041015625,28.020248413085938
9.5078125,953.218505859375,28.025390625
9.5234375,953.2064819335938,28.019149780273438
9.5390625,953.2111206054688,28.015838623046875
9.5546875,953.188720703125,28.030532836914062
9.5703125,953.2093505859375,28.036788940429688
9.5859375,953.2106323242188,28.02576446533203
9.6015625,953.2022705078125,28.030174255371094
9.6171875,953.203857421875,28.032005310058594
9.6328125,953.2017211914062,28.019149780273438
9.6484375,953.2064819335938,28.030174255371094
9.6640625,953.196044921875,28.02391815185547
9.6796875,953.2109985351562,28.02832794189453
9.6953125,953.2150268554688,28.035308837890625
9.7109375,953.2091674804688,28.021713256835938
9.7265625,953.268798828125,28.019882202148438
9.7421875,953.3410034179688,28.022811889648438
9.7578125,953.3268432617188,28.032737731933594
9.7734375,953.2752685546875,28.031272888183594
9.7890625,953.2734375,28.027969360351562
9.8046875,953.35498046875,28.047439575195312
9.8203125,953.3903198242188,28.032005310058594
9.8359375,953.3678588867188,28.02686309814453
9.8515625,953.4163818359375,28.030899047851562
9.8671875,953.3641357421875,28.034584045410156
9.8828125,953.37646484375,28.053321838378906
9.8984375,953.4500732421875,28.04706573486328
9.9140625,953.3687133789062,28.053680419921875
9.9296875,953.3748168945312,28.047439575195312
9.9453125,953.4059448242188,28.06029510498047
9.9609375,953.2732543945312,28.050750732421875
9.9765625,953.4037475585938,28.073898315429688
9.9921875,953.3988647460938,28.067283630371094
10.0078125,953.3385620117188,28.063980102539062
10.0234375,953.4630737304688,28.07757568359375
10.0390625,953.4302978515625,28.07757568359375
10.0546875,953.382568359375,28.08013916015625
10.0703125,953.3552856445312,28.07978057861328
10.0859375,953.40966796875,28.07757568359375
10.1015625,953.3932495117188,28.088958740234375
10.1171875,953.3424682617188,28.092269897460938
10.1328125,953.4359741210938,28.09741973876953
10.1484375,953.4341430664062,28.09521484375
10.1640625,953.4571533203125,28.09888458251953
10.1796875,953.3911743164062,28.11579132080078
10.1953125,953.333740234375,28.107704162597656
10.2109375,953.3939819335938,28.108078002929688
10.2265625,953.4990234375,28.118728637695312
10.2421875,953.4314575195312,28.134536743164062
10.2578125,953.3331909179688,28.143722534179688
10.2734375,953.4368286132812,28.13416290283203
10.2890625,953.4330444335938,28.142250061035156
10.3046875,953.4200439453125,28.14849090576172
10.3203125,953.4900512695312,28.14849090576172
10.3359375,953.4093627929688,28.14665985107422
10.3515625,953.3834228515625,28.156211853027344
10.3671875,953.390380859375,28.1646728515625
10.3828125,953.3989868164062,28.16650390625
10.3984375,953.4182739257812,28.167236328125
10.4140625,953.4451904296875,28.181564331054688
10.4296875,953.4252319335938,28.18341064453125
10.4453125,953.3518676757812,28.190025329589844
10.4609375,953.3948974609375,28.209129333496094
10.4765625,953.3656616210938,28.209129333496094
10.4921875,953.3167114257812,28.20325469970703
10.5078125,953.3035888671875,28.209129333496094
10.5234375,953.3125,28.20325469970703
10.5390625,953.294677734375,28.193336486816406
10.5546875,953.2911987304688,28.2025146484375
10.5703125,953.2802124023438,28.20325469970703
10.5859375,953.2713012695312,28.20325469970703
10.6015625,953.2832641601562,28.213912963867188
10.6171875,953.2633666992188,28.20325469970703
10.6328125,953.2688598632812,28.213912963867188
10.6484375,953.2765502929688,28.209503173828125
10.6640625,953.2688598632812,28.22125244140625
10.6796875,953.2635498046875,28.21721649169922
10.6953125,953.2498779296875,28.210227966308594
10.7109375,953.2534790039062,28.223831176757812
10.7265625,953.2398071289062,28.216110229492188
10.7421875,953.2516479492188,28.206192016601562
10.7578125,953.2662353515625,28.21942138671875
10.7734375,953.2561645507812,28.21832275390625
10.7890625,953.2483520507812,28.22089385986328
10.8046875,953.2521362304688,28.21794891357422
10.8203125,953.2482299804688,28.216842651367188
10.8359375,953.262451171875,28.22089385986328
10.8515625,953.255126953125,28.206192016601562
10.8671875,953.237548828125,28.206924438476562
10.8828125,953.2244262695312,28.222732543945312
10.8984375,953.2565307617188,28.21868896484375
10.9140625,953.2339477539062,28.21832275390625
10.9296875,953.2626342773438,28.20398712158203
10.9453125,953.2510986328125,28.205459594726562
10.9609375,953.2493286132812,28.2010498046875
10.9765625,953.2501220703125,28.19957733154297
10.9921875,953.2369384765625,28.20398712158203
11.0078125,953.2433471679688,28.18561553955078
11.0234375,953.2235107421875,28.194435119628906
11.0390625,953.23046875,28.192230224609375
11.0546875,953.2391357421875,28.187820434570312
11.0703125,953.2291870117188,28.18487548828125
11.0859375,953.25927734375,28.194435119628906
11.1015625,953.2297973632812,28.198471069335938
11.1171875,953.2313232421875,28.18817901611328
11.1328125,953.236328125,28.192230224609375
11.1484375,953.219970703125,28.18634796142578
11.1640625,953.2457885742188,28.18634796142578
11.1796875,953.2415161132812,28.191131591796875
11.1953125,953.2431640625,28.18376922607422
11.2109375,953.2472534179688,28.18561553955078
11.2265625,953.2288818359375,28.190757751464844
11.2421875,953.2228393554688,28.176422119140625
11.2578125,953.2291870117188,28.190757751464844
11.2734375,953.2305908203125,28.18708038330078
11.2890625,953.2236328125,28.175697326660156
11.3046875,953.2291259765625,28.17053985595703
11.3203125,953.2626953125,28.175323486328125
11.3359375,953.2500610351562,28.179733276367188
11.3515625,953.29833984375,28.180831909179688
11.3671875,953.2965698242188,28.159889221191406
11.3828125,953.2801513671875,28.1676025390625
11.3984375,953.2940673828125,28.18304443359375
11.4140625,953.354736328125,28.179733276367188
11.4296875,953.3173828125,28.1676025390625
11.4453125,953.3490600585938,28.176055908203125
11.4609375,953.4161987304688,28.176055908203125
11.4765625,953.411376953125,28.171287536621094
11.4921875,953.3817138671875,28.1676025390625
11.5078125,953.4021606445312,28.1676025390625
11.5234375,953.3950805664062,28.169082641601562
11.5390625,953.3826904296875,28.163925170898438
11.5546875,953.472412109375,28.18267059326172
11.5703125,953.3720703125,28.190025329589844
11.5859375,953.4193725585938,28.180831909179688
11.6015625,953.403564453125,28.179733276367188
11.6171875,953.4739379882812,28.18634796142578
11.6328125,953.4231567382812,28.18708038330078
11.6484375,953.3707885742188,28.187454223632812
11.6640625,953.3240966796875,28.195541381835938
11.6796875,953.3678588867188,28.190025329589844
11.6953125,953.3912963867188,28.191864013671875
11.7109375,953.4584350585938,28.2025146484375
11.7265625,953.4038696289062,28.2025146484375
11.7421875,953.3955078125,28.194435119628906
11.7578125,953.4622192382812,28.20398712158203
11.7734375,953.4219360351562,28.199951171875
11.7890625,953.440673828125,28.205093383789062
11.8046875,953.4340209960938,28.20325469970703
11.8203125,953.40576171875,28.214279174804688
11.8359375,953.4690551757812,28.21794891357422
11.8515625,953.4256591796875,28.209503173828125
11.8671875,953.4697265625,28.215011596679688
11.8828125,953.4039916992188,28.21832275390625
11.8984375,953.38818359375,28.232650756835938
11.9140625,953.4260864257812,28.228973388671875
11.9296875,953.4501953125,28.2359619140625
11.9453125,953.3927612304688,28.25066375732422
11.9609375,953.444580078125,28.232650756835938
11.9765625,953.351318359375,28.259109497070312
11.9921875,953.3837890625,28.248085021972656
12.0078125,953.4370727539062,28.246253967285156
12.0234375,953.4298095703125,28.266098022460938
12.0390625,953.3988647460938,28.259483337402344
12.0546875,953.3856811523438,28.279685974121094
12.0703125,953.4420166015625,28.276748657226562
12.0859375,953.3754272460938,28.283737182617188
12.1015625,953.4048461914062,28.28924560546875
12.1171875,953.390380859375,28.281532287597656
12.1328125,953.4033203125,28.263893127441406
12.1484375,953.409423828125,28.295486450195312
12.1640625,953.37841796875,28.297325134277344
12.1796875,953.3558959960938,28.29401397705078
12.1953125,953.3656616210938,28.297325134277344
12.2109375,953.3128662109375,28.299171447753906
12.2265625,953.332763671875,28.29107666015625
12.2421875,953.3409423828125,28.30799102783203
12.2578125,953.3187255859375,28.297325134277344
12.2734375,953.3141479492188,28.314964294433594
12.2890625,953.2997436523438,28.310928344726562
12.3046875,953.2969360351562,28.32672882080078
12.3203125,953.2966918945312,28.310195922851562
12.3359375,953.2747192382812,28.32378387451172
12.3515625,953.2832641601562,28.32342529296875
12.3671875,953.3016967773438,28.32305145263672
12.3828125,953.29638671875,28.313499450683594
12.3984375,953.2696533203125,28.315704345703125
12.4140625,953.2723388671875,28.320472717285156
12.4296875,953.2972412109375,28.310195922851562
12.4453125,953.2950439453125,28.316436767578125
12.4609375,953.2794189453125,28.314964294433594
12.4765625,953.272216796875,28.3087158203125
12.4921875,953.2632446289062,28.314964294433594
12.5078125,953.2758178710938,28.316436767578125
12.5234375,953.24365234375,28.304306030273438
12.5390625,953.2603759765625,28.310195922851562
12.5546875,953.26513671875,28.322677612304688
12.5703125,953.266357421875,28.308349609375
12.5859375,953.2715454101562,28.30541229248047
12.6015625,953.257568359375,28.310195922851562
12.6171875,953.2609252929688,28.308349609375
12.6328125,953.2410888671875,28.313858032226562
12.6484375,953.26904296875,28.313858032226562
12.6640625,953.26904296875,28.29291534423828
12.6796875,953.263427734375,28.30467987060547
12.6953125,953.234130859375,28.300270080566406
12.7109375,953.2521362304688,28.297325134277344
12.7265625,953.269287109375,28.301002502441406
12.7421875,953.2606811523438,28.28924560546875
12.7578125,953.2517700195312,28.294761657714844
12.7734375,953.2498779296875,28.292556762695312
12.7890625,953.2317504882812,28.29401397705078
12.8046875,953.2330322265625,28.286300659179688
12.8203125,953.244873046875,28.28997802734375
12.8359375,953.2327270507812,28.279685974121094
12.8515625,953.2369995117188,28.269760131835938
12.8671875,953.2467651367188,28.27086639404297
12.8828125,953.2510986328125,28.269760131835938
12.8984375,953.2306518554688,28.276016235351562
12.9140625,953.2348022460938,28.266098022460938
12.9296875,953.2344970703125,28.2723388671875
12.9453125,953.2523803710938,28.269760131835938
12.9609375,953.2467651367188,28.25653076171875
12.9765625,953.2340698242188,28.266098022460938
12.9921875,953.2302856445312,28.249916076660156
13.0078125,953.23828125,28.25396728515625
13.0234375,953.2525024414062,28.25653076171875
13.0390625,953.2269287109375,28.252120971679688
13.0546875,953.241455078125,28.25066375732422
13.0703125,953.2335205078125,28.245147705078125
13.0859375,953.2276611328125,28.244049072265625
13.1015625,953.2305297851562,28.24109649658203
13.1171875,953.2224731445312,28.232650756835938
13.1328125,953.2317504882812,28.2359619140625
13.1484375,953.2279663085938,28.23999786376953
13.1640625,953.2432861328125,28.23779296875
13.1796875,953.2327880859375,28.233383178710938
13.1953125,953.2348022460938,28.21904754638672
13.2109375,953.2303466796875,28.224563598632812
13.2265625,953.2315673828125,28.22125244140625
13.2421875,953.2305908203125,28.22089385986328
13.2578125,953.2180786132812,28.223831176757812
13.2734375,953.2327270507812,28.232650756835938
13.2890625,953.247314453125,28.224563598632812
13.3046875,953.264404296875,28.22052001953125
13.3203125,953.3602294921875,28.22089385986328
13.3359375,953.3895874023438,28.22089385986328
13.3515625,953.4105224609375,28.21721649169922
13.3671875,953.4220581054688,28.232650756835938
13.3828125,953.412841796875,28.21538543701172
13.3984375,953.415283203125,28.207664489746094
13.4140625,953.4223022460938,28.214279174804688
13.4296875,953.494140625,28.22015380859375
13.4453125,953.4009399414062,28.21904754638672
13.4609375,953.4700317382812,28.229339599609375
13.4765625,953.5751342773438,28.227508544921875
13.4921875,953.6233520507812,28.21721649169922
13.5078125,953.4824829101562,28.228614807128906
13.5234375,953.5271606445312,28.21904754638672
13.5390625,953.4574584960938,28.227867126464844
13.5546875,953.4213256835938,28.244781494140625
13.5703125,953.5252075195312,28.246253967285156
13.5859375,953.4782104492188,28.249557495117188
13.6015625,953.4456176757812,28.257278442382812
13.6171875,953.4110717773438,28.262786865234375
13.6328125,953.5025024414062,28.259841918945312
13.6484375,953.4973754882812,28.251022338867188
13.6640625,953.47021484375,28.266830444335938
13.6796875,953.461669921875,28.263893127441406
13.6953125,953.4788208007812,28.269760131835938
13.7109375,953.487060546875,28.27454376220703
13.7265625,953.5903930664062,28.276748657226562
13.7421875,953.4352416992188,28.280426025390625
13.7578125,953.4815673828125,28.294387817382812
13.7734375,953.5003051757812,28.294387817382812
13.7890625,953.494873046875,28.295120239257812
13.8046875,953.4967651367188,28.293655395507812
13.8203125,953.4219360351562,28.298797607421875
13.8359375,953.42724609375,28.313858032226562
13.8515625,953.5619506835938,28.319374084472656
13.8671875,953.4692993164062,28.310195922851562
13.8828125,953.4791259765625,28.30467987060547
13.8984375,953.5012817382812,28.308349609375
13.9140625,953.4430541992188,28.317535400390625
13.9296875,953.5090942382812,28.317535400390625
13.9453125,953.4768676757812,28.33885955810547
13.9609375,953.4400634765625,28.346206665039062
13.9765625,953.4373168945312,28.352088928222656
13.9921875,953.4013671875,28.349884033203125
14.0078125,953.5093383789062,28.373390197753906
14.0234375,953.5110473632812,28.356124877929688
14.0390625,953.477783203125,28.37413787841797
14.0546875,953.3665161132812,28.386993408203125
14.0703125,953.3348999023438,28.37596893310547
14.0859375,953.3243408203125,28.366775512695312
14.1015625,953.3515625,28.391029357910156
14.1171875,953.3162231445312,28.374496459960938
14.1328125,953.2953491210938,28.391029357910156
14.1484375,953.3042602539062,28.393234252929688
14.1640625,953.2877197265625,28.39543914794922
14.1796875,953.27490234375,28.39728546142578
14.1953125,953.2852172851562,28.39543914794922
14.2109375,953.2813720703125,28.401695251464844
14.2265625,953.279052734375,28.391029357910156
14.2421875,953.2767944335938,28.401695251464844
14.2578125,953.2724609375,28.388465881347656
14.2734375,953.2843627929688,28.39691162109375
14.2890625,953.2802734375,28.39508056640625
14.3046875,953.2789916992188,28.37523651123047
14.3203125,953.2704467773438,28.3770751953125
14.3359375,953.2771606445312,28.39177703857422
14.3515625,953.2720947265625,28.391403198242188
14.3671875,953.273193359375,28.385162353515625
14.3828125,953.2487182617188,28.372665405273438
14.3984375,953.2659912109375,28.391029357910156
14.4140625,953.2594604492188,28.37670135498047
14.4296875,953.2646484375,28.386993408203125
14.4453125,953.2500610351562,28.384414672851562
14.4609375,953.2395629882812,28.37523651123047
14.4765625,953.2483520507812,28.38037872314453
14.4921875,953.2482299804688,28.3770751953125
14.5078125,953.2466430664062,28.374496459960938
14.5234375,953.2536010742188,28.363845825195312
14.5390625,953.2442016601562,28.365318298339844
14.5546875,953.244873046875,28.352813720703125
14.5703125,953.2455444335938,28.346206665039062
14.5859375,953.24609375,28.356124877929688
14.6015625,953.2518310546875,28.346206665039062
14.6171875,953.2537841796875,28.3436279296875
14.6328125,953.238037109375,28.3436279296875
14.6484375,953.2506103515625,28.34069061279297
14.6640625,953.2376098632812,28.346206665039062
14.6796875,953.2388916015625,28.328933715820312
14.6953125,953.2418823242188,28.330039978027344
14.7109375,953.2373046875,28.328933715820312
14.7265625,953.2322998046875,28.331871032714844
14.7421875,953.22607421875,28.314964294433594
14.7578125,953.2310180664062,28.317909240722656
14.7734375,953.2354736328125,28.319015502929688
14.7890625,953.2247314453125,28.314605712890625
14.8046875,953.2404174804688,28.299896240234375
14.8203125,953.2182006835938,28.299896240234375
14.8359375,953.2252807617188,28.299896240234375
14.8515625,953.2228393554688,28.314605712890625
14.8671875,953.2207641601562,28.299171447753906
14.8828125,953.2353515625,28.303939819335938
14.8984375,953.2232666015625,28.296592712402344
14.9140625,953.2249755859375,28.29180908203125
14.9296875,953.2221069335938,28.294387817382812
14.9453125,953.2176513671875,28.286300659179688
14.9609375,953.2239379882812,28.275650024414062
14.9765625,953.2205200195312,28.297325134277344
14.9921875,953.22802734375,28.282257080078125
15.0078125,953.2157592773438,28.29401397705078
15.0234375,953.2222290039062,28.28924560546875
15.0390625,953.2379760742188,28.29107666015625
15.0546875,953.2793579101562,28.28924560546875
15.0703125,953.2857666015625,28.29071044921875
15.0859375,953.3630981445312,28.278579711914062
15.1015625,953.3409423828125,28.274917602539062
15.1171875,953.3208618164062,28.277481079101562
15.1328125,953.3773193359375,28.278579711914062
15.1484375,953.3798217773438,28.28887939453125
15.1640625,953.5033569335938,28.28594207763672
15.1796875,953.48388671875,28.286300659179688
15.1953125,953.4989013671875,28.282989501953125
15.2109375,953.4196166992188,28.29071044921875
15.2265625,953.4956665039062,28.295120239257812
15.2421875,953.4752807617188,28.27527618408203
15.2578125,953.4266357421875,28.286666870117188
15.2734375,953.4199829101562,28.28924560546875
15.2890625,953.4794311523438,28.295120239257812
15.3046875,953.4298095703125,28.30358123779297
15.3203125,953.5352172851562,28.296592712402344
15.3359375,953.384521484375,28.308349609375
15.3515625,953.4454345703125,28.296592712402344
15.3671875,953.4490966796875,28.310195922851562
15.3828125,953.4701538085938,28.3076171875
15.3984375,953.593017578125,28.32342529296875
15.4140625,953.6172485351562,28.316436767578125
15.4296875,953.6524047851562,28.338111877441406
15.4453125,953.6032104492188,28.32598876953125
15.4609375,953.5858154296875,28.3447265625
15.4765625,953.4837036132812,28.350982666015625
15.4921875,953.4998779296875,28.349884033203125
15.5078125,953.5960083007812,28.364944458007812
15.5234375,953.4259643554688,28.369354248046875
15.5390625,953.512451171875,28.371185302734375
15.5546875,953.5001220703125,28.37523651123047
15.5703125,953.453857421875,28.393234252929688
15.5859375,953.5172729492188,28.400222778320312
15.6015625,953.5896606445312,28.388465881347656
15.6171875,953.613037109375,28.401695251464844
15.6328125,953.495361328125,28.41124725341797
15.6484375,953.5865478515625,28.41492462158203
15.6640625,953.5606079101562,28.41162109375
15.6796875,953.5083618164062,28.424476623535156
15.6953125,953.5167846679688,28.43071746826172
15.7109375,953.4802856445312,28.443946838378906
15.7265625,953.4995727539062,28.44579315185547
15.7421875,953.4800415039062,28.451309204101562
15.7578125,953.4489135742188,28.460861206054688
15.7734375,953.4606323242188,28.46636962890625
15.7890625,953.4922485351562,28.460128784179688
15.8046875,953.4814453125,28.478500366210938
15.8203125,953.4432373046875,28.4847412109375
15.8359375,953.4905395507812,28.506431579589844
15.8515625,953.4573974609375,28.496505737304688
15.8671875,953.4450073242188,28.509368896484375
15.8828125,953.4552001953125,28.50274658203125
15.8984375,953.4146118164062,28.51966094970703
15.9140625,953.370849609375,28.531784057617188
15.9296875,953.3864135742188,28.51966094970703
15.9453125,953.376220703125,28.527374267578125
15.9609375,953.3375854492188,28.533248901367188
15.9765625,953.3159790039062,28.551986694335938
15.9921875,953.2969360351562,28.549423217773438
16.0078125,953.3187866210938,28.551254272460938
16.0234375,953.295654296875,28.551254272460938
16.0390625,953.295654296875,28.560073852539062
16.0546875,953.2857666015625,28.55677032470703
16.0703125,953.2674560546875,28.55750274658203
16.0859375,953.2868041992188,28.56816864013672
16.1015625,953.2674560546875,28.564483642578125
16.1171875,953.2736206054688,28.56999969482422
16.1328125,953.2681884765625,28.560073852539062
16.1484375,953.2720336914062,28.550155639648438
16.1640625,953.2913818359375,28.549423217773438
16.1796875,953.2882690429688,28.551254272460938
16.1953125,953.2837524414062,28.53913116455078
16.2109375,953.2710571289062,28.530685424804688
16.2265625,953.270263671875,28.541709899902344
16.2421875,953.2587890625,28.531784057617188
16.2578125,953.2752075195312,28.53582763671875
16.2734375,953.2582397460938,28.527374267578125
16.2890625,953.2698974609375,28.51966094970703
16.3046875,953.2555541992188,28.509735107421875
16.3203125,953.2639770507812,28.526275634765625
16.3359375,953.2626953125,28.506431579589844
16.3515625,953.2553100585938,28.49981689453125
16.3671875,953.2534790039062,28.506431579589844
16.3828125,953.2637329101562,28.487319946289062
16.3984375,953.270751953125,28.485107421875
16.4140625,953.253173828125,28.477020263671875
16.4296875,953.251220703125,28.478126525878906
16.4453125,953.2764892578125,28.489517211914062
16.4609375,953.27099609375,28.46710205078125
16.4765625,953.2706298828125,28.463790893554688
16.4921875,953.262451171875,28.46857452392578
16.5078125,953.2754516601562,28.473358154296875
16.5234375,953.2509155273438,28.46343231201172
16.5390625,953.2510986328125,28.452041625976562
16.5546875,953.278564453125,28.456817626953125
16.5703125,953.2492065429688,28.442489624023438
16.5859375,953.2447509765625,28.438812255859375
16.6015625,953.2473754882812,28.43182373046875
16.6171875,953.2467041015625,28.43182373046875
16.6328125,953.2484741210938,28.437705993652344
16.6484375,953.2442626953125,28.42999267578125
16.6640625,953.245361328125,28.424476623535156
16.6796875,953.242919921875,28.419334411621094
16.6953125,953.2484741210938,28.41124725341797
16.7109375,953.2554321289062,28.41565704345703
16.7265625,953.2374267578125,28.422645568847656
16.7421875,953.2386474609375,28.405006408691406
16.7578125,953.2595825195312,28.401695251464844
16.7734375,953.2562866210938,28.39543914794922
16.7890625,953.2509155273438,28.388092041015625
16.8046875,953.2412109375,28.404632568359375
16.8203125,953.2494506835938,28.39728546142578
16.8359375,953.2433471679688,28.381484985351562
16.8515625,953.2531127929688,28.391403198242188
16.8671875,953.2599487304688,28.37523651123047
16.8828125,953.245849609375,28.387725830078125
16.8984375,953.2555541992188,28.370826721191406
16.9140625,953.2532348632812,28.37670135498047
16.9296875,953.25390625,28.37596893310547
16.9453125,953.2639770507812,28.37413787841797
16.9609375,953.248779296875,28.374496459960938
16.9765625,953.2559814453125,28.37779998779297
16.9921875,953.3071899414062,28.368621826171875
17.0078125,953.3731689453125,28.385162353515625
17.0234375,953.3890991210938,28.370452880859375
17.0390625,953.4462890625,28.368255615234375
17.0546875,953.4878540039062,28.374496459960938
17.0703125,953.5745239257812,28.374496459960938
17.0859375,953.5643310546875,28.36163330078125
17.1015625,953.4962158203125,28.369354248046875
17.1171875,953.5943603515625,28.37670135498047
17.1328125,953.677001953125,28.36347198486328
17.1484375,953.5621948242188,28.36163330078125
17.1640625,953.4907836914062,28.374496459960938
17.1796875,953.4495849609375,28.37670135498047
17.1953125,953.5586547851562,28.384414672851562
17.2109375,953.5767211914062,28.385162353515625
17.2265625,953.5523071289062,28.391403198242188
17.2421875,953.5905151367188,28.385162353515625
17.2578125,953.6939086914062,28.391403198242188
17.2734375,953.6162109375,28.392501831054688
17.2890625,953.6098022460938,28.391403198242188
17.3046875,953.5302124023438,28.401695251464844
17.3203125,953.5181274414062,28.41162109375
17.3359375,953.51904296875,28.404258728027344
17.3515625,953.6044311523438,28.403160095214844
17.3671875,953.61083984375,28.420799255371094
17.3828125,953.669921875,28.404258728027344
17.3984375,953.5763549804688,28.415283203125
17.4140625,953.5792236328125,28.441741943359375
17.4296875,953.6182861328125,28.433670043945312
17.4453125,953.6753540039062,28.42888641357422
17.4609375,953.5441284179688,28.441383361816406
17.4765625,953.5823364257812,28.4468994140625
17.4921875,953.6396484375,28.443946838378906
17.5078125,953.6089477539062,28.456817626953125
17.5234375,953.68310546875,28.457923889160156
17.5390625,953.595458984375,28.457550048828125
17.5546875,953.585693359375,28.454238891601562
17.5703125,953.6660766601562,28.475189208984375
17.5859375,953.4369506835938,28.4847412109375
17.6015625,953.5299072265625,28.489891052246094
17.6171875,953.541748046875,28.489891052246094
17.6328125,953.5866088867188,28.496505737304688
17.6484375,953.6751098632812,28.494300842285156
17.6640625,953.542236328125,28.507530212402344
17.6796875,953.533935546875,28.526275634765625
17.6953125,953.5382080078125,28.51525115966797
17.7109375,953.5084228515625,28.52332305908203
17.7265625,953.5827026367188,28.52332305908203
17.7421875,953.4853515625,28.530685424804688
17.7578125,953.5285034179688,28.531417846679688
17.7734375,953.424560546875,28.551986694335938
17.7890625,953.4105224609375,28.542808532714844
17.8046875,953.3934326171875,28.560073852539062
17.8203125,953.34375,28.55677032470703
17.8359375,953.303955078125,28.558975219726562
17.8515625,953.3065185546875,28.563011169433594
17.8671875,953.2794189453125,28.55677032470703
17.8828125,953.2854614257812,28.560073852539062
17.8984375,953.2857666015625,28.558242797851562
17.9140625,953.26708984375,28.563758850097656
17.9296875,953.2730102539062,28.57147216796875
17.9453125,953.2933959960938,28.563758850097656
17.9609375,953.260986328125,28.579551696777344
17.9765625,953.2840576171875,28.55309295654297
17.9921875,953.2760620117188,28.575881958007812
18.0078125,953.2794799804688,28.561912536621094
18.0234375,953.256591796875,28.568893432617188
18.0390625,953.277099609375,28.560073852539062
18.0546875,953.2660522460938,28.558242797851562
18.0703125,953.25927734375,28.560073852539062
18.0859375,953.2564697265625,28.55493927001953
18.1015625,953.2642822265625,28.547576904296875
18.1171875,953.2600708007812,28.53730010986328
18.1328125,953.2540893554688,28.549423217773438
18.1484375,953.2637939453125,28.542434692382812
18.1640625,953.2583618164062,28.542068481445312
18.1796875,953.2576904296875,28.51966094970703
18.1953125,953.2555541992188,28.529205322265625
18.2109375,953.2611694335938,28.52332305908203
18.2265625,953.2551879882812,28.524429321289062
18.2421875,953.2589721679688,28.510093688964844
18.2578125,953.2437133789062,28.507530212402344
18.2734375,953.2482299804688,28.49871063232422
18.2890625,953.241455078125,28.50238037109375
18.3046875,953.2543334960938,28.48363494873047
18.3203125,953.2518310546875,28.50127410888672
18.3359375,953.253662109375,28.486587524414062
18.3515625,953.2569580078125,28.479225158691406
18.3671875,953.2567749023438,28.48180389404297
18.3828125,953.251708984375,28.478500366210938
18.3984375,953.2472534179688,28.476287841796875
18.4140625,953.259521484375,28.46857452392578
18.4296875,953.2348022460938,28.478500366210938
18.4453125,953.2442016601562,28.471878051757812
18.4609375,953.2518310546875,28.46784210205078
18.4765625,953.2461547851562,28.438079833984375
18.4921875,953.247314453125,28.4476318359375
18.5078125,953.242919921875,28.446151733398438
18.5234375,953.2373046875,28.457176208496094
18.5390625,953.251708984375,28.44835662841797
18.5546875,953.2442016601562,28.441741943359375
18.5703125,953.2369384765625,28.442115783691406
18.5859375,953.2489624023438,28.43035888671875
18.6015625,953.2423706054688,28.44579315185547
18.6171875,953.2373046875,28.440284729003906
18.6328125,953.2391967773438,28.437705993652344
18.6484375,953.2305908203125,28.438438415527344
18.6640625,953.239013671875,28.420799255371094
18.6796875,953.22412109375,28.42815399169922
18.6953125,953.2349853515625,28.426307678222656
18.7109375,953.2205200195312,28.42999267578125
18.7265625,953.2381591796875,28.41162109375
18.7421875,953.229248046875,28.415283203125
18.7578125,953.2427368164062,28.41492462158203
18.7734375,953.2737426757812,28.407211303710938
18.7890625,953.3148803710938,28.405731201171875
18.8046875,953.3117065429688,28.39728546142578
18.8203125,953.3067016601562,28.41162109375
18.8359375,953.33984375,28.41382598876953
18.8515625,953.3424072265625,28.401695251464844
18.8671875,953.4236450195312,28.401695251464844
18.8828125,953.3931884765625,28.400596618652344
18.8984375,953.335693359375,28.407943725585938
18.9140625,953.4052124023438,28.410873413085938
18.9296875,953.355224609375,28.403533935546875
18.9453125,953.4531860351562,28.39398193359375
18.9609375,953.3661499023438,28.406837463378906
18.9765625,953.4139404296875,28.401695251464844
18.9921875,953.4033203125,28.410873413085938
19.0078125,953.3743286132812,28.41124725341797
19.0234375,953.4323120117188,28.388824462890625
19.0390625,953.5048217773438,28.410873413085938
19.0546875,953.413818359375,28.41162109375
19.0703125,953.470703125,28.407211303710938
19.0859375,953.33935546875,28.41307830810547
19.1015625,953.5215454101562,28.4134521484375
19.1171875,953.4295654296875,28.407569885253906
19.1328125,953.4493408203125,28.41492462158203
19.1484375,953.4224853515625,28.433670043945312
19.1640625,953.4627075195312,28.41124725341797
19.1796875,953.5118408203125,28.41565704345703
19.1953125,953.4907836914062,28.41492462158203
19.2109375,953.5343627929688,28.418235778808594
19.2265625,953.478515625,28.43182373046875
19.2421875,953.5365600585938,28.426307678222656
19.2578125,953.3944091796875,28.422271728515625
19.2734375,953.440673828125,28.43146514892578
19.2890625,953.4989624023438,28.421897888183594
19.3046875,953.4412231445312,28.42815399169922
19.3203125,953.4884033203125,28.435874938964844
19.3359375,953.4444580078125,28.42999267578125
19.3515625,953.413330078125,28.43218994140625
19.3671875,953.3986206054688,28.42999267578125
19.3828125,953.4383544921875,28.43182373046875
19.3984375,953.4224243164062,28.438079833984375
19.4140625,953.5156860351562,28.42815399169922
19.4296875,953.4478149414062,28.42926025390625
19.4453125,953.4370727539062,28.438812255859375
19.4609375,953.372314453125,28.438079833984375
19.4765625,953.3967895507812,28.449462890625
19.4921875,953.4212036132812,28.451309204101562
19.5078125,953.4686279296875,28.449462890625
19.5234375,953.3685913085938,28.45093536376953
19.5390625,953.3693237304688,28.456817626953125
19.5546875,953.3908081054688,28.46563720703125
19.5703125,953.4448852539062,28.457550048828125
19.5859375,953.3807373046875,28.471511840820312
19.6015625,953.4197998046875,28.457176208496094
19.6171875,953.3556518554688,28.46636962890625
19.6328125,953.3619995117188,28.47040557861328
19.6484375,953.3820190429688,28.47997283935547
19.6640625,953.3322143554688,28.456817626953125
19.6796875,953.33349609375,28.474456787109375
19.6953125,953.2916259765625,28.47997283935547
19.7109375,953.3106689453125,28.47040557861328
19.7265625,953.2875366210938,28.475189208984375
19.7421875,953.2738037109375,28.477020263671875
19.7578125,953.2787475585938,28.48363494873047
19.7734375,953.2703857421875,28.47997283935547
19.7890625,953.2640380859375,28.47997283935547
19.8046875,953.2640380859375,28.47040557861328
19.8203125,953.2540893554688,28.478500366210938
19.8359375,953.2628173828125,28.477020263671875
19.8515625,953.2595825195312,28.50274658203125
19.8671875,953.2430419921875,28.46636962890625
19.8828125,953.2442016601562,28.46563720703125
19.8984375,953.261474609375,28.474456787109375
19.9140625,953.2562866210938,28.474090576171875
19.9296875,953.2449951171875,28.474090576171875
19.9453125,953.255126953125,28.474090576171875
19.9609375,953.2449951171875,28.469680786132812
19.9765625,953.2462768554688,28.460487365722656
19.9921875,953.2435913085938,28.46233367919922
20.0078125,953.2341918945312,28.459381103515625
20.0234375,953.2392578125,28.457550048828125
20.0390625,953.2325439453125,28.4476318359375
20.0546875,953.2267456054688,28.451309204101562
20.0703125,953.2301635742188,28.446151733398438
20.0859375,953.2265625,28.451309204101562
20.1015625,953.23193359375,28.449462890625
20.1171875,953.2263793945312,28.441383361816406
20.1328125,953.2249755859375,28.447998046875
20.1484375,953.22021484375,28.441383361816406
20.1640625,953.2392578125,28.443588256835938
20.1796875,953.231201171875,28.435501098632812
20.1953125,953.2315673828125,28.43256378173828
20.2109375,953.2313232421875,28.43182373046875
20.2265625,953.2251586914062,28.43109130859375
20.2421875,953.2269897460938,28.4476318359375
20.2578125,953.2196044921875,28.42999267578125
20.2734375,953.2208251953125,28.42705535888672
20.2890625,953.2223510742188,28.443588256835938
20.3046875,953.2251586914062,28.43512725830078
20.3203125,953.2111206054688,28.423744201660156
20.3359375,953.2207641601562,28.421173095703125
20.3515625,953.217529296875,28.426307678222656
20.3671875,953.2180786132812,28.426307678222656
20.3828125,953.2144165039062,28.427413940429688
20.3984375,953.214599609375,28.419334411621094
20.4140625,953.2257690429688,28.41124725341797
20.4296875,953.21484375,28.41162109375
20.4453125,953.2130126953125,28.41197967529297
20.4609375,953.2107543945312,28.407211303710938
20.4765625,953.2186279296875,28.41124725341797
20.4921875,953.2230834960938,28.41492462158203
20.5078125,953.225341796875,28.401695251464844
20.5234375,953.2109375,28.401695251464844
20.5390625,953.2168579101562,28.406837463378906
20.5546875,953.2202758789062,28.41307830810547
20.5703125,953.2066040039062,28.39728546142578
20.5859375,953.2051391601562,28.401695251464844
20.6015625,953.2078857421875,28.39434051513672
20.6171875,953.2077026367188,28.401695251464844
20.6328125,953.2102661132812,28.401695251464844
20.6484375,953.2109375,28.41492462158203
20.6640625,953.206787109375,28.401695251464844
20.6796875,953.2168579101562,28.404258728027344
20.6953125,953.2440185546875,28.410873413085938
20.7109375,953.2828979492188,28.39508056640625
20.7265625,953.354248046875,28.41124725341797
20.7421875,953.3833618164062,28.401695251464844
20.7578125,953.4774780273438,28.39691162109375
20.7734375,953.3657836914062,28.388465881347656
20.7890625,953.3040161132812,28.401695251464844
20.8046875,953.3609008789062,28.39434051513672
20.8203125,953.3075561523438,28.407943725585938
20.8359375,953.4165649414062,28.410873413085938
20.8515625,953.3821411132812,28.41124725341797
20.8671875,953.3050537109375,28.404258728027344
20.8828125,953.3265380859375,28.403533935546875
20.8984375,953.3473510742188,28.404258728027344
20.9140625,953.3080444335938,28.410873413085938
20.9296875,953.3014526367188,28.41124725341797
20.9453125,953.3265380859375,28.401695251464844
20.9609375,953.3543701171875,28.407211303710938
20.9765625,953.4069213867188,28.410873413085938
20.9921875,953.3421630859375,28.41124725341797
21.0078125,953.3833618164062,28.407211303710938
21.0234375,953.2866821289062,28.423004150390625
21.0390625,953.520751953125,28.41492462158203
21.0546875,953.4010620117188,28.423004150390625
21.0703125,953.3569946289062,28.434402465820312
21.0859375,953.3970336914062,28.42705535888672
21.1015625,953.3574829101562,28.425209045410156
21.1171875,953.3064575195312,28.42999267578125
21.1328125,953.3194580078125,28.43071746826172
21.1484375,953.3876342773438,28.43182373046875
21.1640625,953.3889770507812,28.426307678222656
21.1796875,953.3513793945312,28.422271728515625
21.1953125,953.3336791992188,28.43182373046875
21.2109375,953.351318359375,28.43218994140625
21.2265625,953.3400268554688,28.43329620361328
21.2421875,953.3359985351562,28.436973571777344
21.2578125,953.4146118164062,28.44469451904297
21.2734375,953.3406982421875,28.438438415527344
21.2890625,953.345458984375,28.443588256835938
21.3046875,953.4224243164062,28.441383361816406
21.3203125,953.3983154296875,28.42815399169922
21.3359375,953.366455078125,28.436599731445312
21.3515625,953.3536376953125,28.46784210205078
21.3671875,953.4409790039062,28.44469451904297
21.3828125,953.3963012695312,28.449462890625
21.3984375,953.4063110351562,28.456817626953125
21.4140625,953.305908203125,28.473358154296875
21.4296875,953.3196411132812,28.463790893554688
21.4453125,953.3677368164062,28.460861206054688
21.4609375,953.3829345703125,28.460487365722656
21.4765625,953.4318237304688,28.446151733398438
21.4921875,953.423828125,28.445419311523438
21.5078125,953.3736572265625,28.460487365722656
21.5234375,953.3834838867188,28.46636962890625
21.5390625,953.4127807617188,28.46233367919922
21.5546875,953.3477172851562,28.46784210205078
21.5703125,953.3436279296875,28.475563049316406
21.5859375,953.3090209960938,28.470779418945312
21.6015625,953.3594360351562,28.47997283935547
21.6171875,953.3161010742188,28.481430053710938
21.6328125,953.2958374023438,28.4847412109375
21.6484375,953.2813110351562,28.498336791992188
21.6640625,953.2533569335938,28.48438262939453
21.6796875,953.258544921875,28.477020263671875
21.6953125,953.2453002929688,28.506431579589844
21.7109375,953.2607421875,28.496505737304688
21.7265625,953.2567749023438,28.50017547607422
21.7421875,953.2427978515625,28.48621368408203
21.7578125,953.2461547851562,28.489151000976562
21.7734375,953.2416381835938,28.48180389404297
21.7890625,953.2433471679688,28.47997283935547
21.8046875,953.23779296875,28.494659423828125
21.8203125,953.2583618164062,28.48694610595703
21.8359375,953.2306518554688,28.487319946289062
21.8515625,953.2462158203125,28.48621368408203
21.8671875,953.2437133789062,28.48363494873047
21.8828125,953.2410888671875,28.492828369140625
21.8984375,953.241455078125,28.48438262939453
21.9140625,953.223876953125,28.492828369140625
21.9296875,953.2342529296875,28.47997283935547
21.9453125,953.2431030273438,28.47997283935547
21.9609375,953.2461547851562,28.47997283935547
21.9765625,953.2288208007812,28.46527099609375
21.9921875,953.2183227539062,28.479225158691406
22.0078125,953.2359008789062,28.46343231201172
22.0234375,953.2218627929688,28.474090576171875
22.0390625,953.2252807617188,28.475921630859375
22.0546875,953.2296142578125,28.457550048828125
22.0703125,953.2236328125,28.446151733398438
22.0859375,953.2224731445312,28.457550048828125
22.1015625,953.222412109375,28.456817626953125
22.1171875,953.212158203125,28.460861206054688
22.1328125,953.216796875,28.457550048828125
22.1484375,953.2152099609375,28.456817626953125
22.1640625,953.212158203125,28.44725799560547
22.1796875,953.2213745117188,28.443946838378906
22.1953125,953.2091064453125,28.438079833984375
22.2109375,953.2144165039062,28.440643310546875
22.2265625,953.2188720703125,28.438079833984375
22.2421875,953.2109375,28.435501098632812
22.2578125,953.2088012695312,28.43256378173828
22.2734375,953.2109375,28.440284729003906
22.2890625,953.2135620117188,28.437332153320312
22.3046875,953.2001342773438,28.438438415527344
22.3203125,953.2134399414062,28.43256378173828
22.3359375,953.2008666992188,28.43512725830078
22.3515625,953.2022705078125,28.424850463867188
22.3671875,953.1761474609375,28.434402465820312
22.3828125,953.2098999023438,28.42705535888672
22.3984375,953.2020874023438,28.42999267578125
22.4140625,953.1981201171875,28.433670043945312
22.4296875,953.2056884765625,28.419334411621094
22.4453125,953.197021484375,28.41748809814453
22.4609375,953.1998291015625,28.421539306640625
22.4765625,953.1859130859375,28.417129516601562
22.4921875,953.1825561523438,28.423370361328125
22.5078125,953.19873046875,28.420440673828125
22.5234375,953.19482421875,28.41124725341797
22.5390625,953.1879272460938,28.421897888183594
22.5546875,953.1901245117188,28.418594360351562
22.5703125,953.1856689453125,28.41124725341797
22.5859375,953.1837158203125,28.41124725341797
22.6015625,953.1974487304688,28.417129516601562
22.6171875,953.2889404296875,28.415283203125
22.6328125,953.3377685546875,28.41162109375
22.6484375,953.397705078125,28.41124725341797
22.6640625,953.3702392578125,28.404258728027344
22.6796875,953.4927368164062,28.41124725341797
22.6953125,953.4102172851562,28.408668518066406
22.7109375,953.3460693359375,28.41124725341797
22.7265625,953.3026123046875,28.419334411621094
22.7421875,953.4481201171875,28.41492462158203
22.7578125,953.3783569335938,28.407569885253906
22.7734375,953.3334350585938,28.420066833496094
22.7890625,953.48046875,28.41748809814453
22.8046875,953.421630859375,28.422271728515625
22.8203125,953.3927612304688,28.420799255371094
22.8359375,953.3717651367188,28.41565704345703
22.8515625,953.4119262695312,28.421539306640625
22.8671875,953.3939819335938,28.425949096679688
22.8828125,953.4984130859375,28.42815399169922
22.8984375,953.5200805664062,28.435874938964844
22.9140625,953.4993286132812,28.441741943359375
22.9296875,953.514892578125,28.435874938964844
22.9453125,953.427001953125,28.43182373046875
22.9609375,953.5790405273438,28.445419311523438
22.9765625,953.3587036132812,28.443588256835938
22.9921875,953.3836669921875,28.451309204101562
23.0078125,953.4620361328125,28.453872680664062
23.0234375,953.434814453125,28.46416473388672
23.0390625,953.3635864257812,28.442115783691406
23.0546875,953.4313354492188,28.474090576171875
23.0703125,953.3806762695312,28.475189208984375
23.0859375,953.4459228515625,28.478500366210938
23.1015625,953.44921875,28.46527099609375
23.1171875,953.3893432617188,28.46636962890625
23.1328125,953.5137329101562,28.489151000976562
23.1484375,953.4185791015625,28.474456787109375
23.1640625,953.4356689453125,28.492828369140625
23.1796875,953.423828125,28.475189208984375
23.1953125,953.3986206054688,28.489151000976562
23.2109375,953.4842529296875,28.4832763671875
23.2265625,953.4210205078125,28.50017547607422
23.2421875,953.4113159179688,28.498336791992188
23.2578125,953.3543701171875,28.504226684570312
23.2734375,953.4188232421875,28.509368896484375
23.2890625,953.4391479492188,28.513404846191406
23.3046875,953.3552856445312,28.51708221435547
23.3203125,953.4321899414062,28.52075958251953
23.3359375,953.4456176757812,28.51966094970703
23.3515625,953.41748046875,28.5174560546875
23.3671875,953.4112548828125,28.531417846679688
23.3828125,953.3612060546875,28.533248901367188
23.3984375,953.376953125,28.533248901367188
23.4140625,953.3775634765625,28.531417846679688
23.4296875,953.3546752929688,28.53509521484375
23.4453125,953.3873291015625,28.542434692382812
23.4609375,953.3294067382812,28.53802490234375
23.4765625,953.344482421875,28.53986358642578
23.4921875,953.3280029296875,28.547950744628906
23.5078125,953.291748046875,28.551254272460938
23.5234375,953.2813110351562,28.551254272460938
23.5390625,953.2819213867188,28.551254272460938
23.5546875,953.266357421875,28.560073852539062
23.5703125,953.2767944335938,28.560073852539062
23.5859375,953.2738037109375,28.561180114746094
23.6015625,953.2756958007812,28.564483642578125
23.6171875,953.2724609375,28.564483642578125
23.6328125,953.2598876953125,28.57367706298828
23.6484375,953.2506713867188,28.576614379882812
23.6640625,953.2658081054688,28.57147216796875
23.6796875,953.249755859375,28.57330322265625
23.6953125,953.256591796875,28.565589904785156
23.7109375,953.255859375,28.575881958007812
23.7265625,953.2567749023438,28.564483642578125
23.7421875,953.2413940429688,28.56816864013672
23.7578125,953.2387084960938,28.560073852539062
23.7734375,953.2439575195312,28.55309295654297
23.7890625,953.246826171875,28.545013427734375
23.8046875,953.255615234375,28.548683166503906
23.8203125,953.2386474609375,28.542434692382812
23.8359375,953.2391967773438,28.549781799316406
23.8515625,953.2266845703125,28.545013427734375
23.8671875,953.2465209960938,28.549057006835938
23.8828125,953.2416381835938,28.547950744628906
23.8984375,953.2355346679688,28.550155639648438
23.9140625,953.2357788085938,28.531417846679688
23.9296875,953.229736328125,28.530685424804688
23.9453125,953.2398071289062,28.52332305908203
23.9609375,953.241455078125,28.527374267578125
23.9765625,953.2365112304688,28.5174560546875
23.9921875,953.2409057617188,28.529205322265625
24.0078125,953.2283325195312,28.511566162109375
24.0234375,953.23193359375,28.5211181640625
24.0390625,953.2286376953125,28.511566162109375
24.0546875,953.2218017578125,28.51525115966797
24.0703125,953.2335205078125,28.511940002441406
24.0859375,953.2379760742188,28.509735107421875
24.1015625,953.231689453125,28.50385284423828
24.1171875,953.228271484375,28.525901794433594
24.1328125,953.2196655273438,28.49981689453125
24.1484375,953.2163696289062,28.504226684570312
24.1640625,953.2311401367188,28.50568389892578
24.1796875,953.2182006835938,28.490623474121094
24.1953125,953.2244873046875,28.498336791992188
24.2109375,953.2222290039062,28.489891052246094
24.2265625,953.2249755859375,28.492454528808594
24.2421875,953.225830078125,28.477020263671875
24.2578125,953.2225341796875,28.475189208984375
24.2734375,953.2080078125,28.47997283935547
24.2890625,953.2216186523438,28.489891052246094
24.3046875,953.213623046875,28.47997283935547
24.3203125,953.2186279296875,28.475189208984375
24.3359375,953.2139892578125,28.461959838867188
24.3515625,953.2144165039062,28.470779418945312
24.3671875,953.2147216796875,28.475921630859375
24.3828125,953.2176513671875,28.46636962890625
24.3984375,953.2142944335938,28.47040557861328
24.4140625,953.2123413085938,28.4832763671875
24.4296875,953.2106323242188,28.470779418945312
24.4453125,953.219482421875,28.46710205078125
24.4609375,953.2125854492188,28.460861206054688
24.4765625,953.2054443359375,28.454971313476562
24.4921875,953.202392578125,28.457550048828125
24.5078125,953.2134399414062,28.456817626953125
24.5234375,953.2348022460938,28.455345153808594
24.5390625,953.2491455078125,28.456817626953125
24.5546875,953.2384033203125,28.4476318359375
24.5703125,953.266845703125,28.446151733398438
24.5859375,953.2547607421875,28.457550048828125
24.6015625,953.3682861328125,28.457550048828125
24.6171875,953.2767944335938,28.451309204101562
24.6328125,953.3251953125,28.44725799560547
24.6484375,953.3038940429688,28.457550048828125
24.6640625,953.3006591796875,28.44910430908203
24.6796875,953.402099609375,28.453140258789062
24.6953125,953.41796875,28.454238891601562
24.7109375,953.4276123046875,28.46453857421875
24.7265625,953.4238891601562,28.47040557861328
24.7421875,953.3909912109375,28.457550048828125
24.7578125,953.4369506835938,28.46784210205078
24.7734375,953.5096435546875,28.470046997070312
24.7890625,953.4130859375,28.46343231201172
24.8046875,953.3090209960938,28.46636962890625
24.8203125,953.470703125,28.471878051757812
24.8359375,953.5208129882812,28.46453857421875
24.8515625,953.446044921875,28.475189208984375
24.8671875,953.4183959960938,28.470779418945312
24.8828125,953.4244995117188,28.46930694580078
24.8984375,953.5009155273438,28.479598999023438
24.9140625,953.4684448242188,28.471153259277344
24.9296875,953.5022583007812,28.48621368408203
24.9453125,953.5575561523438,28.492828369140625
24.9609375,953.5260009765625,28.485107421875
24.9765625,953.4618530273438,28.494659423828125
24.9921875,953.4174194335938,28.48438262939453
25.0078125,953.490966796875,28.50312042236328
25.0234375,953.4295043945312,28.515609741210938
25.0390625,953.543701171875,28.507156372070312
25.0546875,953.4479370117188,28.504959106445312
25.0703125,953.4093627929688,28.50568389892578
25.0859375,953.441162109375,28.506431579589844
25.1015625,953.5614013671875,28.525901794433594
25.1171875,953.5083618164062,28.509368896484375
25.1328125,953.5997924804688,28.511199951171875
25.1484375,953.4422607421875,28.516708374023438
25.1640625,953.4338989257812,28.5211181640625
25.1796875,953.4749145507812,28.53289031982422
25.1953125,953.5036010742188,28.531044006347656
25.2109375,953.5010986328125,28.531417846679688
25.2265625,953.43115234375,28.531417846679688
25.2421875,953.4855346679688,28.531417846679688
25.2578125,953.4962768554688,28.529937744140625
25.2734375,953.53857421875,28.546119689941406
25.2890625,953.4959106445312,28.545013427734375
25.3046875,953.4635620117188,28.545013427734375
25.3203125,953.4868774414062,28.556396484375
25.3359375,953.4282836914062,28.560073852539062
25.3515625,953.5177001953125,28.565589904785156
25.3671875,953.5181884765625,28.57514190673828
25.3828125,953.4928588867188,28.565589904785156
25.3984375,953.4458618164062,28.56816864013672
25.4140625,953.3929443359375,28.576614379882812
25.4296875,953.4093627929688,28.58690643310547
25.4453125,953.3482055664062,28.599037170410156
25.4609375,953.33740234375,28.583229064941406
25.4765625,953.2988891601562,28.603073120117188
25.4921875,953.2864379882812,28.60344696044922
25.5078125,953.2840576171875,28.618133544921875
25.5234375,953.2670288085938,28.62291717529297
25.5390625,953.2615356445312,28.603073120117188
25.5546875,953.2612915039062,28.61042022705078
25.5703125,953.2530517578125,28.61042022705078
25.5859375,953.2428588867188,28.597190856933594
25.6015625,953.2344360351562,28.603073120117188
25.6171875,953.23974609375,28.60344696044922
25.6328125,953.2421875,28.601242065429688
25.6484375,953.2420043945312,28.611892700195312
25.6640625,953.2431030273438,28.60344696044922
25.6796875,953.240966796875,28.601242065429688
25.6953125,953.248046875,28.599037170410156
25.7109375,953.2417602539062,28.5887451171875
25.7265625,953.2438354492188,28.602699279785156
25.7421875,953.2481689453125,28.59204864501953
25.7578125,953.2410888671875,28.56999969482422
25.7734375,953.232421875,28.589111328125
25.7890625,953.2395629882812,28.583602905273438
25.8046875,953.2355346679688,28.57330322265625
25.8203125,953.2494506835938,28.579551696777344
25.8359375,953.2398071289062,28.560447692871094
25.8515625,953.227783203125,28.563758850097656
25.8671875,953.2239379882812,28.561180114746094
25.8828125,953.2440185546875,28.560073852539062
25.8984375,953.2409057617188,28.566696166992188
25.9140625,953.2445678710938,28.5556640625
25.9296875,953.2315673828125,28.560073852539062
25.9453125,953.2266235351562,28.55750274658203
25.9609375,953.2424926757812,28.542068481445312
25.9765625,953.2319946289062,28.550155639648438
25.9921875,953.2417602539062,28.546478271484375
26.0078125,953.2444458007812,28.542808532714844
26.0234375,953.2349853515625,28.531417846679688
26.0390625,953.2303466796875,28.53509521484375
26.0546875,953.2318725585938,28.53875732421875
26.0703125,953.23046875,28.51966094970703
26.0859375,953.2339477539062,28.526634216308594
26.1015625,953.2232666015625,28.52332305908203
26.1171875,953.2330932617188,28.53509521484375
26.1328125,953.2252807617188,28.531784057617188
26.1484375,953.229736328125,28.5203857421875
26.1640625,953.2238159179688,28.526275634765625
26.1796875,953.2221069335938,28.516708374023438
26.1953125,953.232421875,28.52149200439453
26.2109375,953.2286987304688,28.5174560546875
26.2265625,953.2296142578125,28.51525115966797
26.2421875,953.2263793945312,28.529205322265625
26.2578125,953.2246704101562,28.508262634277344
26.2734375,953.2274169921875,28.51708221435547
26.2890625,953.2283325195312,28.525527954101562
26.3046875,953.2201538085938,28.513404846191406
26.3203125,953.2267456054688,28.507156372070312
26.3359375,953.2302856445312,28.508995056152344
26.3515625,953.2227172851562,28.5203857421875
26.3671875,953.22265625,28.507530212402344
26.3828125,953.2160034179688,28.51781463623047
26.3984375,953.2216796875,28.510093688964844
26.4140625,953.2198486328125,28.50347900390625
26.4296875,953.2495727539062,28.497970581054688
26.4453125,953.276611328125,28.49871063232422
26.4609375,953.2838134765625,28.506431579589844
26.4765625,953.3402099609375,28.48253631591797
26.4921875,953.3097534179688,28.492828369140625
26.5078125,953.3622436523438,28.48363494873047
26.5234375,953.3516235351562,28.50017547607422
26.5390625,953.3563842773438,28.497970581054688
26.5546875,953.4158325195312,28.48548126220703
26.5703125,953.4027099609375,28.48621368408203
26.5859375,953.447021484375,28.48180389404297
26.6015625,953.4453735351562,28.50017547607422
26.6171875,953.4107055664062,28.48694610595703
26.6328125,953.3890380859375,28.493202209472656
26.6484375,953.433349609375,28.50312042236328
26.6640625,953.4445190429688,28.496139526367188
26.6796875,953.4204711914062,28.496505737304688
26.6953125,953.4020385742188,28.506431579589844
26.7109375,953.3682861328125,28.496505737304688
26.7265625,953.3846435546875,28.497970581054688
26.7421875,953.3960571289062,28.508995056152344
26.7578125,953.4911499023438,28.515609741210938
26.7734375,953.4169921875,28.525901794433594
26.7890625,953.4808349609375,28.515975952148438
26.8046875,953.4959716796875,28.52075958251953
26.8203125,953.3966064453125,28.519287109375
26.8359375,953.5458374023438,28.509735107421875
26.8515625,953.4331665039062,28.508262634277344
26.8671875,953.4103393554688,28.519287109375
26.8828125,953.3533935546875,28.51525115966797
26.8984375,953.375732421875,28.526275634765625
26.9140625,953.4193725585938,28.527374267578125
26.9296875,953.3673706054688,28.51966094970703
26.9453125,953.480224609375,28.524070739746094
26.9609375,953.4154663085938,28.525901794433594
26.9765625,953.412109375,28.532516479492188
26.9921875,953.4043579101562,28.524795532226562
27.0078125,953.482421875,28.531417846679688
27.0234375,953.4317626953125,28.542068481445312
27.0390625,953.5128784179688,28.541709899902344
27.0546875,953.4041137695312,28.53472137451172
27.0703125,953.4356079101562,28.531417846679688
27.0859375,953.4395751953125,28.53509521484375
27.1015625,953.401611328125,28.531417846679688
27.1171875,953.392333984375,28.545013427734375
27.1328125,953.426513671875,28.544273376464844
27.1484375,953.418701171875,28.544273376464844
27.1640625,953.370849609375,28.53802490234375
27.1796875,953.3815307617188,28.549423217773438
27.1953125,953.3815307617188,28.545013427734375
27.2109375,953.3936767578125,28.547950744628906
27.2265625,953.356201171875,28.542068481445312
27.2421875,953.3695068359375,28.549423217773438
27.2578125,953.3253784179688,28.558242797851562
27.2734375,953.3321533203125,28.55677032470703
27.2890625,953.3487548828125,28.56816864013672
27.3046875,953.3284301757812,28.562652587890625
27.3203125,953.3069458007812,28.558242797851562
27.3359375,953.3208618164062,28.564483642578125
27.3515625,953.2933959960938,28.57330322265625
27.3671875,953.287109375,28.57514190673828
27.3828125,953.2843627929688,28.560073852539062
27.3984375,953.2583618164062,28.561180114746094
27.4140625,953.2637329101562,28.56816864013672
27.4296875,953.2728881835938,28.56999969482422
27.4453125,953.2573852539062,28.57330322265625
27.4609375,953.2649536132812,28.5552978515625
27.4765625,953.2481689453125,28.563011169433594
27.4921875,953.2489624023438,28.55750274658203
27.5078125,953.267578125,28.560073852539062
27.5234375,953.2427368164062,28.564483642578125
27.5390625,953.2557373046875,28.566696166992188
27.5546875,953.2445678710938,28.560073852539062
27.5703125,953.25,28.560073852539062
27.5859375,953.2379760742188,28.566322326660156
27.6015625,953.2385864257812,28.551254272460938
27.6171875,953.2369995117188,28.549423217773438
27.6328125,953.2387084960938,28.564483642578125
27.6484375,953.2383422851562,28.560073852539062
27.6640625,953.2367553710938,28.5556640625
27.6796875,953.2374877929688,28.564483642578125
27.6953125,953.2431640625,28.558242797851562
27.7109375,953.231201171875,28.53655242919922
27.7265625,953.230224609375,28.549781799316406
27.7421875,953.2356567382812,28.542808532714844
27.7578125,953.2422485351562,28.53875732421875
27.7734375,953.2208862304688,28.542068481445312
27.7890625,953.2278442382812,28.526275634765625
27.8046875,953.2333984375,28.524070739746094
27.8203125,953.2342529296875,28.51781463623047
27.8359375,953.2163696289062,28.511199951171875
27.8515625,953.21875,28.516708374023438
27.8671875,953.2222290039062,28.508262634277344
27.8828125,953.221435546875,28.52001953125
27.8984375,953.221435546875,28.50347900390625
27.9140625,953.2269287109375,28.51525115966797
27.9296875,953.22216796875,28.50347900390625
27.9453125,953.2227172851562,28.509368896484375
27.9609375,953.2263793945312,28.511566162109375
27.9765625,953.2205810546875,28.506431579589844
27.9921875,953.2254638671875,28.507156372070312
28.0078125,953.2213745117188,28.505325317382812
28.0234375,953.2283935546875,28.508995056152344
28.0390625,953.2286987304688,28.507156372070312
28.0546875,953.21240234375,28.49761199951172
28.0703125,953.215576171875,28.506431579589844
28.0859375,953.230224609375,28.496505737304688
28.1015625,953.2202758789062,28.487319946289062
28.1171875,953.21630859375,28.492828369140625
28.1328125,953.2247314453125,28.496505737304688
28.1484375,953.22802734375,28.48180389404297
28.1640625,953.2135009765625,28.486587524414062
28.1796875,953.2193603515625,28.48621368408203
28.1953125,953.2079467773438,28.491729736328125
28.2109375,953.224609375,28.4847412109375
28.2265625,953.2107543945312,28.47997283935547
28.2421875,953.2198486328125,28.474090576171875
28.2578125,953.2240600585938,28.4832763671875
28.2734375,953.2238159179688,28.477767944335938
28.2890625,953.2257080078125,28.475189208984375
28.3046875,953.2797241210938,28.475563049316406
28.3203125,953.3323974609375,28.485107421875
28.3359375,953.3123779296875,28.475189208984375
28.3515625,953.3298950195312,28.47997283935547
28.3671875,953.3525390625,28.47997283935547
28.3828125,953.3256225585938,28.473358154296875
28.3984375,953.3662109375,28.477020263671875
28.4140625,953.3211669921875,28.47997283935547
28.4296875,953.3633422851562,28.480697631835938
28.4453125,953.4165649414062,28.478866577148438
28.4609375,953.3846435546875,28.480697631835938
28.4765625,953.5067749023438,28.489517211914062
28.4921875,953.4760131835938,28.488418579101562
28.5078125,953.4113159179688,28.485107421875
28.5234375,953.4707641601562,28.48438262939453
28.5390625,953.4276123046875,28.493927001953125
28.5546875,953.491943359375,28.50017547607422
28.5703125,953.3892211914062,28.48694610595703
28.5859375,953.5176391601562,28.490623474121094
28.6015625,953.4061279296875,28.488792419433594
28.6171875,953.4340209960938,28.490623474121094
28.6328125,953.4713134765625,28.492828369140625
28.6484375,953.5499267578125,28.47997283935547
28.6640625,953.3984985351562,28.49981689453125
28.6796875,953.47998046875,28.506431579589844
28.6953125,953.4651489257812,28.50274658203125
28.7109375,953.4205932617188,28.507530212402344
28.7265625,953.419189453125,28.50568389892578
28.7421875,953.3515625,28.508995056152344
28.7578125,953.4391479492188,28.509368896484375
28.7734375,953.4271850585938,28.509735107421875
28.7890625,953.4086303710938,28.51708221435547
28.8046875,953.39453125,28.514877319335938
28.8203125,953.4138793945312,28.516708374023438
28.8359375,953.4260864257812,28.51891326904297
28.8515625,953.4305419921875,28.513404846191406
28.8671875,953.4497680664062,28.524070739746094
28.8828125,953.5570678710938,28.51966094970703
28.8984375,953.49755859375,28.526634216308594
28.9140625,953.4526977539062,28.524795532226562
28.9296875,953.4406127929688,28.525169372558594
28.9453125,953.4866943359375,28.531784057617188
28.9609375,953.4442749023438,28.52332305908203
28.9765625,953.4028930664062,28.531417846679688
28.9921875,953.4442749023438,28.544273376464844
29.0078125,953.4963989257812,28.549423217773438
29.0234375,953.4203491210938,28.558242797851562
29.0390625,953.4344482421875,28.549781799316406
29.0546875,953.4694213867188,28.551254272460938
29.0703125,953.4301147460938,28.545013427734375
29.0859375,953.4653930664062,28.545013427734375
29.1015625,953.4307861328125,28.564483642578125
29.1171875,953.3956298828125,28.563758850097656
29.1328125,953.400390625,28.57073211669922
29.1484375,953.3131713867188,28.57147216796875
29.1640625,953.3783569335938,28.57330322265625
29.1796875,953.3373413085938,28.580291748046875
29.1953125,953.2901611328125,28.581024169921875
29.2109375,953.2615356445312,28.586532592773438
29.2265625,953.2871704101562,28.57440948486328
29.2421875,953.2871704101562,28.583229064941406
29.2578125,953.2743530273438,28.583229064941406
29.2734375,953.2743530273438,28.57514190673828
29.2890625,953.2735595703125,28.582855224609375
29.3046875,953.2586669921875,28.57514190673828
29.3203125,953.2681884765625,28.57330322265625
29.3359375,953.2661743164062,28.57330322265625
29.3515625,953.2673950195312,28.586532592773438
29.3671875,953.2662353515625,28.583229064941406
29.3828125,953.2462768554688,28.584335327148438
29.3984375,953.2618408203125,28.581024169921875
29.4140625,953.250732421875,28.56999969482422
29.4296875,953.2503051757812,28.57330322265625
29.4453125,953.2494506835938,28.57440948486328
29.4609375,953.2393798828125,28.581024169921875
29.4765625,953.2514038085938,28.57514190673828
29.4921875,953.2442626953125,28.564483642578125
29.5078125,953.2444458007812,28.564483642578125
29.5234375,953.2515258789062,28.5545654296875
29.5390625,953.2362060546875,28.56816864013672
29.5546875,953.2387084960938,28.5556640625
29.5703125,953.2434692382812,28.55419158935547
29.5859375,953.2367553710938,28.550155639648438
29.6015625,953.2417602539062,28.55493927001953
29.6171875,953.2374267578125,28.548324584960938
29.6328125,953.2415161132812,28.53913116455078
29.6484375,953.23046875,28.53986358642578
29.6640625,953.2359008789062,28.540603637695312
29.6796875,953.2461547851562,28.531417846679688
29.6953125,953.224365234375,28.532516479492188
29.7109375,953.2352294921875,28.531417846679688
29.7265625,953.2189331054688,28.5203857421875
29.7421875,953.22265625,28.531784057617188
29.7578125,953.2279663085938,28.52332305908203
29.7734375,953.2229614257812,28.53655242919922
29.7890625,953.2403564453125,28.531784057617188
29.8046875,953.2310180664062,28.525169372558594
29.8203125,953.2291259765625,28.524795532226562
29.8359375,953.2200317382812,28.531417846679688
29.8515625,953.2196044921875,28.526275634765625
29.8671875,953.2178955078125,28.531417846679688
29.8828125,953.2124633789062,28.53472137451172
29.8984375,953.231201171875,28.542068481445312
29.9140625,953.222412109375,28.526275634765625
29.9296875,953.2149047851562,28.524070739746094
29.9453125,953.2229614257812,28.51891326904297
29.9609375,953.2081909179688,28.51891326904297
29.9765625,953.214111328125,28.51634979248047
29.9921875,953.2079467773438,28.52332305908203
30.0078125,953.2139892578125,28.524429321289062
30.0234375,953.2074584960938,28.52149200439453
30.0390625,953.2144165039062,28.511566162109375
30.0546875,953.2127685546875,28.508262634277344
30.0703125,953.2101440429688,28.509735107421875
30.0859375,953.2095947265625,28.507156372070312
30.1015625,953.2130126953125,28.509735107421875
30.1171875,953.2030029296875,28.515609741210938
30.1328125,953.2162475585938,28.508995056152344
30.1484375,953.2203979492188,28.522598266601562
30.1640625,953.2073364257812,28.50347900390625
30.1796875,953.2197265625,28.49981689453125
30.1953125,953.2182006835938,28.507530212402344
30.2109375,953.2171630859375,28.48694610595703
30.2265625,953.2062377929688,28.50164794921875
30.2421875,953.1998291015625,28.48180389404297
30.2578125,953.2031860351562,28.490623474121094
30.2734375,953.2472534179688,28.507156372070312
30.2890625,953.2734375,28.491729736328125
30.3046875,953.3184204101562,28.49944305419922
30.3203125,953.2994384765625,28.50458526611328
30.3359375,953.3681030273438,28.497238159179688
30.3515625,953.450439453125,28.50274658203125
30.3671875,953.4175415039062,28.496505737304688
30.3828125,953.5197143554688,28.509368896484375
30.3984375,953.5120239257812,28.50347900390625
30.4140625,953.5114135742188,28.493202209472656
30.4296875,953.497314453125,28.50274658203125
30.4453125,953.495849609375,28.507888793945312
30.4609375,953.5667724609375,28.504226684570312
30.4765625,953.47021484375,28.523696899414062
30.4921875,953.4596557617188,28.513404846191406
30.5078125,953.4694213867188,28.509735107421875
30.5234375,953.4420776367188,28.524429321289062
30.5390625,953.6688842773438,28.509368896484375
30.5546875,953.5042724609375,28.507530212402344
30.5703125,953.5118408203125,28.526275634765625
30.5859375,953.514892578125,28.509368896484375
30.6015625,953.5460815429688,28.525527954101562
30.6171875,953.413818359375,28.52332305908203
30.6328125,953.4495239257812,28.53730010986328
30.6484375,953.5279541015625,28.526275634765625
30.6640625,953.3984375,28.541709899902344
30.6796875,953.4429321289062,28.546119689941406
30.6953125,953.4857788085938,28.542434692382812
30.7109375,953.51953125,28.5556640625
30.7265625,953.43115234375,28.560806274414062
30.7421875,953.4334716796875,28.560073852539062
30.7578125,953.5069580078125,28.547950744628906
30.7734375,953.3712158203125,28.55419158935547
30.7890625,953.3001098632812,28.56816864013672
30.8046875,953.3349609375,28.564483642578125
30.8203125,953.3477783203125,28.56999969482422
30.8359375,953.3208618164062,28.560073852539062
30.8515625,953.3137817382812,28.566322326660156
30.8671875,953.3258666992188,28.577713012695312
30.8828125,953.2916259765625,28.57330322265625
30.8984375,953.3265380859375,28.57330322265625
30.9140625,953.3373413085938,28.57367706298828
30.9296875,953.2841186523438,28.583229064941406
30.9453125,953.2928466796875,28.576988220214844
