# Time (seconds),Pressure,Temp
0.0078125,953.9160766601562,28.525169372558594
0.0234375,953.7855224609375,28.52222442626953
0.0390625,953.822265625,28.52332305908203
0.0546875,953.7894897460938,28.525527954101562
0.0703125,953.7866821289062,28.509368896484375
0.0859375,953.7850341796875,28.534347534179688
0.1015625,953.7755737304688,28.51966094970703
0.1171875,953.8016967773438,28.5185546875
0.1328125,953.8009033203125,28.51966094970703
0.1484375,953.7813720703125,28.516708374023438
0.1640625,953.7822265625,28.52332305908203
0.1796875,953.7847290039062,28.526275634765625
0.1953125,953.792724609375,28.531417846679688
0.2109375,953.7951049804688,28.5181884765625
0.2265625,953.7793579101562,28.51966094970703
0.2421875,953.7861328125,28.525169372558594
0.2578125,953.787841796875,28.541336059570312
0.2734375,953.8002319335938,28.521865844726562
0.2890625,953.79296875,28.531044006347656
0.3046875,953.7705078125,28.525169372558594
0.3203125,953.7866821289062,28.511566162109375
0.3359375,953.8031616210938,28.530685424804688
0.3515625,953.7955932617188,28.526275634765625
0.3671875,953.7868041992188,28.525169372558594
0.3828125,953.7891235351562,28.533248901367188
0.3984375,953.7892456054688,28.52332305908203
0.4140625,953.79248046875,28.53875732421875
0.4296875,953.792236328125,28.52332305908203
0.4453125,953.7876586914062,28.53730010986328
0.4609375,953.7890625,28.545372009277344
0.4765625,953.7766723632812,28.531044006347656
0.4921875,953.7986450195312,28.549423217773438
0.5078125,953.798095703125,28.549423217773438
0.5234375,953.817138671875,28.548324584960938
0.5390625,953.83740234375,28.54096221923828
0.5546875,953.8246459960938,28.53913116455078
0.5703125,953.8585815429688,28.545745849609375
0.5859375,953.8502807617188,28.549423217773438
0.6015625,953.8692016601562,28.549423217773438
0.6171875,953.9014892578125,28.545745849609375
0.6328125,953.9059448242188,28.545013427734375
0.6484375,953.8950805664062,28.5538330078125
0.6640625,953.9066772460938,28.564483642578125
0.6796875,953.9190673828125,28.559349060058594
0.6953125,953.9322509765625,28.560073852539062
0.7109375,953.9442749023438,28.564483642578125
0.7265625,953.919677734375,28.579551696777344
0.7421875,953.92529296875,28.57367706298828
0.7578125,953.9426879882812,28.580291748046875
0.7734375,953.9815673828125,28.57330322265625
0.7890625,953.9701538085938,28.581024169921875
0.8046875,953.9469604492188,28.59204864501953
0.8203125,953.9575805664062,28.597190856933594
0.8359375,953.9359741210938,28.611892700195312
0.8515625,953.941162109375,28.62291717529297
0.8671875,953.9666137695312,28.637619018554688
0.8828125,953.9465942382812,28.64496612548828
0.8984375,953.9664916992188,28.649749755859375
0.9140625,953.959716796875,28.652313232421875
0.9296875,953.955810546875,28.666641235351562
0.9453125,953.95849609375,28.664810180664062
0.9609375,953.9696655273438,28.67987060546875
0.9765625,953.9425048828125,28.682449340820312
0.9921875,953.931396484375,28.705596923828125
1.0078125,953.983154296875,28.707809448242188
1.0234375,953.9464721679688,28.707077026367188
1.0390625,953.931396484375,28.71184539794922
1.0546875,953.9730224609375,28.737945556640625
1.0703125,953.9566040039062,28.73058319091797
1.0859375,953.95703125,28.74932861328125
1.1015625,953.9517211914062,28.755584716796875
1.1171875,953.9738159179688,28.771743774414062
1.1328125,953.93359375,28.8004150390625
1.1484375,953.9740600585938,28.804824829101562
1.1640625,953.987060546875,28.812164306640625
1.1796875,953.9556274414062,28.834213256835938
1.1953125,953.9535522460938,28.826873779296875
1.2109375,953.9923095703125,28.824661254882812
1.2265625,953.9669799804688,28.847442626953125
1.2421875,953.9369506835938,28.860313415527344
1.2578125,953.9686279296875,28.8731689453125
1.2734375,953.96044921875,28.868392944335938
1.2890625,953.9419555664062,28.881622314453125
1.3046875,953.9403686523438,28.894119262695312
1.3203125,953.949951171875,28.903671264648438
1.3359375,953.9718017578125,28.917266845703125
1.3515625,953.995849609375,28.91028594970703
1.3671875,953.9813842773438,28.930130004882812
1.3828125,953.974365234375,28.945205688476562
1.3984375,953.9352416992188,28.9437255859375
1.4140625,953.9591064453125,28.949974060058594
1.4296875,953.939453125,28.95806121826172
1.4453125,953.9551391601562,28.974227905273438
1.4609375,953.9219970703125,28.96026611328125
1.4765625,953.9797973632812,28.969459533691406
1.4921875,953.9395141601562,28.97570037841797
1.5078125,953.956787109375,28.990402221679688
1.5234375,953.947021484375,29.008399963378906
1.5390625,953.94873046875,29.01024627685547
1.5546875,953.931640625,29.026039123535156
1.5703125,953.9535522460938,29.019065856933594
1.5859375,953.9354248046875,29.03229522705078
1.6015625,953.9637451171875,29.041114807128906
1.6171875,953.9579467773438,29.060592651367188
1.6328125,953.9485473632812,29.051040649414062
1.6484375,953.9345092773438,29.0477294921875
1.6640625,953.9568481445312,29.055076599121094
1.6796875,953.9533081054688,29.070510864257812
1.6953125,953.9567260742188,29.06389617919922
1.7109375,953.97216796875,29.070884704589844
1.7265625,953.9591064453125,29.08411407470703
1.7421875,953.9741821289062,29.074546813964844
1.7578125,953.9570922851562,29.0826416015625
1.7734375,953.9686279296875,29.08594512939453
1.7890625,953.971435546875,29.10285186767578
1.8046875,953.9378051757812,29.092559814453125
1.8203125,953.9690551757812,29.096969604492188
1.8359375,953.9330444335938,29.112777709960938
1.8515625,953.946533203125,29.115341186523438
1.8671875,953.9659423828125,29.11939239501953
1.8828125,953.939453125,29.122695922851562
1.8984375,953.9547729492188,29.13848876953125
1.9140625,953.96044921875,29.13555908203125
1.9296875,953.9122924804688,29.130775451660156
1.9453125,953.9364013671875,29.145103454589844
1.9609375,953.9348754882812,29.15392303466797
1.9765625,953.9357299804688,29.16973114013672
1.9921875,953.9085693359375,29.168258666992188
2.0078125,953.921630859375,29.160911560058594
2.0234375,953.90771484375,29.16790008544922
2.0390625,953.91552734375,29.15723419189453
2.0546875,953.9222412109375,29.168258666992188
2.0703125,953.9155883789062,29.159805297851562
2.0859375,953.920654296875,29.159805297851562
2.1015625,953.9297485351562,29.148056030273438
2.1171875,953.9064331054688,29.140335083007812
2.1328125,953.9217529296875,29.122695922851562
2.1484375,953.9039916992188,29.1190185546875
2.1640625,953.9036254882812,29.124526977539062
2.1796875,953.9142456054688,29.110198974609375
2.1953125,953.89013671875,29.094764709472656
2.2109375,953.9041137695312,29.0826416015625
2.2265625,953.9286499023438,29.08336639404297
2.2421875,953.9000854492188,29.072715759277344
2.2578125,953.912109375,29.06427001953125
2.2734375,953.9022216796875,29.056182861328125
2.2890625,953.8919067382812,29.043319702148438
2.3046875,953.9110107421875,29.03229522705078
2.3203125,953.9171142578125,29.016860961914062
2.3359375,953.9124755859375,29.015762329101562
2.3515625,953.9154663085938,29.01538848876953
2.3671875,953.9064331054688,28.990402221679688
2.3828125,953.89794921875,28.97570037841797
2.3984375,953.9054565429688,28.983413696289062
2.4140625,953.9122314453125,28.96063995361328
2.4296875,953.8950805664062,28.96099853515625
2.4453125,953.9099731445312,28.955123901367188
2.4609375,953.891357421875,28.953277587890625
2.4765625,953.9002075195312,28.929397583007812
2.4921875,953.8978881835938,28.915069580078125
2.5078125,953.8779296875,28.899261474609375
2.5234375,953.9038696289062,28.896324157714844
2.5390625,953.9036254882812,28.883468627929688
2.5546875,953.8932495117188,28.879791259765625
2.5703125,953.8798217773438,28.860313415527344
2.5859375,953.8880004882812,28.863983154296875
2.6015625,953.900390625,28.85333251953125
2.6171875,953.8843383789062,28.85295867919922
2.6328125,953.8837280273438,28.845237731933594
2.6484375,953.8829956054688,28.8367919921875
2.6640625,953.888671875,28.828704833984375
2.6796875,953.8819580078125,28.824661254882812
2.6953125,953.903076171875,28.825767517089844
2.7109375,953.9031982421875,28.812164306640625
2.7265625,953.8803100585938,28.791221618652344
2.7421875,953.880615234375,28.78534698486328
2.7578125,953.8692626953125,28.77983856201172
2.7734375,953.8770141601562,28.776527404785156
2.7890625,953.8809204101562,28.77983856201172
2.8046875,953.87646484375,28.770645141601562
2.8203125,953.8910522460938,28.743087768554688
2.8359375,953.8734130859375,28.770645141601562
2.8515625,953.8815307617188,28.75006866455078
2.8671875,953.8956909179688,28.757041931152344
2.8828125,953.8676147460938,28.738677978515625
2.8984375,953.8873291015625,28.731689453125
2.9140625,953.8926391601562,28.73499298095703
2.9296875,953.8875732421875,28.7298583984375
2.9453125,953.8870849609375,28.723609924316406
2.9609375,953.8798828125,28.71221923828125
2.9765625,953.9008178710938,28.71258544921875
2.9921875,953.899658203125,28.702293395996094
3.0078125,953.8938598632812,28.710739135742188
3.0234375,953.9054565429688,28.710739135742188
3.0390625,953.8988647460938,28.69420623779297
3.0546875,953.899658203125,28.697509765625
3.0703125,953.893310546875,28.697509765625
3.0859375,953.898193359375,28.686126708984375
3.1015625,953.8934936523438,28.683921813964844
3.1171875,953.896240234375,28.69715118408203
3.1328125,953.89453125,28.691268920898438
3.1484375,953.8999633789062,28.689064025878906
3.1640625,953.8895874023438,28.69715118408203
3.1796875,953.89453125,28.69274139404297
3.1953125,953.897705078125,28.674728393554688
3.2109375,953.8911743164062,28.690895080566406
3.2265625,953.8927001953125,28.686126708984375
3.2421875,953.8881225585938,28.67913818359375
3.2578125,953.8760986328125,28.683921813964844
3.2734375,953.9027709960938,28.686859130859375
3.2890625,953.889892578125,28.687957763671875
3.3046875,953.8924560546875,28.68024444580078
3.3203125,953.9024658203125,28.681716918945312
3.3359375,953.9097290039062,28.683547973632812
3.3515625,953.8926391601562,28.674728393554688
3.3671875,953.8887329101562,28.687957763671875
3.3828125,953.9068603515625,28.69420623779297
3.3984375,953.9175415039062,28.687957763671875
3.4140625,953.9103393554688,28.689064025878906
3.4296875,953.89013671875,28.689796447753906
3.4453125,953.9034423828125,28.68207550048828
3.4609375,953.8977661132812,28.688331604003906
3.4765625,953.8924560546875,28.681716918945312
3.4921875,953.8876342773438,28.681716918945312
3.5078125,953.8733520507812,28.685386657714844
3.5234375,953.8892822265625,28.691268920898438
3.5390625,953.9059448242188,28.683547973632812
3.5546875,953.8992919921875,28.681716918945312
3.5703125,953.886474609375,28.682449340820312
3.5859375,953.8889770507812,28.689064025878906
3.6015625,953.9027099609375,28.681716918945312
3.6171875,953.88232421875,28.669593811035156
3.6328125,953.90380859375,28.67987060546875
3.6484375,953.8917236328125,28.673255920410156
3.6640625,953.8843383789062,28.686485290527344
3.6796875,953.8821411132812,28.669593811035156
3.6953125,953.88818359375,28.681350708007812
3.7109375,953.8750610351562,28.69420623779297
3.7265625,953.8781127929688,28.67730712890625
3.7421875,953.8753051757812,28.667015075683594
3.7578125,953.8814697265625,28.67766571044922
3.7734375,953.8884887695312,28.672897338867188
3.7890625,953.8880004882812,28.67730712890625
3.8046875,953.87109375,28.67766571044922
3.8203125,953.866943359375,28.673255920410156
3.8359375,953.866455078125,28.672157287597656
3.8515625,953.8741455078125,28.67913818359375
3.8671875,953.8820190429688,28.681350708007812
3.8828125,953.8672485351562,28.668487548828125
3.8984375,953.8720092773438,28.67510223388672
3.9140625,953.8696899414062,28.67730712890625
3.9296875,953.866943359375,28.669952392578125
3.9453125,953.8721923828125,28.671051025390625
3.9609375,953.8663330078125,28.668846130371094
3.9765625,953.8690185546875,28.66077423095703
3.9921875,953.8580932617188,28.652679443359375
4.0078125,953.8793334960938,28.654518127441406
4.0234375,953.8574829101562,28.67803955078125
4.0390625,953.874755859375,28.667015075683594
4.0546875,953.880859375,28.665184020996094
4.0703125,953.8878173828125,28.654159545898438
4.0859375,953.8741455078125,28.664077758789062
4.1015625,953.8656005859375,28.664810180664062
4.1171875,953.8746948242188,28.6585693359375
4.1328125,953.8709716796875,28.669952392578125
4.1484375,953.8811645507812,28.6611328125
4.1640625,953.8683471679688,28.664810180664062
4.1796875,953.87109375,28.66187286376953
4.1953125,953.8743286132812,28.668121337890625
4.2109375,953.8659057617188,28.669952392578125
4.2265625,953.8721923828125,28.668121337890625
4.2421875,953.8659057617188,28.6593017578125
4.2578125,953.88671875,28.65819549560547
4.2734375,953.8870849609375,28.652313232421875
4.2890625,953.8793334960938,28.657821655273438
4.3046875,953.864990234375,28.650482177734375
4.3203125,953.8672485351562,28.653411865234375
4.3359375,953.8795166015625,28.664077758789062
4.3515625,953.8745727539062,28.6593017578125
4.3671875,953.8741455078125,28.664810180664062
4.3828125,953.8626098632812,28.665184020996094
4.3984375,953.8656616210938,28.665184020996094
4.4140625,953.8734130859375,28.648643493652344
4.4296875,953.871826171875,28.6611328125
4.4453125,953.8587036132812,28.64569854736328
4.4609375,953.8594970703125,28.650482177734375
4.4765625,953.8732299804688,28.650482177734375
4.4921875,953.8702392578125,28.650482177734375
4.5078125,953.8642578125,28.650108337402344
4.5234375,953.8480224609375,28.653411865234375
4.5390625,953.864501953125,28.650482177734375
4.5546875,953.8672485351562,28.652679443359375
4.5703125,953.8572998046875,28.650482177734375
4.5859375,953.8672485351562,28.653411865234375
4.6015625,953.8388671875,28.6614990234375
4.6171875,953.8652954101562,28.66443634033203
4.6328125,953.8583984375,28.655990600585938
4.6484375,953.86474609375,28.6585693359375
4.6640625,953.8650512695312,28.664810180664062
4.6796875,953.8614501953125,28.665184020996094
4.6953125,953.8590698242188,28.663711547851562
4.7109375,953.85302734375,28.650482177734375
4.7265625,953.8642578125,28.657821655273438
4.7421875,953.8524169921875,28.667388916015625
4.7578125,953.8533325195312,28.647171020507812
4.7734375,953.835205078125,28.66333770751953
4.7890625,953.8655395507812,28.66002655029297
4.8046875,953.8651123046875,28.647171020507812
4.8203125,953.835205078125,28.6614990234375
4.8359375,953.8491821289062,28.64679718017578
4.8515625,953.8567504882812,28.6614990234375
4.8671875,953.8336791992188,28.64569854736328
4.8828125,953.8296508789062,28.649749755859375
4.8984375,953.8414916992188,28.663711547851562
4.9140625,953.8368530273438,28.6614990234375
4.9296875,953.8366088867188,28.66443634033203
4.9453125,953.8500366210938,28.660400390625
4.9609375,953.858642578125,28.650482177734375
4.9765625,953.8355102539062,28.647171020507812
4.9921875,953.851318359375,28.652679443359375
5.0078125,953.8285522460938,28.657821655273438
5.0234375,953.8583374023438,28.66187286376953
5.0390625,953.8653564453125,28.65746307373047
5.0546875,953.864990234375,28.66187286376953
5.0703125,953.88037109375,28.667015075683594
5.0859375,953.871826171875,28.668121337890625
5.1015625,953.8881225585938,28.665184020996094
5.1171875,953.8872680664062,28.668846130371094
5.1328125,953.9180297851562,28.66443634033203
5.1484375,953.921142578125,28.674728393554688
5.1640625,953.905517578125,28.671051025390625
5.1796875,953.9135131835938,28.685386657714844
5.1953125,953.9166870117188,28.672897338867188
5.2109375,953.9214477539062,28.681716918945312
5.2265625,953.9313354492188,28.687957763671875
5.2421875,953.934326171875,28.69605255126953
5.2578125,953.9279174804688,28.689796447753906
5.2734375,953.9242553710938,28.703025817871094
5.2890625,953.9340209960938,28.707809448242188
5.3046875,953.9619140625,28.71221923828125
5.3203125,953.9439086914062,28.71552276611328
5.3359375,953.9513549804688,28.71514892578125
5.3515625,953.9423217773438,28.726173400878906
5.3671875,953.9619140625,28.72801971435547
5.3828125,953.9627075195312,28.737571716308594
5.3984375,954.0006713867188,28.76329803466797
5.4140625,953.9495849609375,28.76403045654297
5.4296875,953.9573974609375,28.7662353515625
5.4453125,953.9659423828125,28.768814086914062
5.4609375,953.9590454101562,28.776885986328125
5.4765625,953.9758911132812,28.786453247070312
5.4921875,953.96435546875,28.806297302246094
5.5078125,953.99560546875,28.806655883789062
5.5234375,953.9931640625,28.824661254882812
5.5390625,953.9718017578125,28.825767517089844
5.5546875,954.0023803710938,28.8367919921875
5.5703125,954.0482788085938,28.85590362548828
5.5859375,954.004638671875,28.863250732421875
5.6015625,953.979736328125,28.882720947265625
5.6171875,953.9799194335938,28.8702392578125
5.6328125,953.9601440429688,28.886032104492188
5.6484375,953.9747924804688,28.90772247314453
5.6640625,953.9405517578125,28.912132263183594
5.6796875,953.9774169921875,28.929397583007812
5.6953125,953.9522705078125,28.929397583007812
5.7109375,953.9707641601562,28.9407958984375
5.7265625,953.945068359375,28.96063995361328
5.7421875,953.9368286132812,28.965774536132812
5.7578125,953.955810546875,28.9779052734375
5.7734375,954.0031127929688,28.998855590820312
5.7890625,953.9423828125,28.99848175048828
5.8046875,953.9614868164062,28.99701690673828
5.8203125,953.98046875,29.022735595703125
5.8359375,953.975830078125,29.039642333984375
5.8515625,953.9811401367188,29.04442596435547
5.8671875,953.9649047851562,29.06572723388672
5.8828125,953.9633178710938,29.07013702392578
5.8984375,953.9315185546875,29.074546813964844
5.9140625,953.9564819335938,29.122695922851562
5.9296875,953.9721069335938,29.129310607910156
5.9453125,953.9708862304688,29.140335083007812
5.9609375,953.9684448242188,29.139968872070312
5.9765625,953.9660034179688,29.151718139648438
5.9921875,953.9647216796875,29.155029296875
6.0078125,954.0028076171875,29.164215087890625
6.0234375,953.9785766601562,29.175613403320312
6.0390625,953.9713134765625,29.19140625
6.0546875,953.9752197265625,29.195083618164062
6.0703125,954.022216796875,29.200973510742188
6.0859375,954.011474609375,29.21015167236328
6.1015625,953.9752807617188,29.21015167236328
6.1171875,953.9705200195312,29.22522735595703
6.1328125,954.0060424804688,29.236251831054688
6.1484375,953.9869384765625,29.256820678710938
6.1640625,953.9680786132812,29.268218994140625
6.1796875,954.0157470703125,29.27593994140625
6.1953125,954.0153198242188,29.27556610107422
6.2109375,954.0070190429688,29.285118103027344
6.2265625,953.9660034179688,29.289169311523438
6.2421875,953.9694213867188,29.31342315673828
6.2578125,953.9867553710938,29.333267211914062
6.2734375,953.9672241210938,29.340606689453125
6.2890625,953.9631958007812,29.337303161621094
6.3046875,953.9891967773438,29.33472442626953
6.3203125,953.9877319335938,29.34759521484375
6.3359375,953.9620971679688,29.3641357421875
6.3515625,953.9774780273438,29.386917114257812
6.3671875,953.9576416015625,29.386184692382812
6.3828125,953.962890625,29.392799377441406
6.3984375,953.989990234375,29.415573120117188
6.4140625,953.9496459960938,29.42108917236328
6.4296875,953.9771118164062,29.415206909179688
6.4453125,953.9747924804688,29.424392700195312
6.4609375,953.9666748046875,29.428802490234375
6.4765625,953.9869384765625,29.443138122558594
6.4921875,953.952392578125,29.457839965820312
6.5078125,953.9855346679688,29.463356018066406
6.5234375,953.991455078125,29.476585388183594
6.5390625,953.9993286132812,29.47400665283203
6.5546875,954.0068359375,29.486129760742188
6.5703125,953.9895629882812,29.499359130859375
6.5859375,953.9514770507812,29.49347686767578
6.6015625,953.9998779296875,29.513320922851562
6.6171875,953.9444580078125,29.516632080078125
6.6328125,953.954345703125,29.52655029296875
6.6484375,953.966064453125,29.547866821289062
6.6640625,953.98974609375,29.553382873535156
6.6796875,953.975341796875,29.574325561523438
6.6953125,954.016845703125,29.57910919189453
6.7109375,953.964111328125,29.566986083984375
6.7265625,953.9904174804688,29.57984161376953
6.7421875,953.9881591796875,29.59380340576172
6.7578125,953.9793701171875,29.600059509277344
6.7734375,953.9512939453125,29.603363037109375
6.7890625,953.9976196289062,29.607772827148438
6.8046875,954.0016479492188,29.603721618652344
6.8203125,953.9515991210938,29.61511993408203
6.8359375,953.9598999023438,29.61585235595703
6.8515625,953.9534301757812,29.63128662109375
6.8671875,953.9615478515625,29.641204833984375
6.8828125,953.949951171875,29.66289520263672
6.8984375,953.9867553710938,29.653335571289062
6.9140625,953.98583984375,29.66876983642578
6.9296875,954.0029296875,29.669143676757812
6.9453125,953.94921875,29.68309783935547
6.9609375,953.9595336914062,29.690460205078125
6.9765625,953.9822998046875,29.693389892578125
6.9921875,953.9485473632812,29.673179626464844
7.0078125,953.9656982421875,29.693389892578125
7.0234375,953.9450073242188,29.695968627929688
7.0390625,953.9554443359375,29.7169189453125
7.0546875,953.958740234375,29.689353942871094
7.0703125,953.951171875,29.708831787109375
7.0859375,953.9985961914062,29.705894470214844
7.1015625,953.9563598632812,29.711402893066406
7.1171875,953.9772338867188,29.725738525390625
7.1328125,953.9708862304688,29.7198486328125
7.1484375,954.0120849609375,29.725364685058594
7.1640625,953.9959716796875,29.724990844726562
7.1796875,953.995361328125,29.727195739746094
7.1953125,953.9710083007812,29.741531372070312
7.2109375,953.9652709960938,29.738967895507812
7.2265625,953.9656982421875,29.744834899902344
7.2421875,953.9500732421875,29.748519897460938
7.2578125,953.9732055664062,29.763946533203125
7.2734375,953.924560546875,29.765785217285156
7.2890625,953.9432373046875,29.777549743652344
7.3046875,953.9599609375,29.77239990234375
7.3203125,953.9684448242188,29.796653747558594
7.3359375,953.9462890625,29.785629272460938
7.3515625,953.9697265625,29.795188903808594
7.3671875,953.9461669921875,29.79077911376953
7.3828125,953.931396484375,29.80621337890625
7.3984375,953.9562377929688,29.80841827392578
7.4140625,953.915771484375,29.818344116210938
7.4296875,953.9203491210938,29.813560485839844
7.4453125,953.932373046875,29.815391540527344
7.4609375,953.9296875,29.814666748046875
7.4765625,953.9337158203125,29.815765380859375
7.4921875,953.9290161132812,29.818344116210938
7.5078125,953.9239501953125,29.8238525390625
7.5234375,953.9286499023438,29.816864013671875
7.5390625,953.9130249023438,29.819442749023438
7.5546875,953.9324951171875,29.809524536132812
7.5703125,953.9224243164062,29.813186645507812
7.5859375,953.9288330078125,29.801803588867188
7.6015625,953.92529296875,29.795188903808594
7.6171875,953.9150390625,29.782691955566406
7.6328125,953.9221801757812,29.781585693359375
7.6484375,953.9459838867188,29.79077911376953
7.6640625,953.9259643554688,29.75806427001953
7.6796875,953.9310913085938,29.761016845703125
7.6953125,953.931396484375,29.73455810546875
7.7109375,953.9300537109375,29.730880737304688
7.7265625,953.9284057617188,29.730148315429688
7.7421875,953.931396484375,29.709556579589844
7.7578125,953.9161376953125,29.70294189453125
7.7734375,953.9185180664062,29.689353942871094
7.7890625,953.9368286132812,29.675750732421875
7.8046875,953.934326171875,29.673919677734375
7.8203125,953.92578125,29.642684936523438
7.8359375,953.922607421875,29.636795043945312
7.8515625,953.911865234375,29.61438751220703
7.8671875,953.92578125,29.603721618652344
7.8828125,953.9241333007812,29.59527587890625
7.8984375,953.9292602539062,29.601516723632812
7.9140625,953.9418334960938,29.590492248535156
7.9296875,953.9259033203125,29.57469940185547
7.9453125,953.939208984375,29.555213928222656
7.9609375,953.92529296875,29.555213928222656
7.9765625,953.9223022460938,29.52765655517578
7.9921875,953.9386596679688,29.515525817871094
8.0078125,953.9183959960938,29.511863708496094
8.0234375,953.9282836914062,29.5081787109375
8.0390625,953.936767578125,29.484298706054688
8.0546875,953.9344482421875,29.482093811035156
8.0703125,953.9150390625,29.47583770751953
8.0859375,953.9334716796875,29.475479125976562
8.1015625,953.9144287109375,29.457839965820312
8.1171875,953.9126586914062,29.460777282714844
8.1328125,953.9320678710938,29.43614959716797
8.1484375,953.9308471679688,29.4365234375
8.1640625,953.9261474609375,29.439102172851562
8.1796875,953.9425048828125,29.429908752441406
8.1953125,953.928955078125,29.42035675048828
8.2109375,953.9334106445312,29.40271759033203
8.2265625,953.9508666992188,29.395362854003906
8.2421875,953.9309692382812,29.390594482421875
8.2578125,953.9495849609375,29.396102905273438
8.2734375,953.9381713867188,29.396102905273438
8.2890625,953.9381713867188,29.374412536621094
8.3046875,953.9247436523438,29.371475219726562
8.3203125,953.9476928710938,29.36449432373047
8.3359375,953.9196166992188,29.358978271484375
8.3515625,953.9274291992188,29.34685516357422
8.3671875,953.933349609375,29.350906372070312
8.3828125,953.9266357421875,29.342445373535156
8.3984375,953.932861328125,29.327011108398438
8.4140625,953.931396484375,29.324447631835938
8.4296875,953.946044921875,29.31378173828125
8.4453125,953.9390258789062,29.322601318359375
8.4609375,953.923828125,29.317832946777344
8.4765625,953.92333984375,29.317832946777344
8.4921875,953.92333984375,29.299087524414062
8.5078125,953.9345703125,29.284385681152344
8.5234375,953.9420776367188,29.281082153320312
8.5390625,953.9417724609375,29.27960205078125
8.5546875,953.9266357421875,29.27629852294922
8.5703125,953.9317016601562,29.27593994140625
8.5859375,953.9263305664062,29.27960205078125
8.6015625,953.9296875,29.263809204101562
8.6171875,953.93701171875,29.26306915283203
8.6328125,953.9328002929688,29.261962890625
8.6484375,953.9249267578125,29.25865936279297
8.6640625,953.9306030273438,29.24028778076172
8.6796875,953.9305419921875,29.250938415527344
8.6953125,953.9315185546875,29.234405517578125
8.7109375,953.9371948242188,29.235504150390625
8.7265625,953.9439086914062,29.22081756591797
8.7421875,953.9207763671875,29.229263305664062
8.7578125,953.9432373046875,29.219345092773438
8.7734375,953.9356689453125,29.22447967529297
8.7890625,953.9456787109375,29.218238830566406
8.8046875,953.9205322265625,29.20648193359375
8.8203125,953.9253540039062,29.22081756591797
8.8359375,953.9177856445312,29.195083618164062
8.8515625,953.9242553710938,29.201705932617188
8.8671875,953.9279174804688,29.193984985351562
8.8828125,953.9264526367188,29.210525512695312
8.8984375,953.9197998046875,29.199867248535156
8.9140625,953.9403076171875,29.19104766845703
8.9296875,953.939453125,29.199493408203125
8.9453125,953.918701171875,29.175247192382812
8.9609375,953.9192504882812,29.177444458007812
8.9765625,953.9314575195312,29.17266845703125
8.9921875,953.9160766601562,29.195083618164062
9.0078125,953.9403686523438,29.200225830078125
9.0234375,953.9337158203125,29.179283142089844
9.0390625,953.938232421875,29.182960510253906
9.0546875,953.9320068359375,29.16973114013672
9.0703125,953.921142578125,29.179283142089844
9.0859375,953.922607421875,29.17597198486328
9.1015625,953.9319458007812,29.177444458007812
9.1171875,953.9314575195312,29.179283142089844
9.1328125,953.9256591796875,29.160537719726562
9.1484375,953.9298095703125,29.17266845703125
9.1640625,953.9376220703125,29.163116455078125
9.1796875,953.9306640625,29.157608032226562
9.1953125,953.9361572265625,29.15282440185547
9.2109375,953.9290161132812,29.160537719726562
9.2265625,953.9298095703125,29.160537719726562
9.2421875,953.9298095703125,29.17266845703125
9.2578125,953.9219970703125,29.161285400390625
9.2734375,953.9268798828125,29.1561279296875
9.2890625,953.9203491210938,29.155029296875
9.3046875,953.9298706054688,29.163490295410156
9.3203125,953.912109375,29.160537719726562
9.3359375,953.9208374023438,29.164215087890625
9.3515625,953.936767578125,29.145477294921875
9.3671875,953.90625,29.158706665039062
9.3828125,953.9362182617188,29.148414611816406
9.3984375,953.91357421875,29.15209197998047
9.4140625,953.928955078125,29.145477294921875
9.4296875,953.9259033203125,29.150985717773438
9.4453125,953.9085083007812,29.13775634765625
9.4609375,953.9203491210938,29.144744873046875
9.4765625,953.9060668945312,29.143646240234375
9.4921875,953.9132080078125,29.13628387451172
9.5078125,953.909423828125,29.145477294921875
9.5234375,953.913330078125,29.130775451660156
9.5390625,953.9178466796875,29.131149291992188
9.5546875,953.9119262695312,29.13555908203125
9.5703125,953.9052124023438,29.126739501953125
9.5859375,953.9114379882812,29.126739501953125
9.6015625,953.9234008789062,29.124900817871094
9.6171875,953.9232788085938,29.127464294433594
9.6328125,953.919921875,29.12305450439453
9.6484375,953.9039916992188,29.10541534423828
9.6640625,953.9093627929688,29.114234924316406
9.6796875,953.9239501953125,29.13555908203125
9.6953125,953.9338989257812,29.117919921875
9.7109375,953.9105834960938,29.122695922851562
9.7265625,953.9171142578125,29.125633239746094
9.7421875,953.916748046875,29.114608764648438
9.7578125,953.9163208007812,29.1190185546875
9.7734375,953.9166870117188,29.12305450439453
9.7890625,953.9201049804688,29.108367919921875
9.8046875,953.9157104492188,29.09734344482422
9.8203125,953.9175415039062,29.10285186767578
9.8359375,953.9090576171875,29.098068237304688
9.8515625,953.9080810546875,29.10285186767578
9.8671875,953.9060668945312,29.104690551757812
9.8828125,953.9242553710938,29.104690551757812
9.8984375,953.9183349609375,29.116439819335938
9.9140625,953.9104614257812,29.10285186767578
9.9296875,953.9090576171875,29.09844207763672
9.9453125,953.9146728515625,29.096969604492188
9.9609375,953.9085693359375,29.08447265625
9.9765625,953.904296875,29.095138549804688
9.9921875,953.9012451171875,29.09734344482422
10.0078125,953.9139404296875,29.09734344482422
10.0234375,953.9013671875,29.09734344482422
10.0390625,953.9235229492188,29.104690551757812
10.0546875,953.9171142578125,29.105056762695312
10.0703125,953.9093627929688,29.09734344482422
10.0859375,953.9043579101562,29.093658447265625
10.1015625,953.9201049804688,29.10285186767578
10.1171875,953.9150390625,29.08521270751953
10.1328125,953.9193725585938,29.073089599609375
10.1484375,953.9019165039062,29.07970428466797
10.1640625,953.9158325195312,29.08447265625
10.1796875,953.904296875,29.095497131347656
10.1953125,953.9143676757812,29.10285186767578
10.2109375,953.9144897460938,29.08336639404297
10.2265625,953.9221801757812,29.069778442382812
10.2421875,953.9058227539062,29.08226776123047
10.2578125,953.8909301757812,29.08777618408203
10.2734375,953.9005126953125,29.08336639404297
10.2890625,953.9071655273438,29.094764709472656
10.3046875,953.916015625,29.078956604003906
10.3203125,953.9151611328125,29.071243286132812
10.3359375,953.9149780273438,29.080062866210938
10.3515625,953.9068603515625,29.07970428466797
10.3671875,953.9146118164062,29.06427001953125
10.3828125,953.9297485351562,29.080429077148438
10.3984375,953.9163818359375,29.0826416015625
10.4140625,953.954345703125,29.0826416015625
10.4296875,953.9358520507812,29.077125549316406
10.4453125,953.938232421875,29.071243286132812
10.4609375,953.9478149414062,29.072715759277344
10.4765625,953.9498291015625,29.0826416015625
10.4921875,953.9650268554688,29.078231811523438
10.5078125,953.9490966796875,29.0826416015625
10.5234375,953.9561767578125,29.087051391601562
10.5390625,953.9571533203125,29.08336639404297
10.5546875,953.9568481445312,29.10137939453125
10.5703125,953.9765625,29.095497131347656
10.5859375,953.9603881835938,29.095497131347656
10.6015625,953.9669189453125,29.10285186767578
10.6171875,953.9790649414062,29.104690551757812
10.6328125,953.9721069335938,29.110198974609375
10.6484375,953.9552612304688,29.12122344970703
10.6640625,953.961669921875,29.126007080078125
10.6796875,953.96875,29.130043029785156
10.6953125,953.9685668945312,29.144744873046875
10.7109375,953.9622192382812,29.148788452148438
10.7265625,953.9752197265625,29.157608032226562
10.7421875,953.9684448242188,29.15576934814453
10.7578125,953.9591674804688,29.16790008544922
10.7734375,953.96875,29.196922302246094
10.7890625,953.9705200195312,29.20721435546875
10.8046875,953.9827880859375,29.24322509765625
10.8203125,953.9677734375,29.272628784179688
10.8359375,953.971923828125,29.294677734375
10.8515625,954.0100708007812,29.306808471679688
10.8671875,953.9801635742188,29.328857421875
10.8828125,953.9774780273438,29.3314208984375
10.8984375,953.972412109375,29.336196899414062
10.9140625,953.9680786132812,29.360458374023438
10.9296875,953.962158203125,29.386917114257812
10.9453125,954.0096435546875,29.396102905273438
10.9609375,954.0147705078125,29.413375854492188
10.9765625,954.042724609375,29.435791015625
10.9921875,954.0187377929688,29.458572387695312
11.0078125,954.0155029296875,29.466659545898438
11.0234375,954.0079345703125,29.48834228515625
11.0390625,953.9939575195312,29.499359130859375
11.0546875,954.0064086914062,29.518836975097656
11.0703125,953.9563598632812,29.535011291503906
11.0859375,954.0040283203125,29.55889892578125
11.1015625,953.9692993164062,29.58167266845703
11.1171875,953.9644165039062,29.606300354003906
11.1328125,954.0206298828125,29.601890563964844
11.1484375,953.9616088867188,29.621360778808594
11.1640625,953.9700317382812,29.62908172607422
11.1796875,954.0133666992188,29.654075622558594
11.1953125,953.9788208007812,29.660324096679688
11.2109375,953.9602661132812,29.70111083984375
11.2265625,953.9762573242188,29.690086364746094
11.2421875,953.9530029296875,29.705894470214844
11.2578125,953.9749755859375,29.724990844726562
11.2734375,954.0001220703125,29.74042510986328
11.2890625,953.993896484375,29.760269165039062
11.3046875,953.977294921875,29.784164428710938
11.3203125,953.9761352539062,29.798858642578125
11.3359375,954.0236206054688,29.813934326171875
11.3515625,953.9898071289062,29.82862091064453
11.3671875,953.99609375,29.84369659423828
11.3828125,953.9826049804688,29.85692596435547
11.3984375,953.9767456054688,29.873825073242188
11.4140625,953.9539794921875,29.889633178710938
11.4296875,953.9871826171875,29.89807891845703
11.4453125,953.9879760742188,29.91057586669922
11.4609375,953.9891967773438,29.9293212890625
11.4765625,953.979736328125,29.94585418701172
11.4921875,954.0011596679688,29.957611083984375
11.5078125,953.993408203125,29.972312927246094
11.5234375,953.9948120117188,29.98296356201172
11.5390625,954.0184936523438,30.006118774414062
11.5546875,953.9987182617188,30.011627197265625
11.5703125,953.9866943359375,30.03221893310547
11.5859375,953.994140625,30.039566040039062
11.6015625,953.973388671875,30.05206298828125
11.6171875,953.9602661132812,30.071533203125
11.6328125,953.9735717773438,30.09027099609375
11.6484375,953.9813842773438,30.101303100585938
11.6640625,953.9765625,30.131797790527344
11.6796875,953.9825439453125,30.13805389404297
11.6953125,953.9718627929688,30.167076110839844
11.7109375,953.989013671875,30.16082763671875
11.7265625,953.9908447265625,30.180679321289062
11.7421875,953.9760131835938,30.186187744140625
11.7578125,953.9808349609375,30.188392639160156
11.7734375,954.0042724609375,30.210067749023438
11.7890625,954.0064086914062,30.222564697265625
11.8046875,953.9669799804688,30.237632751464844
11.8203125,953.9715576171875,30.2490234375
11.8359375,953.9595336914062,30.269241333007812
11.8515625,953.9830322265625,30.26483154296875
11.8671875,953.9783935546875,30.283203125
11.8828125,953.9945678710938,30.30046844482422
11.8984375,954.0111694335938,30.32141876220703
11.9140625,953.9529418945312,30.33391571044922
11.9296875,953.9744873046875,30.344566345214844
11.9453125,953.9994506835938,30.361480712890625
11.9609375,953.9778442382812,30.359642028808594
11.9765625,953.959716796875,30.382049560546875
11.9921875,953.9918823242188,30.382797241210938
12.0078125,953.9859008789062,30.400436401367188
12.0234375,953.9751586914062,30.421737670898438
12.0390625,953.9969482421875,30.433509826660156
12.0546875,953.96826171875,30.435714721679688
12.0703125,953.97021484375,30.455184936523438
12.0859375,953.9566040039062,30.465103149414062
12.1015625,953.95458984375,30.487525939941406
12.1171875,953.9771728515625,30.482017517089844
12.1328125,953.9747924804688,30.502960205078125
12.1484375,953.95068359375,30.515090942382812
12.1640625,953.9500732421875,30.521331787109375
12.1796875,953.9674072265625,30.524642944335938
12.1953125,953.9683227539062,30.539344787597656
12.2109375,953.95068359375,30.551467895507812
12.2265625,953.9345092773438,30.574623107910156
12.2421875,953.9542236328125,30.566162109375
12.2578125,953.980224609375,30.572418212890625
12.2734375,953.9539794921875,30.588211059570312
12.2890625,953.9555053710938,30.595199584960938
12.3046875,953.9663696289062,30.59850311279297
12.3203125,953.95654296875,30.595924377441406
12.3359375,953.953857421875,30.59923553466797
12.3515625,953.9506225585938,30.61944580078125
12.3671875,953.9365234375,30.611358642578125
12.3828125,953.957763671875,30.623130798339844
12.3984375,953.9487915039062,30.611358642578125
12.4140625,953.94287109375,30.61944580078125
12.4296875,953.9586791992188,30.59923553466797
12.4453125,953.9493408203125,30.609527587890625
12.4609375,953.952880859375,30.594825744628906
12.4765625,953.9387817382812,30.595565795898438
12.4921875,953.9562377929688,30.570571899414062
12.5078125,953.9579467773438,30.561752319335938
12.5234375,953.947998046875,30.559188842773438
12.5390625,953.9526977539062,30.539344787597656
12.5546875,953.95068359375,30.537872314453125
12.5703125,953.9517211914062,30.51654815673828
12.5859375,953.9484252929688,30.507728576660156
12.6015625,953.9624633789062,30.498550415039062
12.6171875,953.96630859375,30.4937744140625
12.6328125,953.9461669921875,30.471351623535156
12.6484375,953.9509887695312,30.453353881835938
12.6640625,953.9534301757812,30.449302673339844
12.6796875,953.9590454101562,30.42578887939453
12.6953125,953.9620971679688,30.40630340576172
12.7109375,953.960205078125,30.40594482421875
12.7265625,953.96435546875,30.398231506347656
12.7421875,953.9575805664062,30.37213134765625
12.7578125,953.9609985351562,30.36736297607422
12.7734375,953.9407348632812,30.358543395996094
12.7890625,953.9607543945312,30.350448608398438
12.8046875,953.927734375,30.326927185058594
12.8203125,953.9768676757812,30.325096130371094
12.8359375,953.9515380859375,30.292022705078125
12.8515625,953.9381103515625,30.296432495117188
12.8671875,953.9307861328125,30.2850341796875
12.8828125,953.950439453125,30.279891967773438
12.8984375,953.9440307617188,30.253067016601562
12.9140625,953.9450073242188,30.24571990966797
12.9296875,953.959716796875,30.25012969970703
12.9453125,953.9518432617188,30.217056274414062
12.9609375,953.9569091796875,30.205657958984375
12.9765625,953.9360961914062,30.21411895751953
12.9921875,953.9500732421875,30.197586059570312
13.0078125,953.9364624023438,30.203453063964844
13.0234375,953.9573974609375,30.185455322265625
13.0390625,953.9389038085938,30.169281005859375
13.0546875,953.9509887695312,30.156051635742188
13.0703125,953.9306030273438,30.14429473876953
13.0859375,953.9528198242188,30.141357421875
13.1015625,953.9535522460938,30.128128051757812
13.1171875,953.9326171875,30.114898681640625
13.1328125,953.9522705078125,30.116004943847656
13.1484375,953.9277954101562,30.096519470214844
13.1640625,953.9197998046875,30.09064483642578
13.1796875,953.95458984375,30.074111938476562
13.1953125,953.934326171875,30.066749572753906
13.2109375,953.9395751953125,30.059402465820312
13.2265625,953.9317626953125,30.045074462890625
13.2421875,953.9285888671875,30.028533935546875
13.2578125,953.9495239257812,30.042495727539062
13.2734375,953.9235229492188,30.025962829589844
13.2890625,953.9445190429688,30.024124145507812
13.3046875,953.94677734375,29.9991455078125
13.3203125,953.932861328125,29.997299194335938
13.3359375,953.9302978515625,29.988479614257812
13.3515625,953.9403076171875,29.9991455078125
13.3671875,953.932861328125,29.98627471923828
13.3828125,953.9400024414062,29.98443603515625
13.3984375,953.9314575195312,29.966796875
13.4140625,953.92724609375,29.951370239257812
13.4296875,953.9305419921875,29.94732666015625
13.4453125,953.9434204101562,29.94768524169922
13.4609375,953.936767578125,29.93004608154297
13.4765625,953.9224853515625,29.9285888671875
13.4921875,953.9283447265625,29.93004608154297
13.5078125,953.93505859375,29.920867919921875
13.5234375,953.92333984375,29.91571807861328
13.5390625,953.9210815429688,29.904335021972656
13.5546875,953.9318237304688,29.899925231933594
13.5703125,953.936279296875,29.89697265625
13.5859375,953.9496459960938,29.887420654296875
13.6015625,953.9362182617188,29.873825073242188
13.6171875,953.9222412109375,29.862442016601562
13.6328125,953.9205322265625,29.8616943359375
13.6484375,953.94140625,29.85948944091797
13.6640625,953.9321899414062,29.847007751464844
13.6796875,953.9208374023438,29.831199645996094
13.6953125,953.9365234375,29.837814331054688
13.7109375,953.9306030273438,29.80841827392578
13.7265625,953.9193725585938,29.80400848388672
13.7421875,953.9296875,29.795188903808594
13.7578125,953.943115234375,29.77166748046875
13.7734375,953.9407348632812,29.77387237548828
13.7890625,953.9368286132812,29.766883850097656
13.8046875,953.9588623046875,29.7547607421875
13.8203125,953.9492797851562,29.749244689941406
13.8359375,953.9385986328125,29.748146057128906
13.8515625,953.9241333007812,29.7205810546875
13.8671875,953.9357299804688,29.723533630371094
13.8828125,953.9205322265625,29.7205810546875
13.8984375,953.9183959960938,29.718017578125
13.9140625,953.9313354492188,29.709556579589844
13.9296875,953.956787109375,29.703689575195312
13.9453125,953.932861328125,29.690460205078125
13.9609375,953.9243774414062,29.66583251953125
13.9765625,953.914794921875,29.66620635986328
13.9921875,953.9196166992188,29.64856719970703
14.0078125,953.931640625,29.64856719970703
14.0234375,953.9286499023438,29.633865356445312
14.0390625,953.9301147460938,29.627975463867188
14.0546875,953.9384765625,29.617698669433594
14.0703125,953.9314575195312,29.61438751220703
14.0859375,953.932373046875,29.608131408691406
14.1015625,953.9161376953125,29.59564971923828
14.1171875,953.9263305664062,29.586082458496094
14.1328125,953.9212036132812,29.59380340576172
14.1484375,953.9512329101562,29.59454345703125
14.1640625,953.9507446289062,29.590492248535156
14.1796875,953.9450073242188,29.583145141601562
14.1953125,953.9567260742188,29.58167266845703
14.2109375,953.9620971679688,29.583145141601562
14.2265625,953.962158203125,29.5787353515625
14.2421875,953.9807739257812,29.572128295898438
14.2578125,953.9634399414062,29.57801055908203
14.2734375,954.0315551757812,29.578369140625
14.2890625,954.0059204101562,29.572494506835938
14.3046875,953.9963989257812,29.5787353515625
14.3203125,954.0692749023438,29.587928771972656
14.3359375,954.0349731445312,29.589035034179688
14.3515625,954.1353759765625,29.591964721679688
14.3671875,954.188232421875,29.587554931640625
14.3828125,954.2272338867188,29.61071014404297
14.3984375,954.2020263671875,29.602996826171875
14.4140625,954.1840209960938,29.59380340576172
14.4296875,954.0414428710938,29.61474609375
14.4453125,954.1803588867188,29.634963989257812
14.4609375,954.1065673828125,29.642311096191406
14.4765625,954.1502685546875,29.654075622558594
14.4921875,954.0905151367188,29.66876983642578
14.5078125,954.223388671875,29.690460205078125
14.5234375,954.197998046875,29.696701049804688
14.5390625,954.1861572265625,29.709556579589844
14.5546875,954.1282348632812,29.724258422851562
14.5703125,954.158935546875,29.762115478515625
14.5859375,954.1668701171875,29.784164428710938
14.6015625,954.148193359375,29.801063537597656
14.6171875,954.12060546875,29.819442749023438
14.6328125,954.1516723632812,29.84442901611328
14.6484375,954.1392211914062,29.89476776123047
14.6640625,954.1460571289062,29.92821502685547
14.6796875,954.1840209960938,29.96863555908203
14.6953125,954.167724609375,29.996566772460938
14.7109375,954.1853637695312,30.01751708984375
14.7265625,954.14453125,30.032943725585938
14.7421875,954.1053466796875,30.05499267578125
14.7578125,954.1237182617188,30.066024780273438
14.7734375,954.0787963867188,30.084388732910156
14.7890625,954.0985717773438,30.10718536376953
14.8046875,954.0990600585938,30.131065368652344
14.8203125,954.1282348632812,30.16082763671875
14.8359375,954.1043701171875,30.185455322265625
14.8515625,954.124755859375,30.192428588867188
14.8671875,954.1051635742188,30.217788696289062
14.8828125,954.1177978515625,30.2490234375
14.8984375,954.1728515625,30.254165649414062
14.9140625,954.1495361328125,30.290191650390625
14.9296875,954.1883544921875,30.307456970214844
14.9453125,954.1929321289062,30.327674865722656
14.9609375,954.1817626953125,30.3548583984375
14.9765625,954.1605834960938,30.38683319091797
14.9921875,954.1901245117188,30.396385192871094
15.0078125,954.2179565429688,30.414024353027344
15.0234375,954.2770385742188,30.44268798828125
15.0390625,954.1842651367188,30.466583251953125
15.0546875,954.2517700195312,30.4967041015625
15.0703125,954.1604614257812,30.520233154296875
15.0859375,954.1382446289062,30.54558563232422
15.1015625,954.1370849609375,30.5672607421875
15.1171875,954.2176513671875,30.59850311279297
15.1328125,954.1573486328125,30.6007080078125
15.1484375,954.171875,30.641128540039062
15.1640625,954.1138305664062,30.662445068359375
15.1796875,954.191162109375,30.680816650390625
15.1953125,954.1487426757812,30.70360565185547
15.2109375,954.189208984375,30.732627868652344
15.2265625,954.197998046875,30.767906188964844
15.2421875,954.2088012695312,30.770484924316406
15.2578125,954.2073364257812,30.81458282470703
15.2734375,954.177001953125,30.818260192871094
15.2890625,954.1600341796875,30.843978881835938
15.3046875,954.212158203125,30.86566925048828
15.3203125,954.1641235351562,30.891021728515625
15.3359375,954.21435546875,30.913429260253906
15.3515625,954.2118530273438,30.922622680664062
15.3671875,954.1153564453125,30.946144104003906
15.3828125,954.2269897460938,30.96819305419922
15.3984375,954.1981811523438,30.99024200439453
15.4140625,954.1537475585938,31.019638061523438
15.4296875,954.2235717773438,31.020370483398438
15.4453125,954.2547607421875,31.04389190673828
15.4609375,954.2510986328125,31.064834594726562
15.4765625,954.0966796875,31.07696533203125
15.4921875,954.2166748046875,31.09607696533203
15.5078125,954.1959228515625,31.11151123046875
15.5234375,954.185546875,31.137603759765625
15.5390625,954.2108154296875,31.140174865722656
15.5546875,954.1530151367188,31.161483764648438
15.5703125,954.260986328125,31.169570922851562
15.5859375,954.163818359375,31.18132781982422
15.6015625,954.0531616210938,31.188308715820312
15.6171875,954.1763916015625,31.207786560058594
15.6328125,954.16943359375,31.22101593017578
15.6484375,954.14794921875,31.237548828125
15.6640625,954.1359252929688,31.246742248535156
15.6796875,954.1976928710938,31.26952362060547
15.6953125,954.1832885742188,31.27393341064453
15.7109375,954.2022705078125,31.292312622070312
15.7265625,954.19091796875,31.301864624023438
15.7421875,954.1697387695312,31.297080993652344
15.7578125,954.1788330078125,31.319129943847656
15.7734375,954.1505737304688,31.333106994628906
15.7890625,954.1560668945312,31.330154418945312
15.8046875,954.1139526367188,31.347061157226562
15.8203125,954.1533203125,31.34228515625
15.8359375,954.115234375,31.35956573486328
15.8515625,954.1586303710938,31.371688842773438
15.8671875,954.1563720703125,31.39153289794922
15.8828125,954.145751953125,31.39447021484375
15.8984375,954.1681518554688,31.406227111816406
15.9140625,954.139404296875,31.4110107421875
15.9296875,954.13818359375,31.435256958007812
15.9453125,954.0664672851562,31.434890747070312
15.9609375,954.1177368164062,31.440040588378906
15.9765625,954.0770263671875,31.44886016845703
15.9921875,954.0857543945312,31.460617065429688
16.0078125,954.0868530273438,31.477882385253906
16.0234375,954.0827026367188,31.480087280273438
16.0390625,954.0948486328125,31.50140380859375
16.0546875,954.0563354492188,31.50213623046875
16.0703125,954.0814819335938,31.50177764892578
16.0859375,954.0473022460938,31.530799865722656
16.1015625,954.078857421875,31.530075073242188
16.1171875,954.0310668945312,31.53375244140625
16.1328125,954.0374145507812,31.547340393066406
16.1484375,954.0279541015625,31.560943603515625
16.1640625,954,31.562042236328125
16.1796875,953.9839477539062,31.563873291015625
16.1953125,953.9991455078125,31.591079711914062
16.2109375,954.0238647460938,31.596946716308594
16.2265625,953.9701538085938,31.60430908203125
16.2421875,953.9547729492188,31.614227294921875
16.2578125,953.96044921875,31.61974334716797
16.2734375,953.940673828125,31.630020141601562
16.2890625,953.953125,31.648033142089844
16.3046875,953.9632568359375,31.64104461669922
16.3203125,953.9542236328125,31.64324951171875
16.3359375,953.9478149414062,31.63921356201172
16.3515625,953.9485473632812,31.64324951171875
16.3671875,953.954345703125,31.632598876953125
16.3828125,953.9556884765625,31.610923767089844
16.3984375,953.9493408203125,31.617897033691406
16.4140625,953.9453125,31.60687255859375
16.4296875,953.9484252929688,31.591812133789062
16.4453125,953.9414672851562,31.575645446777344
16.4609375,953.951904296875,31.579307556152344
16.4765625,953.9414672851562,31.565719604492188
16.4921875,953.9598388671875,31.559104919433594
16.5078125,953.959716796875,31.527496337890625
16.5234375,953.9548950195312,31.53558349609375
16.5390625,953.9591674804688,31.50434112548828
16.5546875,953.94482421875,31.490013122558594
16.5703125,953.9385986328125,31.48119354248047
16.5859375,953.9490966796875,31.46612548828125
16.6015625,953.951171875,31.456207275390625
16.6171875,953.948974609375,31.43048095703125
16.6328125,953.9476928710938,31.422401428222656
16.6484375,953.9612426757812,31.401458740234375
16.6640625,953.9507446289062,31.381614685058594
16.6796875,953.9487915039062,31.366912841796875
16.6953125,953.940673828125,31.352203369140625
16.7109375,953.9440307617188,31.332733154296875
16.7265625,953.9474487304688,31.330154418945312
16.7421875,953.9483642578125,31.309951782226562
16.7578125,953.958984375,31.295623779296875
16.7734375,953.9486694335938,31.282394409179688
16.7890625,953.9592895507812,31.268417358398438
16.8046875,953.9638061523438,31.239395141601562
16.8203125,953.9507446289062,31.23865509033203
16.8359375,953.9518432617188,31.230209350585938
16.8515625,953.9510498046875,31.225799560546875
16.8671875,953.966796875,31.189788818359375
16.8828125,953.9530029296875,31.18059539794922
16.8984375,953.950927734375,31.167739868164062
16.9140625,953.9496459960938,31.154136657714844
16.9296875,953.9501342773438,31.141639709472656
16.9453125,953.968017578125,31.122535705566406
16.9609375,953.9534912109375,31.104156494140625
16.9765625,953.943359375,31.099746704101562
16.9921875,953.9752197265625,31.07402801513672
17.0078125,953.9535522460938,31.072181701660156
17.0234375,953.9514770507812,31.064834594726562
17.0390625,953.9729614257812,31.033241271972656
17.0546875,953.952392578125,31.028831481933594
17.0703125,953.9682006835938,31.017433166503906
17.0859375,953.9669799804688,31.00678253173828
17.1015625,953.9677124023438,31.00640869140625
17.1171875,953.9448852539062,30.985092163085938
17.1328125,953.9650268554688,30.963043212890625
17.1484375,953.9573974609375,30.957168579101562
17.1640625,953.9658203125,30.942092895507812
17.1796875,953.9685668945312,30.928504943847656
17.1953125,953.9593505859375,30.929237365722656
17.2109375,953.9595336914062,30.908660888671875
17.2265625,953.964599609375,30.911598205566406
17.2421875,953.9577026367188,30.895790100097656
17.2578125,953.9633178710938,30.890655517578125
17.2734375,953.9544067382812,30.890655517578125
17.2890625,953.9765625,30.868606567382812
17.3046875,953.9593505859375,30.860885620117188
17.3203125,953.9646606445312,30.855743408203125
17.3359375,953.9599609375,30.841415405273438
17.3515625,953.9608154296875,30.84618377685547
17.3671875,953.958984375,30.82854461669922
17.3828125,953.9644165039062,30.82781219482422
17.3984375,953.9571533203125,30.82598114013672
17.4140625,953.9563598632812,30.819725036621094
17.4296875,953.9563598632812,30.80834197998047
17.4453125,953.9671630859375,30.802085876464844
17.4609375,953.9617919921875,30.79621124267578
17.4765625,953.9641723632812,30.789596557617188
17.4921875,953.96826171875,30.784088134765625
17.5078125,953.9599609375,30.780776977539062
17.5234375,953.9638061523438,30.763137817382812
17.5390625,953.9656982421875,30.75908660888672
17.5546875,953.9724731445312,30.75946044921875
17.5703125,953.9724731445312,30.753952026367188
17.5859375,953.9647216796875,30.74144744873047
17.6015625,953.9778442382812,30.726760864257812
17.6171875,953.9692993164062,30.72014617919922
17.6328125,953.9637451171875,30.709121704101562
17.6484375,953.9895629882812,30.70874786376953
17.6640625,953.9776611328125,30.698455810546875
17.6796875,953.96044921875,30.698097229003906
17.6953125,953.9664916992188,30.70360565185547
17.7109375,953.9788818359375,30.685592651367188
17.7265625,953.9652099609375,30.692214965820312
17.7421875,953.9598388671875,30.680816650390625
17.7578125,953.9646606445312,30.68669891357422
17.7734375,953.9652709960938,30.67420196533203
17.7890625,953.9837036132812,30.6705322265625
17.8046875,953.9863891601562,30.666122436523438
17.8203125,953.9572143554688,30.658035278320312
17.8359375,953.9696044921875,30.647743225097656
17.8515625,953.962646484375,30.647010803222656
17.8671875,953.9715576171875,30.638565063476562
17.8828125,953.970703125,30.632308959960938
17.8984375,953.9867553710938,30.639297485351562
17.9140625,953.9617919921875,30.63636016845703
17.9296875,953.9674682617188,30.6370849609375
17.9453125,953.9705200195312,30.622756958007812
17.9609375,953.958984375,30.61944580078125
17.9765625,953.9783325195312,30.628639221191406
17.9921875,953.9666137695312,30.613563537597656
18.0078125,953.962158203125,30.61761474609375
18.0234375,953.965576171875,30.59667205810547
18.0390625,953.9832763671875,30.59850311279297
18.0546875,953.9576416015625,30.6007080078125
18.0703125,953.956787109375,30.588577270507812
18.0859375,953.982421875,30.594093322753906
18.1015625,953.9788818359375,30.58380126953125
18.1171875,953.9819946289062,30.58710479736328
18.1328125,953.9727172851562,30.58344268798828
18.1484375,953.9758911132812,30.58086395263672
18.1640625,953.9797973632812,30.574249267578125
18.1796875,953.9672241210938,30.5672607421875
18.1953125,953.9713745117188,30.559921264648438
18.2109375,953.9849853515625,30.552200317382812
18.2265625,953.9788818359375,30.552200317382812
18.2421875,953.9884033203125,30.54595947265625
18.2578125,953.9794311523438,30.55072784423828
18.2734375,953.9697265625,30.527572631835938
18.2890625,953.9608154296875,30.5301513671875
18.3046875,953.983154296875,30.522064208984375
18.3203125,953.9805908203125,30.51324462890625
18.3359375,953.9689331054688,30.49707794189453
18.3515625,953.9822998046875,30.492294311523438
18.3671875,953.9800415039062,30.47723388671875
18.3828125,953.974365234375,30.471351623535156
18.3984375,953.993408203125,30.472091674804688
18.4140625,953.9947509765625,30.470993041992188
18.4296875,954.0161743164062,30.453712463378906
18.4453125,953.9869995117188,30.451873779296875
18.4609375,953.9826049804688,30.452606201171875
18.4765625,953.9928588867188,30.43975067138672
18.4921875,954.0255737304688,30.434967041015625
18.5078125,953.9923095703125,30.42652130126953
18.5234375,954.0057373046875,30.419906616210938
18.5390625,954.0153198242188,30.410354614257812
18.5546875,954.0538330078125,30.40888214111328
18.5703125,953.9885864257812,30.40814971923828
18.5859375,953.9926147460938,30.413291931152344
18.6015625,954.0075073242188,30.419906616210938
18.6171875,954.0392456054688,30.40814971923828
18.6328125,954.0260620117188,30.419906616210938
18.6484375,954.0427856445312,30.419906616210938
18.6640625,954.0457763671875,30.40740966796875
18.6796875,954.0194091796875,30.411819458007812
18.6953125,954.0736694335938,30.43791961669922
18.7109375,954.0601196289062,30.419906616210938
18.7265625,954.0673217773438,30.445266723632812
18.7421875,954.1091918945312,30.44122314453125
18.7578125,954.1046752929688,30.455184936523438
18.7734375,954.0115966796875,30.448570251464844
18.7890625,954.010986328125,30.452606201171875
18.8046875,954.0848388671875,30.455917358398438
18.8203125,954.0433349609375,30.47870635986328
18.8359375,954.0385131835938,30.468788146972656
18.8515625,954.0792846679688,30.481643676757812
18.8671875,954.0704345703125,30.489730834960938
18.8828125,954.08203125,30.486427307128906
18.8984375,954.0302124023438,30.488258361816406
18.9140625,954.0310668945312,30.499282836914062
18.9296875,954.001708984375,30.502220153808594
18.9453125,954.019287109375,30.504791259765625
18.9609375,954.0482788085938,30.4967041015625
18.9765625,954.0217895507812,30.518020629882812
18.9921875,954.0859985351562,30.520233154296875
19.0078125,954.046142578125,30.5301513671875
19.0234375,954.080078125,30.53235626220703
19.0390625,954.0509643554688,30.522430419921875
19.0546875,954.0153198242188,30.534934997558594
19.0703125,954.01953125,30.55182647705078
19.0859375,954.0474853515625,30.560646057128906
19.1015625,954.0537109375,30.56946563720703
19.1171875,954.0319213867188,30.566162109375
19.1328125,954.081787109375,30.579757690429688
19.1484375,954.0921630859375,30.58344268798828
19.1640625,954.0392456054688,30.587478637695312
19.1796875,954.1156005859375,30.59923553466797
19.1953125,954.0330200195312,30.5999755859375
19.2109375,954.0833129882812,30.62017822265625
19.2265625,954.0166015625,30.632675170898438
19.2421875,954.0220947265625,30.639297485351562
19.2578125,954.0615234375,30.656936645507812
19.2734375,954.1123046875,30.656936645507812
19.2890625,954.0405883789062,30.6719970703125
19.3046875,954.0577392578125,30.67346954345703
19.3203125,954.02490234375,30.68669891357422
19.3359375,954.0537109375,30.700302124023438
19.3515625,954.0902709960938,30.69000244140625
19.3671875,954.083984375,30.703231811523438
19.3828125,954.042236328125,30.72124481201172
19.3984375,954.015380859375,30.731529235839844
19.4140625,954.0922241210938,30.74144744873047
19.4296875,954.0806884765625,30.731529235839844
19.4453125,954.0198974609375,30.744400024414062
19.4609375,954.0056762695312,30.76239776611328
19.4765625,954.0510864257812,30.76239776611328
19.4921875,954.0523071289062,30.781509399414062
19.5078125,954.007568359375,30.780776977539062
19.5234375,954.0313720703125,30.79180145263672
19.5390625,954.0982666015625,30.781883239746094
19.5546875,954.0977783203125,30.798416137695312
19.5703125,954.0994262695312,30.8123779296875
19.5859375,954.0159912109375,30.81090545654297
19.6015625,954.025390625,30.83111572265625
19.6171875,954.0962524414062,30.82598114013672
19.6328125,954.0328979492188,30.84362030029297
19.6484375,954.007080078125,30.84765625
19.6640625,954.0607299804688,30.86529541015625
19.6796875,954.1258544921875,30.870437622070312
19.6953125,954.0844116210938,30.874114990234375
19.7109375,954.1064453125,30.884765625
19.7265625,954.100830078125,30.880355834960938
19.7421875,954.0173950195312,30.90057373046875
19.7578125,954.0587768554688,30.911598205566406
19.7734375,954.1244506835938,30.913429260253906
19.7890625,954.0386352539062,30.925933837890625
19.8046875,954.0081787109375,30.925559997558594
19.8203125,954.1192626953125,30.930343627929688
19.8359375,954.030029296875,30.960105895996094
19.8515625,954.0706787109375,30.958999633789062
19.8671875,954.0740966796875,30.975540161132812
19.8828125,953.9927978515625,30.993911743164062
19.8984375,954.0812377929688,30.999794006347656
19.9140625,954.0859985351562,31.00640869140625
19.9296875,954.0537109375,31.027725219726562
19.9453125,954.03076171875,31.032135009765625
19.9609375,954.0443725585938,31.035804748535156
19.9765625,954.09375,31.046470642089844
19.9921875,954.0941772460938,31.048301696777344
20.0078125,954.041748046875,31.0611572265625
20.0234375,954.0413208007812,31.09056854248047
20.0390625,954.0776977539062,31.09166717529297
20.0546875,954.0556640625,31.107833862304688
20.0703125,954.0775756835938,31.11334228515625
20.0859375,954.0960083007812,31.130615234375
20.1015625,954.0744018554688,31.137603759765625
20.1171875,954.0321044921875,31.138328552246094
20.1328125,954.1301879882812,31.150100708007812
20.1484375,954.0560913085938,31.16222381591797
20.1640625,954.05615234375,31.1640625
20.1796875,954.0634765625,31.192352294921875
20.1953125,954.0775756835938,31.18170166015625
20.2109375,954.0616455078125,31.206680297851562
20.2265625,954.0778198242188,31.21624755859375
20.2421875,954.0004272460938,31.21990966796875
20.2578125,954.0385131835938,31.2349853515625
20.2734375,954.0494995117188,31.244163513183594
20.2890625,954.0636596679688,31.248573303222656
20.3046875,954.0861206054688,31.25518798828125
20.3203125,954.0575561523438,31.268417358398438
20.3359375,954.0426635742188,31.279083251953125
20.3515625,954.0592651367188,31.29084014892578
20.3671875,954.0443725585938,31.294517517089844
20.3828125,954.0668334960938,31.298927307128906
20.3984375,954.076171875,31.316192626953125
20.4140625,954.0635986328125,31.319129943847656
20.4296875,954.0130004882812,31.328697204589844
20.4453125,954.0301513671875,31.335311889648438
20.4609375,954.0672607421875,31.354782104492188
20.4765625,954.03271484375,31.35515594482422
20.4921875,954.055419921875,31.369842529296875
20.5078125,954.05810546875,31.372421264648438
20.5234375,954.0584106445312,31.384178161621094
20.5390625,954.02734375,31.39263916015625
20.5546875,954.0651245117188,31.405120849609375
20.5703125,954.0466918945312,31.4139404296875
20.5859375,954.0296630859375,31.444808959960938
20.6015625,954.057861328125,31.460243225097656
20.6171875,954.0348510742188,31.459518432617188
20.6328125,953.9785766601562,31.470909118652344
20.6484375,954.0132446289062,31.4815673828125
20.6640625,954.0148315429688,31.494064331054688
20.6796875,953.9981689453125,31.514633178710938
20.6953125,953.984130859375,31.521255493164062
20.7109375,954.0235595703125,31.53631591796875
20.7265625,953.9813842773438,31.533004760742188
20.7421875,953.9768676757812,31.550643920898438
20.7578125,953.9786376953125,31.552490234375
20.7734375,953.9735107421875,31.562042236328125
20.7890625,953.9583129882812,31.57012939453125
20.8046875,953.9602661132812,31.58556365966797
20.8203125,953.955810546875,31.591812133789062
20.8359375,953.9498901367188,31.598419189453125
20.8515625,953.9426879882812,31.60834503173828
20.8671875,953.9551391601562,31.602462768554688
20.8828125,953.9454956054688,31.60430908203125
20.8984375,953.9391479492188,31.609451293945312
20.9140625,953.952880859375,31.600257873535156
20.9296875,953.9631958007812,31.59143829345703
20.9453125,953.9378051757812,31.58887481689453
20.9609375,953.9561767578125,31.584823608398438
20.9765625,953.9552001953125,31.586669921875
20.9921875,953.9373779296875,31.582260131835938
21.0078125,953.9560546875,31.565719604492188
21.0234375,953.9456176757812,31.5550537109375
21.0390625,953.9439086914062,31.54918670654297
21.0546875,953.9486694335938,31.53631591796875
21.0703125,953.9569091796875,31.51831817626953
21.0859375,953.9450073242188,31.50434112548828
21.1015625,953.9680786132812,31.509498596191406
21.1171875,953.9560546875,31.48670196533203
21.1328125,953.951904296875,31.496994018554688
21.1484375,953.9518432617188,31.468338012695312
21.1640625,953.9501342773438,31.44886016845703
21.1796875,953.9487915039062,31.42901611328125
21.1953125,953.9522705078125,31.427169799804688
21.2109375,953.9520874023438,31.4102783203125
21.2265625,953.9462280273438,31.39337158203125
21.2421875,953.95654296875,31.397048950195312
21.2578125,953.947265625,31.373519897460938
21.2734375,953.9610595703125,31.35956573486328
21.2890625,953.9512939453125,31.34228515625
21.3046875,953.9711303710938,31.318771362304688
21.3203125,953.9490966796875,31.315826416015625
21.3359375,953.9583129882812,31.313995361328125
21.3515625,953.9683227539062,31.298553466796875
21.3671875,953.9518432617188,31.28900909423828
21.3828125,953.953857421875,31.2720947265625
21.3984375,953.9551391601562,31.259597778320312
21.4140625,953.9671630859375,31.25335693359375
21.4296875,953.9594116210938,31.228729248046875
21.4453125,953.9515380859375,31.222862243652344
21.4609375,953.9586791992188,31.210357666015625
21.4765625,953.9508666992188,31.18463134765625
21.4921875,953.9567260742188,31.188308715820312
21.5078125,953.968505859375,31.155242919921875
21.5234375,953.9484252929688,31.1309814453125
21.5390625,953.9627685546875,31.119964599609375
21.5546875,953.9616088867188,31.100486755371094
21.5703125,953.9686279296875,31.068519592285156
21.5859375,953.9559326171875,31.06226348876953
21.6015625,953.9727172851562,31.04206085205078
21.6171875,953.9694213867188,31.02552032470703
21.6328125,953.966064453125,31.02552032470703
21.6484375,953.9810180664062,31.012649536132812
21.6640625,953.9749145507812,30.995758056640625
21.6796875,953.973876953125,30.9869384765625
21.6953125,953.9568481445312,30.976272583007812
21.7109375,953.9761352539062,30.96709442138672
21.7265625,953.9620361328125,30.95752716064453
21.7421875,953.96044921875,30.928863525390625
21.7578125,953.9595336914062,30.931442260742188
21.7734375,953.959716796875,30.928863525390625
21.7890625,953.974365234375,30.913070678710938
21.8046875,953.9578857421875,30.903884887695312
21.8203125,953.962890625,30.90057373046875
21.8359375,953.976318359375,30.904251098632812
21.8515625,953.9796752929688,30.889923095703125
21.8671875,953.970458984375,30.878524780273438
21.8828125,953.9766235351562,30.875946044921875
21.8984375,953.9768676757812,30.870437622070312
21.9140625,953.965576171875,30.872642517089844
21.9296875,953.9694213867188,30.845077514648438
21.9453125,953.9761352539062,30.842147827148438
21.9609375,953.9716796875,30.835525512695312
21.9765625,953.9698486328125,30.82928466796875
21.9921875,953.97216796875,30.818260192871094
22.0078125,953.9771728515625,30.81090545654297
22.0234375,953.9596557617188,30.804656982421875
22.0390625,953.9692993164062,30.800979614257812
22.0546875,953.9718627929688,30.800979614257812
22.0703125,953.9694213867188,30.780410766601562
22.0859375,953.9524536132812,30.763870239257812
22.1015625,953.9729614257812,30.767181396484375
22.1171875,953.9673461914062,30.765342712402344
22.1328125,953.958740234375,30.752845764160156
22.1484375,953.9718627929688,30.76093292236328
22.1640625,953.9654541015625,30.748809814453125
22.1796875,953.9713745117188,30.751739501953125
22.1953125,953.9657592773438,30.744400024414062
22.2109375,953.9710693359375,30.744400024414062
22.2265625,953.9536743164062,30.74072265625
22.2421875,953.962890625,30.735939025878906
22.2578125,953.96240234375,30.72528076171875
22.2734375,953.947021484375,30.717193603515625
22.2890625,953.9605102539062,30.720870971679688
22.3046875,953.9614868164062,30.712425231933594
22.3203125,953.9678955078125,30.700302124023438
22.3359375,953.9617919921875,30.703231811523438
22.3515625,953.956787109375,30.699554443359375
22.3671875,953.9593505859375,30.685226440429688
22.3828125,953.9549560546875,30.699195861816406
22.3984375,953.9515380859375,30.68890380859375
22.4140625,953.957763671875,30.69110870361328
22.4296875,953.9603881835938,30.694046020507812
22.4453125,953.9660034179688,30.68596649169922
22.4609375,953.9652099609375,30.674942016601562
22.4765625,953.94921875,30.676406860351562
22.4921875,953.9642944335938,30.664649963378906
22.5078125,953.9857788085938,30.660614013671875
22.5234375,953.9638671875,30.65289306640625
22.5390625,953.9930419921875,30.642601013183594
22.5546875,953.9549560546875,30.639663696289062
22.5703125,953.9606323242188,30.6370849609375
22.5859375,953.9633178710938,30.623130798339844
22.6015625,953.958984375,30.620925903320312
22.6171875,953.9510498046875,30.61944580078125
22.6328125,953.9657592773438,30.5999755859375
22.6484375,953.9578857421875,30.611732482910156
22.6640625,953.9649658203125,30.594467163085938
22.6796875,953.9866333007812,30.598129272460938
22.6953125,953.9738159179688,30.579757690429688
22.7109375,953.9677734375,30.5672607421875
22.7265625,953.952880859375,30.571670532226562
22.7421875,953.9837036132812,30.554779052734375
22.7578125,953.9683227539062,30.551467895507812
22.7734375,953.99365234375,30.557342529296875
22.7890625,954.01513671875,30.545211791992188
22.8046875,953.9901123046875,30.555511474609375
22.8203125,954.1063842773438,30.536392211914062
22.8359375,954.0711669921875,30.55072784423828
22.8515625,954.0527954101562,30.536392211914062
22.8671875,953.9940185546875,30.538597106933594
22.8828125,954.0820922851562,30.537872314453125
22.8984375,954.0067138671875,30.536766052246094
22.9140625,954.0197143554688,30.536392211914062
22.9296875,954.0717163085938,30.541549682617188
22.9453125,953.9807739257812,30.560646057128906
22.9609375,954.1183471679688,30.552200317382812
22.9765625,954.0242919921875,30.556236267089844
22.9921875,954.0563354492188,30.564697265625
23.0078125,953.9949951171875,30.568740844726562
23.0234375,954.0790405273438,30.573516845703125
23.0390625,954.0968627929688,30.58489990234375
23.0546875,954.0184936523438,30.577926635742188
23.0703125,954.0697631835938,30.58710479736328
23.0859375,954.0289916992188,30.613563537597656
23.1015625,954.13427734375,30.627540588378906
23.1171875,954.0819091796875,30.623130798339844
23.1328125,954.1131591796875,30.646278381347656
23.1484375,954.162109375,30.660614013671875
23.1640625,954.0134887695312,30.676048278808594
23.1796875,954.0867919921875,30.698455810546875
23.1953125,954.1194458007812,30.696624755859375
23.2109375,954.0888061523438,30.70801544189453
23.2265625,954.1204223632812,30.753219604492188
23.2421875,954.0567016601562,30.770111083984375
23.2578125,954.0404663085938,30.772315979003906
23.2734375,954.1244506835938,30.799522399902344
23.2890625,954.085205078125,30.82781219482422
23.3046875,954.09521484375,30.83148956298828
23.3203125,954.0579223632812,30.838836669921875
23.3359375,954.1016845703125,30.86419677734375
23.3515625,954.0419921875,30.884765625
23.3671875,954.0571899414062,30.897994995117188
23.3828125,954.0872192382812,30.912330627441406
23.3984375,954.0760498046875,30.93437957763672
23.4140625,954.1314697265625,30.958274841308594
23.4296875,954.0872192382812,30.976272583007812
23.4453125,954.0704956054688,30.995758056640625
23.4609375,954.1149291992188,31.014495849609375
23.4765625,954.0916748046875,31.033966064453125
23.4921875,954.0792236328125,31.0604248046875
23.5078125,954.1565551757812,31.067413330078125
23.5234375,954.065185546875,31.093505859375
23.5390625,954.0414428710938,31.103797912597656
23.5546875,954.0269165039062,31.12694549560547
23.5703125,954.0597534179688,31.1298828125
23.5859375,954.1049194335938,31.142379760742188
23.6015625,954.0020751953125,31.14825439453125
23.6171875,954.024169921875,31.152664184570312
23.6328125,954.080810546875,31.17986297607422
23.6484375,954.0709838867188,31.196762084960938
23.6640625,954.0636596679688,31.205581665039062
23.6796875,954.057373046875,31.227272033691406
23.6953125,954.0391845703125,31.2349853515625
23.7109375,954.0609130859375,31.23865509033203
23.7265625,954.0391845703125,31.268417358398438
23.7421875,954.0923461914062,31.268417358398438
23.7578125,954.0330810546875,31.282394409179688
23.7734375,954.0243530273438,31.29084014892578
23.7890625,954.0628051757812,31.303695678710938
23.8046875,954.0545654296875,31.309951782226562
23.8203125,954.0725708007812,31.328697204589844
23.8359375,954.0140380859375,31.334564208984375
23.8515625,954.0217895507812,31.345230102539062
23.8671875,954.0204467773438,31.349273681640625
23.8828125,954.0160522460938,31.366912841796875
23.8984375,954.0428466796875,31.382339477539062
23.9140625,953.9822998046875,31.382339477539062
23.9296875,953.987060546875,31.405120849609375
23.9453125,954.014404296875,31.40807342529297
23.9609375,954.029052734375,31.4110107421875
23.9765625,954.0294189453125,31.4132080078125
23.9921875,954.0145874023438,31.440399169921875
24.0078125,953.9910888671875,31.437469482421875
24.0234375,953.9924926757812,31.444808959960938
24.0390625,953.9855346679688,31.448486328125
24.0546875,953.9888916015625,31.46429443359375
24.0703125,954.0112915039062,31.474945068359375
24.0859375,953.9884643554688,31.482666015625
24.1015625,954.014404296875,31.491111755371094
24.1171875,953.9918823242188,31.491111755371094
24.1328125,953.981689453125,31.4844970703125
24.1484375,953.987060546875,31.505088806152344
24.1640625,953.9866943359375,31.511329650878906
24.1796875,953.9950561523438,31.53558349609375
24.1953125,953.9789428710938,31.525665283203125
24.2109375,954.0006713867188,31.541824340820312
24.2265625,953.9981079101562,31.542572021484375
24.2421875,953.9819946289062,31.545501708984375
24.2578125,953.9811401367188,31.545501708984375
24.2734375,953.9697265625,31.558731079101562
24.2890625,953.9794311523438,31.559104919433594
24.3046875,953.9824829101562,31.57048797607422
24.3203125,953.9805908203125,31.576004028320312
24.3359375,953.966796875,31.591079711914062
24.3515625,953.955810546875,31.591812133789062
24.3671875,953.9785766601562,31.599151611328125
24.3828125,953.9805297851562,31.610923767089844
24.3984375,953.9816284179688,31.610923767089844
24.4140625,953.9702758789062,31.61974334716797
24.4296875,953.9801635742188,31.629287719726562
24.4453125,953.9733276367188,31.630393981933594
24.4609375,953.97216796875,31.645095825195312
24.4765625,953.9760131835938,31.63921356201172
24.4921875,953.9790649414062,31.64104461669922
24.5078125,953.9744873046875,31.645828247070312
24.5234375,953.9761352539062,31.650970458984375
24.5390625,953.96826171875,31.65758514404297
24.5546875,953.9701538085938,31.652816772460938
24.5703125,953.9619140625,31.650238037109375
24.5859375,953.9700317382812,31.652442932128906
24.6015625,953.9588623046875,31.64545440673828
24.6171875,953.9725341796875,31.643997192382812
24.6328125,953.9652099609375,31.645828247070312
24.6484375,953.9510498046875,31.65943145751953
24.6640625,953.9493408203125,31.650238037109375
24.6796875,953.9639892578125,31.643997192382812
24.6953125,953.9580078125,31.626358032226562
24.7109375,953.9467163085938,31.64179229736328
24.7265625,953.9595947265625,31.645095825195312
24.7421875,953.9420166015625,31.63848114013672
24.7578125,953.9473266601562,31.62157440185547
24.7734375,953.9606323242188,31.60430908203125
24.7890625,953.951171875,31.614959716796875
24.8046875,953.9540405273438,31.60430908203125
24.8203125,953.947021484375,31.59143829345703
24.8359375,953.95703125,31.586669921875
24.8515625,953.9373779296875,31.584091186523438
24.8671875,953.9520874023438,31.57123565673828
24.8828125,953.9603881835938,31.568283081054688
24.8984375,953.9415283203125,31.563873291015625
24.9140625,953.9447631835938,31.556533813476562
24.9296875,953.9457397460938,31.543670654296875
24.9453125,953.9522705078125,31.5543212890625
24.9609375,953.9444580078125,31.530075073242188
24.9765625,953.9497680664062,31.530799865722656
24.9921875,953.9563598632812,31.51573944091797
25.0078125,953.9560546875,31.506187438964844
25.0234375,953.953857421875,31.50140380859375
25.0390625,953.9432373046875,31.4844970703125
25.0546875,953.952392578125,31.474220275878906
25.0703125,953.9429321289062,31.477523803710938
25.0859375,953.95703125,31.46575927734375
25.1015625,953.9469604492188,31.46429443359375
25.1171875,953.9503784179688,31.444808959960938
25.1328125,953.9586791992188,31.432327270507812
25.1484375,953.9376831054688,31.41431427001953
25.1640625,953.938232421875,31.39630126953125
25.1796875,953.94482421875,31.39263916015625
25.1953125,953.9384155273438,31.371688842773438
25.2109375,953.939453125,31.341552734375
25.2265625,953.9549560546875,31.345962524414062
25.2421875,953.9518432617188,31.3397216796875
25.2578125,953.9411010742188,31.327590942382812
25.2734375,953.9481811523438,31.32353973388672
25.2890625,953.9561767578125,31.311416625976562
25.3046875,953.9435424804688,31.294143676757812
25.3203125,953.9580078125,31.276504516601562
25.3359375,953.9496459960938,31.278717041015625
25.3515625,953.955810546875,31.256668090820312
25.3671875,953.9536743164062,31.239395141601562
25.3828125,953.9620971679688,31.23534393310547
25.3984375,953.9485473632812,31.21734619140625
25.4140625,953.9611206054688,31.19823455810547
25.4296875,953.9562377929688,31.179489135742188
25.4453125,953.9532470703125,31.1640625
25.4609375,953.966064453125,31.153404235839844
25.4765625,953.95068359375,31.140907287597656
25.4921875,953.947021484375,31.11114501953125
25.5078125,953.9553833007812,31.123641967773438
25.5234375,953.9788208007812,31.104156494140625
25.5390625,953.9546508789062,31.09056854248047
25.5546875,953.9462280273438,31.09166717529297
25.5703125,953.9677734375,31.084312438964844
25.5859375,953.9575805664062,31.067413330078125
25.6015625,953.9432373046875,31.063735961914062
25.6171875,953.9614868164062,31.05970001220703
25.6328125,953.977783203125,31.04389190673828
25.6484375,953.9713745117188,31.050506591796875
25.6640625,953.96435546875,31.030288696289062
25.6796875,953.96826171875,31.029190063476562
25.6953125,953.9842529296875,31.017433166503906
25.7109375,953.96826171875,31.00714111328125
25.7265625,953.96240234375,31.010086059570312
25.7421875,953.9561767578125,31.00457763671875
25.7578125,953.9638671875,30.996116638183594
25.7734375,953.9780883789062,30.99024200439453
25.7890625,953.9732666015625,30.975540161132812
25.8046875,953.969970703125,30.96709442138672
25.8203125,953.9710693359375,30.967819213867188
25.8359375,953.9782104492188,30.95386505126953
25.8515625,953.95654296875,30.942840576171875
25.8671875,953.9757080078125,30.93695068359375
25.8828125,953.9649658203125,30.93511962890625
25.8984375,953.9457397460938,30.926658630371094
25.9140625,953.9591674804688,30.929969787597656
25.9296875,953.9666748046875,30.921524047851562
25.9453125,953.966552734375,30.91417694091797
25.9609375,953.9579467773438,30.906814575195312
25.9765625,953.9769287109375,30.908660888671875
25.9921875,953.9765625,30.895790100097656
26.0078125,953.9710693359375,30.895065307617188
26.0234375,953.9786987304688,30.90460968017578
26.0390625,953.9690551757812,30.884765625
26.0546875,953.9627685546875,30.881103515625
26.0703125,953.9606323242188,30.870079040527344
26.0859375,953.9536743164062,30.860885620117188
26.1015625,953.9676513671875,30.8458251953125
26.1171875,953.949951171875,30.84912872314453
26.1328125,953.9593505859375,30.84545135498047
26.1484375,953.9631958007812,30.82598114013672
26.1640625,953.9612426757812,30.84362030029297
26.1796875,953.962890625,30.82964324951172
26.1953125,953.9722290039062,30.83039093017578
26.2109375,953.9616088867188,30.824134826660156
26.2265625,953.9610595703125,30.81531524658203
26.2421875,953.9630737304688,30.81458282470703
26.2578125,953.9481201171875,30.81458282470703
26.2734375,953.9600830078125,30.79436492919922
26.2890625,953.9317016601562,30.79511260986328
26.3046875,953.9448852539062,30.785919189453125
26.3203125,953.930908203125,30.7760009765625
26.3359375,953.9442749023438,30.77783203125
26.3515625,953.9270629882812,30.763137817382812
26.3671875,953.9430541992188,30.74585723876953
26.3828125,953.9532470703125,30.746604919433594
26.3984375,953.9425659179688,30.75762939453125
26.4140625,953.9573364257812,30.747329711914062
26.4296875,953.9528198242188,30.736312866210938
26.4453125,953.9415283203125,30.74144744873047
26.4609375,953.9605102539062,30.70801544189453
26.4765625,953.9554443359375,30.72308349609375
26.4921875,953.9539794921875,30.71057891845703
26.5078125,953.9461669921875,30.70691680908203
26.5234375,953.9494018554688,30.709854125976562
26.5390625,953.9459838867188,30.68890380859375
26.5546875,953.9434204101562,30.694046020507812
26.5703125,953.955810546875,30.697349548339844
26.5859375,953.9591064453125,30.70360565185547
26.6015625,953.9639892578125,30.679351806640625
26.6171875,953.9747314453125,30.676406860351562
26.6328125,953.9583129882812,30.68669891357422
26.6484375,953.964111328125,30.676406860351562
26.6640625,953.9930419921875,30.680816650390625
26.6796875,953.98193359375,30.662445068359375
26.6953125,953.962890625,30.665756225585938
26.7109375,954.0001831054688,30.649948120117188
26.7265625,953.9861450195312,30.65289306640625
26.7421875,953.9852294921875,30.65179443359375
26.7578125,953.9887084960938,30.633407592773438
26.7734375,953.993408203125,30.642227172851562
26.7890625,953.97998046875,30.649948120117188
26.8046875,953.9981079101562,30.648483276367188
26.8203125,954.0062866210938,30.645904541015625
26.8359375,954.0221557617188,30.659866333007812
26.8515625,954.0205078125,30.662445068359375
26.8671875,954.0291748046875,30.6705322265625
26.8828125,954.0050048828125,30.6719970703125
26.8984375,954.0217895507812,30.680816650390625
26.9140625,954.0178833007812,30.694046020507812
26.9296875,954.0126342773438,30.700302124023438
26.9453125,954.0006713867188,30.714263916015625
26.9609375,954.0003051757812,30.735939025878906
26.9765625,954.0394897460938,30.749542236328125
26.9921875,954.0336303710938,30.767181396484375
27.0078125,954.0383911132812,30.780776977539062
27.0234375,954.025390625,30.791427612304688
27.0390625,954.0479736328125,30.818260192871094
27.0546875,954.0481567382812,30.82928466796875
27.0703125,954.024169921875,30.841773986816406
27.0859375,954.0254516601562,30.875946044921875
27.1015625,954.019287109375,30.890281677246094
27.1171875,954.0111694335938,30.924095153808594
27.1328125,954.0276489257812,30.913429260253906
27.1484375,954.0153198242188,30.959373474121094
27.1640625,954.0545043945312,30.963409423828125
27.1796875,954.0315551757812,30.99024200439453
27.1953125,954.0079345703125,31.000526428222656
27.2109375,954.0293579101562,31.02552032470703
27.2265625,954.0503540039062,31.05785369873047
27.2421875,954.0213012695312,31.068519592285156
27.2578125,954.0348510742188,31.09423065185547
27.2734375,954.0308227539062,31.109664916992188
27.2890625,954.0341796875,31.13208770751953
27.3046875,954.009521484375,31.158172607421875
27.3203125,954.040771484375,31.154869079589844
27.3359375,954.0248413085938,31.176559448242188
27.3515625,954.0307006835938,31.194557189941406
27.3671875,954.009765625,31.207427978515625
27.3828125,953.9984130859375,31.2364501953125
27.3984375,954.0126342773438,31.262176513671875
27.4140625,954.01513671875,31.278717041015625
27.4296875,954.009033203125,31.29084014892578
27.4453125,954.0179443359375,31.301864624023438
27.4609375,953.9964599609375,31.317672729492188
27.4765625,953.9866333007812,31.348541259765625
27.4921875,954.0089111328125,31.366912841796875
27.5078125,954.0177612304688,31.369842529296875
27.5234375,954.0181274414062,31.398880004882812
27.5390625,953.9910888671875,31.402915954589844
27.5546875,953.98974609375,31.414688110351562
27.5703125,953.9693603515625,31.422760009765625
27.5859375,953.986328125,31.449966430664062
27.6015625,954.0032348632812,31.468338012695312
27.6171875,953.9752807617188,31.479354858398438
27.6328125,953.9918823242188,31.480087280273438
27.6484375,953.9805908203125,31.48303985595703
27.6640625,953.9766845703125,31.505088806152344
27.6796875,954.0142211914062,31.509498596191406
27.6953125,953.9967651367188,31.514633178710938
27.7109375,954.0032348632812,31.532272338867188
27.7265625,954.0001220703125,31.544403076171875
27.7421875,953.9869995117188,31.542198181152344
27.7578125,953.9951171875,31.5550537109375
27.7734375,953.9964599609375,31.567550659179688
27.7890625,953.9923095703125,31.57269287109375
27.8046875,953.9791259765625,31.598419189453125
27.8203125,953.9642944335938,31.60320281982422
27.8359375,953.98388671875,31.610923767089844
27.8515625,953.9827880859375,31.633697509765625
27.8671875,953.9910888671875,31.643997192382812
27.8828125,953.9927368164062,31.648765563964844
27.8984375,953.98193359375,31.667877197265625
27.9140625,953.9747314453125,31.665672302246094
27.9296875,953.9708862304688,31.682205200195312
27.9453125,953.9803466796875,31.69213104248047
27.9609375,953.962158203125,31.69213104248047
27.9765625,953.9735717773438,31.695068359375
27.9921875,953.9732666015625,31.71050262451172
28.0078125,953.9754638671875,31.721527099609375
28.0234375,953.9758911132812,31.735496520996094
28.0390625,953.9635620117188,31.742843627929688
28.0546875,953.9642944335938,31.74504852294922
28.0703125,953.9691772460938,31.754974365234375
28.0859375,953.952880859375,31.770401000976562
28.1015625,953.9556884765625,31.775184631347656
28.1171875,953.970458984375,31.787673950195312
28.1328125,953.9579467773438,31.796493530273438
28.1484375,953.9588012695312,31.796859741210938
28.1640625,953.9606323242188,31.810462951660156
28.1796875,953.9685668945312,31.792823791503906
28.1953125,953.946533203125,31.824798583984375
28.2109375,953.9730224609375,31.815231323242188
28.2265625,953.9559326171875,31.832138061523438
28.2421875,953.9606323242188,31.83141326904297
28.2578125,953.9605102539062,31.83507537841797
28.2734375,953.9555053710938,31.843536376953125
28.2890625,953.9359741210938,31.840591430664062
28.3046875,953.9512329101562,31.85418701171875
28.3203125,953.9430541992188,31.850509643554688
28.3359375,953.952880859375,31.85529327392578
28.3515625,953.9467163085938,31.847206115722656
28.3671875,953.9470825195312,31.85198974609375
28.3828125,953.9625854492188,31.85198974609375
28.3984375,953.9368286132812,31.863006591796875
28.4140625,953.9600830078125,31.848678588867188
28.4296875,953.9556274414062,31.848678588867188
28.4453125,953.9586791992188,31.838760375976562
28.4609375,953.9462280273438,31.849777221679688
28.4765625,953.9461669921875,31.847206115722656
28.4921875,953.9470825195312,31.83582305908203
28.5078125,953.9459838867188,31.83397674560547
28.5234375,953.9512329101562,31.81487274169922
28.5390625,953.9606323242188,31.804954528808594
28.5546875,953.9524536132812,31.80126953125
28.5703125,953.9551391601562,31.79613494873047
28.5859375,953.9313354492188,31.80054473876953
28.6015625,953.9591674804688,31.790977478027344
28.6171875,953.9595336914062,31.779220581054688
28.6328125,953.9451293945312,31.774810791015625
28.6484375,953.954833984375,31.772239685058594
28.6640625,953.9564819335938,31.770401000976562
28.6796875,953.956298828125,31.74835205078125
28.6953125,953.9552001953125,31.73365020751953
28.7109375,953.956787109375,31.7296142578125
28.7265625,953.9521484375,31.70977020263672
28.7421875,953.9568481445312,31.71087646484375
28.7578125,953.9545288085938,31.71014404296875
28.7734375,953.962158203125,31.69837188720703
28.7890625,953.9622192382812,31.686614990234375
28.8046875,953.958740234375,31.67816925048828
28.8203125,953.9453125,31.667877197265625
28.8359375,953.9425048828125,31.665672302246094
28.8515625,953.9422607421875,31.63994598388672
28.8671875,953.9523315429688,31.64179229736328
28.8828125,953.9578857421875,31.623046875
28.8984375,953.9590454101562,31.6256103515625
28.9140625,953.964599609375,31.5885009765625
28.9296875,953.946533203125,31.578208923339844
28.9453125,953.950927734375,31.586669921875
28.9609375,953.9494018554688,31.56976318359375
28.9765625,953.9649658203125,31.5543212890625
28.9921875,953.9586791992188,31.559104919433594
29.0078125,953.9549560546875,31.53705596923828
29.0234375,953.9600830078125,31.5186767578125
29.0390625,953.9593505859375,31.51573944091797
29.0546875,953.9406127929688,31.50324249267578
29.0703125,953.9555053710938,31.4833984375
29.0859375,953.9546508789062,31.494422912597656
29.1015625,953.9671020507812,31.48303985595703
29.1171875,953.9563598632812,31.476051330566406
29.1328125,953.9598999023438,31.44886016845703
29.1484375,953.9638061523438,31.444808959960938
29.1640625,953.961669921875,31.433059692382812
29.1796875,953.9525756835938,31.4132080078125
29.1953125,953.9649658203125,31.39594268798828
29.2109375,953.9764404296875,31.386749267578125
29.2265625,953.9559326171875,31.35956573486328
29.2421875,953.9596557617188,31.35515594482422
29.2578125,953.9766235351562,31.333106994628906
29.2734375,953.9570922851562,31.328697204589844
29.2890625,953.9578857421875,31.315826416015625
29.3046875,953.9797973632812,31.30847930908203
29.3203125,953.9660034179688,31.291946411132812
29.3359375,953.97216796875,31.280189514160156
29.3515625,953.9560546875,31.266212463378906
29.3671875,953.95458984375,31.25335693359375
29.3828125,953.9617919921875,31.25335693359375
29.3984375,953.9737548828125,31.209259033203125
29.4140625,953.962158203125,31.200439453125
29.4296875,953.9612426757812,31.17876434326172
29.4453125,953.9620971679688,31.167739868164062
29.4609375,953.9496459960938,31.154136657714844
29.4765625,953.9644165039062,31.150100708007812
29.4921875,953.9591674804688,31.143844604492188
29.5078125,953.9556884765625,31.130615234375
29.5234375,953.9782104492188,31.123268127441406
29.5390625,953.9620361328125,31.11444854736328
29.5546875,953.9766235351562,31.109664916992188
29.5703125,953.9660034179688,31.09607696533203
29.5859375,953.9730224609375,31.087615966796875
29.6015625,953.97216796875,31.07402801513672
29.6171875,953.9564819335938,31.066673278808594
29.6328125,953.9563598632812,31.04389190673828
29.6484375,953.9534912109375,31.02625274658203
29.6640625,953.9691162109375,31.032135009765625
29.6796875,953.9523315429688,31.033241271972656
29.6953125,953.96435546875,31.018165588378906
29.7109375,953.9671020507812,31.016700744628906
29.7265625,953.9764404296875,31.010086059570312
29.7421875,953.9423828125,31.00531005859375
29.7578125,953.9669799804688,31.010818481445312
29.7734375,953.9561767578125,30.993911743164062
29.7890625,953.9659423828125,30.993911743164062
29.8046875,953.9730834960938,30.991348266601562
29.8203125,953.9776611328125,30.979576110839844
29.8359375,953.9625854492188,30.98583221435547
29.8515625,953.9769897460938,30.97113037109375
29.8671875,953.9581909179688,30.976272583007812
29.8828125,953.9641723632812,30.963043212890625
29.8984375,953.948486328125,30.960479736328125
29.9140625,953.9625854492188,30.956069946289062
29.9296875,953.962158203125,30.948707580566406
29.9453125,953.960205078125,30.950912475585938
29.9609375,953.9501953125,30.929611206054688
29.9765625,953.9595947265625,30.931068420410156
29.9921875,953.9518432617188,30.928863525390625
30.0078125,953.958251953125,30.912330627441406
30.0234375,953.9547729492188,30.915634155273438
30.0390625,953.9557495117188,30.890655517578125
30.0546875,953.938232421875,30.887344360351562
30.0703125,953.9540405273438,30.895065307617188
30.0859375,953.953125,30.8829345703125
30.1015625,953.9327392578125,30.884765625
30.1171875,953.947265625,30.870437622070312
30.1328125,953.9536743164062,30.874114990234375
30.1484375,953.928955078125,30.872283935546875
30.1640625,953.9473266601562,30.853538513183594
30.1796875,953.9376220703125,30.857208251953125
30.1953125,953.9302368164062,30.84618377685547
30.2109375,953.9481811523438,30.8487548828125
30.2265625,953.9634399414062,30.854270935058594
30.2421875,953.9639892578125,30.82598114013672
30.2578125,953.9575805664062,30.826705932617188
30.2734375,953.9732666015625,30.83148956298828
30.2890625,953.9646606445312,30.81090545654297
30.3046875,953.962646484375,30.804656982421875
30.3203125,953.9692993164062,30.80834197998047
30.3359375,954.006591796875,30.79767608642578
30.3515625,953.9751586914062,30.782241821289062
30.3671875,953.964599609375,30.77562713623047
30.3828125,953.9794311523438,30.766448974609375
30.3984375,953.9946899414062,30.768653869628906
30.4140625,953.974609375,30.749908447265625
30.4296875,953.9954223632812,30.76166534423828
30.4453125,953.9900512695312,30.76129150390625
30.4609375,953.9917602539062,30.766807556152344
30.4765625,954.0174560546875,30.762039184570312
30.4921875,954.0396728515625,30.769752502441406
30.5078125,954.0057373046875,30.769752502441406
30.5234375,954.0584106445312,30.767181396484375
30.5390625,954.0205078125,30.782241821289062
30.5546875,954.013671875,30.786651611328125
30.5703125,954.0003051757812,30.789230346679688
30.5859375,954.0232543945312,30.797317504882812
30.6015625,954.05810546875,30.805389404296875
30.6171875,954.0016479492188,30.81090545654297
30.6328125,954.0145874023438,30.825607299804688
30.6484375,954.1021118164062,30.818260192871094
30.6640625,953.9944458007812,30.841773986816406
30.6796875,954.029052734375,30.852798461914062
30.6953125,954.0050659179688,30.86750030517578
30.7109375,954.03515625,30.86419677734375
30.7265625,954.0838012695312,30.881103515625
30.7421875,954.0095825195312,30.89947509765625
30.7578125,954.0401611328125,30.904983520507812
30.7734375,954.0281982421875,30.925559997558594
30.7890625,954.042724609375,30.933273315429688
30.8046875,954.0591430664062,30.956069946289062
30.8203125,954.0439453125,30.949813842773438
30.8359375,954.0153198242188,30.958999633789062
30.8515625,954.0472412109375,30.9876708984375
30.8671875,954.017333984375,30.998321533203125
30.8828125,954.0200805664062,31.015228271484375
30.8984375,953.989501953125,31.021469116210938
30.9140625,954.05224609375,31.04206085205078
30.9296875,954.0047607421875,31.055648803710938
30.9453125,954.0449829101562,31.091293334960938
30.9609375,954.0405883789062,31.09607696533203
30.9765625,954.0639038085938,31.11444854736328
30.9921875,954.0375366210938,31.135765075683594
31.0078125,954.0319213867188,31.14604949951172
31.0234375,954.0473022460938,31.1658935546875
31.0390625,954.0577392578125,31.172508239746094
31.0546875,954.033203125,31.18500518798828
31.0703125,954.0266723632812,31.1993408203125
31.0859375,954.0669555664062,31.21770477294922
31.1015625,954.0072631835938,31.230209350585938
31.1171875,954.0413208007812,31.243064880371094
31.1328125,954.2021484375,31.248573303222656
31.1484375,954.1549072265625,31.25335693359375
31.1640625,954.1159057617188,31.265853881835938
31.1796875,954.081298828125,31.270263671875
31.1953125,953.9973754882812,31.265853881835938
