# Time (seconds),Pressure,Temp
0.0078125,953.7819213867188,29.3994140625
0.0234375,953.7108154296875,29.415206909179688
0.0390625,953.7297973632812,29.42035675048828
0.0546875,953.7290649414062,29.413742065429688
0.0703125,953.7218627929688,29.42035675048828
0.0859375,953.7230834960938,29.411537170410156
0.1015625,953.7305908203125,29.3994140625
0.1171875,953.7269897460938,29.413375854492188
0.1328125,953.7224731445312,29.41851043701172
0.1484375,953.725830078125,29.41484832763672
0.1640625,953.728515625,29.407127380371094
0.1796875,953.7212524414062,29.41998291015625
0.1953125,953.7362060546875,29.41484832763672
0.2109375,953.7254638671875,29.413375854492188
0.2265625,953.727783203125,29.400146484375
0.2421875,953.7342529296875,29.407127380371094
0.2578125,953.7326049804688,29.41484832763672
0.2734375,953.7254638671875,29.42035675048828
0.2890625,953.7241821289062,29.404556274414062
0.3046875,953.737060546875,29.395736694335938
0.3203125,953.7236328125,29.410438537597656
0.3359375,953.726318359375,29.41667938232422
0.3515625,953.723876953125,29.413742065429688
0.3671875,953.727783203125,29.40087127685547
0.3828125,953.7158203125,29.413375854492188
0.3984375,953.7176513671875,29.415206909179688
0.4140625,953.7327880859375,29.4019775390625
0.4296875,953.7213134765625,29.39904022216797
0.4453125,953.7156982421875,29.407127380371094
0.4609375,953.7200317382812,29.393898010253906
0.4765625,953.7228393554688,29.4012451171875
0.4921875,953.7313842773438,29.3994140625
0.5078125,953.7239379882812,29.408233642578125
0.5234375,953.72607421875,29.415573120117188
0.5390625,953.7369384765625,29.413375854492188
0.5546875,953.7283935546875,29.4019775390625
0.5703125,953.720703125,29.409690856933594
0.5859375,953.7221069335938,29.404556274414062
0.6015625,953.7197265625,29.415206909179688
0.6171875,953.7285766601562,29.41667938232422
0.6328125,953.7454223632812,29.404556274414062
0.6484375,953.7747192382812,29.413375854492188
0.6640625,953.7840576171875,29.39977264404297
0.6796875,953.7623291015625,29.4019775390625
0.6953125,953.7696533203125,29.41925811767578
0.7109375,953.7587890625,29.413002014160156
0.7265625,953.778564453125,29.424026489257812
0.7421875,953.7880249023438,29.42071533203125
0.7578125,953.8295288085938,29.432113647460938
0.7734375,953.8539428710938,29.431015014648438
0.7890625,953.83349609375,29.427330017089844
0.8046875,953.8690185546875,29.4383544921875
0.8203125,953.8342895507812,29.442405700683594
0.8359375,953.8489379882812,29.450851440429688
0.8515625,953.9132080078125,29.45526123046875
0.8671875,953.8311767578125,29.461151123046875
0.8828125,953.8878784179688,29.482093811035156
0.8984375,953.8558959960938,29.495323181152344
0.9140625,953.8853149414062,29.495323181152344
0.9296875,953.9104614257812,29.515167236328125
0.9453125,953.8441772460938,29.5416259765625
0.9609375,953.8959350585938,29.583145141601562
0.9765625,953.8736572265625,29.608131408691406
0.9921875,953.919189453125,29.634963989257812
1.0078125,953.8615112304688,29.658485412597656
1.0234375,953.891357421875,29.694122314453125
1.0390625,953.8446655273438,29.7169189453125
1.0546875,953.8690185546875,29.725738525390625
1.0703125,953.8699951171875,29.744476318359375
1.0859375,953.8789672851562,29.77570343017578
1.1015625,953.873779296875,29.80657196044922
1.1171875,953.9108276367188,29.838546752929688
1.1328125,953.9432373046875,29.8580322265625
1.1484375,953.8968505859375,29.872360229492188
1.1640625,953.8468627929688,29.904335021972656
1.1796875,953.9026489257812,29.927841186523438
1.1953125,953.9049682617188,29.953567504882812
1.2109375,953.8823852539062,29.988121032714844
1.2265625,953.881591796875,30.01678466796875
1.2421875,953.8856201171875,30.030372619628906
1.2578125,953.8858642578125,30.05426788330078
1.2734375,953.91748046875,30.075942993164062
1.2890625,953.8717651367188,30.103134155273438
1.3046875,953.88232421875,30.1431884765625
1.3203125,953.8665161132812,30.170753479003906
1.3359375,953.859130859375,30.188392639160156
1.3515625,953.854248046875,30.209335327148438
1.3671875,953.9119262695312,30.24388885498047
1.3828125,953.9112548828125,30.252334594726562
1.3984375,953.9071655273438,30.293121337890625
1.4140625,953.8419189453125,30.328033447265625
1.4296875,953.8795166015625,30.33318328857422
1.4453125,953.8668823242188,30.35596466064453
1.4609375,953.8822631835938,30.385360717773438
1.4765625,953.9252319335938,30.385360717773438
1.4921875,953.9281616210938,30.40814971923828
1.5078125,953.9275512695312,30.432403564453125
1.5234375,953.9024047851562,30.45812225341797
1.5390625,953.915771484375,30.487152099609375
1.5546875,953.8677978515625,30.4967041015625
1.5703125,953.8992919921875,30.521705627441406
1.5859375,953.8580932617188,30.544479370117188
1.6015625,953.8585205078125,30.56249237060547
1.6171875,953.8745727539062,30.577926635742188
1.6328125,953.8576049804688,30.58527374267578
1.6484375,953.894287109375,30.611732482910156
1.6640625,953.8854370117188,30.63892364501953
1.6796875,953.8667602539062,30.6378173828125
1.6953125,953.8671875,30.665382385253906
1.7109375,953.8734741210938,30.677146911621094
1.7265625,953.9075317382812,30.68890380859375
1.7421875,953.8717041015625,30.709121704101562
1.7578125,953.9094848632812,30.744400024414062
1.7734375,953.8641357421875,30.765342712402344
1.7890625,953.8565673828125,30.76129150390625
1.8046875,953.854248046875,30.77857208251953
1.8203125,953.8518676757812,30.791427612304688
1.8359375,953.859130859375,30.804656982421875
1.8515625,953.858642578125,30.818260192871094
1.8671875,953.8599853515625,30.841041564941406
1.8828125,953.8592529296875,30.853538513183594
1.8984375,953.8695068359375,30.86456298828125
1.9140625,953.845458984375,30.87889862060547
1.9296875,953.8767700195312,30.889923095703125
1.9453125,953.822265625,30.912330627441406
1.9609375,953.866943359375,30.933273315429688
1.9765625,953.8487548828125,30.95458984375
1.9921875,953.8699951171875,30.963043212890625
2.0078125,953.844482421875,31.00640869140625
2.0234375,953.8529663085938,30.99024200439453
2.0390625,953.8734741210938,31.015228271484375
2.0546875,953.8538208007812,31.019638061523438
2.0703125,953.854248046875,31.021469116210938
2.0859375,953.8382568359375,31.02367401123047
2.1015625,953.8474731445312,31.027725219726562
2.1171875,953.8550415039062,31.04131317138672
2.1328125,953.8402099609375,31.036178588867188
2.1484375,953.8560180664062,31.04206085205078
2.1640625,953.8677978515625,31.04389190673828
2.1796875,953.8452758789062,31.066673278808594
2.1953125,953.8475341796875,31.065567016601562
2.2109375,953.85888671875,31.061904907226562
2.2265625,953.8650512695312,31.071083068847656
2.2421875,953.8826904296875,31.088363647460938
2.2578125,953.8544921875,31.083206176757812
2.2734375,953.8677368164062,31.082107543945312
2.2890625,953.8605346679688,31.07769775390625
2.3046875,953.863037109375,31.093505859375
2.3203125,953.8658447265625,31.100486755371094
2.3359375,953.8623046875,31.102325439453125
2.3515625,953.8517456054688,31.107833862304688
2.3671875,953.8792114257812,31.100486755371094
2.3828125,953.8515625,31.09607696533203
2.3984375,953.8690185546875,31.103797912597656
2.4140625,953.8626098632812,31.107833862304688
2.4296875,953.863037109375,31.09864044189453
2.4453125,953.8621826171875,31.087615966796875
2.4609375,953.88671875,31.099746704101562
2.4765625,953.87841796875,31.09166717529297
2.4921875,953.8685913085938,31.07402801513672
2.5078125,953.8596801757812,31.087989807128906
2.5234375,953.861083984375,31.064834594726562
2.5390625,953.863037109375,31.063003540039062
2.5546875,953.858642578125,31.036178588867188
2.5703125,953.8630981445312,31.033241271972656
2.5859375,953.8621826171875,31.02184295654297
2.6015625,953.8658447265625,31.019264221191406
2.6171875,953.8602294921875,31.00714111328125
2.6328125,953.8805541992188,30.993179321289062
2.6484375,953.8624267578125,30.964889526367188
2.6640625,953.8595581054688,30.96819305419922
2.6796875,953.8557739257812,30.956069946289062
2.6953125,953.8641357421875,30.93878936767578
2.7109375,953.8748779296875,30.93402099609375
2.7265625,953.8732299804688,30.91527557373047
2.7421875,953.8714599609375,30.911598205566406
2.7578125,953.8692016601562,30.8829345703125
2.7734375,953.8741455078125,30.874114990234375
2.7890625,953.8673095703125,30.8458251953125
2.8046875,953.8663330078125,30.84545135498047
2.8203125,953.8525390625,30.83184814453125
2.8359375,953.8870239257812,30.818992614746094
2.8515625,953.8677978515625,30.80834197998047
2.8671875,953.8667602539062,30.77672576904297
2.8828125,953.873779296875,30.780776977539062
2.8984375,953.8610229492188,30.76093292236328
2.9140625,953.8668823242188,30.734100341796875
2.9296875,953.8563842773438,30.74072265625
2.9453125,953.8826904296875,30.714263916015625
2.9609375,953.850830078125,30.698097229003906
2.9765625,953.8731689453125,30.683021545410156
2.9921875,953.8741455078125,30.6705322265625
3.0078125,953.862060546875,30.663543701171875
3.0234375,953.869140625,30.642974853515625
3.0390625,953.8605346679688,30.627899169921875
3.0546875,953.8613891601562,30.61431121826172
3.0703125,953.8870239257812,30.613563537597656
3.0859375,953.8743286132812,30.592620849609375
3.1015625,953.8818359375,30.58159637451172
3.1171875,953.8884887695312,30.561019897460938
3.1328125,953.8692016601562,30.558815002441406
3.1484375,953.8569946289062,30.533462524414062
3.1640625,953.8681640625,30.5308837890625
3.1796875,953.8805541992188,30.516921997070312
3.1953125,953.8616943359375,30.504791259765625
3.2109375,953.8588256835938,30.491561889648438
3.2265625,953.8682861328125,30.49560546875
3.2421875,953.8577880859375,30.489364624023438
3.2578125,953.8715209960938,30.465835571289062
3.2734375,953.8525390625,30.447463989257812
3.2890625,953.8734130859375,30.44305419921875
3.3046875,953.8688354492188,30.419906616210938
3.3203125,953.866455078125,30.433509826660156
3.3359375,953.8726196289062,30.41071319580078
3.3515625,953.8697509765625,30.39307403564453
3.3671875,953.854248046875,30.394920349121094
3.3828125,953.8681640625,30.37213134765625
3.3984375,953.8563232421875,30.385360717773438
3.4140625,953.876220703125,30.376541137695312
3.4296875,953.8663330078125,30.367721557617188
3.4453125,953.8815307617188,30.362205505371094
3.4609375,953.8619384765625,30.366256713867188
3.4765625,953.8784790039062,30.348617553710938
3.4921875,953.860595703125,30.33391571044922
3.5078125,953.8597412109375,30.330978393554688
3.5234375,953.8833618164062,30.327301025390625
3.5390625,953.8746948242188,30.31627655029297
3.5546875,953.8717651367188,30.306724548339844
3.5703125,953.87255859375,30.304153442382812
3.5859375,953.8794555664062,30.296432495117188
3.6015625,953.8745727539062,30.275482177734375
3.6171875,953.8695068359375,30.269973754882812
3.6328125,953.8689575195312,30.269973754882812
3.6484375,953.8659057617188,30.269973754882812
3.6640625,953.860595703125,30.26593780517578
3.6796875,953.8685913085938,30.25012969970703
3.6953125,953.8574829101562,30.238731384277344
3.7109375,953.8658447265625,30.243141174316406
3.7265625,953.8734130859375,30.23249053955078
3.7421875,953.8681640625,30.221092224121094
3.7578125,953.8670654296875,30.210067749023438
3.7734375,953.8713989257812,30.222564697265625
3.7890625,953.8594360351562,30.215957641601562
3.8046875,953.8636474609375,30.197586059570312
3.8203125,953.8617553710938,30.19573974609375
3.8359375,953.8854370117188,30.204925537109375
3.8515625,953.862548828125,30.19500732421875
3.8671875,953.8705444335938,30.19097137451172
3.8828125,953.8659057617188,30.184715270996094
3.8984375,953.8778076171875,30.19097137451172
3.9140625,953.8839111328125,30.180679321289062
3.9296875,953.8660888671875,30.172584533691406
3.9453125,953.8676147460938,30.170753479003906
3.9609375,953.8764038085938,30.15752410888672
3.9765625,953.881591796875,30.153488159179688
3.9921875,953.8603515625,30.148330688476562
4.0078125,953.873046875,30.133270263671875
4.0234375,953.8661499023438,30.119667053222656
4.0390625,953.863037109375,30.111595153808594
4.0546875,953.8705444335938,30.128128051757812
4.0703125,953.86328125,30.115257263183594
4.0859375,953.8775024414062,30.103134155273438
4.1015625,953.8524169921875,30.097991943359375
4.1171875,953.8889770507812,30.084762573242188
4.1328125,953.8727416992188,30.075942993164062
4.1484375,953.8896484375,30.074844360351562
4.1640625,953.8825073242188,30.065292358398438
4.1796875,953.8850708007812,30.063812255859375
4.1953125,953.895751953125,30.05316162109375
4.2109375,953.88037109375,30.05095672607422
4.2265625,953.872314453125,30.041038513183594
4.2421875,953.8569946289062,30.03588104248047
4.2578125,953.8773803710938,30.033676147460938
4.2734375,953.8634033203125,30.031112670898438
4.2890625,953.867919921875,30.03515625
4.3046875,953.8934936523438,30.029640197753906
4.3203125,953.8529663085938,30.005760192871094
4.3359375,953.8905029296875,30.005760192871094
4.3515625,953.8600463867188,29.996566772460938
4.3671875,953.8670043945312,30.005760192871094
4.3828125,953.868408203125,29.987747192382812
4.3984375,953.8780517578125,29.978553771972656
4.4140625,953.8770751953125,29.98296356201172
4.4296875,953.9575805664062,29.990325927734375
4.4453125,953.8663940429688,29.975250244140625
4.4609375,953.8797607421875,29.988479614257812
4.4765625,953.9031982421875,29.96863555908203
4.4921875,953.8719482421875,29.96276092529297
4.5078125,953.8385009765625,29.958351135253906
4.5234375,953.8930053710938,29.953941345214844
4.5390625,953.8543701171875,29.9638671875
4.5546875,953.8834228515625,29.94402313232422
4.5703125,953.8987426757812,29.957611083984375
4.5859375,953.8654174804688,29.94843292236328
4.6015625,953.8418579101562,29.937034606933594
4.6171875,953.9010620117188,29.937034606933594
4.6328125,953.89208984375,29.93262481689453
4.6484375,953.8916015625,29.935928344726562
4.6640625,953.883544921875,29.92894744873047
4.6796875,953.902099609375,29.934097290039062
4.6953125,953.9008178710938,29.93262481689453
4.7109375,953.860595703125,29.924179077148438
4.7265625,953.8328857421875,29.93004608154297
4.7421875,953.8549194335938,29.922698974609375
4.7578125,953.8966064453125,29.925277709960938
4.7734375,953.8521118164062,29.934097290039062
4.7890625,953.84765625,29.923805236816406
4.8046875,953.8226318359375,29.925277709960938
4.8203125,953.8754272460938,29.920867919921875
4.8359375,953.831298828125,29.93004608154297
4.8515625,953.786865234375,29.922698974609375
4.8671875,953.8895263671875,29.921226501464844
4.8828125,953.8373413085938,29.91387939453125
4.8984375,953.87841796875,29.917190551757812
4.9140625,953.8070678710938,29.91057586669922
4.9296875,953.8111572265625,29.920867919921875
4.9453125,953.8372192382812,29.920867919921875
4.9609375,953.8343505859375,29.9296875
4.9765625,953.8381958007812,29.93004608154297
4.9921875,953.81787109375,29.926010131835938
5.0078125,953.802001953125,29.940338134765625
5.0234375,953.860107421875,29.9315185546875
5.0390625,953.813232421875,29.933731079101562
5.0546875,953.8271484375,29.943649291992188
5.0703125,953.8843383789062,29.94953155517578
5.0859375,953.8432006835938,29.94402313232422
5.1015625,953.8192749023438,29.942176818847656
5.1171875,953.8472290039062,29.94843292236328
5.1328125,953.8239135742188,29.944381713867188
5.1484375,953.8079223632812,29.957252502441406
5.1640625,953.8206176757812,29.964599609375
5.1796875,953.8327026367188,29.958709716796875
5.1953125,953.827880859375,29.972312927246094
5.2109375,953.856689453125,29.971939086914062
5.2265625,953.8334350585938,29.98150634765625
5.2421875,953.8247680664062,29.971206665039062
5.2578125,953.8441162109375,29.98186492919922
5.2734375,953.8403930664062,29.991783142089844
5.2890625,953.8485107421875,29.980026245117188
5.3046875,953.85693359375,29.995468139648438
5.3203125,953.8416748046875,29.993988037109375
5.3359375,953.8655395507812,30.00318145751953
5.3515625,953.845458984375,29.993988037109375
5.3671875,953.8391723632812,30.00135040283203
5.3828125,953.8507080078125,30.005760192871094
5.3984375,953.8678588867188,30.012374877929688
5.4140625,953.8511352539062,30.022293090820312
5.4296875,953.8527221679688,30.024124145507812
5.4453125,953.8313598632812,30.02155303955078
5.4609375,953.8419189453125,30.029640197753906
5.4765625,953.8421630859375,30.025230407714844
5.4921875,953.83154296875,30.02044677734375
5.5078125,953.851318359375,30.03919219970703
5.5234375,953.8831176757812,30.037353515625
5.5390625,953.8787231445312,30.03919219970703
5.5546875,953.893798828125,30.044342041015625
5.5703125,953.8865966796875,30.02155303955078
5.5859375,953.8472290039062,30.03919219970703
5.6015625,953.8203125,30.044342041015625
5.6171875,953.8609008789062,30.05095672607422
5.6328125,953.8555908203125,30.05242156982422
5.6484375,953.847412109375,30.05389404296875
5.6640625,953.870849609375,30.05426788330078
5.6796875,953.8727416992188,30.05206298828125
5.6953125,953.8873901367188,30.061981201171875
5.7109375,953.8351440429688,30.074844360351562
5.7265625,953.8825073242188,30.0726318359375
5.7421875,953.8524169921875,30.074111938476562
5.7578125,953.8746948242188,30.074844360351562
5.7734375,953.874755859375,30.068222045898438
5.7890625,953.8602905273438,30.076316833496094
5.8046875,953.8748779296875,30.074111938476562
5.8203125,953.8823852539062,30.091751098632812
5.8359375,953.8441162109375,30.084762573242188
5.8515625,953.8505859375,30.081825256347656
5.8671875,953.834716796875,30.09210968017578
5.8828125,953.8614501953125,30.097259521484375
5.8984375,953.854736328125,30.105712890625
5.9140625,953.866455078125,30.108642578125
5.9296875,953.8558959960938,30.118942260742188
5.9453125,953.8844604492188,30.121871948242188
5.9609375,953.8984985351562,30.112693786621094
5.9765625,953.861083984375,30.12041473388672
5.9921875,953.8959350585938,30.133644104003906
6.0078125,953.8583984375,30.148330688476562
6.0234375,953.9059448242188,30.1431884765625
6.0390625,953.8897705078125,30.147232055664062
6.0546875,953.8967895507812,30.164512634277344
6.0703125,953.9456787109375,30.16082763671875
6.0859375,953.90234375,30.167816162109375
6.1015625,953.9149780273438,30.15569305419922
6.1171875,953.9478149414062,30.164512634277344
6.1328125,953.9295654296875,30.153488159179688
6.1484375,953.9320678710938,30.167816162109375
6.1640625,953.9155883789062,30.180679321289062
6.1796875,953.9049072265625,30.171485900878906
6.1953125,953.904052734375,30.179946899414062
6.2109375,953.8971557617188,30.174057006835938
6.2265625,953.9144287109375,30.187660217285156
6.2421875,953.8936767578125,30.182876586914062
6.2578125,953.8854370117188,30.207504272460938
6.2734375,953.917724609375,30.190597534179688
6.2890625,953.8915405273438,30.19280242919922
6.3046875,953.9163208007812,30.198318481445312
6.3203125,953.9180297851562,30.19207000732422
6.3359375,953.8833618164062,30.2144775390625
6.3515625,953.9035034179688,30.200889587402344
6.3671875,953.8872680664062,30.206031799316406
6.3828125,953.9104614257812,30.199790954589844
6.3984375,953.9169921875,30.21302032470703
6.4140625,953.880126953125,30.2119140625
6.4296875,953.8661499023438,30.200149536132812
6.4453125,953.8840942382812,30.209335327148438
6.4609375,953.8706665039062,30.197586059570312
6.4765625,953.8868408203125,30.204559326171875
6.4921875,953.8499145507812,30.204200744628906
6.5078125,953.8606567382812,30.19683837890625
6.5234375,953.8568725585938,30.19280242919922
6.5390625,953.8642578125,30.200889587402344
6.5546875,953.8848266601562,30.187660217285156
6.5703125,953.8637084960938,30.17589569091797
6.5859375,953.8595581054688,30.17919921875
6.6015625,953.8599853515625,30.182510375976562
6.6171875,953.8441162109375,30.182510375976562
6.6328125,953.8471069335938,30.1773681640625
6.6484375,953.85498046875,30.16082763671875
6.6640625,953.842529296875,30.168922424316406
6.6796875,953.85888671875,30.170753479003906
6.6953125,953.8674926757812,30.154220581054688
6.7109375,953.84912109375,30.16010284423828
6.7265625,953.8610229492188,30.156417846679688
6.7421875,953.8594360351562,30.141357421875
6.7578125,953.864501953125,30.133644104003906
6.7734375,953.8541870117188,30.129234313964844
6.7890625,953.8418579101562,30.12371826171875
6.8046875,953.8430786132812,30.114532470703125
6.8203125,953.8577270507812,30.112693786621094
6.8359375,953.8401489257812,30.114158630371094
6.8515625,953.8564453125,30.119308471679688
6.8671875,953.8480224609375,30.118942260742188
6.8828125,953.8599243164062,30.114158630371094
6.8984375,953.8433227539062,30.09137725830078
6.9140625,953.8494873046875,30.091751098632812
6.9296875,953.851318359375,30.079978942871094
6.9453125,953.8602905273438,30.09064483642578
6.9609375,953.8583374023438,30.084762573242188
6.9765625,953.8732299804688,30.064544677734375
6.9921875,953.8557739257812,30.064918518066406
7.0078125,953.8576049804688,30.066749572753906
7.0234375,953.8488159179688,30.063446044921875
7.0390625,953.8657836914062,30.05536651611328
7.0546875,953.8505859375,30.05683135986328
7.0703125,953.8507690429688,30.05426788330078
7.0859375,953.8714599609375,30.062713623046875
7.1015625,953.848388671875,30.038833618164062
7.1171875,953.8544311523438,30.050216674804688
7.1328125,953.859130859375,30.050216674804688
7.1484375,953.8572998046875,30.032943725585938
7.1640625,953.8502197265625,30.039932250976562
7.1796875,953.8682861328125,30.037353515625
7.1953125,953.8602294921875,30.039566040039062
7.2109375,953.8658447265625,30.030372619628906
7.2265625,953.8535766601562,30.0355224609375
7.2421875,953.8373413085938,30.02044677734375
7.2578125,953.8525390625,30.022293090820312
7.2734375,953.8473510742188,30.024124145507812
7.2890625,953.8379516601562,30.005760192871094
7.3046875,953.8666381835938,30.01751708984375
7.3203125,953.85107421875,30.006118774414062
7.3359375,953.845703125,29.997299194335938
7.3515625,953.8436279296875,29.993629455566406
7.3671875,953.844482421875,30.00135040283203
7.3828125,953.8507080078125,29.993255615234375
7.3984375,953.841552734375,29.974143981933594
7.4140625,953.8635864257812,29.970840454101562
7.4296875,953.8631591796875,29.977828979492188
7.4453125,953.848388671875,29.98554229736328
7.4609375,953.84912109375,29.98296356201172
7.4765625,953.8631591796875,29.972312927246094
7.4921875,953.8423461914062,29.989219665527344
7.5078125,953.8458862304688,29.979660034179688
7.5234375,953.8646850585938,29.977828979492188
7.5390625,953.8448486328125,29.978927612304688
7.5546875,953.865234375,29.972312927246094
7.5703125,953.864501953125,29.971206665039062
7.5859375,953.8631591796875,29.964599609375
7.6015625,953.8416137695312,29.959083557128906
7.6171875,953.8441162109375,29.95209503173828
7.6328125,953.83740234375,29.950637817382812
7.6484375,953.8450317382812,29.94585418701172
7.6640625,953.8606567382812,29.936660766601562
7.6796875,953.873046875,29.951370239257812
7.6953125,953.853515625,29.941444396972656
7.7109375,953.86865234375,29.936660766601562
7.7265625,953.8359375,29.936660766601562
7.7421875,953.8496704101562,29.94402313232422
7.7578125,953.847412109375,29.936660766601562
7.7734375,953.8598022460938,29.93335723876953
7.7890625,953.8463745117188,29.93262481689453
7.8046875,953.84326171875,29.92638397216797
7.8203125,953.8671875,29.933731079101562
7.8359375,953.8528442382812,29.9293212890625
7.8515625,953.8590698242188,29.9322509765625
7.8671875,953.865966796875,29.93262481689453
7.8828125,953.859375,29.938865661621094
7.8984375,953.8666381835938,29.940711975097656
7.9140625,953.8583984375,29.92638397216797
7.9296875,953.8599853515625,29.92638397216797
7.9453125,953.845703125,29.92894744873047
7.9609375,953.848876953125,29.935562133789062
7.9765625,953.843505859375,29.935203552246094
7.9921875,953.8609008789062,29.92638397216797
8.0078125,953.8348999023438,29.93004608154297
8.0234375,953.8429565429688,29.920867919921875
8.0390625,953.8666381835938,29.925636291503906
8.0546875,953.8521118164062,29.921974182128906
8.0703125,953.8595581054688,29.92638397216797
8.0859375,953.845703125,29.920867919921875
8.1015625,953.8372192382812,29.91571807861328
8.1171875,953.8565673828125,29.921226501464844
8.1328125,953.8571166992188,29.91571807861328
8.1484375,953.8446044921875,29.917190551757812
8.1640625,953.859130859375,29.909469604492188
8.1796875,953.8583374023438,29.907638549804688
8.1953125,953.8359375,29.902488708496094
8.2109375,953.8485717773438,29.896240234375
8.2265625,953.8402099609375,29.89366912841797
8.2421875,953.8536987304688,29.902862548828125
8.2578125,953.8355102539062,29.8951416015625
8.2734375,953.8568725585938,29.89476776123047
8.2890625,953.8568725585938,29.89697265625
8.3046875,953.8558349609375,29.885223388671875
8.3203125,953.8636474609375,29.883010864257812
8.3359375,953.8676147460938,29.873825073242188
8.3515625,953.849365234375,29.873825073242188
8.3671875,953.83740234375,29.87456512451172
8.3828125,953.8697509765625,29.882644653320312
8.3984375,953.885498046875,29.85692596435547
8.4140625,953.8829345703125,29.866104125976562
8.4296875,953.8719482421875,29.86133575439453
8.4453125,953.900146484375,29.85692596435547
8.4609375,953.8840942382812,29.85692596435547
8.4765625,953.9098510742188,29.862442016601562
8.4921875,953.9110107421875,29.86133575439453
8.5078125,953.8970947265625,29.86133575439453
8.5234375,953.919189453125,29.84039306640625
8.5390625,953.8741455078125,29.84039306640625
8.5546875,953.9082641601562,29.84222412109375
8.5703125,953.91796875,29.86133575439453
8.5859375,953.9526977539062,29.84039306640625
8.6015625,953.9285888671875,29.84222412109375
8.6171875,953.8988037109375,29.84369659423828
8.6328125,953.913330078125,29.837814331054688
8.6484375,953.9151611328125,29.848106384277344
8.6640625,953.91796875,29.84369659423828
8.6796875,953.9408569335938,29.84039306640625
8.6953125,953.8926391601562,29.833030700683594
8.7109375,953.880615234375,29.838546752929688
8.7265625,953.8762817382812,29.835983276367188
8.7421875,953.9017944335938,29.84222412109375
8.7578125,953.9436645507812,29.84039306640625
8.7734375,953.8825073242188,29.829368591308594
8.7890625,953.9322509765625,29.84442901611328
8.8046875,953.9217529296875,29.851417541503906
8.8203125,953.8876953125,29.844802856445312
8.8359375,953.870361328125,29.833404541015625
8.8515625,953.9146728515625,29.839645385742188
8.8671875,953.931396484375,29.845535278320312
8.8828125,953.920654296875,29.853622436523438
8.8984375,953.9142456054688,29.838546752929688
8.9140625,953.9110107421875,29.85948944091797
8.9296875,953.91015625,29.862442016601562
8.9453125,953.8643798828125,29.85765838623047
8.9609375,953.9080200195312,29.862442016601562
8.9765625,953.8937377929688,29.87640380859375
8.9921875,953.8848876953125,29.870513916015625
9.0078125,953.9141845703125,29.87787628173828
9.0234375,953.8934326171875,29.87640380859375
9.0390625,953.8944091796875,29.883384704589844
9.0546875,953.8927001953125,29.889999389648438
9.0703125,953.9160766601562,29.904693603515625
9.0859375,953.9259033203125,29.907997131347656
9.1015625,953.880859375,29.91571807861328
9.1171875,953.8809814453125,29.91498565673828
9.1328125,953.865966796875,29.92821502685547
9.1484375,953.9169311523438,29.920867919921875
9.1640625,953.8995361328125,29.93004608154297
9.1796875,953.9314575195312,29.94402313232422
9.1953125,953.9214477539062,29.937767028808594
9.2109375,953.8981323242188,29.94402313232422
9.2265625,953.9137573242188,29.94512176513672
9.2421875,953.9036254882812,29.95209503173828
9.2578125,953.8822631835938,29.958709716796875
9.2734375,953.8882446289062,29.972312927246094
9.2890625,953.9259643554688,29.96276092529297
9.3046875,953.9191284179688,29.976722717285156
9.3203125,953.9175415039062,29.976348876953125
9.3359375,953.9019165039062,29.98627471923828
9.3515625,953.9244995117188,29.978553771972656
9.3671875,953.9451293945312,29.994735717773438
9.3828125,953.889404296875,29.992530822753906
9.3984375,953.8892211914062,30.007591247558594
9.4140625,953.9451293945312,29.9998779296875
9.4296875,953.9412841796875,30.013832092285156
9.4453125,953.9182739257812,30.005760192871094
9.4609375,953.9138793945312,30.014205932617188
9.4765625,953.9171142578125,30.027809143066406
9.4921875,953.9375,30.03221893310547
9.5078125,953.8692016601562,30.041763305664062
9.5234375,953.9090576171875,30.05242156982422
9.5390625,953.90234375,30.05426788330078
9.5546875,953.9127197265625,30.049110412597656
9.5703125,953.9205322265625,30.05609893798828
9.5859375,953.9051513671875,30.061981201171875
9.6015625,953.8883666992188,30.080726623535156
9.6171875,953.947021484375,30.084762573242188
9.6328125,953.8983154296875,30.09064483642578
9.6484375,953.8912353515625,30.093582153320312
9.6640625,953.933349609375,30.08879852294922
9.6796875,954.0177001953125,30.099464416503906
9.6953125,953.9064331054688,30.114898681640625
9.7109375,953.91748046875,30.114158630371094
9.7265625,953.9437255859375,30.12628173828125
9.7421875,953.9551391601562,30.131797790527344
9.7578125,953.9383544921875,30.12554931640625
9.7734375,953.964599609375,30.132537841796875
9.7890625,953.9509887695312,30.152008056640625
9.8046875,953.9348754882812,30.157150268554688
9.8203125,953.919921875,30.156417846679688
9.8359375,953.9024658203125,30.15789794921875
9.8515625,953.9630126953125,30.167816162109375
9.8671875,953.9036254882812,30.17516326904297
9.8828125,953.9414672851562,30.17516326904297
9.8984375,953.9366455078125,30.187286376953125
9.9140625,953.9330444335938,30.188392639160156
9.9296875,953.8937377929688,30.203453063964844
9.9453125,953.9172973632812,30.20861053466797
9.9609375,953.895751953125,30.201622009277344
9.9765625,953.9422607421875,30.21302032470703
9.9921875,953.9111328125,30.215225219726562
10.0078125,953.9435424804688,30.221839904785156
10.0234375,953.9191284179688,30.226974487304688
10.0390625,953.9447631835938,30.22624969482422
10.0546875,953.9016723632812,30.236167907714844
10.0703125,953.927734375,30.238731384277344
10.0859375,953.90234375,30.238731384277344
10.1015625,953.8735961914062,30.238731384277344
10.1171875,953.8735961914062,30.254539489746094
10.1328125,953.8758544921875,30.26593780517578
10.1484375,953.870361328125,30.26483154296875
10.1640625,953.8761596679688,30.257476806640625
10.1796875,953.8706665039062,30.26556396484375
10.1953125,953.860107421875,30.260421752929688
10.2109375,953.86328125,30.272178649902344
10.2265625,953.8583984375,30.26409149169922
10.2421875,953.8713989257812,30.275482177734375
10.2578125,953.8723754882812,30.26666259765625
10.2734375,953.8525390625,30.255645751953125
10.2890625,953.85498046875,30.275115966796875
10.3046875,953.8723754882812,30.268875122070312
10.3203125,953.864013671875,30.271446228027344
10.3359375,953.8631591796875,30.26739501953125
10.3515625,953.8770751953125,30.261154174804688
10.3671875,953.862060546875,30.26483154296875
10.3828125,953.8666381835938,30.269241333007812
10.3984375,953.8790283203125,30.261886596679688
10.4140625,953.8525390625,30.254165649414062
10.4296875,953.870361328125,30.260055541992188
10.4453125,953.8661499023438,30.249755859375
10.4609375,953.8513793945312,30.256370544433594
10.4765625,953.8616333007812,30.262252807617188
10.4921875,953.8711547851562,30.245346069335938
10.5078125,953.8444213867188,30.249755859375
10.5234375,953.8741455078125,30.238731384277344
10.5390625,953.86279296875,30.23322296142578
10.5546875,953.8628540039062,30.2471923828125
10.5703125,953.8565673828125,30.238372802734375
10.5859375,953.8688354492188,30.23065948486328
10.6015625,953.8518676757812,30.226608276367188
10.6171875,953.8587036132812,30.221092224121094
10.6328125,953.8670654296875,30.224403381347656
10.6484375,953.8590698242188,30.2144775390625
10.6640625,953.8663940429688,30.203826904296875
10.6796875,953.860595703125,30.203453063964844
10.6953125,953.8533935546875,30.215957641601562
10.7109375,953.8636474609375,30.21044158935547
10.7265625,953.8499145507812,30.205657958984375
10.7421875,953.8696899414062,30.202728271484375
10.7578125,953.8623046875,30.201622009277344
10.7734375,953.8651123046875,30.187660217285156
10.7890625,953.846435546875,30.182151794433594
10.8046875,953.8441162109375,30.17333221435547
10.8203125,953.8468017578125,30.17699432373047
10.8359375,953.849609375,30.15972900390625
10.8515625,953.8610229492188,30.16082763671875
10.8671875,953.8652954101562,30.175537109375
10.8828125,953.8578491210938,30.156417846679688
10.8984375,953.8577270507812,30.14171600341797
10.9140625,953.8401489257812,30.152740478515625
10.9296875,953.8441162109375,30.14612579345703
10.9453125,953.8483276367188,30.136207580566406
10.9609375,953.8508911132812,30.12335205078125
10.9765625,953.83349609375,30.136947631835938
10.9921875,953.8336791992188,30.12628173828125
11.0078125,953.841552734375,30.128128051757812
11.0234375,953.8375854492188,30.111221313476562
11.0390625,953.8370971679688,30.105712890625
11.0546875,953.8527221679688,30.10498046875
11.0703125,953.8472290039062,30.097259521484375
11.0859375,953.8362426757812,30.114158630371094
11.1015625,953.849365234375,30.084762573242188
11.1171875,953.8302612304688,30.079254150390625
11.1328125,953.8309326171875,30.076675415039062
11.1484375,953.8336791992188,30.067855834960938
11.1640625,953.83154296875,30.05792999267578
11.1796875,953.8335571289062,30.065292358398438
11.1953125,953.8217163085938,30.05426788330078
11.2109375,953.8319091796875,30.065292358398438
11.2265625,953.8217163085938,30.044342041015625
11.2421875,953.8292236328125,30.0355224609375
11.2578125,953.8109741210938,30.028533935546875
11.2734375,953.821044921875,30.037353515625
11.2890625,953.8327026367188,30.01934814453125
11.3046875,953.8387451171875,30.01457977294922
11.3203125,953.8167724609375,30.012374877929688
11.3359375,953.8164672851562,30.01751708984375
11.3515625,953.833740234375,30.00135040283203
11.3671875,953.8136596679688,29.997299194335938
11.3828125,953.8180541992188,29.992530822753906
11.3984375,953.8282470703125,29.988121032714844
11.4140625,953.8338623046875,29.98627471923828
11.4296875,953.818115234375,29.969009399414062
11.4453125,953.8307495117188,29.974517822265625
11.4609375,953.8223266601562,29.98113250732422
11.4765625,953.8342895507812,29.955406188964844
11.4921875,953.8294067382812,29.959083557128906
11.5078125,953.8172607421875,29.94989013671875
11.5234375,953.8312377929688,29.957252502441406
11.5390625,953.8248291015625,29.950637817382812
11.5546875,953.8372192382812,29.953567504882812
11.5703125,953.8358154296875,29.94915771484375
11.5859375,953.8401489257812,29.955406188964844
11.6015625,953.8329467773438,29.940711975097656
11.6171875,953.8524169921875,29.935928344726562
11.6328125,953.8435668945312,29.936660766601562
11.6484375,953.8388671875,29.934097290039062
11.6640625,953.8685913085938,29.93004608154297
11.6796875,953.9373779296875,29.92638397216797
11.6953125,953.9041748046875,29.91057586669922
11.7109375,953.9138793945312,29.920127868652344
11.7265625,953.8892211914062,29.919021606445312
11.7421875,953.9022216796875,29.91315460205078
11.7578125,953.8770751953125,29.91057586669922
11.7734375,953.8912353515625,29.91498565673828
11.7890625,953.9090576171875,29.907638549804688
11.8046875,953.9052734375,29.920501708984375
11.8203125,953.860595703125,29.92638397216797
11.8359375,953.9310913085938,29.93189239501953
11.8515625,953.9286499023438,29.922698974609375
11.8671875,953.9420776367188,29.937034606933594
11.8828125,953.8909301757812,29.944747924804688
11.8984375,953.9758911132812,29.96863555908203
11.9140625,953.9322509765625,29.974517822265625
11.9296875,953.9364624023438,29.995468139648438
11.9453125,953.935546875,29.978553771972656
11.9609375,954.0563354492188,29.988479614257812
11.9765625,953.9743041992188,30.013832092285156
11.9921875,953.9803466796875,30.028533935546875
12.0078125,954.0230102539062,30.027061462402344
12.0234375,953.8926391601562,30.060508728027344
12.0390625,953.9371948242188,30.064186096191406
12.0546875,953.9512939453125,30.076316833496094
12.0703125,953.946533203125,30.10387420654297
12.0859375,953.9570922851562,30.116004943847656
12.1015625,953.9439086914062,30.137306213378906
12.1171875,953.9962158203125,30.155319213867188
12.1328125,953.991455078125,30.170753479003906
12.1484375,954.0150756835938,30.182876586914062
12.1640625,953.9846801757812,30.209335327148438
12.1796875,953.9125366210938,30.219635009765625
12.1953125,953.9631958007812,30.241310119628906
12.2109375,953.9819946289062,30.254539489746094
12.2265625,954.0162353515625,30.274383544921875
12.2421875,953.97216796875,30.280624389648438
12.2578125,953.9786987304688,30.311134338378906
12.2734375,953.9728393554688,30.319580078125
12.2890625,954.0042114257812,30.364051818847656
12.3046875,953.9338989257812,30.367721557617188
12.3203125,954.0040893554688,30.377281188964844
12.3359375,953.9548950195312,30.402267456054688
12.3515625,954.0309448242188,30.415122985839844
12.3671875,954.0051879882812,30.419906616210938
12.3828125,953.9872436523438,30.438644409179688
12.3984375,954.0559692382812,30.472824096679688
12.4140625,954.0504760742188,30.482017517089844
12.4296875,954.111083984375,30.4959716796875
12.4453125,954.18359375,30.53418731689453
12.4609375,954.2417602539062,30.54595947265625
12.4765625,954.171875,30.5643310546875
12.4921875,954.2118530273438,30.586746215820312
12.5078125,954.2875366210938,30.609901428222656
12.5234375,954.2450561523438,30.62017822265625
12.5390625,954.2699584960938,30.631202697753906
12.5546875,954.1820068359375,30.660614013671875
12.5703125,954.19873046875,30.683021545410156
12.5859375,954.2540893554688,30.68707275390625
12.6015625,954.0781860351562,30.72491455078125
12.6171875,954.2152709960938,30.732627868652344
12.6328125,954.27880859375,30.769378662109375
12.6484375,954.197021484375,30.791427612304688
12.6640625,954.271484375,30.8123779296875
12.6796875,954.1767578125,30.824134826660156
12.6953125,954.2472534179688,30.841415405273438
12.7109375,954.20654296875,30.859054565429688
12.7265625,954.2322387695312,30.889175415039062
12.7421875,954.125732421875,30.90057373046875
12.7578125,954.1544189453125,30.908660888671875
12.7734375,954.0864868164062,30.93547821044922
12.7890625,954.1112060546875,30.94945526123047
12.8046875,954.0857543945312,30.966346740722656
12.8203125,954.0940551757812,30.997962951660156
12.8359375,954.0655517578125,31.00714111328125
12.8515625,954.10107421875,31.02552032470703
12.8671875,954.0186767578125,31.035804748535156
12.8828125,954.0416870117188,31.04206085205078
12.8984375,953.9760131835938,31.064834594726562
12.9140625,954.0231323242188,31.07843780517578
12.9296875,954.0178833007812,31.085784912109375
12.9453125,954.0388793945312,31.09680938720703
12.9609375,954.1094360351562,31.104156494140625
12.9765625,954.0228881835938,31.121063232421875
12.9921875,954.1022338867188,31.119964599609375
13.0078125,954.1217651367188,31.132461547851562
13.0234375,954.0344848632812,31.134666442871094
13.0390625,954.0198974609375,31.137229919433594
13.0546875,953.9998168945312,31.133193969726562
13.0703125,954.1200561523438,31.137229919433594
13.0859375,953.9956665039062,31.14789581298828
13.1015625,953.92919921875,31.134666442871094
13.1171875,954.0228881835938,31.142379760742188
13.1328125,953.9154663085938,31.136497497558594
13.1484375,953.9375610351562,31.141281127929688
13.1640625,953.9535522460938,31.142013549804688
13.1796875,953.9877319335938,31.12694549560547
13.1953125,953.9743041992188,31.109664916992188
13.2109375,953.921142578125,31.083953857421875
13.2265625,953.8881225585938,31.050880432128906
13.2421875,953.8782348632812,31.030288696289062
13.2578125,953.8714599609375,31.019264221191406
13.2734375,953.8764038085938,31.00714111328125
13.2890625,953.85302734375,30.978851318359375
13.3046875,953.8657836914062,30.95569610595703
13.3203125,953.8574829101562,30.946144104003906
13.3359375,953.8516845703125,30.91968536376953
13.3515625,953.8444213867188,30.904983520507812
13.3671875,953.8536376953125,30.8822021484375
13.3828125,953.8568725585938,30.86419677734375
13.3984375,953.8663330078125,30.841773986816406
13.4140625,953.865234375,30.838104248046875
13.4296875,953.8566284179688,30.822296142578125
13.4453125,953.8449096679688,30.788124084472656
13.4609375,953.8580932617188,30.782608032226562
13.4765625,953.8707885742188,30.749168395996094
13.4921875,953.885986328125,30.73778533935547
13.5078125,953.8634033203125,30.712425231933594
13.5234375,953.8704223632812,30.695892333984375
13.5390625,953.8825073242188,30.67273712158203
13.5546875,953.873046875,30.65252685546875
13.5703125,953.8681030273438,30.63745880126953
13.5859375,953.8695678710938,30.61431121826172
13.6015625,953.8690185546875,30.59667205810547
13.6171875,953.8678588867188,30.58380126953125
13.6328125,953.8594360351562,30.566162109375
13.6484375,953.8702392578125,30.568740844726562
13.6640625,953.8638916015625,30.54888916015625
13.6796875,953.854736328125,30.5301513671875
13.6953125,953.8744506835938,30.515823364257812
13.7109375,953.8646850585938,30.508102416992188
13.7265625,953.8722534179688,30.492294311523438
13.7421875,953.8706665039062,30.483474731445312
13.7578125,953.8829956054688,30.474655151367188
13.7734375,953.8521728515625,30.454452514648438
13.7890625,953.8602905273438,30.454452514648438
13.8046875,953.8602905273438,30.44122314453125
13.8203125,953.8590698242188,30.425048828125
13.8359375,953.850341796875,30.417327880859375
13.8515625,953.86328125,30.404098510742188
13.8671875,953.8781127929688,30.396385192871094
13.8828125,953.8671875,30.383529663085938
13.8984375,953.8527221679688,30.375076293945312
13.9140625,953.8751831054688,30.380592346191406
13.9296875,953.8499755859375,30.356338500976562
13.9453125,953.8512573242188,30.36956787109375
13.9609375,953.8519287109375,30.35302734375
13.9765625,953.8598022460938,30.344207763671875
13.9921875,953.8494262695312,30.33391571044922
14.0078125,953.8460083007812,30.344207763671875
14.0234375,953.8560180664062,30.328033447265625
14.0390625,953.8394165039062,30.33502197265625
14.0546875,953.8533325195312,30.326927185058594
14.0703125,953.8375854492188,30.3177490234375
14.0859375,953.8390502929688,30.304153442382812
14.1015625,953.85498046875,30.30010986328125
14.1171875,953.8414916992188,30.30084228515625
14.1328125,953.8427124023438,30.292022705078125
14.1484375,953.8394165039062,30.2850341796875
14.1640625,953.8399658203125,30.279525756835938
14.1796875,953.8412475585938,30.2850341796875
14.1953125,953.851318359375,30.26483154296875
14.2109375,953.839111328125,30.257843017578125
14.2265625,953.845703125,30.262252807617188
14.2421875,953.8538818359375,30.252708435058594
14.2578125,953.8529663085938,30.255645751953125
14.2734375,953.8532104492188,30.26666259765625
14.2890625,953.841796875,30.24571990966797
14.3046875,953.8390502929688,30.24829864501953
14.3203125,953.8524780273438,30.2490234375
14.3359375,953.8364868164062,30.239105224609375
14.3515625,953.8372192382812,30.25012969970703
14.3671875,953.8538208007812,30.238372802734375
14.3828125,953.8455200195312,30.223670959472656
14.3984375,953.8404541015625,30.23065948486328
14.4140625,953.86083984375,30.22845458984375
14.4296875,953.8421630859375,30.223670959472656
14.4453125,953.8499755859375,30.222564697265625
14.4609375,953.8409423828125,30.243141174316406
14.4765625,953.8345947265625,30.227706909179688
14.4921875,953.847412109375,30.215225219726562
14.5078125,953.8510131835938,30.206031799316406
14.5234375,953.854248046875,30.205299377441406
14.5390625,953.8482055664062,30.203453063964844
14.5546875,953.8491821289062,30.204200744628906
14.5703125,953.8493041992188,30.217056274414062
14.5859375,953.8505249023438,30.200515747070312
14.6015625,953.8579711914062,30.197586059570312
14.6171875,953.868896484375,30.197586059570312
14.6328125,953.8443603515625,30.198318481445312
14.6484375,953.8564453125,30.190223693847656
14.6640625,953.8478393554688,30.190223693847656
14.6796875,953.837158203125,30.199790954589844
14.6953125,953.8589477539062,30.21044158935547
14.7109375,953.8487548828125,30.202728271484375
14.7265625,953.8623046875,30.201995849609375
14.7421875,953.8580322265625,30.180679321289062
14.7578125,953.8427124023438,30.19207000732422
14.7734375,953.8450317382812,30.19647979736328
14.7890625,953.8473510742188,30.200889587402344
14.8046875,953.859130859375,30.204925537109375
14.8203125,953.861328125,30.199417114257812
14.8359375,953.8619384765625,30.19097137451172
14.8515625,953.85693359375,30.19573974609375
14.8671875,953.901611328125,30.19610595703125
14.8828125,953.9417114257812,30.187660217285156
14.8984375,953.9408569335938,30.187660217285156
14.9140625,953.9301147460938,30.186561584472656
14.9296875,953.9658203125,30.188018798828125
14.9453125,953.9212036132812,30.182510375976562
14.9609375,953.9732055664062,30.186187744140625
14.9765625,954.0040283203125,30.17589569091797
14.9921875,954.015625,30.1781005859375
15.0078125,954.0415649414062,30.17333221435547
15.0234375,954.036865234375,30.168922424316406
15.0390625,953.9790649414062,30.170753479003906
15.0546875,954.0227661132812,30.172584533691406
15.0703125,953.97216796875,30.170753479003906
15.0859375,953.9774169921875,30.170753479003906
15.1015625,953.9498901367188,30.172958374023438
15.1171875,953.9334716796875,30.180679321289062
15.1328125,953.984375,30.188018798828125
15.1484375,953.986328125,30.191329956054688
15.1640625,953.9913940429688,30.19097137451172
15.1796875,953.9669189453125,30.199417114257812
15.1953125,954.0543823242188,30.2137451171875
15.2109375,953.9613647460938,30.21337890625
15.2265625,953.9625854492188,30.227706909179688
15.2421875,954.0518798828125,30.226608276367188
15.2578125,953.9154663085938,30.243141174316406
15.2734375,953.9732666015625,30.253807067871094
15.2890625,953.9921875,30.257843017578125
15.3046875,954.0045776367188,30.262252807617188
15.3203125,953.9668579101562,30.28357696533203
15.3359375,953.9581909179688,30.2843017578125
15.3515625,953.9456787109375,30.311134338378906
15.3671875,954.0797729492188,30.319580078125
15.3828125,953.969482421875,30.33318328857422
15.3984375,953.9810180664062,30.344207763671875
15.4140625,953.9891967773438,30.367721557617188
15.4296875,953.9515380859375,30.358543395996094
15.4453125,954.0247192382812,30.37139892578125
15.4609375,953.9973754882812,30.383529663085938
15.4765625,954.0146484375,30.402267456054688
15.4921875,953.99560546875,30.411819458007812
15.5078125,953.9828491210938,30.433509826660156
15.5234375,953.9622192382812,30.44599151611328
15.5390625,953.990966796875,30.437545776367188
15.5546875,954.0248413085938,30.47870635986328
15.5703125,954.010986328125,30.48017120361328
15.5859375,954.0200805664062,30.492294311523438
15.6015625,954.0123291015625,30.51213836669922
15.6171875,953.9671630859375,30.518020629882812
15.6328125,954.1822509765625,30.540443420410156
15.6484375,954.114501953125,30.543006896972656
15.6640625,954.068115234375,30.550369262695312
15.6796875,953.9959716796875,30.58159637451172
15.6953125,954.01171875,30.576080322265625
15.7109375,954.0391235351562,30.59850311279297
15.7265625,954.1561279296875,30.61431121826172
15.7421875,954.116455078125,30.6341552734375
15.7578125,954.1703491210938,30.63561248779297
15.7734375,954.0307006835938,30.659866333007812
15.7890625,954.1095581054688,30.66943359375
15.8046875,954.1984252929688,30.698455810546875
15.8203125,954.1743774414062,30.69293975830078
15.8359375,954.2545166015625,30.712051391601562
15.8515625,954.1105346679688,30.730422973632812
15.8671875,954.1094360351562,30.74219512939453
15.8828125,954.1141967773438,30.764968872070312
15.8984375,954.1105346679688,30.79180145263672
15.9140625,954.0289916992188,30.804656982421875
15.9296875,954.0708618164062,30.817520141601562
15.9453125,954.0188598632812,30.83184814453125
15.9609375,954.0890502929688,30.83295440673828
15.9765625,954.0867919921875,30.861984252929688
15.9921875,953.9928588867188,30.868972778320312
16.0078125,954.1446533203125,30.891021728515625
16.0234375,954.14208984375,30.91417694091797
16.0390625,954.1408081054688,30.933273315429688
16.0546875,954.1212158203125,30.941360473632812
16.0703125,954.1220092773438,30.960838317871094
16.0859375,954.0372924804688,30.976272583007812
16.1015625,954.0592041015625,30.99097442626953
16.1171875,954.1795043945312,31.015602111816406
16.1328125,953.9680786132812,31.029930114746094
16.1484375,954.0477905273438,31.031394958496094
16.1640625,954.037109375,31.05859375
16.1796875,954.0840454101562,31.0611572265625
16.1953125,954.0514526367188,31.07769775390625
16.2109375,954.0919189453125,31.093505859375
16.2265625,954.064208984375,31.104522705078125
16.2421875,954.1077270507812,31.12584686279297
16.2578125,954.0016479492188,31.13391876220703
16.2734375,953.9767456054688,31.14569091796875
16.2890625,954.0592041015625,31.151931762695312
16.3046875,954.0693359375,31.160377502441406
16.3203125,954.0045776367188,31.172882080078125
16.3359375,954.0237426757812,31.1986083984375
16.3515625,953.9862060546875,31.20191192626953
16.3671875,954.0193481445312,31.223960876464844
16.3828125,954.003662109375,31.238296508789062
16.3984375,953.9339599609375,31.239395141601562
16.4140625,953.9507446289062,31.259597778320312
16.4296875,953.9612426757812,31.282020568847656
16.4453125,953.9741821289062,31.28900909423828
16.4609375,954.0208129882812,31.298553466796875
16.4765625,954.018798828125,31.313995361328125
16.4921875,953.9976196289062,31.316925048828125
16.5078125,953.9716186523438,31.318405151367188
16.5234375,953.996826171875,31.3408203125
16.5390625,953.9100341796875,31.345230102539062
16.5546875,953.9451293945312,31.370590209960938
16.5703125,953.9649658203125,31.386383056640625
16.5859375,953.9671630859375,31.39263916015625
16.6015625,953.9384155273438,31.397048950195312
16.6171875,953.8755493164062,31.401458740234375
16.6328125,953.9483642578125,31.405120849609375
16.6484375,953.876953125,31.42974853515625
16.6640625,953.8878173828125,31.433059692382812
16.6796875,953.8814697265625,31.4466552734375
16.6953125,953.8607788085938,31.44886016845703
16.7109375,953.8681640625,31.459518432617188
16.7265625,953.8572998046875,31.456581115722656
16.7421875,953.863037109375,31.46429443359375
16.7578125,953.854736328125,31.470909118652344
16.7734375,953.864990234375,31.46429443359375
16.7890625,953.8756713867188,31.474220275878906
16.8046875,953.8766479492188,31.470169067382812
16.8203125,953.85888671875,31.457679748535156
16.8359375,953.8839721679688,31.470169067382812
16.8515625,953.8560180664062,31.459518432617188
16.8671875,953.8447265625,31.444808959960938
16.8828125,953.8707885742188,31.449966430664062
16.8984375,953.8694458007812,31.444808959960938
16.9140625,953.8563842773438,31.42864990234375
16.9296875,953.8594970703125,31.420196533203125
16.9453125,953.8605346679688,31.40807342529297
16.9609375,953.8641357421875,31.402191162109375
16.9765625,953.8635864257812,31.387123107910156
16.9921875,953.862060546875,31.387123107910156
17.0078125,953.8578491210938,31.37535858154297
17.0234375,953.8698120117188,31.367279052734375
17.0390625,953.8558959960938,31.365074157714844
17.0546875,953.8610229492188,31.341552734375
17.0703125,953.8670654296875,31.33861541748047
17.0859375,953.8572387695312,31.319503784179688
17.1015625,953.8618774414062,31.316925048828125
17.1171875,953.873046875,31.315826416015625
17.1328125,953.8561401367188,31.30847930908203
17.1484375,953.8673095703125,31.294143676757812
17.1640625,953.8815307617188,31.283493041992188
17.1796875,953.8672485351562,31.264007568359375
17.1953125,953.8707885742188,31.25152587890625
17.2109375,953.8695068359375,31.238296508789062
17.2265625,953.8759765625,31.222862243652344
17.2421875,953.8744506835938,31.204849243164062
17.2578125,953.8756103515625,31.200439453125
17.2734375,953.8614501953125,31.176559448242188
17.2890625,953.8507690429688,31.168472290039062
17.3046875,953.869140625,31.150833129882812
17.3203125,953.8630981445312,31.157073974609375
17.3359375,953.8721923828125,31.130615234375
17.3515625,953.8652954101562,31.102325439453125
17.3671875,953.8739013671875,31.068519592285156
17.3828125,953.8746948242188,31.05970001220703
17.3984375,953.8648071289062,31.022216796875
17.4140625,953.8724975585938,31.016700744628906
17.4296875,953.86474609375,31.014495849609375
17.4453125,953.8783569335938,30.995758056640625
17.4609375,953.8692626953125,30.9869384765625
17.4765625,953.8767700195312,30.963043212890625
17.4921875,953.8743286132812,30.962310791015625
17.5078125,953.8760986328125,30.958999633789062
17.5234375,953.878662109375,30.93878936767578
17.5390625,953.8786010742188,30.91600799560547
17.5546875,953.8756103515625,30.91417694091797
17.5703125,953.8712158203125,30.910491943359375
17.5859375,953.8703002929688,30.895790100097656
17.6015625,953.868896484375,30.884765625
17.6171875,953.8677368164062,30.870803833007812
17.6328125,953.8778076171875,30.871536254882812
17.6484375,953.8803100585938,30.86419677734375
17.6640625,953.8746948242188,30.84618377685547
17.6796875,953.8705444335938,30.838836669921875
17.6953125,953.8680419921875,30.838104248046875
17.7109375,953.87451171875,30.834426879882812
17.7265625,953.8687133789062,30.820465087890625
17.7421875,953.872802734375,30.80834197998047
17.7578125,953.8739624023438,30.802085876464844
17.7734375,953.8630981445312,30.77857208251953
17.7890625,953.8764038085938,30.77672576904297
17.8046875,953.8780517578125,30.762039184570312
17.8203125,953.8663330078125,30.771591186523438
17.8359375,953.8810424804688,30.767547607421875
17.8515625,953.8717041015625,30.748809814453125
17.8671875,953.8698120117188,30.732627868652344
17.8828125,953.8831176757812,30.736312866210938
17.8984375,953.8787841796875,30.730422973632812
17.9140625,953.876953125,30.726760864257812
17.9296875,953.8634643554688,30.719398498535156
17.9453125,953.8657836914062,30.699928283691406
17.9609375,953.872802734375,30.70433807373047
17.9765625,953.8678588867188,30.69037628173828
17.9921875,953.8694458007812,30.68890380859375
18.0078125,953.8818359375,30.679351806640625
18.0234375,953.8641357421875,30.67273712158203
18.0390625,953.864013671875,30.667953491210938
18.0546875,953.8677978515625,30.662445068359375
18.0703125,953.8624877929688,30.65068817138672
18.0859375,953.8703002929688,30.65252685546875
18.1015625,953.8698120117188,30.649948120117188
18.1171875,953.8541259765625,30.63671875
18.1328125,953.8616943359375,30.626792907714844
18.1484375,953.8655395507812,30.63451385498047
18.1640625,953.869873046875,30.61431121826172
18.1796875,953.8552856445312,30.613563537597656
18.1953125,953.85693359375,30.609901428222656
18.2109375,953.864990234375,30.60364532470703
18.2265625,953.8638305664062,30.592987060546875
18.2421875,953.8734130859375,30.598129272460938
18.2578125,953.8560791015625,30.58344268798828
18.2734375,953.858154296875,30.58489990234375
18.2890625,953.8697509765625,30.574249267578125
18.3046875,953.8572387695312,30.552200317382812
18.3203125,953.8461303710938,30.550369262695312
18.3359375,953.8729248046875,30.554779052734375
18.3515625,953.8553466796875,30.535659790039062
18.3671875,953.9054565429688,30.540443420410156
18.3828125,953.8988037109375,30.534561157226562
18.3984375,953.8790893554688,30.520957946777344
18.4140625,953.9010009765625,30.50847625732422
18.4296875,953.8538208007812,30.520233154296875
18.4453125,953.8704223632812,30.51654815673828
18.4609375,953.8557739257812,30.518394470214844
18.4765625,953.8965454101562,30.51030731201172
18.4921875,953.8569946289062,30.51654815673828
18.5078125,953.8616943359375,30.525009155273438
18.5234375,953.8810424804688,30.523162841796875
18.5390625,953.9048461914062,30.520233154296875
18.5546875,953.91943359375,30.5301513671875
18.5703125,953.8792114257812,30.53418731689453
18.5859375,953.8999633789062,30.536392211914062
18.6015625,953.9205322265625,30.539344787597656
18.6171875,953.9004516601562,30.544479370117188
18.6328125,953.9046020507812,30.556236267089844
18.6484375,953.944580078125,30.554779052734375
18.6640625,953.9049682617188,30.568008422851562
18.6796875,953.9033203125,30.576828002929688
18.6953125,953.939453125,30.593360900878906
18.7109375,954.0259399414062,30.61761474609375
18.7265625,953.965576171875,30.611358642578125
18.7421875,953.9810791015625,30.61907958984375
18.7578125,953.9884033203125,30.639297485351562
18.7734375,953.9886474609375,30.663177490234375
18.7890625,954.0143432617188,30.676406860351562
18.8046875,953.9839477539062,30.698097229003906
18.8203125,953.9586791992188,30.711326599121094
18.8359375,953.9976196289062,30.716835021972656
18.8515625,953.98974609375,30.731529235839844
18.8671875,953.9942016601562,30.731170654296875
18.8828125,953.9966430664062,30.750640869140625
18.8984375,954.0391845703125,30.755050659179688
18.9140625,954.0031127929688,30.763870239257812
18.9296875,954.0142211914062,30.781883239746094
18.9453125,954.029052734375,30.79364013671875
18.9609375,954.0266723632812,30.80944061279297
18.9765625,954.0838623046875,30.81090545654297
18.9921875,954.0576171875,30.837364196777344
19.0078125,954.0961303710938,30.838104248046875
19.0234375,954.2192993164062,30.855743408203125
19.0390625,954.1906127929688,30.870437622070312
19.0546875,954.0623168945312,30.884765625
19.0703125,954.2388916015625,30.895431518554688
19.0859375,954.322998046875,30.908660888671875
19.1015625,954.258544921875,30.924095153808594
19.1171875,954.3599243164062,30.925559997558594
19.1328125,954.2327880859375,30.93768310546875
19.1484375,954.2955322265625,30.93437957763672
19.1640625,954.311279296875,30.963043212890625
19.1796875,954.3291015625,30.978118896484375
19.1953125,954.3228759765625,31.00347137451172
19.2109375,954.1455078125,31.008987426757812
19.2265625,954.2804565429688,31.02367401123047
19.2421875,954.3363037109375,31.02552032470703
19.2578125,954.3270263671875,31.031394958496094
19.2734375,954.2635498046875,31.050132751464844
19.2890625,954.2857055664062,31.066673278808594
19.3046875,954.3221435546875,31.07696533203125
19.3203125,954.143798828125,31.093505859375
19.3359375,954.2578125,31.104896545410156
19.3515625,954.19921875,31.119590759277344
19.3671875,954.1922607421875,31.13208770751953
19.3828125,954.2515258789062,31.137603759765625
19.3984375,954.1432495117188,31.15045928955078
19.4140625,954.2862548828125,31.1669921875
19.4296875,954.3917846679688,31.16222381591797
19.4453125,954.33935546875,31.175811767578125
19.4609375,954.1040649414062,31.18132781982422
19.4765625,954.2223510742188,31.1986083984375
19.4921875,954.2424926757812,31.209991455078125
19.5078125,954.1892700195312,31.209991455078125
19.5234375,954.1223754882812,31.21404266357422
19.5390625,954.1951293945312,31.234619140625
19.5546875,954.1983642578125,31.261444091796875
19.5703125,954.1233520507812,31.259597778320312
19.5859375,954.2109985351562,31.265487670898438
19.6015625,954.3753051757812,31.267684936523438
19.6171875,954.2966918945312,31.28716278076172
19.6328125,954.2417602539062,31.29084014892578
19.6484375,954.1614379882812,31.29267120361328
19.6640625,954.13232421875,31.30774688720703
19.6796875,954.1051635742188,31.317672729492188
19.6953125,954.2083129882812,31.315093994140625
19.7109375,954.157958984375,31.328697204589844
19.7265625,954.1664428710938,31.34302520751953
19.7421875,954.1505126953125,31.341552734375
19.7578125,954.1407470703125,31.35515594482422
19.7734375,954.0465698242188,31.365074157714844
19.7890625,954.008544921875,31.35771942138672
19.8046875,954.0999755859375,31.379409790039062
19.8203125,954.1104736328125,31.374252319335938
19.8359375,954.0825805664062,31.3768310546875
19.8515625,954.1371459960938,31.39447021484375
19.8671875,954.0282592773438,31.408798217773438
19.8828125,954.01953125,31.408798217773438
19.8984375,954.0458374023438,31.4102783203125
19.9140625,954.0711669921875,31.419097900390625
19.9296875,954.085205078125,31.416893005371094
19.9453125,954.0729370117188,31.41173553466797
19.9609375,954.0814819335938,31.40990447998047
19.9765625,954.1117553710938,31.424240112304688
19.9921875,954.0450439453125,31.423133850097656
20.0078125,954.0962524414062,31.43084716796875
20.0234375,954.0516967773438,31.43122100830078
20.0390625,954.0892944335938,31.433059692382812
20.0546875,953.9933471679688,31.440040588378906
20.0703125,954.0327758789062,31.43122100830078
20.0859375,953.9924926757812,31.441146850585938
20.1015625,953.9671630859375,31.444808959960938
20.1171875,953.9825439453125,31.444076538085938
20.1328125,954.018310546875,31.43084716796875
20.1484375,953.966796875,31.441146850585938
20.1640625,953.947998046875,31.444808959960938
20.1796875,953.9873046875,31.433059692382812
20.1953125,953.969970703125,31.441879272460938
20.2109375,953.9182739257812,31.456207275390625
20.2265625,953.9220581054688,31.4466552734375
20.2421875,953.9283447265625,31.459518432617188
20.2578125,953.89794921875,31.46429443359375
20.2734375,953.9043579101562,31.455833435058594
20.2890625,953.8759765625,31.450698852539062
20.3046875,953.8695068359375,31.44518280029297
20.3203125,953.8677978515625,31.444808959960938
20.3359375,953.8779296875,31.433059692382812
20.3515625,953.8653564453125,31.424606323242188
20.3671875,953.866943359375,31.42864990234375
20.3828125,953.8792724609375,31.41614532470703
20.3984375,953.8714599609375,31.412841796875
20.4140625,953.853271484375,31.402915954589844
20.4296875,953.8636474609375,31.39594268798828
20.4453125,953.8629760742188,31.387123107910156
20.4609375,953.8662109375,31.368011474609375
20.4765625,953.8643798828125,31.352577209472656
20.4921875,953.8651123046875,31.349639892578125
20.5078125,953.8744506835938,31.333465576171875
20.5234375,953.8609008789062,31.327590942382812
20.5390625,953.859130859375,31.316566467285156
20.5546875,953.869873046875,31.28680419921875
20.5703125,953.8700561523438,31.283493041992188
20.5859375,953.85888671875,31.279083251953125
20.6015625,953.8800048828125,31.25518798828125
20.6171875,953.8699951171875,31.259597778320312
20.6328125,953.8589477539062,31.246742248535156
20.6484375,953.8576049804688,31.224693298339844
20.6640625,953.8613891601562,31.233139038085938
20.6796875,953.8592529296875,31.21770477294922
20.6953125,953.88232421875,31.1986083984375
20.7109375,953.8720092773438,31.18353271484375
20.7265625,953.8705444335938,31.179489135742188
20.7421875,953.8701171875,31.157073974609375
20.7578125,953.8744506835938,31.157073974609375
20.7734375,953.878662109375,31.151199340820312
20.7890625,953.889404296875,31.142013549804688
20.8046875,953.8771362304688,31.12694549560547
20.8203125,953.876220703125,31.123268127441406
20.8359375,953.8753051757812,31.116653442382812
20.8515625,953.8704223632812,31.117027282714844
20.8671875,953.891357421875,31.102325439453125
20.8828125,953.8672485351562,31.086158752441406
20.8984375,953.8656616210938,31.07402801513672
20.9140625,953.8596801757812,31.067771911621094
20.9296875,953.8865356445312,31.068519592285156
20.9453125,953.8812255859375,31.052337646484375
20.9609375,953.8892211914062,31.04206085205078
20.9765625,953.8695678710938,31.031036376953125
20.9921875,953.875732421875,31.025146484375
21.0078125,953.8822631835938,31.02625274658203
21.0234375,953.85498046875,31.00237274169922
21.0390625,953.8746948242188,31.008987426757812
21.0546875,953.8806762695312,31.00714111328125
21.0703125,953.8787231445312,30.978477478027344
21.0859375,953.8751831054688,30.979949951171875
21.1015625,953.8778076171875,30.97260284423828
21.1171875,953.87646484375,30.962310791015625
21.1328125,953.8790283203125,30.95386505126953
21.1484375,953.8615112304688,30.9527587890625
21.1640625,953.852294921875,30.93511962890625
21.1796875,953.8638916015625,30.93511962890625
21.1953125,953.8638916015625,30.9171142578125
21.2109375,953.8745727539062,30.928863525390625
21.2265625,953.8829345703125,30.911598205566406
21.2421875,953.8751831054688,30.895790100097656
21.2578125,953.8575439453125,30.895790100097656
21.2734375,953.859375,30.907562255859375
21.2890625,953.8759765625,30.895065307617188
21.3046875,953.8676147460938,30.888816833496094
21.3203125,953.8688354492188,30.8822021484375
21.3359375,953.8681640625,30.873016357421875
21.3515625,953.8779296875,30.872283935546875
21.3671875,953.8713989257812,30.861984252929688
21.3828125,953.8655395507812,30.8494873046875
21.3984375,953.8809814453125,30.833328247070312
21.4140625,953.8614501953125,30.837364196777344
21.4296875,953.863037109375,30.84471893310547
21.4453125,953.8644409179688,30.834426879882812
21.4609375,953.8585815429688,30.820823669433594
21.4765625,953.8602294921875,30.81458282470703
21.4921875,953.872802734375,30.788124084472656
21.5078125,953.8779296875,30.79547119140625
21.5234375,953.8828735351562,30.783714294433594
21.5390625,953.8643798828125,30.786651611328125
21.5546875,953.87060546875,30.763137817382812
21.5703125,953.8706665039062,30.752845764160156
21.5859375,953.897705078125,30.751373291015625
21.6015625,953.8849487304688,30.753952026367188
21.6171875,953.9121704101562,30.749542236328125
21.6328125,953.971435546875,30.746231079101562
21.6484375,953.9635009765625,30.731529235839844
21.6640625,953.9553833007812,30.726760864257812
21.6796875,953.898193359375,30.717567443847656
21.6953125,953.9660034179688,30.707275390625
21.7109375,953.9201049804688,30.70433807373047
21.7265625,953.9293823242188,30.68890380859375
21.7421875,953.9135131835938,30.68963623046875
21.7578125,953.98828125,30.682289123535156
21.7734375,953.9469604492188,30.684120178222656
21.7890625,953.9650268554688,30.662445068359375
21.8046875,953.9520874023438,30.6705322265625
21.8203125,953.9534912109375,30.66943359375
21.8359375,953.9515991210938,30.67346954345703
21.8515625,953.9310913085938,30.679351806640625
21.8671875,953.9938354492188,30.660972595214844
21.8828125,953.98779296875,30.678985595703125
21.8984375,953.9645385742188,30.67346954345703
21.9140625,953.9639892578125,30.6719970703125
21.9296875,953.9566040039062,30.678985595703125
21.9453125,953.9872436523438,30.68669891357422
21.9609375,953.9431762695312,30.68963623046875
21.9765625,953.9757080078125,30.71057891845703
21.9921875,953.972412109375,30.70801544189453
22.0078125,953.9972534179688,30.729690551757812
22.0234375,953.9563598632812,30.729690551757812
22.0390625,953.9617919921875,30.730422973632812
22.0546875,953.9863891601562,30.74585723876953
22.0703125,954.0051879882812,30.763870239257812
22.0859375,954.0098876953125,30.781509399414062
22.1015625,953.9746704101562,30.786651611328125
22.1171875,954.0451049804688,30.800247192382812
22.1328125,953.9693603515625,30.81458282470703
22.1484375,953.985107421875,30.82598114013672
22.1640625,953.964111328125,30.83039093017578
22.1796875,954.01123046875,30.84362030029297
22.1953125,954.01904296875,30.86125946044922
22.2109375,953.9598999023438,30.878150939941406
22.2265625,953.9531860351562,30.886245727539062
22.2421875,953.9241333007812,30.889175415039062
22.2578125,953.9780883789062,30.91417694091797
22.2734375,953.9376220703125,30.932174682617188
22.2890625,953.9782104492188,30.942466735839844
22.3046875,953.997802734375,30.9527587890625
22.3203125,953.9671630859375,30.96709442138672
22.3359375,953.9459228515625,30.97113037109375
22.3515625,953.9462890625,30.9869384765625
22.3671875,953.9920654296875,31.00714111328125
22.3828125,953.950439453125,31.015960693359375
22.3984375,953.975830078125,31.02184295654297
22.4140625,953.938232421875,31.036178588867188
22.4296875,954.020263671875,31.050506591796875
22.4453125,953.9906005859375,31.06005859375
22.4609375,953.955078125,31.08100128173828
22.4765625,953.9291381835938,31.0953369140625
22.4921875,953.935302734375,31.122894287109375
22.5078125,953.9332885742188,31.130615234375
22.5234375,953.9442138671875,31.153404235839844
22.5390625,954.0845336914062,31.193092346191406
22.5546875,953.990966796875,31.1993408203125
22.5703125,954.0513916015625,31.207427978515625
22.5859375,954.0169067382812,31.226524353027344
22.6015625,954.0809936523438,31.230209350585938
22.6171875,954.0132446289062,31.256668090820312
22.6328125,953.991943359375,31.25335693359375
22.6484375,953.9892578125,31.262176513671875
22.6640625,953.933349609375,31.278717041015625
22.6796875,954.0037231445312,31.282394409179688
22.6953125,954.065673828125,31.298927307128906
22.7109375,953.9961547851562,31.299285888671875
22.7265625,953.9280395507812,31.309951782226562
22.7421875,953.958984375,31.319503784179688
22.7578125,953.9664916992188,31.317672729492188
22.7734375,954.0206909179688,31.32318115234375
22.7890625,953.9220581054688,31.329055786132812
22.8046875,953.9375610351562,31.34302520751953
22.8203125,953.956298828125,31.351470947265625
22.8359375,953.9601440429688,31.36212921142578
22.8515625,953.9270629882812,31.368011474609375
22.8671875,953.9337158203125,31.371688842773438
22.8828125,953.946533203125,31.371688842773438
22.8984375,953.9137573242188,31.387123107910156
22.9140625,953.9707641601562,31.39263916015625
22.9296875,953.9247436523438,31.39263916015625
22.9453125,953.9313354492188,31.387123107910156
22.9609375,953.9540405273438,31.398147583007812
22.9765625,953.988037109375,31.406967163085938
22.9921875,953.9356689453125,31.41504669189453
23.0078125,953.9520874023438,31.407699584960938
23.0234375,953.9345703125,31.423133850097656
23.0390625,953.9833374023438,31.425338745117188
23.0546875,953.9548950195312,31.414688110351562
23.0703125,953.9454345703125,31.433059692382812
23.0859375,953.932861328125,31.437469482421875
23.1015625,953.9715576171875,31.433059692382812
23.1171875,953.9370727539062,31.44886016845703
23.1328125,954.0086669921875,31.454376220703125
23.1484375,953.9649047851562,31.46429443359375
23.1640625,953.988037109375,31.460243225097656
23.1796875,953.9595336914062,31.46392822265625
23.1953125,953.9556884765625,31.46355438232422
23.2109375,953.9526977539062,31.476051330566406
23.2265625,953.9712524414062,31.46612548828125
23.2421875,953.9630737304688,31.47863006591797
23.2578125,953.9630737304688,31.480087280273438
23.2734375,953.9256591796875,31.48119354248047
23.2890625,953.9107666015625,31.477157592773438
23.3046875,953.8997192382812,31.487449645996094
23.3203125,953.8779296875,31.495162963867188
23.3359375,953.8715209960938,31.49626922607422
23.3515625,953.86328125,31.490386962890625
23.3671875,953.870361328125,31.493690490722656
23.3828125,953.863037109375,31.493316650390625
23.3984375,953.8666381835938,31.50140380859375
23.4140625,953.870361328125,31.495162963867188
23.4296875,953.88232421875,31.491111755371094
23.4453125,953.8693237304688,31.495162963867188
23.4609375,953.8906860351562,31.505088806152344
23.4765625,953.876708984375,31.48119354248047
23.4921875,953.8743286132812,31.48303985595703
23.5078125,953.87451171875,31.48119354248047
23.5234375,953.8713989257812,31.472373962402344
23.5390625,953.8746948242188,31.46429443359375
23.5546875,953.8696899414062,31.456207275390625
23.5703125,953.868896484375,31.46355438232422
23.5859375,953.870849609375,31.450698852539062
23.6015625,953.8695068359375,31.442977905273438
23.6171875,953.885498046875,31.43048095703125
23.6328125,953.8663940429688,31.42681121826172
23.6484375,953.865966796875,31.417251586914062
23.6640625,953.8650512695312,31.4132080078125
23.6796875,953.8688354492188,31.406967163085938
23.6953125,953.8819580078125,31.382339477539062
23.7109375,953.865234375,31.373519897460938
23.7265625,953.85888671875,31.37535858154297
23.7421875,953.8644409179688,31.36066436767578
23.7578125,953.8677978515625,31.35771942138672
23.7734375,953.8800659179688,31.345962524414062
23.7890625,953.8704223632812,31.334938049316406
23.8046875,953.8723754882812,31.317672729492188
23.8203125,953.8760986328125,31.315093994140625
23.8359375,953.8836669921875,31.311782836914062
23.8515625,953.8629760742188,31.30517578125
23.8671875,953.882568359375,31.28680419921875
23.8828125,953.880859375,31.2720947265625
23.8984375,953.8630981445312,31.263275146484375
23.9140625,953.859375,31.259597778320312
23.9296875,953.878173828125,31.243064880371094
23.9453125,953.87646484375,31.23534393310547
23.9609375,953.8756713867188,31.214401245117188
23.9765625,953.8736572265625,31.20264434814453
23.9921875,953.8724975585938,31.205581665039062
24.0078125,953.8589477539062,31.190521240234375
24.0234375,953.8652954101562,31.176559448242188
24.0390625,953.8728637695312,31.16295623779297
24.0546875,953.8684692382812,31.150833129882812
24.0703125,953.8577270507812,31.141639709472656
24.0859375,953.866455078125,31.140907287597656
24.1015625,953.8705444335938,31.135025024414062
24.1171875,953.8657836914062,31.117027282714844
24.1328125,953.8597412109375,31.104156494140625
24.1484375,953.8627319335938,31.104522705078125
24.1640625,953.8627319335938,31.093505859375
24.1796875,953.8681640625,31.0953369140625
24.1953125,953.8618774414062,31.066673278808594
24.2109375,953.8589477539062,31.07402801513672
24.2265625,953.8871459960938,31.049407958984375
24.2421875,953.8794555664062,31.052337646484375
24.2578125,953.8605346679688,31.04206085205078
24.2734375,953.8564453125,31.02625274658203
24.2890625,953.8656616210938,31.02625274658203
24.3046875,953.8591918945312,31.019264221191406
24.3203125,953.8585205078125,31.016700744628906
24.3359375,953.8670654296875,31.00457763671875
24.3515625,953.8623046875,30.9876708984375
24.3671875,953.8732299804688,30.9876708984375
24.3828125,953.8511352539062,30.97406768798828
24.3984375,953.871826171875,30.96929931640625
24.4140625,953.85888671875,30.96709442138672
24.4296875,953.8766479492188,30.962310791015625
24.4453125,953.8706665039062,30.946876525878906
24.4609375,953.8692016601562,30.950912475585938
24.4765625,953.8474731445312,30.931442260742188
24.4921875,953.858642578125,30.91968536376953
24.5078125,953.8605346679688,30.910491943359375
24.5234375,953.8499755859375,30.925933837890625
24.5390625,953.8508911132812,30.911598205566406
24.5546875,953.8577880859375,30.907188415527344
24.5703125,953.8652954101562,30.906814575195312
24.5859375,953.8705444335938,30.895431518554688
24.6015625,953.87060546875,30.88440704345703
24.6171875,953.8599853515625,30.874847412109375
24.6328125,953.85546875,30.8829345703125
24.6484375,953.86279296875,30.880355834960938
24.6640625,953.867919921875,30.870437622070312
24.6796875,953.8585815429688,30.872283935546875
24.6953125,953.8671875,30.86602783203125
24.7109375,953.876708984375,30.870437622070312
24.7265625,953.8949584960938,30.870437622070312
24.7421875,953.9314575195312,30.857208251953125
24.7578125,953.9320678710938,30.84912872314453
24.7734375,954.0017700195312,30.8494873046875
24.7890625,953.9814453125,30.84728240966797
24.8046875,953.9913940429688,30.84362030029297
24.8203125,953.9490966796875,30.835899353027344
24.8359375,953.9973754882812,30.8494873046875
24.8515625,953.9724731445312,30.846923828125
24.8671875,954.0026245117188,30.855743408203125
24.8828125,953.9677124023438,30.8458251953125
24.8984375,953.9087524414062,30.84728240966797
24.9140625,953.9740600585938,30.845077514648438
24.9296875,953.936767578125,30.85169219970703
24.9453125,953.9859008789062,30.879257202148438
24.9609375,953.9981079101562,30.874488830566406
24.9765625,953.9970092773438,30.889175415039062
24.9921875,953.9865112304688,30.890655517578125
25.0078125,954.0315551757812,30.891380310058594
25.0234375,953.8857421875,30.904983520507812
25.0390625,953.9319458007812,30.91417694091797
25.0546875,953.8904418945312,30.929611206054688
25.0703125,953.921875,30.924095153808594
25.0859375,953.936767578125,30.933273315429688
25.1015625,953.9234008789062,30.945404052734375
25.1171875,953.9317626953125,30.956069946289062
25.1328125,953.898193359375,30.961936950683594
25.1484375,953.895751953125,30.976272583007812
25.1640625,953.9790649414062,30.992080688476562
25.1796875,953.9136352539062,31.00603485107422
25.1953125,953.98974609375,31.00750732421875
25.2109375,953.8787841796875,31.02111053466797
25.2265625,953.9302978515625,31.030288696289062
25.2421875,953.8655395507812,31.038375854492188
25.2578125,954.01513671875,31.0604248046875
25.2734375,953.9557495117188,31.065567016601562
25.2890625,953.9526977539062,31.093505859375
25.3046875,953.8837280273438,31.09239959716797
25.3203125,953.9404296875,31.093505859375
25.3359375,953.9536743164062,31.11334228515625
25.3515625,953.9197387695312,31.123268127441406
25.3671875,953.9595947265625,31.140174865722656
25.3828125,953.9546508789062,31.14569091796875
25.3984375,953.9534301757812,31.160377502441406
25.4140625,953.8485107421875,31.188682556152344
25.4296875,953.9529418945312,31.187583923339844
25.4453125,954.0072631835938,31.227272033691406
25.4609375,953.9716796875,31.257034301757812
25.4765625,953.9979248046875,31.266212463378906
25.4921875,953.8889770507812,31.302963256835938
25.5078125,953.9654541015625,31.318771362304688
25.5234375,953.9043579101562,31.32353973388672
25.5390625,953.9680786132812,31.332733154296875
25.5546875,954.00537109375,31.337875366210938
25.5703125,953.9557495117188,31.35515594482422
25.5859375,953.9240112304688,31.380508422851562
25.6015625,954.0192260742188,31.388229370117188
25.6171875,953.9093017578125,31.41504669189453
25.6328125,953.9741821289062,31.408798217773438
25.6484375,953.8677978515625,31.433059692382812
25.6640625,953.9208984375,31.42681121826172
25.6796875,953.8946533203125,31.444808959960938
25.6953125,953.9789428710938,31.459518432617188
25.7109375,953.9169921875,31.477882385253906
25.7265625,953.8842163085938,31.487075805664062
25.7421875,953.8929443359375,31.493690490722656
25.7578125,953.8868408203125,31.50213623046875
25.7734375,953.9607543945312,31.507652282714844
25.7890625,953.9302368164062,31.52198028564453
25.8046875,953.9417724609375,31.539993286132812
25.8203125,953.9476928710938,31.546981811523438
25.8359375,953.8779296875,31.562042236328125
25.8515625,953.949951171875,31.566452026367188
25.8671875,953.9635620117188,31.568283081054688
25.8828125,954.0258178710938,31.57196044921875
25.8984375,953.9473266601562,31.598052978515625
25.9140625,954.0377807617188,31.60723876953125
25.9296875,953.9442138671875,31.610923767089844
25.9453125,953.9863891601562,31.64324951171875
25.9609375,954.0123291015625,31.63921356201172
25.9765625,954.0657348632812,31.648033142089844
25.9921875,953.9644165039062,31.65685272216797
26.0078125,953.9725341796875,31.673019409179688
26.0234375,954.0362548828125,31.685890197753906
26.0390625,954.0010986328125,31.689193725585938
26.0546875,953.958984375,31.688827514648438
26.0703125,954.0048828125,31.69139862060547
26.0859375,954.0045776367188,31.6932373046875
26.1015625,954.0030517578125,31.723373413085938
26.1171875,954.025146484375,31.72557830810547
26.1328125,953.9971923828125,31.74578094482422
26.1484375,954.0363159179688,31.752761840820312
26.1640625,954.057861328125,31.76342010498047
26.1796875,954.0721435546875,31.768569946289062
26.1953125,953.9208374023438,31.778854370117188
26.2109375,953.9786376953125,31.788414001464844
26.2265625,954.0369262695312,31.78546905517578
26.2421875,954.0772705078125,31.795761108398438
26.2578125,954.0215454101562,31.80420684814453
26.2734375,953.9494018554688,31.809364318847656
26.2890625,953.9510498046875,31.81818389892578
26.3046875,953.9639892578125,31.81487274169922
26.3203125,953.9396362304688,31.822593688964844
26.3359375,953.9183349609375,31.81671142578125
26.3515625,953.8861694335938,31.822219848632812
26.3671875,953.8776245117188,31.824424743652344
26.3828125,953.8869018554688,31.83507537841797
26.3984375,953.8849487304688,31.811927795410156
26.4140625,953.8712768554688,31.81487274169922
26.4296875,953.8829345703125,31.789520263671875
26.4453125,953.8822631835938,31.776649475097656
26.4609375,953.873779296875,31.76782989501953
26.4765625,953.8734741210938,31.74578094482422
26.4921875,953.8701171875,31.7296142578125
26.5078125,953.8613891601562,31.719696044921875
26.5234375,953.872314453125,31.707191467285156
26.5390625,953.8698120117188,31.693603515625
26.5546875,953.8751220703125,31.671913146972656
26.5703125,953.864501953125,31.679275512695312
26.5859375,953.8784790039062,31.650238037109375
26.6015625,953.8784790039062,31.64289093017578
26.6171875,953.8568725585938,31.62340545654297
26.6328125,953.8579711914062,31.60687255859375
26.6484375,953.8773193359375,31.591812133789062
26.6640625,953.8643798828125,31.58556365966797
26.6796875,953.8817749023438,31.57086181640625
26.6953125,953.8790283203125,31.562774658203125
26.7109375,953.8614501953125,31.556533813476562
26.7265625,953.8668823242188,31.559104919433594
26.7421875,953.8546142578125,31.542572021484375
26.7578125,953.8733520507812,31.51573944091797
26.7734375,953.9035034179688,31.51831817626953
26.7890625,953.8637084960938,31.490013122558594
26.8046875,953.8722534179688,31.48303985595703
26.8203125,953.8810424804688,31.48303985595703
26.8359375,953.8846435546875,31.44518280029297
26.8515625,953.8558959960938,31.455833435058594
26.8671875,953.868896484375,31.444808959960938
26.8828125,953.8648071289062,31.433059692382812
26.8984375,953.8666381835938,31.42864990234375
26.9140625,953.8703002929688,31.42681121826172
26.9296875,953.8695068359375,31.389686584472656
26.9453125,953.8665161132812,31.39630126953125
26.9609375,953.8850708007812,31.382339477539062
26.9765625,953.8597412109375,31.381240844726562
26.9921875,953.8685913085938,31.364334106445312
27.0078125,953.8693237304688,31.366912841796875
27.0234375,953.8779296875,31.349639892578125
27.0390625,953.8678588867188,31.330902099609375
27.0546875,953.865966796875,31.329421997070312
27.0703125,953.8773193359375,31.311416625976562
27.0859375,953.8723754882812,31.300765991210938
27.1015625,953.8648071289062,31.3055419921875
27.1171875,953.8988037109375,31.28900909423828
27.1328125,953.8809814453125,31.283126831054688
27.1484375,953.8834228515625,31.267684936523438
27.1640625,953.8789672851562,31.25335693359375
27.1796875,953.8643798828125,31.243804931640625
27.1953125,953.8723754882812,31.23534393310547
27.2109375,953.8726196289062,31.226524353027344
27.2265625,953.8497314453125,31.214401245117188
27.2421875,953.8514404296875,31.19640350341797
27.2578125,953.8616333007812,31.179489135742188
27.2734375,953.8701171875,31.17986297607422
27.2890625,953.8701171875,31.160377502441406
27.3046875,953.8712158203125,31.151199340820312
27.3203125,953.8511352539062,31.150100708007812
27.3359375,953.8672485351562,31.1287841796875
27.3515625,953.8753051757812,31.125099182128906
27.3671875,953.86474609375,31.104522705078125
27.3828125,953.8698120117188,31.104156494140625
27.3984375,953.8627319335938,31.097183227539062
27.4140625,953.8589477539062,31.073287963867188
27.4296875,953.875732421875,31.070350646972656
27.4453125,953.8658447265625,31.065567016601562
27.4609375,953.85888671875,31.04278564453125
27.4765625,953.8756713867188,31.056015014648438
27.4921875,953.8579711914062,31.047927856445312
27.5078125,953.8792114257812,31.035804748535156
27.5234375,953.8720092773438,31.017433166503906
27.5390625,953.876220703125,31.02587890625
27.5546875,953.8549194335938,31.017807006835938
27.5703125,953.8797607421875,31.015602111816406
27.5859375,953.8538818359375,31.00861358642578
27.6015625,953.8603515625,30.991348266601562
27.6171875,953.8515625,30.995384216308594
27.6328125,953.8572387695312,30.980682373046875
27.6484375,953.8558349609375,30.981422424316406
27.6640625,953.86669921875,30.96819305419922
27.6796875,953.8748779296875,30.963043212890625
27.6953125,953.8707885742188,30.957168579101562
27.7109375,953.8702392578125,30.963409423828125
27.7265625,953.8599853515625,30.960479736328125
27.7421875,953.8627319335938,30.956069946289062
27.7578125,953.8544921875,30.93768310546875
27.7734375,953.8616943359375,30.93695068359375
27.7890625,953.8580322265625,30.93695068359375
27.8046875,953.8681640625,30.93695068359375
27.8203125,953.8670043945312,30.93695068359375
27.8359375,953.8735961914062,30.93878936767578
27.8515625,953.8624267578125,30.930343627929688
27.8671875,953.845458984375,30.928131103515625
27.8828125,953.854736328125,30.931068420410156
27.8984375,953.8455200195312,30.9189453125
27.9140625,953.8634033203125,30.9171142578125
27.9296875,953.8673706054688,30.930343627929688
27.9453125,953.8627319335938,30.928131103515625
27.9609375,953.8673095703125,30.929611206054688
27.9765625,953.8513793945312,30.911598205566406
27.9921875,953.8482666015625,30.91783905029297
28.0078125,953.8716430664062,30.913429260253906
28.0234375,953.8438110351562,30.913429260253906
28.0390625,953.8438110351562,30.91417694091797
28.0546875,953.8438110351562,30.925201416015625
28.0703125,953.844970703125,30.92115020751953
28.0859375,953.844482421875,30.907920837402344
28.1015625,953.84375,30.9189453125
28.1171875,953.8383178710938,30.905357360839844
28.1328125,953.8536376953125,30.91783905029297
28.1484375,953.8483276367188,30.912330627441406
28.1640625,953.8436279296875,30.914535522460938
28.1796875,953.8713989257812,30.907920837402344
28.1953125,953.9094848632812,30.912330627441406
28.2109375,953.8704223632812,30.908660888671875
28.2265625,953.876708984375,30.906814575195312
28.2421875,953.8323364257812,30.911598205566406
28.2578125,953.907470703125,30.888816833496094
28.2734375,953.8466796875,30.8829345703125
28.2890625,953.8734741210938,30.890281677246094
28.3046875,953.825927734375,30.870437622070312
28.3203125,953.845458984375,30.874847412109375
28.3359375,953.8870849609375,30.86419677734375
28.3515625,953.8203125,30.861618041992188
28.3671875,953.8655395507812,30.850967407226562
28.3828125,953.8536987304688,30.850967407226562
28.3984375,953.884765625,30.853538513183594
28.4140625,953.8634643554688,30.853538513183594
28.4296875,953.8844604492188,30.857208251953125
28.4453125,953.8477783203125,30.848388671875
28.4609375,953.888671875,30.850967407226562
28.4765625,953.848876953125,30.86125946044922
28.4921875,953.8385620117188,30.853538513183594
28.5078125,953.874267578125,30.840309143066406
28.5234375,953.8460693359375,30.854644775390625
28.5390625,953.8474731445312,30.861984252929688
28.5546875,953.827880859375,30.85169219970703
28.5703125,953.8633422851562,30.855003356933594
28.5859375,953.8486328125,30.852066040039062
28.6015625,953.8377075195312,30.853538513183594
28.6171875,953.8880004882812,30.855743408203125
28.6328125,953.810546875,30.868606567382812
28.6484375,953.8362426757812,30.874114990234375
28.6640625,953.8715209960938,30.875946044921875
28.6796875,953.896240234375,30.876319885253906
28.6953125,953.8442993164062,30.881103515625
28.7109375,953.8960571289062,30.895790100097656
28.7265625,953.919677734375,30.912330627441406
28.7421875,953.8507690429688,30.912330627441406
28.7578125,953.8148803710938,30.914901733398438
28.7734375,953.8635864257812,30.930709838867188
28.7890625,953.8310546875,30.945404052734375
28.8046875,953.9185791015625,30.946144104003906
28.8203125,953.9031982421875,30.9527587890625
28.8359375,953.8989868164062,30.97260284423828
28.8515625,953.8466186523438,30.982154846191406
28.8671875,953.8571166992188,31.000167846679688
28.8828125,953.875,30.993179321289062
28.8984375,953.8743286132812,31.00823974609375
28.9140625,953.8865966796875,31.00420379638672
28.9296875,953.868896484375,31.02625274658203
28.9453125,953.8579711914062,31.04206085205078
28.9609375,953.8786010742188,31.033966064453125
28.9765625,953.8574829101562,31.046096801757812
28.9921875,953.8885498046875,31.063003540039062
29.0078125,953.8555908203125,31.071456909179688
29.0234375,953.8731689453125,31.091293334960938
29.0390625,953.8505859375,31.07402801513672
29.0546875,953.872802734375,31.082107543945312
29.0703125,953.8556518554688,31.102325439453125
29.0859375,953.9007568359375,31.104156494140625
29.1015625,953.8627319335938,31.11151123046875
29.1171875,953.8418579101562,31.11041259765625
29.1328125,953.8633422851562,31.108566284179688
29.1484375,953.890625,31.12584686279297
29.1640625,953.8648071289062,31.1287841796875
29.1796875,953.8651123046875,31.13391876220703
29.1953125,953.8685913085938,31.1287841796875
29.2109375,953.8585205078125,31.137603759765625
29.2265625,953.8671875,31.138328552246094
29.2421875,953.8786010742188,31.150100708007812
29.2578125,953.863037109375,31.14604949951172
29.2734375,953.8477172851562,31.140907287597656
29.2890625,953.8663940429688,31.134666442871094
29.3046875,953.8602905273438,31.14789581298828
29.3203125,953.8772583007812,31.14569091796875
29.3359375,953.8416748046875,31.151199340820312
29.3515625,953.8505859375,31.143112182617188
29.3671875,953.8348388671875,31.150100708007812
29.3828125,953.8672485351562,31.142379760742188
29.3984375,953.8556518554688,31.150100708007812
29.4140625,953.8600463867188,31.137229919433594
29.4296875,953.8689575195312,31.133193969726562
29.4453125,953.8817138671875,31.132461547851562
29.4609375,953.8624267578125,31.153404235839844
29.4765625,953.848388671875,31.14569091796875
29.4921875,953.8392944335938,31.137603759765625
29.5078125,953.865966796875,31.123268127441406
29.5234375,953.8645629882812,31.133193969726562
29.5390625,953.8524169921875,31.137603759765625
29.5546875,953.8594360351562,31.120330810546875
29.5703125,953.8528442382812,31.132461547851562
29.5859375,953.8654174804688,31.124000549316406
29.6015625,953.8604736328125,31.130615234375
29.6171875,953.8575439453125,31.12584686279297
29.6328125,953.8474731445312,31.133560180664062
29.6484375,953.8656005859375,31.124740600585938
29.6640625,953.8533325195312,31.132461547851562
29.6796875,953.85888671875,31.12694549560547
29.6953125,953.8678588867188,31.1287841796875
29.7109375,953.8770751953125,31.122535705566406
29.7265625,953.8751831054688,31.123268127441406
29.7421875,953.8645629882812,31.124740600585938
29.7578125,953.8677368164062,31.11151123046875
29.7734375,953.8634033203125,31.115921020507812
29.7890625,953.8578491210938,31.121795654296875
29.8046875,953.875732421875,31.12694549560547
29.8203125,953.8649291992188,31.119964599609375
29.8359375,953.8641967773438,31.12767791748047
29.8515625,953.864990234375,31.1317138671875
29.8671875,953.8654174804688,31.123268127441406
29.8828125,953.8675537109375,31.11444854736328
29.8984375,953.8606567382812,31.11444854736328
29.9140625,953.8636474609375,31.123268127441406
29.9296875,953.8645629882812,31.10930633544922
29.9453125,953.8822631835938,31.104156494140625
29.9609375,953.8627319335938,31.099746704101562
29.9765625,953.8460693359375,31.102325439453125
29.9921875,953.8475341796875,31.09607696533203
30.0078125,953.8619384765625,31.09166717529297
30.0234375,953.8614501953125,31.097915649414062
30.0390625,953.8685913085938,31.079544067382812
30.0546875,953.8602294921875,31.083953857421875
30.0703125,953.8767700195312,31.07513427734375
30.0859375,953.8705444335938,31.068519592285156
30.1015625,953.862060546875,31.069618225097656
30.1171875,953.8592529296875,31.063003540039062
30.1328125,953.858642578125,31.059326171875
30.1484375,953.8582763671875,31.063003540039062
30.1640625,953.858642578125,31.064834594726562
30.1796875,953.8588256835938,31.0611572265625
30.1953125,953.8583984375,31.039108276367188
30.2109375,953.8496704101562,31.046096801757812
30.2265625,953.85693359375,31.04206085205078
30.2421875,953.8402709960938,31.030288696289062
30.2578125,953.8553466796875,31.018905639648438
30.2734375,953.857177734375,31.015602111816406
30.2890625,953.8538818359375,30.995758056640625
30.3046875,953.869873046875,30.98473358154297
30.3203125,953.850830078125,30.975540161132812
30.3359375,953.8475341796875,30.975540161132812
30.3515625,953.8720092773438,30.96929931640625
30.3671875,953.8767700195312,30.963043212890625
30.3828125,953.8707885742188,30.95128631591797
30.3984375,953.875,30.9527587890625
30.4140625,953.8750610351562,30.93805694580078
30.4296875,953.871826171875,30.9189453125
30.4453125,953.8717651367188,30.93622589111328
30.4609375,953.8681030273438,30.914901733398438
30.4765625,953.8546142578125,30.914901733398438
30.4921875,953.8724975585938,30.915634155273438
