# Time (seconds),Pressure,Temp
0.0078125,953.7745971679688,28.55750274658203
0.0234375,953.696044921875,28.564483642578125
0.0390625,953.6985473632812,28.566696166992188
0.0546875,953.6885986328125,28.564483642578125
0.0703125,953.6842041015625,28.56816864013672
0.0859375,953.6840209960938,28.560073852539062
0.1015625,953.6951293945312,28.560073852539062
0.1171875,953.7064819335938,28.564483642578125
0.1328125,953.6950073242188,28.558242797851562
0.1484375,953.6943359375,28.567062377929688
0.1640625,953.6845092773438,28.558242797851562
0.1796875,953.6859741210938,28.562652587890625
0.1953125,953.6936645507812,28.558975219726562
0.2109375,953.6931762695312,28.55750274658203
0.2265625,953.696044921875,28.558242797851562
0.2421875,953.7020874023438,28.57514190673828
0.2578125,953.6876831054688,28.551254272460938
0.2734375,953.6870727539062,28.55750274658203
0.2890625,953.7062377929688,28.55236053466797
0.3046875,953.690185546875,28.5538330078125
0.3203125,953.69873046875,28.564483642578125
0.3359375,953.687255859375,28.55309295654297
0.3515625,953.7015991210938,28.564483642578125
0.3671875,953.7081909179688,28.560073852539062
0.3828125,953.6993408203125,28.564483642578125
0.3984375,953.7015380859375,28.549781799316406
0.4140625,953.7012329101562,28.568893432617188
0.4296875,953.6918334960938,28.57073211669922
0.4453125,953.7063598632812,28.564483642578125
0.4609375,953.697998046875,28.55750274658203
0.4765625,953.7229614257812,28.55677032470703
0.4921875,953.7228393554688,28.55677032470703
0.5078125,953.6942138671875,28.57514190673828
0.5234375,953.7169799804688,28.566322326660156
0.5390625,953.7172241210938,28.578445434570312
0.5546875,953.723876953125,28.560073852539062
0.5703125,953.7023315429688,28.56816864013672
0.5859375,953.7072143554688,28.564483642578125
0.6015625,953.714111328125,28.57037353515625
0.6171875,953.6961669921875,28.56816864013672
0.6328125,953.6869506835938,28.57147216796875
0.6484375,953.7033081054688,28.575881958007812
0.6640625,953.7379760742188,28.55860137939453
0.6796875,953.7321166992188,28.567420959472656
0.6953125,953.7329711914062,28.57073211669922
0.7109375,953.7452392578125,28.565589904785156
0.7265625,953.7476196289062,28.56816864013672
0.7421875,953.7473754882812,28.57147216796875
0.7578125,953.7463989257812,28.57367706298828
0.7734375,953.7556762695312,28.57403564453125
0.7890625,953.7406616210938,28.579193115234375
0.8046875,953.75732421875,28.580291748046875
0.8203125,953.771240234375,28.57330322265625
0.8359375,953.7484130859375,28.583229064941406
0.8515625,953.7506713867188,28.580650329589844
0.8671875,953.7564086914062,28.602699279785156
0.8828125,953.7896118164062,28.583229064941406
0.8984375,953.7423095703125,28.583961486816406
0.9140625,953.7637939453125,28.5887451171875
0.9296875,953.7583618164062,28.599037170410156
0.9453125,953.7647705078125,28.578086853027344
0.9609375,953.7830200195312,28.600868225097656
0.9765625,953.8084716796875,28.583602905273438
0.9921875,953.7637939453125,28.5916748046875
1.0078125,953.7592163085938,28.596832275390625
1.0234375,953.7752685546875,28.583961486816406
1.0390625,953.7559814453125,28.604171752929688
1.0546875,953.774169921875,28.600868225097656
1.0703125,953.7952880859375,28.590576171875
1.0859375,953.7752685546875,28.602699279785156
1.1015625,953.7781982421875,28.60858154296875
1.1171875,953.7836303710938,28.614097595214844
1.1328125,953.780517578125,28.60344696044922
1.1484375,953.7836303710938,28.60527801513672
1.1640625,953.77734375,28.60527801513672
1.1796875,953.7838134765625,28.60344696044922
1.1953125,953.7872314453125,28.62291717529297
1.2109375,953.78857421875,28.612266540527344
1.2265625,953.7916870117188,28.61042022705078
1.2421875,953.7908935546875,28.61042022705078
1.2578125,953.8094482421875,28.616676330566406
1.2734375,953.79638671875,28.60710906982422
1.2890625,953.7958984375,28.60931396484375
1.3046875,953.7783203125,28.618507385253906
1.3203125,953.7922973632812,28.60344696044922
1.3359375,953.7955932617188,28.61042022705078
1.3515625,953.7681884765625,28.60931396484375
1.3671875,953.7759399414062,28.62291717529297
1.3828125,953.791015625,28.61042022705078
1.3984375,953.8130493164062,28.62291717529297
1.4140625,953.7850341796875,28.612991333007812
1.4296875,953.7911987304688,28.61042022705078
1.4453125,953.7777709960938,28.612991333007812
1.4609375,953.7709350585938,28.619979858398438
1.4765625,953.7985229492188,28.619613647460938
1.4921875,953.7769165039062,28.6243896484375
1.5078125,953.7720336914062,28.6258544921875
1.5234375,953.7990112304688,28.632843017578125
1.5390625,953.7889404296875,28.627700805664062
1.5546875,953.796142578125,28.63872528076172
1.5703125,953.7938232421875,28.635040283203125
1.5859375,953.7999877929688,28.637977600097656
1.6015625,953.7770385742188,28.62549591064453
1.6171875,953.7799682617188,28.645339965820312
1.6328125,953.7991943359375,28.63872528076172
1.6484375,953.7943725585938,28.62549591064453
1.6640625,953.7852783203125,28.6243896484375
1.6796875,953.7815551757812,28.62549591064453
1.6953125,953.7667846679688,28.627700805664062
1.7109375,953.7711791992188,28.6258544921875
1.7265625,953.7823486328125,28.636146545410156
1.7421875,953.7833251953125,28.628433227539062
1.7578125,953.7681884765625,28.60821533203125
1.7734375,953.7662353515625,28.626220703125
1.7890625,953.7609252929688,28.62915802001953
1.8046875,953.7611694335938,28.62291717529297
1.8203125,953.760498046875,28.616676330566406
1.8359375,953.7598876953125,28.6258544921875
1.8515625,953.7703857421875,28.617774963378906
1.8671875,953.7599487304688,28.62218475341797
1.8828125,953.7604370117188,28.60858154296875
1.8984375,953.7363891601562,28.601600646972656
1.9140625,953.7525024414062,28.619979858398438
1.9296875,953.7530517578125,28.61042022705078
1.9453125,953.7520751953125,28.60344696044922
1.9609375,953.7369995117188,28.602699279785156
1.9765625,953.750732421875,28.598289489746094
1.9921875,953.7508544921875,28.599395751953125
2.0078125,953.7522583007812,28.590576171875
2.0234375,953.7357788085938,28.60344696044922
2.0390625,953.734130859375,28.614830017089844
2.0546875,953.7418823242188,28.595352172851562
2.0703125,953.7338256835938,28.5916748046875
2.0859375,953.7353515625,28.5887451171875
2.1015625,953.728515625,28.59387969970703
2.1171875,953.7427368164062,28.596832275390625
2.1328125,953.7363891601562,28.603073120117188
2.1484375,953.7406616210938,28.599395751953125
2.1640625,953.719970703125,28.594627380371094
2.1796875,953.7427368164062,28.60344696044922
2.1953125,953.7400512695312,28.599037170410156
2.2109375,953.7431640625,28.603073120117188
2.2265625,953.7484130859375,28.59131622314453
2.2421875,953.739501953125,28.581756591796875
2.2578125,953.7379760742188,28.583961486816406
2.2734375,953.74169921875,28.598289489746094
2.2890625,953.7431030273438,28.5880126953125
2.3046875,953.7272338867188,28.5916748046875
2.3203125,953.7424926757812,28.5916748046875
2.3359375,953.7388916015625,28.59387969970703
2.3515625,953.7398071289062,28.58580780029297
2.3671875,953.712646484375,28.583229064941406
2.3828125,953.7387084960938,28.58984375
2.3984375,953.7332763671875,28.600868225097656
2.4140625,953.7362060546875,28.581024169921875
2.4296875,953.7265625,28.582855224609375
2.4453125,953.7266845703125,28.57514190673828
2.4609375,953.7313232421875,28.57330322265625
2.4765625,953.7329711914062,28.583961486816406
2.4921875,953.74169921875,28.580650329589844
2.5078125,953.7342529296875,28.597190856933594
2.5234375,953.7335205078125,28.593154907226562
2.5390625,953.7193603515625,28.579193115234375
2.5546875,953.7310791015625,28.576614379882812
2.5703125,953.7338256835938,28.583961486816406
2.5859375,953.7184448242188,28.57330322265625
2.6015625,953.7329711914062,28.579551696777344
2.6171875,953.734130859375,28.584701538085938
2.6328125,953.7274169921875,28.57367706298828
2.6484375,953.7280883789062,28.56999969482422
2.6640625,953.7403564453125,28.58690643310547
2.6796875,953.7349243164062,28.583229064941406
2.6953125,953.7387084960938,28.5916748046875
2.7109375,953.7353515625,28.583229064941406
2.7265625,953.7387084960938,28.576614379882812
2.7421875,953.708740234375,28.580291748046875
2.7578125,953.741943359375,28.57330322265625
2.7734375,953.7406616210938,28.586532592773438
2.7890625,953.7569580078125,28.56999969482422
2.8046875,953.7654418945312,28.582122802734375
2.8203125,953.7456665039062,28.594627380371094
2.8359375,953.7798461914062,28.583229064941406
2.8515625,953.756591796875,28.597190856933594
2.8671875,953.7681274414062,28.584335327148438
2.8828125,953.7763671875,28.594627380371094
2.8984375,953.7678833007812,28.597190856933594
2.9140625,953.784912109375,28.596832275390625
2.9296875,953.7615356445312,28.587265014648438
2.9453125,953.7640991210938,28.58580780029297
2.9609375,953.7813110351562,28.597190856933594
2.9765625,953.76513671875,28.5916748046875
2.9921875,953.7801513671875,28.584701538085938
3.0078125,953.7609252929688,28.580291748046875
3.0234375,953.763427734375,28.58580780029297
3.0390625,953.7788696289062,28.59387969970703
3.0546875,953.7875366210938,28.5887451171875
3.0703125,953.7799072265625,28.596832275390625
3.0859375,953.7902221679688,28.600868225097656
3.1015625,953.8055419921875,28.60858154296875
3.1171875,953.7877807617188,28.5916748046875
3.1328125,953.782470703125,28.611160278320312
3.1484375,953.8035888671875,28.590576171875
3.1640625,953.7781982421875,28.600868225097656
3.1796875,953.7947387695312,28.5909423828125
3.1953125,953.7938232421875,28.599037170410156
3.2109375,953.7647705078125,28.597190856933594
3.2265625,953.7949829101562,28.599037170410156
3.2421875,953.8065185546875,28.599395751953125
3.2578125,953.7774047851562,28.593521118164062
3.2734375,953.7940673828125,28.600135803222656
3.2890625,953.8115234375,28.604171752929688
3.3046875,953.7843627929688,28.590576171875
3.3203125,953.7770385742188,28.599037170410156
3.3359375,953.7742919921875,28.600135803222656
3.3515625,953.7780151367188,28.60931396484375
3.3671875,953.7711791992188,28.60344696044922
3.3828125,953.7908325195312,28.597190856933594
3.3984375,953.7776489257812,28.597190856933594
3.4140625,953.79443359375,28.594985961914062
3.4296875,953.7918701171875,28.600868225097656
3.4453125,953.783935546875,28.604904174804688
3.4609375,953.8071899414062,28.601600646972656
3.4765625,953.8056030273438,28.589111328125
3.4921875,953.8008422851562,28.599037170410156
3.5078125,953.77734375,28.593521118164062
3.5234375,953.797607421875,28.582855224609375
3.5390625,953.7715454101562,28.600868225097656
3.5546875,953.8055419921875,28.600868225097656
3.5703125,953.7654418945312,28.60454559326172
3.5859375,953.7868041992188,28.593154907226562
3.6015625,953.8030395507812,28.602699279785156
3.6171875,953.7966918945312,28.593521118164062
3.6328125,953.77734375,28.5887451171875
3.6484375,953.767333984375,28.58690643310547
3.6640625,953.8029174804688,28.583229064941406
3.6796875,953.7877197265625,28.576614379882812
3.6953125,953.7755737304688,28.58690643310547
3.7109375,953.77734375,28.581024169921875
3.7265625,953.79638671875,28.59387969970703
3.7421875,953.7916870117188,28.583961486816406
3.7578125,953.7799072265625,28.583229064941406
3.7734375,953.7816772460938,28.599037170410156
3.7890625,953.783203125,28.581756591796875
3.8046875,953.7880859375,28.580291748046875
3.8203125,953.7730102539062,28.589111328125
3.8359375,953.786376953125,28.57330322265625
3.8515625,953.7771606445312,28.583961486816406
3.8671875,953.7858276367188,28.582122802734375
3.8828125,953.7708129882812,28.57147216796875
3.8984375,953.7565307617188,28.56999969482422
3.9140625,953.7822265625,28.57330322265625
3.9296875,953.775390625,28.575515747070312
3.9453125,953.778564453125,28.579193115234375
3.9609375,953.7633666992188,28.582122802734375
3.9765625,953.7564697265625,28.578819274902344
3.9921875,953.7561645507812,28.566696166992188
4.0078125,953.7728881835938,28.56999969482422
4.0234375,953.7553100585938,28.563758850097656
4.0390625,953.7648315429688,28.560073852539062
4.0546875,953.7543334960938,28.560073852539062
4.0703125,953.7435913085938,28.549057006835938
4.0859375,953.7520141601562,28.55860137939453
4.1015625,953.7433471679688,28.545013427734375
4.1171875,953.74560546875,28.550155639648438
4.1328125,953.7533569335938,28.558975219726562
4.1484375,953.7540893554688,28.558242797851562
4.1640625,953.7451171875,28.550155639648438
4.1796875,953.7545166015625,28.545013427734375
4.1953125,953.7528076171875,28.543540954589844
4.2109375,953.7377319335938,28.543914794921875
4.2265625,953.752685546875,28.549423217773438
4.2421875,953.7544555664062,28.548683166503906
4.2578125,953.7459716796875,28.549057006835938
4.2734375,953.753173828125,28.548324584960938
4.2890625,953.753173828125,28.543167114257812
4.3046875,953.7454223632812,28.53802490234375
4.3203125,953.744873046875,28.53730010986328
4.3359375,953.7448120117188,28.53730010986328
4.3515625,953.7472534179688,28.53730010986328
4.3671875,953.7495727539062,28.53545379638672
4.3828125,953.7446899414062,28.544273376464844
4.3984375,953.73779296875,28.54096221923828
4.4140625,953.7416381835938,28.53730010986328
4.4296875,953.7299194335938,28.549423217773438
4.4453125,953.7484130859375,28.546119689941406
4.4609375,953.7385864257812,28.531417846679688
4.4765625,953.7413330078125,28.531784057617188
4.4921875,953.7365112304688,28.53730010986328
4.5078125,953.737060546875,28.549781799316406
4.5234375,953.7311401367188,28.544273376464844
4.5390625,953.7348022460938,28.542068481445312
4.5546875,953.7346801757812,28.53619384765625
4.5703125,953.7118530273438,28.530685424804688
4.5859375,953.71435546875,28.53730010986328
4.6015625,953.737060546875,28.527374267578125
4.6171875,953.7283325195312,28.526275634765625
4.6328125,953.7288818359375,28.52332305908203
4.6484375,953.7255249023438,28.530685424804688
4.6640625,953.729248046875,28.52332305908203
4.6796875,953.7208251953125,28.524070739746094
4.6953125,953.7405395507812,28.530685424804688
4.7109375,953.7328491210938,28.542068481445312
4.7265625,953.7083129882812,28.52332305908203
4.7421875,953.7208251953125,28.540237426757812
4.7578125,953.7225341796875,28.529205322265625
4.7734375,953.7392578125,28.542068481445312
4.7890625,953.73046875,28.540237426757812
4.8046875,953.7344360351562,28.531417846679688
4.8203125,953.7293701171875,28.526634216308594
4.8359375,953.7210693359375,28.531417846679688
4.8515625,953.7311401367188,28.531784057617188
4.8671875,953.7406616210938,28.545013427734375
4.8828125,953.7426147460938,28.545013427734375
4.8984375,953.746826171875,28.5203857421875
4.9140625,953.7455444335938,28.542434692382812
4.9296875,953.7525634765625,28.526275634765625
4.9453125,953.7849731445312,28.525169372558594
4.9609375,953.7658081054688,28.531417846679688
4.9765625,953.75146484375,28.540237426757812
4.9921875,953.7810668945312,28.542434692382812
5.0078125,953.777099609375,28.548324584960938
5.0234375,953.7848510742188,28.531784057617188
5.0390625,953.7526245117188,28.545013427734375
5.0546875,953.7736206054688,28.542068481445312
5.0703125,953.7537231445312,28.541709899902344
5.0859375,953.7907104492188,28.545013427734375
5.1015625,953.7838745117188,28.53730010986328
5.1171875,953.777099609375,28.525169372558594
5.1328125,953.7508544921875,28.545372009277344
5.1484375,953.7838745117188,28.542068481445312
5.1640625,953.772216796875,28.533248901367188
5.1796875,953.7587890625,28.5185546875
5.1953125,953.7841796875,28.53730010986328
5.2109375,953.780029296875,28.53730010986328
5.2265625,953.7777099609375,28.529937744140625
5.2421875,953.7626342773438,28.528839111328125
5.2578125,953.7828979492188,28.5203857421875
5.2734375,953.7676391601562,28.531417846679688
5.2890625,953.7897338867188,28.511566162109375
5.3046875,953.7877197265625,28.516708374023438
5.3203125,953.7565307617188,28.52149200439453
5.3359375,953.7749633789062,28.507530212402344
5.3515625,953.7670288085938,28.52332305908203
5.3671875,953.782958984375,28.524429321289062
5.3828125,953.7758178710938,28.526275634765625
5.3984375,953.8107299804688,28.51966094970703
5.4140625,953.7939453125,28.52332305908203
5.4296875,953.7930908203125,28.526275634765625
5.4453125,953.7688598632812,28.524795532226562
5.4609375,953.7794189453125,28.51634979248047
5.4765625,953.77685546875,28.511199951171875
5.4921875,953.7864379882812,28.513778686523438
5.5078125,953.7688598632812,28.52332305908203
5.5234375,953.780517578125,28.51966094970703
5.5390625,953.7849731445312,28.524070739746094
5.5546875,953.7877197265625,28.529205322265625
5.5703125,953.788818359375,28.508636474609375
5.5859375,953.7623291015625,28.52149200439453
5.6015625,953.79296875,28.52332305908203
5.6171875,953.7823486328125,28.511566162109375
5.6328125,953.7560424804688,28.525527954101562
5.6484375,953.7963256835938,28.51966094970703
5.6640625,953.78857421875,28.51966094970703
5.6796875,953.7825317382812,28.515609741210938
5.6953125,953.7821655273438,28.515609741210938
5.7109375,953.77490234375,28.516708374023438
5.7265625,953.7672729492188,28.514877319335938
5.7421875,953.7748413085938,28.51525115966797
5.7578125,953.7815551757812,28.52332305908203
5.7734375,953.7847290039062,28.511566162109375
5.7890625,953.7811279296875,28.51525115966797
5.8046875,953.7564697265625,28.51708221435547
5.8203125,953.7692260742188,28.510093688964844
5.8359375,953.7744140625,28.525527954101562
5.8515625,953.7807006835938,28.51708221435547
5.8671875,953.775146484375,28.507530212402344
5.8828125,953.7963256835938,28.50458526611328
5.8984375,953.7684936523438,28.511199951171875
5.9140625,953.764404296875,28.508995056152344
5.9296875,953.7833251953125,28.52332305908203
5.9453125,953.7721557617188,28.505325317382812
5.9609375,953.7601928710938,28.509735107421875
5.9765625,953.7474975585938,28.51891326904297
5.9921875,953.7520141601562,28.521865844726562
6.0078125,953.778564453125,28.51708221435547
6.0234375,953.7769165039062,28.51634979248047
6.0390625,953.7469482421875,28.496505737304688
6.0546875,953.7581787109375,28.50238037109375
6.0703125,953.7682495117188,28.50274658203125
6.0859375,953.7409057617188,28.50347900390625
6.1015625,953.7486572265625,28.50274658203125
6.1171875,953.7426147460938,28.498336791992188
6.1328125,953.7511596679688,28.496505737304688
6.1484375,953.7509765625,28.50054931640625
6.1640625,953.7484130859375,28.50017547607422
6.1796875,953.7435913085938,28.48180389404297
6.1953125,953.7465209960938,28.48694610595703
6.2109375,953.7459106445312,28.490623474121094
6.2265625,953.7372436523438,28.48548126220703
6.2421875,953.746826171875,28.497970581054688
6.2578125,953.7421875,28.497970581054688
6.2734375,953.764892578125,28.50164794921875
6.2890625,953.747314453125,28.47997283935547
6.3046875,953.7403564453125,28.47997283935547
6.3203125,953.7415161132812,28.480697631835938
6.3359375,953.7386474609375,28.478500366210938
6.3515625,953.7384643554688,28.478866577148438
6.3671875,953.7462158203125,28.48363494873047
6.3828125,953.7389526367188,28.48180389404297
6.3984375,953.7392578125,28.478126525878906
6.4140625,953.7341918945312,28.475189208984375
6.4296875,953.7386474609375,28.48694610595703
6.4453125,953.7398071289062,28.47997283935547
6.4609375,953.7415161132812,28.46343231201172
6.4765625,953.7447509765625,28.47997283935547
6.4921875,953.7361450195312,28.475189208984375
6.5078125,953.7410888671875,28.46857452392578
6.5234375,953.730224609375,28.475563049316406
6.5390625,953.7238159179688,28.478866577148438
6.5546875,953.739013671875,28.477020263671875
6.5703125,953.7388916015625,28.48438262939453
6.5859375,953.739013671875,28.477767944335938
6.6015625,953.731201171875,28.47997283935547
6.6171875,953.7462768554688,28.475189208984375
6.6328125,953.7399291992188,28.479225158691406
6.6484375,953.72412109375,28.46636962890625
6.6640625,953.7348022460938,28.46343231201172
6.6796875,953.72265625,28.4832763671875
6.6953125,953.7377319335938,28.47997283935547
6.7109375,953.7403564453125,28.478866577148438
6.7265625,953.7313232421875,28.470046997070312
6.7421875,953.7303466796875,28.472251892089844
6.7578125,953.7378540039062,28.470779418945312
6.7734375,953.7305297851562,28.489151000976562
6.7890625,953.7400512695312,28.48621368408203
6.8046875,953.73974609375,28.489891052246094
6.8203125,953.7186279296875,28.48253631591797
6.8359375,953.7394409179688,28.497970581054688
6.8515625,953.7481079101562,28.489151000976562
6.8671875,953.7400512695312,28.489151000976562
6.8828125,953.7400512695312,28.497970581054688
6.8984375,953.7379760742188,28.47997283935547
6.9140625,953.7391357421875,28.48438262939453
6.9296875,953.7408447265625,28.4847412109375
6.9453125,953.7539672851562,28.48621368408203
6.9609375,953.7738647460938,28.491729736328125
6.9765625,953.7576293945312,28.489151000976562
6.9921875,953.7561645507812,28.47997283935547
7.0078125,953.7846069335938,28.479598999023438
7.0234375,953.7875366210938,28.481430053710938
7.0390625,953.7770385742188,28.47040557861328
7.0546875,953.7955322265625,28.4847412109375
7.0703125,953.7821044921875,28.4847412109375
7.0859375,953.7599487304688,28.492828369140625
7.1015625,953.7775268554688,28.48548126220703
7.1171875,953.7713623046875,28.485107421875
7.1328125,953.7910766601562,28.49761199951172
7.1484375,953.773193359375,28.489151000976562
7.1640625,953.7788696289062,28.481430053710938
7.1796875,953.7692260742188,28.480697631835938
7.1953125,953.7810668945312,28.496505737304688
7.2109375,953.7862548828125,28.498336791992188
7.2265625,953.7804565429688,28.487319946289062
7.2421875,953.7822265625,28.498336791992188
7.2578125,953.7876586914062,28.497970581054688
7.2734375,953.7953491210938,28.492828369140625
7.2890625,953.7637939453125,28.4847412109375
7.3046875,953.7850341796875,28.486587524414062
7.3203125,953.7643432617188,28.480697631835938
7.3359375,953.7804565429688,28.490623474121094
7.3515625,953.7748413085938,28.489151000976562
7.3671875,953.7991943359375,28.487319946289062
7.3828125,953.78466796875,28.47997283935547
7.3984375,953.7815551757812,28.4832763671875
7.4140625,953.7789916992188,28.493202209472656
7.4296875,953.766845703125,28.474090576171875
7.4453125,953.7780151367188,28.4847412109375
7.4609375,953.79638671875,28.47997283935547
7.4765625,953.7655029296875,28.4847412109375
7.4921875,953.7659912109375,28.47997283935547
7.5078125,953.7803955078125,28.46784210205078
7.5234375,953.7840576171875,28.488418579101562
7.5390625,953.766357421875,28.4847412109375
7.5546875,953.7719116210938,28.492828369140625
7.5703125,953.779296875,28.48180389404297
7.5859375,953.7811279296875,28.493927001953125
7.6015625,953.7776489257812,28.489891052246094
7.6171875,953.77294921875,28.50238037109375
7.6328125,953.7969360351562,28.48548126220703
7.6484375,953.7630004882812,28.48180389404297
7.6640625,953.7907104492188,28.48438262939453
7.6796875,953.7838134765625,28.47997283935547
7.6953125,953.762451171875,28.472251892089844
7.7109375,953.7725830078125,28.48180389404297
7.7265625,953.7877807617188,28.47997283935547
7.7421875,953.76904296875,28.479225158691406
7.7578125,953.798828125,28.463790893554688
7.7734375,953.793701171875,28.48180389404297
7.7890625,953.7686767578125,28.477020263671875
7.8046875,953.7741088867188,28.492828369140625
7.8203125,953.766845703125,28.472251892089844
7.8359375,953.7653198242188,28.48363494873047
7.8515625,953.792724609375,28.50017547607422
7.8671875,953.798583984375,28.477020263671875
7.8828125,953.7813110351562,28.4832763671875
7.8984375,953.7598266601562,28.48363494873047
7.9140625,953.7783203125,28.46710205078125
7.9296875,953.7821044921875,28.470779418945312
7.9453125,953.7752685546875,28.477020263671875
7.9609375,953.7711791992188,28.475189208984375
7.9765625,953.7841186523438,28.47997283935547
7.9921875,953.7875366210938,28.48180389404297
8.0078125,953.7721557617188,28.478500366210938
8.0234375,953.7557373046875,28.478126525878906
8.0390625,953.7528076171875,28.46710205078125
8.0546875,953.77734375,28.481430053710938
8.0703125,953.7584838867188,28.477020263671875
8.0859375,953.753173828125,28.47997283935547
8.1015625,953.7462768554688,28.478500366210938
8.1171875,953.7462158203125,28.474090576171875
8.1328125,953.772705078125,28.472984313964844
8.1484375,953.7653198242188,28.472251892089844
8.1640625,953.7384033203125,28.472251892089844
8.1796875,953.74560546875,28.460487365722656
8.1953125,953.7515258789062,28.474090576171875
8.2109375,953.7469482421875,28.457923889160156
8.2265625,953.7442016601562,28.470046997070312
8.2421875,953.7394409179688,28.47040557861328
8.2578125,953.7400512695312,28.460128784179688
8.2734375,953.7366333007812,28.453140258789062
8.2890625,953.7359008789062,28.458648681640625
8.3046875,953.7257080078125,28.46710205078125
8.3203125,953.7450561523438,28.460128784179688
8.3359375,953.7443237304688,28.473358154296875
8.3515625,953.7236328125,28.46784210205078
8.3671875,953.7452392578125,28.457550048828125
8.3828125,953.7363891601562,28.457550048828125
8.3984375,953.744140625,28.44579315185547
8.4140625,953.7339477539062,28.459381103515625
8.4296875,953.734130859375,28.4468994140625
8.4453125,953.7430419921875,28.46233367919922
8.4609375,953.7565307617188,28.457550048828125
8.4765625,953.7369384765625,28.457550048828125
8.4921875,953.7333374023438,28.46784210205078
8.5078125,953.7379760742188,28.451309204101562
8.5234375,953.7434692382812,28.452407836914062
8.5390625,953.7435913085938,28.457176208496094
8.5546875,953.7267456054688,28.453872680664062
8.5703125,953.7222290039062,28.443946838378906
8.5859375,953.7254638671875,28.4476318359375
8.6015625,953.7282104492188,28.438438415527344
8.6171875,953.7302856445312,28.4468994140625
8.6328125,953.7210083007812,28.446151733398438
8.6484375,953.7327880859375,28.439910888671875
8.6640625,953.732177734375,28.443222045898438
8.6796875,953.7355346679688,28.456817626953125
8.6953125,953.7111206054688,28.456817626953125
8.7109375,953.7255249023438,28.453872680664062
8.7265625,953.7347412109375,28.453872680664062
8.7421875,953.7305908203125,28.442115783691406
8.7578125,953.7353515625,28.457550048828125
8.7734375,953.7196044921875,28.451309204101562
8.7890625,953.7213745117188,28.45093536376953
8.8046875,953.7213745117188,28.457550048828125
8.8203125,953.7219848632812,28.457550048828125
8.8359375,953.7213745117188,28.458282470703125
8.8515625,953.7221069335938,28.451309204101562
8.8671875,953.7285766601562,28.453140258789062
8.8828125,953.74365234375,28.443946838378906
8.8984375,953.7498779296875,28.442489624023438
8.9140625,953.7366333007812,28.457550048828125
8.9296875,953.7369384765625,28.451309204101562
8.9453125,953.7357788085938,28.46710205078125
8.9609375,953.7378540039062,28.459754943847656
8.9765625,953.7593383789062,28.457550048828125
8.9921875,953.7369384765625,28.46563720703125
9.0078125,953.7622680664062,28.446151733398438
9.0234375,953.7501220703125,28.453140258789062
9.0390625,953.7448120117188,28.474090576171875
9.0546875,953.7237548828125,28.461959838867188
9.0703125,953.7642822265625,28.461959838867188
9.0859375,953.771484375,28.463058471679688
9.1015625,953.7643432617188,28.463790893554688
9.1171875,953.7781982421875,28.469680786132812
9.1328125,953.7555541992188,28.463790893554688
9.1484375,953.7758178710938,28.463790893554688
9.1640625,953.7763671875,28.477767944335938
9.1796875,953.771240234375,28.474090576171875
9.1953125,953.7684936523438,28.457550048828125
9.2109375,953.7560424804688,28.456817626953125
9.2265625,953.7619018554688,28.461959838867188
9.2421875,953.7953491210938,28.46710205078125
9.2578125,953.7701416015625,28.457550048828125
9.2734375,953.7620239257812,28.460861206054688
9.2890625,953.773193359375,28.46453857421875
9.3046875,953.7626953125,28.460487365722656
9.3203125,953.7754516601562,28.46343231201172
9.3359375,953.7560424804688,28.463790893554688
9.3515625,953.7560424804688,28.474815368652344
9.3671875,953.7774658203125,28.457550048828125
9.3828125,953.7757568359375,28.457550048828125
9.3984375,953.7757568359375,28.474090576171875
9.4140625,953.7649536132812,28.46527099609375
9.4296875,953.7706298828125,28.477767944335938
9.4453125,953.7891845703125,28.457550048828125
9.4609375,953.7752075195312,28.46636962890625
9.4765625,953.7772216796875,28.475189208984375
9.4921875,953.7781982421875,28.479225158691406
9.5078125,953.7778930664062,28.457550048828125
9.5234375,953.7632446289062,28.457550048828125
9.5390625,953.7930908203125,28.46453857421875
9.5546875,953.7818603515625,28.475921630859375
9.5703125,953.7698974609375,28.46857452392578
9.5859375,953.7679443359375,28.475189208984375
9.6015625,953.7733154296875,28.463790893554688
9.6171875,953.7860107421875,28.460128784179688
9.6328125,953.7760009765625,28.471878051757812
9.6484375,953.752685546875,28.455345153808594
9.6640625,953.7941284179688,28.46710205078125
9.6796875,953.7701416015625,28.46636962890625
9.6953125,953.7688598632812,28.46343231201172
9.7109375,953.7823486328125,28.46636962890625
9.7265625,953.80419921875,28.46416473388672
9.7421875,953.7698974609375,28.46453857421875
9.7578125,953.7525634765625,28.46636962890625
9.7734375,953.776611328125,28.470779418945312
9.7890625,953.76513671875,28.46710205078125
9.8046875,953.7701416015625,28.470779418945312
9.8203125,953.7579956054688,28.463790893554688
9.8359375,953.77880859375,28.46636962890625
9.8515625,953.7646484375,28.46563720703125
9.8671875,953.76171875,28.458282470703125
9.8828125,953.7626953125,28.46563720703125
9.8984375,953.7645874023438,28.46453857421875
9.9140625,953.7681274414062,28.456817626953125
9.9296875,953.7571411132812,28.46233367919922
9.9453125,953.7660522460938,28.456817626953125
9.9609375,953.7601318359375,28.457176208496094
9.9765625,953.764404296875,28.454971313476562
9.9921875,953.7611694335938,28.4476318359375
10.0078125,953.7581176757812,28.458648681640625
10.0234375,953.7514038085938,28.457550048828125
10.0390625,953.7470703125,28.453872680664062
10.0546875,953.7634887695312,28.456817626953125
10.0703125,953.7440185546875,28.451309204101562
10.0859375,953.7434692382812,28.451309204101562
10.1015625,953.7423095703125,28.445419311523438
10.1171875,953.742919921875,28.442115783691406
10.1328125,953.7426147460938,28.44873046875
10.1484375,953.7503662109375,28.446151733398438
10.1640625,953.7501220703125,28.451309204101562
10.1796875,953.7662353515625,28.434402465820312
10.1953125,953.7489624023438,28.4476318359375
10.2109375,953.7503051757812,28.435501098632812
10.2265625,953.7472534179688,28.4468994140625
10.2421875,953.7501831054688,28.451309204101562
10.2578125,953.7434692382812,28.440284729003906
10.2734375,953.7423706054688,28.44469451904297
10.2890625,953.7530517578125,28.43218994140625
10.3046875,953.7368774414062,28.441383361816406
10.3203125,953.7335205078125,28.44652557373047
10.3359375,953.7377319335938,28.440284729003906
10.3515625,953.7423706054688,28.43512725830078
10.3671875,953.737060546875,28.43182373046875
10.3828125,953.734375,28.420799255371094
10.3984375,953.7327270507812,28.438079833984375
10.4140625,953.7272338867188,28.424476623535156
10.4296875,953.733642578125,28.424476623535156
10.4453125,953.7396850585938,28.41638946533203
10.4609375,953.7299194335938,28.424850463867188
10.4765625,953.7349853515625,28.438079833984375
10.4921875,953.7344360351562,28.423744201660156
10.5078125,953.7335815429688,28.423744201660156
10.5234375,953.7407836914062,28.43071746826172
10.5390625,953.7271118164062,28.42815399169922
10.5546875,953.732177734375,28.42815399169922
10.5703125,953.7191162109375,28.42999267578125
10.5859375,953.7228393554688,28.419334411621094
10.6015625,953.7330932617188,28.436599731445312
10.6171875,953.719970703125,28.435874938964844
10.6328125,953.7371826171875,28.43182373046875
10.6484375,953.7146606445312,28.43512725830078
10.6640625,953.7346801757812,28.42815399169922
10.6796875,953.7262573242188,28.423744201660156
10.6953125,953.7257690429688,28.43182373046875
10.7109375,953.734375,28.426307678222656
10.7265625,953.7171020507812,28.438079833984375
10.7421875,953.7243041992188,28.42815399169922
10.7578125,953.7101440429688,28.42888641357422
10.7734375,953.7335205078125,28.434768676757812
10.7890625,953.7269287109375,28.43329620361328
10.8046875,953.7190551757812,28.42926025390625
10.8203125,953.7191772460938,28.422271728515625
10.8359375,953.7185668945312,28.42888641357422
10.8515625,953.710205078125,28.42999267578125
10.8671875,953.7341918945312,28.42999267578125
10.8828125,953.7192993164062,28.438079833984375
10.8984375,953.7344360351562,28.436973571777344
10.9140625,953.7349243164062,28.436973571777344
10.9296875,953.7349243164062,28.43256378173828
10.9453125,953.7404174804688,28.440284729003906
10.9609375,953.7466430664062,28.425582885742188
10.9765625,953.73974609375,28.43182373046875
10.9921875,953.7594604492188,28.41382598876953
11.0078125,953.7247924804688,28.43071746826172
11.0234375,953.7366333007812,28.41565704345703
11.0390625,953.7327270507812,28.419334411621094
11.0546875,953.7330932617188,28.43071746826172
11.0703125,953.7642211914062,28.426307678222656
11.0859375,953.762451171875,28.42999267578125
11.1015625,953.7383422851562,28.41565704345703
11.1171875,953.739990234375,28.43182373046875
11.1328125,953.763671875,28.42999267578125
11.1484375,953.7413940429688,28.42999267578125
11.1640625,953.7682495117188,28.421173095703125
11.1796875,953.7572631835938,28.43512725830078
11.1953125,953.768798828125,28.433670043945312
11.2109375,953.764404296875,28.43146514892578
11.2265625,953.76123046875,28.425209045410156
11.2421875,953.7695922851562,28.434402465820312
11.2578125,953.760986328125,28.422271728515625
11.2734375,953.7406616210938,28.43182373046875
11.2890625,953.7791137695312,28.43182373046875
11.3046875,953.7510986328125,28.42999267578125
11.3203125,953.7515258789062,28.420066833496094
11.3359375,953.7691040039062,28.43512725830078
11.3515625,953.7622680664062,28.43512725830078
11.3671875,953.7717895507812,28.44469451904297
11.3828125,953.7793579101562,28.438438415527344
11.3984375,953.7905883789062,28.43109130859375
11.4140625,953.7600708007812,28.435501098632812
11.4296875,953.74609375,28.438079833984375
11.4453125,953.7738037109375,28.438079833984375
11.4609375,953.7672729492188,28.421539306640625
11.4765625,953.7734375,28.424476623535156
11.4921875,953.7724609375,28.425949096679688
11.5078125,953.7691040039062,28.43071746826172
11.5234375,953.7916259765625,28.43256378173828
11.5390625,953.7864379882812,28.438438415527344
11.5546875,953.7733154296875,28.421539306640625
11.5703125,953.765625,28.443588256835938
11.5859375,953.7677001953125,28.43071746826172
11.6015625,953.7611694335938,28.41748809814453
11.6171875,953.7843627929688,28.438438415527344
11.6328125,953.7864379882812,28.43256378173828
11.6484375,953.7750854492188,28.438812255859375
11.6640625,953.7584228515625,28.436973571777344
11.6796875,953.7755126953125,28.433670043945312
11.6953125,953.7799682617188,28.455345153808594
11.7109375,953.77734375,28.438438415527344
11.7265625,953.7852783203125,28.453140258789062
11.7421875,953.7938232421875,28.44910430908203
11.7578125,953.7594604492188,28.441383361816406
11.7734375,953.752685546875,28.441383361816406
11.7890625,953.7747192382812,28.441383361816406
11.8046875,953.7794799804688,28.439178466796875
11.8203125,953.7763671875,28.44873046875
11.8359375,953.7640991210938,28.437332153320312
11.8515625,953.7582397460938,28.452041625976562
11.8671875,953.7764892578125,28.44579315185547
11.8828125,953.7943725585938,28.438438415527344
11.8984375,953.787109375,28.435874938964844
11.9140625,953.77490234375,28.440284729003906
11.9296875,953.7555541992188,28.4476318359375
11.9453125,953.7681884765625,28.445053100585938
11.9609375,953.7745361328125,28.451309204101562
11.9765625,953.7614135742188,28.433670043945312
11.9921875,953.7596435546875,28.451309204101562
12.0078125,953.753662109375,28.45020294189453
12.0234375,953.7745361328125,28.452041625976562
12.0390625,953.7716064453125,28.439910888671875
12.0546875,953.76318359375,28.457176208496094
12.0703125,953.7757568359375,28.460861206054688
12.0859375,953.75341796875,28.446151733398438
12.1015625,953.7345581054688,28.451309204101562
12.1171875,953.7607421875,28.445419311523438
12.1328125,953.759765625,28.456817626953125
12.1484375,953.7637329101562,28.445419311523438
12.1640625,953.742919921875,28.44579315185547
12.1796875,953.7405395507812,28.442115783691406
12.1953125,953.7426147460938,28.43218994140625
12.2109375,953.7445678710938,28.438079833984375
12.2265625,953.7421875,28.43256378173828
12.2421875,953.748779296875,28.426307678222656
12.2578125,953.7398071289062,28.43218994140625
12.2734375,953.7314453125,28.438079833984375
12.2890625,953.7571411132812,28.439178466796875
12.3046875,953.7399291992188,28.42999267578125
12.3203125,953.7341918945312,28.436233520507812
12.3359375,953.731201171875,28.439178466796875
12.3515625,953.7542724609375,28.437705993652344
12.3671875,953.7349853515625,28.441741943359375
12.3828125,953.7352905273438,28.42815399169922
12.3984375,953.7339477539062,28.43512725830078
12.4140625,953.7036743164062,28.426307678222656
12.4296875,953.7308349609375,28.41307830810547
12.4453125,953.7247314453125,28.42999267578125
12.4609375,953.7144165039062,28.438079833984375
12.4765625,953.7272338867188,28.42999267578125
12.4921875,953.7115478515625,28.43071746826172
12.5078125,953.7229614257812,28.43035888671875
12.5234375,953.7103881835938,28.424476623535156
12.5390625,953.71875,28.426307678222656
12.5546875,953.7230834960938,28.42999267578125
12.5703125,953.7186279296875,28.42999267578125
12.5859375,953.7413940429688,28.42999267578125
12.6015625,953.7263793945312,28.42999267578125
12.6171875,953.7192993164062,28.41124725341797
12.6328125,953.7322998046875,28.41492462158203
12.6484375,953.729736328125,28.418235778808594
12.6640625,953.7223510742188,28.426307678222656
12.6796875,953.7350463867188,28.41492462158203
12.6953125,953.7117919921875,28.415283203125
12.7109375,953.7178955078125,28.41307830810547
12.7265625,953.7180786132812,28.41638946533203
12.7421875,953.710205078125,28.4134521484375
12.7578125,953.7247924804688,28.416763305664062
12.7734375,953.7102661132812,28.41124725341797
12.7890625,953.7174072265625,28.417129516601562
12.8046875,953.7216186523438,28.407943725585938
12.8203125,953.7171630859375,28.42999267578125
12.8359375,953.7235107421875,28.41492462158203
12.8515625,953.7249145507812,28.41748809814453
12.8671875,953.704833984375,28.410873413085938
12.8828125,953.7012939453125,28.41748809814453
12.8984375,953.7329711914062,28.42999267578125
12.9140625,953.7001342773438,28.43402862548828
12.9296875,953.7345581054688,28.42999267578125
12.9453125,953.731201171875,28.422271728515625
12.9609375,953.7526245117188,28.42999267578125
12.9765625,953.7586669921875,28.422271728515625
12.9921875,953.7418823242188,28.423004150390625
13.0078125,953.7543334960938,28.43182373046875
13.0234375,953.7457885742188,28.42999267578125
13.0390625,953.766357421875,28.439910888671875
13.0546875,953.7525024414062,28.43071746826172
13.0703125,953.792236328125,28.438812255859375
13.0859375,953.7464599609375,28.42705535888672
13.1015625,953.7523803710938,28.424476623535156
13.1171875,953.7700805664062,28.43402862548828
13.1328125,953.7620849609375,28.420799255371094
13.1484375,953.7715454101562,28.43109130859375
13.1640625,953.7415161132812,28.42999267578125
13.1796875,953.75927734375,28.419334411621094
13.1953125,953.7815551757812,28.423744201660156
13.2109375,953.7575073242188,28.425949096679688
13.2265625,953.779296875,28.42999267578125
13.2421875,953.7700805664062,28.420799255371094
13.2578125,953.7536010742188,28.43512725830078
13.2734375,953.7573852539062,28.43182373046875
13.2890625,953.7833251953125,28.438079833984375
13.3046875,953.749267578125,28.436233520507812
13.3203125,953.776611328125,28.441741943359375
13.3359375,953.7730102539062,28.436233520507812
13.3515625,953.755126953125,28.441741943359375
13.3671875,953.7640380859375,28.436599731445312
13.3828125,953.7445068359375,28.434768676757812
13.3984375,953.7508544921875,28.438438415527344
13.4140625,953.7614135742188,28.441741943359375
13.4296875,953.7604370117188,28.439910888671875
13.4453125,953.7775268554688,28.438812255859375
13.4609375,953.775146484375,28.44579315185547
13.4765625,953.7776489257812,28.434768676757812
13.4921875,953.7615966796875,28.433670043945312
13.5078125,953.7787475585938,28.440284729003906
13.5234375,953.7854614257812,28.440643310546875
13.5390625,953.7674560546875,28.440284729003906
13.5546875,953.7693481445312,28.437332153320312
13.5703125,953.77685546875,28.44469451904297
13.5859375,953.7901611328125,28.443222045898438
13.6015625,953.7606201171875,28.434768676757812
13.6171875,953.7747192382812,28.43256378173828
13.6328125,953.762451171875,28.45020294189453
13.6484375,953.75537109375,28.44579315185547
13.6640625,953.7745971679688,28.442489624023438
13.6796875,953.784423828125,28.4468994140625
13.6953125,953.7921142578125,28.445419311523438
13.7109375,953.7662353515625,28.4476318359375
13.7265625,953.7933349609375,28.457550048828125
13.7421875,953.782958984375,28.451309204101562
13.7578125,953.775146484375,28.4468994140625
13.7734375,953.7807006835938,28.4468994140625
13.7890625,953.7699584960938,28.457550048828125
13.8046875,953.7601928710938,28.4505615234375
13.8203125,953.7684936523438,28.456817626953125
13.8359375,953.767333984375,28.446151733398438
13.8515625,953.7745971679688,28.452407836914062
13.8671875,953.7752075195312,28.458282470703125
13.8828125,953.7705078125,28.438079833984375
13.8984375,953.764892578125,28.438438415527344
13.9140625,953.7924194335938,28.456817626953125
13.9296875,953.7852783203125,28.4468994140625
13.9453125,953.7657470703125,28.454612731933594
13.9609375,953.7802734375,28.4476318359375
13.9765625,953.7676391601562,28.455345153808594
13.9921875,953.773193359375,28.44652557373047
14.0078125,953.7567749023438,28.437332153320312
14.0234375,953.7744140625,28.441383361816406
14.0390625,953.7377319335938,28.460128784179688
14.0546875,953.7731323242188,28.456451416015625
14.0703125,953.7571411132812,28.46489715576172
14.0859375,953.7620849609375,28.451309204101562
14.1015625,953.7757568359375,28.453872680664062
14.1171875,953.7706909179688,28.44873046875
14.1328125,953.7701416015625,28.460128784179688
14.1484375,953.7736206054688,28.44910430908203
14.1640625,953.7534790039062,28.437332153320312
14.1796875,953.749267578125,28.4468994140625
14.1953125,953.7657470703125,28.43071746826172
14.2109375,953.7611694335938,28.4468994140625
14.2265625,953.7633666992188,28.45276641845703
14.2421875,953.7657470703125,28.445419311523438
14.2578125,953.744140625,28.443946838378906
14.2734375,953.7427978515625,28.45020294189453
14.2890625,953.7476196289062,28.449462890625
14.3046875,953.7433471679688,28.46489715576172
14.3203125,953.7400512695312,28.445419311523438
14.3359375,953.742919921875,28.451309204101562
14.3515625,953.7662353515625,28.445419311523438
14.3671875,953.742919921875,28.44835662841797
14.3828125,953.7701416015625,28.440284729003906
14.3984375,953.7352294921875,28.440284729003906
14.4140625,953.7423706054688,28.443588256835938
14.4296875,953.7528686523438,28.441741943359375
14.4453125,953.7352905273438,28.440643310546875
14.4609375,953.7423706054688,28.436599731445312
14.4765625,953.7372436523438,28.43218994140625
14.4921875,953.7416381835938,28.451309204101562
14.5078125,953.7357788085938,28.440284729003906
14.5234375,953.7413330078125,28.435501098632812
14.5390625,953.7269287109375,28.43182373046875
14.5546875,953.7367553710938,28.433670043945312
14.5703125,953.7344970703125,28.440284729003906
14.5859375,953.7208862304688,28.435874938964844
14.6015625,953.7199096679688,28.437332153320312
14.6171875,953.7247924804688,28.438438415527344
14.6328125,953.7344970703125,28.42888641357422
14.6484375,953.7197265625,28.441741943359375
14.6640625,953.7352905273438,28.433670043945312
14.6796875,953.7344970703125,28.433670043945312
14.6953125,953.7344970703125,28.42999267578125
14.7109375,953.7263793945312,28.425209045410156
14.7265625,953.7193603515625,28.43182373046875
14.7421875,953.734375,28.42999267578125
14.7578125,953.7341918945312,28.421539306640625
14.7734375,953.7023315429688,28.43182373046875
14.7890625,953.7266235351562,28.433670043945312
14.8046875,953.7238159179688,28.435874938964844
14.8203125,953.7269897460938,28.41748809814453
14.8359375,953.718017578125,28.437332153320312
14.8515625,953.7243041992188,28.43071746826172
14.8671875,953.7193603515625,28.426307678222656
14.8828125,953.72607421875,28.42815399169922
14.8984375,953.7412109375,28.42999267578125
14.9140625,953.7198486328125,28.424476623535156
14.9296875,953.755859375,28.43402862548828
14.9453125,953.7728881835938,28.438079833984375
14.9609375,953.7642822265625,28.433670043945312
14.9765625,953.7894897460938,28.43182373046875
14.9921875,953.770751953125,28.43182373046875
15.0078125,953.7947387695312,28.438079833984375
15.0234375,953.7827758789062,28.438438415527344
15.0390625,953.7930297851562,28.435501098632812
15.0546875,953.7998046875,28.4468994140625
15.0703125,953.827880859375,28.44725799560547
15.0859375,953.8106689453125,28.441741943359375
15.1015625,953.8118286132812,28.443222045898438
15.1171875,953.8436279296875,28.44835662841797
15.1328125,953.8441772460938,28.44725799560547
15.1484375,953.7939453125,28.435874938964844
15.1640625,953.7999267578125,28.456077575683594
15.1796875,953.8018798828125,28.457550048828125
15.1953125,953.8289794921875,28.463790893554688
15.2109375,953.815185546875,28.461585998535156
15.2265625,953.8067016601562,28.472610473632812
15.2421875,953.8340454101562,28.473358154296875
15.2578125,953.8466796875,28.46563720703125
15.2734375,953.8142700195312,28.46636962890625
15.2890625,953.7796630859375,28.477020263671875
15.3046875,953.8439331054688,28.470046997070312
15.3203125,953.8206787109375,28.478500366210938
15.3359375,953.8155517578125,28.4832763671875
15.3515625,953.8189697265625,28.47997283935547
15.3671875,953.8473510742188,28.47997283935547
15.3828125,953.8102416992188,28.4832763671875
15.3984375,953.8405151367188,28.471878051757812
15.4140625,953.846435546875,28.47997283935547
15.4296875,953.8055419921875,28.492828369140625
15.4453125,953.8486328125,28.48253631591797
15.4609375,953.7807006835938,28.48438262939453
15.4765625,953.8536987304688,28.495033264160156
15.4921875,953.818359375,28.494300842285156
15.5078125,953.8170776367188,28.504226684570312
15.5234375,953.8270263671875,28.50568389892578
15.5390625,953.8182373046875,28.50347900390625
15.5546875,953.8359375,28.511940002441406
15.5703125,953.8189086914062,28.511566162109375
15.5859375,953.8379516601562,28.506057739257812
15.6015625,953.82421875,28.519287109375
15.6171875,953.81005859375,28.50568389892578
15.6328125,953.833740234375,28.511566162109375
15.6484375,953.8031616210938,28.511199951171875
15.6640625,953.807373046875,28.524070739746094
15.6796875,953.7518310546875,28.52149200439453
15.6953125,953.8126220703125,28.516708374023438
15.7109375,953.8162841796875,28.525169372558594
15.7265625,953.8016357421875,28.52332305908203
15.7421875,953.794921875,28.5174560546875
15.7578125,953.7973022460938,28.52001953125
15.7734375,953.7855224609375,28.531784057617188
15.7890625,953.800537109375,28.53802490234375
15.8046875,953.791015625,28.531417846679688
15.8203125,953.784912109375,28.53802490234375
15.8359375,953.7861328125,28.53875732421875
15.8515625,953.8101196289062,28.541336059570312
15.8671875,953.7913208007812,28.541709899902344
15.8828125,953.8026123046875,28.551986694335938
15.8984375,953.770263671875,28.542434692382812
15.9140625,953.7716674804688,28.533248901367188
15.9296875,953.7737426757812,28.542068481445312
15.9453125,953.803955078125,28.53802490234375
15.9609375,953.7861328125,28.549423217773438
15.9765625,953.7896728515625,28.542068481445312
15.9921875,953.7938232421875,28.542434692382812
16.0078125,953.802734375,28.549057006835938
16.0234375,953.7782592773438,28.546119689941406
16.0390625,953.7869262695312,28.53802490234375
16.0546875,953.7706298828125,28.53913116455078
16.0703125,953.7838134765625,28.542068481445312
16.0859375,953.774658203125,28.533248901367188
16.1015625,953.778564453125,28.53582763671875
16.1171875,953.77880859375,28.53875732421875
16.1328125,953.7742919921875,28.542068481445312
16.1484375,953.7662963867188,28.533248901367188
16.1640625,953.751708984375,28.531417846679688
16.1796875,953.7615966796875,28.531044006347656
16.1953125,953.7514038085938,28.52332305908203
16.2109375,953.7506713867188,28.52332305908203
16.2265625,953.7506713867188,28.52332305908203
16.2421875,953.7578125,28.52332305908203
16.2578125,953.7434692382812,28.52332305908203
16.2734375,953.7506713867188,28.52075958251953
16.2890625,953.7431640625,28.51891326904297
16.3046875,953.7573852539062,28.513404846191406
16.3203125,953.7347412109375,28.508995056152344
16.3359375,953.7307739257812,28.515609741210938
16.3515625,953.7271728515625,28.507888793945312
16.3671875,953.734130859375,28.50017547607422
16.3828125,953.7411499023438,28.49761199951172
16.3984375,953.733154296875,28.50054931640625
16.4140625,953.7411499023438,28.50385284423828
16.4296875,953.7338256835938,28.496864318847656
16.4453125,953.748046875,28.489891052246094
16.4609375,953.747314453125,28.477767944335938
16.4765625,953.731201171875,28.489891052246094
16.4921875,953.7322998046875,28.48548126220703
16.5078125,953.7349243164062,28.489891052246094
16.5234375,953.7322998046875,28.47997283935547
16.5390625,953.7391357421875,28.48180389404297
16.5546875,953.7303466796875,28.50091552734375
16.5703125,953.7269287109375,28.47997283935547
16.5859375,953.7313842773438,28.47997283935547
16.6015625,953.7283935546875,28.475563049316406
16.6171875,953.7357788085938,28.480697631835938
16.6328125,953.7314453125,28.47997283935547
16.6484375,953.7313842773438,28.472251892089844
16.6640625,953.7240600585938,28.46416473388672
16.6796875,953.7269287109375,28.479225158691406
16.6953125,953.7151489257812,28.476661682128906
16.7109375,953.723876953125,28.47997283935547
16.7265625,953.7176513671875,28.487686157226562
16.7421875,953.732177734375,28.474090576171875
16.7578125,953.7278442382812,28.474090576171875
16.7734375,953.7308349609375,28.475189208984375
16.7890625,953.716064453125,28.470046997070312
16.8046875,953.7155151367188,28.4832763671875
16.8203125,953.72216796875,28.47997283935547
16.8359375,953.7021484375,28.472610473632812
16.8515625,953.7306518554688,28.460861206054688
16.8671875,953.714599609375,28.46710205078125
16.8828125,953.7211303710938,28.473358154296875
16.8984375,953.727783203125,28.475921630859375
16.9140625,953.7340698242188,28.4832763671875
16.9296875,953.724609375,28.47997283935547
16.9453125,953.7243041992188,28.46343231201172
16.9609375,953.729736328125,28.46563720703125
16.9765625,953.7520751953125,28.47997283935547
16.9921875,953.7462768554688,28.470779418945312
17.0078125,953.73828125,28.472610473632812
17.0234375,953.74560546875,28.474456787109375
17.0390625,953.7589111328125,28.47040557861328
17.0546875,953.772216796875,28.454238891601562
17.0703125,953.7736206054688,28.457550048828125
17.0859375,953.766845703125,28.478500366210938
17.1015625,953.7689819335938,28.457550048828125
17.1171875,953.7590942382812,28.476661682128906
17.1328125,953.7525634765625,28.46527099609375
17.1484375,953.7622680664062,28.47997283935547
17.1640625,953.7666015625,28.47040557861328
17.1796875,953.7632446289062,28.478126525878906
17.1953125,953.7676391601562,28.46636962890625
17.2109375,953.7599487304688,28.46343231201172
17.2265625,953.7518310546875,28.46636962890625
17.2421875,953.739013671875,28.46527099609375
17.2578125,953.7765502929688,28.46453857421875
17.2734375,953.7448120117188,28.475563049316406
17.2890625,953.7823486328125,28.463790893554688
17.3046875,953.7620239257812,28.46527099609375
17.3203125,953.7562255859375,28.469680786132812
17.3359375,953.742919921875,28.457176208496094
17.3515625,953.7752075195312,28.463790893554688
17.3671875,953.7716064453125,28.469680786132812
17.3828125,953.7555541992188,28.46784210205078
17.3984375,953.7452392578125,28.461959838867188
17.4140625,953.7445678710938,28.46710205078125
17.4296875,953.7648315429688,28.46599578857422
17.4453125,953.7228393554688,28.457176208496094
17.4609375,953.744140625,28.47040557861328
17.4765625,953.7238159179688,28.473358154296875
17.4921875,953.7456665039062,28.473358154296875
17.5078125,953.773193359375,28.46233367919922
17.5234375,953.7695922851562,28.453514099121094
17.5390625,953.76171875,28.451309204101562
17.5546875,953.7816772460938,28.443946838378906
17.5703125,953.7708129882812,28.455345153808594
17.5859375,953.7947387695312,28.458282470703125
17.6015625,953.7662963867188,28.44910430908203
17.6171875,953.7874755859375,28.451309204101562
17.6328125,953.8086547851562,28.457550048828125
17.6484375,953.766845703125,28.458282470703125
17.6640625,953.7824096679688,28.457550048828125
17.6796875,953.785888671875,28.460861206054688
17.6953125,953.794677734375,28.452041625976562
17.7109375,953.769287109375,28.458282470703125
17.7265625,953.769287109375,28.459022521972656
17.7421875,953.753173828125,28.463790893554688
17.7578125,953.7716064453125,28.451309204101562
17.7734375,953.775146484375,28.45093536376953
17.7890625,953.7626342773438,28.440284729003906
17.8046875,953.7740478515625,28.443946838378906
17.8203125,953.7744140625,28.453140258789062
17.8359375,953.792724609375,28.458282470703125
17.8515625,953.7764892578125,28.461585998535156
17.8671875,953.76904296875,28.457550048828125
17.8828125,953.766845703125,28.452407836914062
17.8984375,953.774658203125,28.457550048828125
17.9140625,953.7896118164062,28.457176208496094
17.9296875,953.7614135742188,28.457550048828125
17.9453125,953.7483520507812,28.474090576171875
17.9609375,953.7655029296875,28.4505615234375
17.9765625,953.7745361328125,28.452041625976562
17.9921875,953.7609252929688,28.458282470703125
18.0078125,953.7662963867188,28.457550048828125
18.0234375,953.77099609375,28.438812255859375
18.0390625,953.7720947265625,28.453140258789062
18.0546875,953.7448120117188,28.451309204101562
18.0703125,953.7548217773438,28.449462890625
18.0859375,953.7630004882812,28.457550048828125
18.1015625,953.7614135742188,28.443588256835938
18.1171875,953.7528686523438,28.438438415527344
18.1328125,953.7464599609375,28.438079833984375
18.1484375,953.7534790039062,28.442115783691406
18.1640625,953.7528076171875,28.443588256835938
18.1796875,953.7528686523438,28.440284729003906
18.1953125,953.7466430664062,28.437332153320312
18.2109375,953.7421875,28.43182373046875
18.2265625,953.7594604492188,28.43256378173828
18.2421875,953.7427978515625,28.436973571777344
18.2578125,953.7587890625,28.420066833496094
18.2734375,953.74755859375,28.424476623535156
18.2890625,953.7408447265625,28.436599731445312
18.3046875,953.7349243164062,28.442115783691406
18.3203125,953.7276611328125,28.42961883544922
18.3359375,953.7413940429688,28.419334411621094
18.3515625,953.7355346679688,28.435874938964844
18.3671875,953.7431640625,28.43146514892578
18.3828125,953.7338256835938,28.426307678222656
18.3984375,953.7338256835938,28.419334411621094
18.4140625,953.7456665039062,28.422271728515625
18.4296875,953.7328491210938,28.426307678222656
18.4453125,953.7481689453125,28.42926025390625
18.4609375,953.7340698242188,28.419334411621094
18.4765625,953.717529296875,28.41565704345703
18.4921875,953.739990234375,28.439178466796875
18.5078125,953.75732421875,28.436233520507812
18.5234375,953.7269897460938,28.41307830810547
18.5390625,953.7247314453125,28.419334411621094
18.5546875,953.7330932617188,28.418960571289062
18.5703125,953.7402954101562,28.421897888183594
18.5859375,953.7406005859375,28.418960571289062
18.6015625,953.7355346679688,28.420066833496094
18.6171875,953.740966796875,28.426307678222656
18.6328125,953.740966796875,28.420799255371094
18.6484375,953.7255249023438,28.41124725341797
18.6640625,953.7244873046875,28.423004150390625
18.6796875,953.7333984375,28.4134521484375
18.6953125,953.7296142578125,28.426307678222656
18.7109375,953.7212524414062,28.418235778808594
18.7265625,953.731201171875,28.421539306640625
18.7421875,953.718505859375,28.421539306640625
18.7578125,953.7190551757812,28.426307678222656
18.7734375,953.7188720703125,28.418594360351562
18.7890625,953.725341796875,28.41162109375
18.8046875,953.732421875,28.421173095703125
18.8203125,953.7332763671875,28.419334411621094
18.8359375,953.7330932617188,28.407211303710938
18.8515625,953.733154296875,28.408309936523438
18.8671875,953.7243041992188,28.42999267578125
18.8828125,953.7413940429688,28.41382598876953
18.8984375,953.7600708007812,28.422271728515625
18.9140625,953.760986328125,28.420066833496094
18.9296875,953.7702026367188,28.41492462158203
18.9453125,953.7529296875,28.42999267578125
18.9609375,953.7783203125,28.42999267578125
18.9765625,953.7658081054688,28.419334411621094
18.9921875,953.7755126953125,28.424476623535156
19.0078125,953.7981567382812,28.42999267578125
19.0234375,953.7670288085938,28.42999267578125
19.0390625,953.7724609375,28.421539306640625
19.0546875,953.8123168945312,28.43109130859375
19.0703125,953.7726440429688,28.435874938964844
19.0859375,953.7760009765625,28.43071746826172
19.1015625,953.7784423828125,28.418235778808594
19.1171875,953.7777709960938,28.43182373046875
19.1328125,953.7922973632812,28.438079833984375
19.1484375,953.7869873046875,28.436233520507812
19.1640625,953.7927856445312,28.44579315185547
19.1796875,953.7919311523438,28.433670043945312
19.1953125,953.7996826171875,28.451309204101562
19.2109375,953.8128051757812,28.439178466796875
19.2265625,953.7930908203125,28.445419311523438
19.2421875,953.7758178710938,28.456817626953125
19.2578125,953.8193359375,28.453140258789062
19.2734375,953.8075561523438,28.44910430908203
19.2890625,953.8317260742188,28.443946838378906
19.3046875,953.7935791015625,28.44725799560547
19.3203125,953.7939453125,28.46784210205078
19.3359375,953.815673828125,28.459381103515625
19.3515625,953.8327026367188,28.46784210205078
19.3671875,953.818115234375,28.456817626953125
19.3828125,953.7947998046875,28.458282470703125
19.3984375,953.8069458007812,28.475189208984375
19.4140625,953.8109741210938,28.46599578857422
19.4296875,953.7832641601562,28.4832763671875
19.4453125,953.817138671875,28.472610473632812
19.4609375,953.7975463867188,28.473716735839844
19.4765625,953.8078002929688,28.478500366210938
19.4921875,953.8053588867188,28.475563049316406
19.5078125,953.8211669921875,28.477020263671875
19.5234375,953.8225708007812,28.478126525878906
19.5390625,953.8309936523438,28.49944305419922
19.5546875,953.8253784179688,28.492828369140625
19.5703125,953.8342895507812,28.489891052246094
19.5859375,953.81005859375,28.48548126220703
19.6015625,953.8114013671875,28.48180389404297
19.6171875,953.8158569335938,28.50274658203125
19.6328125,953.7994384765625,28.48621368408203
19.6484375,953.781005859375,28.50347900390625
19.6640625,953.7910766601562,28.506431579589844
19.6796875,953.7633666992188,28.50164794921875
19.6953125,953.7897338867188,28.508995056152344
19.7109375,953.7689819335938,28.50054931640625
19.7265625,953.7681274414062,28.492454528808594
19.7421875,953.7858276367188,28.490623474121094
19.7578125,953.7485961914062,28.496505737304688
19.7734375,953.7557373046875,28.48694610595703
19.7890625,953.7697143554688,28.496505737304688
19.8046875,953.77490234375,28.489891052246094
19.8203125,953.747314453125,28.498336791992188
19.8359375,953.7678833007812,28.50017547607422
19.8515625,953.7525634765625,28.50274658203125
19.8671875,953.7486572265625,28.48180389404297
19.8828125,953.7465209960938,28.489891052246094
19.8984375,953.7322998046875,28.475189208984375
19.9140625,953.7459106445312,28.478866577148438
19.9296875,953.7402954101562,28.48804473876953
19.9453125,953.7542724609375,28.480331420898438
19.9609375,953.7386474609375,28.47997283935547
19.9765625,953.7391357421875,28.4832763671875
19.9921875,953.7442626953125,28.48438262939453
20.0078125,953.739013671875,28.474090576171875
20.0234375,953.745849609375,28.48363494873047
20.0390625,953.7467041015625,28.4832763671875
20.0546875,953.7365112304688,28.478500366210938
20.0703125,953.739013671875,28.48363494873047
20.0859375,953.7365112304688,28.473358154296875
20.1015625,953.7236328125,28.475189208984375
20.1171875,953.7339477539062,28.461227416992188
20.1328125,953.722412109375,28.46527099609375
20.1484375,953.7377319335938,28.470046997070312
20.1640625,953.7303466796875,28.461959838867188
20.1796875,953.73974609375,28.478126525878906
20.1953125,953.7371826171875,28.46636962890625
20.2109375,953.6978149414062,28.461227416992188
20.2265625,953.722412109375,28.46784210205078
20.2421875,953.7224731445312,28.457550048828125
20.2578125,953.7213745117188,28.458282470703125
20.2734375,953.729248046875,28.458282470703125
20.2890625,953.7221069335938,28.457176208496094
20.3046875,953.751220703125,28.457550048828125
20.3203125,953.732177734375,28.460487365722656
20.3359375,953.7294311523438,28.441383361816406
20.3515625,953.6905517578125,28.44873046875
20.3671875,953.728271484375,28.445419311523438
20.3828125,953.7208251953125,28.455345153808594
20.3984375,953.7056884765625,28.441741943359375
20.4140625,953.7042846679688,28.446151733398438
20.4296875,953.7130737304688,28.437332153320312
20.4453125,953.7039794921875,28.445419311523438
20.4609375,953.7112426757812,28.446151733398438
20.4765625,953.7208251953125,28.453140258789062
20.4921875,953.7149658203125,28.451309204101562
20.5078125,953.7255859375,28.4476318359375
20.5234375,953.7078857421875,28.435874938964844
20.5390625,953.6947631835938,28.44469451904297
20.5546875,953.7046508789062,28.451309204101562
20.5703125,953.71484375,28.456817626953125
20.5859375,953.721923828125,28.451309204101562
20.6015625,953.7333374023438,28.442115783691406
20.6171875,953.7127685546875,28.454971313476562
20.6328125,953.7140502929688,28.456817626953125
20.6484375,953.708740234375,28.44835662841797
20.6640625,953.7134399414062,28.446151733398438
20.6796875,953.7327880859375,28.44652557373047
20.6953125,953.7017822265625,28.439537048339844
20.7109375,953.7010498046875,28.446151733398438
20.7265625,953.7130737304688,28.457550048828125
20.7421875,953.6998901367188,28.445053100585938
20.7578125,953.7015991210938,28.443588256835938
20.7734375,953.7247924804688,28.44579315185547
20.7890625,953.7130737304688,28.44873046875
20.8046875,953.7020263671875,28.44579315185547
20.8203125,953.72021484375,28.435501098632812
20.8359375,953.7203979492188,28.440284729003906
20.8515625,953.6982421875,28.42961883544922
20.8671875,953.7102661132812,28.43256378173828
20.8828125,953.7003784179688,28.434768676757812
20.8984375,953.7185668945312,28.440284729003906
20.9140625,953.7125854492188,28.438079833984375
20.9296875,953.7039794921875,28.43071746826172
20.9453125,953.697265625,28.436233520507812
20.9609375,953.7199096679688,28.445419311523438
20.9765625,953.7250366210938,28.438812255859375
20.9921875,953.695068359375,28.436973571777344
21.0078125,953.7008666992188,28.420066833496094
21.0234375,953.7105102539062,28.43071746826172
21.0390625,953.7116088867188,28.420066833496094
21.0546875,953.7105102539062,28.43512725830078
21.0703125,953.7090454101562,28.435874938964844
21.0859375,953.7042846679688,28.433670043945312
21.1015625,953.6945190429688,28.433670043945312
21.1171875,953.6945190429688,28.440643310546875
21.1328125,953.7053833007812,28.435874938964844
21.1484375,953.6978149414062,28.437332153320312
21.1640625,953.7092895507812,28.438438415527344
21.1796875,953.719482421875,28.436233520507812
21.1953125,953.7042846679688,28.42999267578125
21.2109375,953.7060546875,28.440643310546875
21.2265625,953.7244873046875,28.437705993652344
21.2421875,953.7045288085938,28.443588256835938
21.2578125,953.719970703125,28.44579315185547
21.2734375,953.6957397460938,28.438812255859375
21.2890625,953.695068359375,28.437705993652344
21.3046875,953.7051391601562,28.443946838378906
21.3203125,953.711669921875,28.436233520507812
21.3359375,953.6947631835938,28.436233520507812
21.3515625,953.6947631835938,28.445419311523438
21.3671875,953.7130737304688,28.441383361816406
21.3828125,953.704833984375,28.442848205566406
21.3984375,953.7116088867188,28.433670043945312
21.4140625,953.7238159179688,28.445419311523438
21.4296875,953.7118530273438,28.45093536376953
21.4453125,953.713623046875,28.440284729003906
21.4609375,953.7047729492188,28.437332153320312
21.4765625,953.7243041992188,28.44652557373047
21.4921875,953.7131958007812,28.439178466796875
21.5078125,953.7112426757812,28.435501098632812
21.5234375,953.7174072265625,28.43182373046875
21.5390625,953.706298828125,28.440284729003906
21.5546875,953.7113037109375,28.439910888671875
21.5703125,953.7124633789062,28.43182373046875
21.5859375,953.7236328125,28.435874938964844
21.6015625,953.7192993164062,28.443946838378906
21.6171875,953.71826171875,28.441741943359375
21.6328125,953.7162475585938,28.440284729003906
21.6484375,953.7197265625,28.424850463867188
21.6640625,953.7230224609375,28.435874938964844
21.6796875,953.712158203125,28.436233520507812
21.6953125,953.72412109375,28.435501098632812
21.7109375,953.7108154296875,28.42999267578125
21.7265625,953.694091796875,28.436233520507812
21.7421875,953.6947631835938,28.436233520507812
21.7578125,953.712158203125,28.44652557373047
21.7734375,953.6989135742188,28.4468994140625
21.7890625,953.6958618164062,28.438438415527344
21.8046875,953.7111206054688,28.43182373046875
21.8203125,953.706298828125,28.442115783691406
21.8359375,953.7246704101562,28.440643310546875
21.8515625,953.7113037109375,28.451309204101562
21.8671875,953.708251953125,28.449462890625
21.8828125,953.6912841796875,28.452407836914062
21.8984375,953.7202758789062,28.44579315185547
21.9140625,953.7250366210938,28.440284729003906
21.9296875,953.6951904296875,28.435501098632812
21.9453125,953.7191772460938,28.452041625976562
21.9609375,953.7059326171875,28.447998046875
21.9765625,953.6959228515625,28.451309204101562
21.9921875,953.7255859375,28.457176208496094
22.0078125,953.7142944335938,28.444320678710938
22.0234375,953.71826171875,28.436233520507812
22.0390625,953.7042846679688,28.451309204101562
22.0546875,953.713623046875,28.4476318359375
22.0703125,953.7054443359375,28.4476318359375
22.0859375,953.7120971679688,28.44579315185547
22.1015625,953.7052612304688,28.437705993652344
22.1171875,953.7098999023438,28.436233520507812
22.1328125,953.7109375,28.43182373046875
22.1484375,953.71044921875,28.44910430908203
22.1640625,953.6990966796875,28.454612731933594
22.1796875,953.7193603515625,28.440284729003906
22.1953125,953.7130737304688,28.435501098632812
22.2109375,953.7174072265625,28.443946838378906
22.2265625,953.7129516601562,28.45093536376953
22.2421875,953.6837158203125,28.43182373046875
22.2578125,953.7003173828125,28.441741943359375
22.2734375,953.6953125,28.437332153320312
22.2890625,953.6901245117188,28.438438415527344
22.3046875,953.687255859375,28.443588256835938
22.3203125,953.6876831054688,28.443946838378906
22.3359375,953.7051391601562,28.443588256835938
22.3515625,953.690673828125,28.442115783691406
22.3671875,953.7103881835938,28.456817626953125
22.3828125,953.6920166015625,28.443946838378906
22.3984375,953.6907348632812,28.435501098632812
22.4140625,953.6869506835938,28.44579315185547
22.4296875,953.6981811523438,28.442489624023438
22.4453125,953.7048950195312,28.451309204101562
22.4609375,953.6914672851562,28.443222045898438
22.4765625,953.690673828125,28.44873046875
22.4921875,953.7055053710938,28.44873046875
22.5078125,953.6852416992188,28.445419311523438
22.5234375,953.69091796875,28.443588256835938
22.5390625,953.7116088867188,28.44579315185547
22.5546875,953.69091796875,28.439537048339844
22.5703125,953.69873046875,28.441741943359375
22.5859375,953.6905517578125,28.435501098632812
22.6015625,953.6917724609375,28.43292236328125
22.6171875,953.6951293945312,28.44835662841797
22.6328125,953.7055053710938,28.440284729003906
22.6484375,953.7244873046875,28.445419311523438
22.6640625,953.7213745117188,28.442115783691406
22.6796875,953.7623291015625,28.439910888671875
22.6953125,953.7727661132812,28.449462890625
22.7109375,953.807861328125,28.449462890625
22.7265625,953.8126220703125,28.452041625976562
22.7421875,953.8804321289062,28.46784210205078
22.7578125,953.8814086914062,28.457550048828125
22.7734375,953.8850708007812,28.452041625976562
22.7890625,953.8552856445312,28.46233367919922
22.8046875,953.9119262695312,28.470046997070312
22.8203125,953.9287109375,28.46563720703125
22.8359375,953.9348754882812,28.474456787109375
22.8515625,953.8646850585938,28.479225158691406
22.8671875,953.8794555664062,28.472610473632812
22.8828125,953.908203125,28.49761199951172
22.8984375,953.916015625,28.48548126220703
22.9140625,953.8986206054688,28.489151000976562
22.9296875,953.9223022460938,28.48291015625
22.9453125,953.869140625,28.490623474121094
22.9609375,953.9249267578125,28.506431579589844
22.9765625,953.8876342773438,28.529205322265625
22.9921875,953.9340209960938,28.525527954101562
23.0078125,953.937255859375,28.526275634765625
23.0234375,953.8984985351562,28.527374267578125
23.0390625,953.888427734375,28.53545379638672
23.0546875,953.9017944335938,28.5556640625
23.0703125,953.8805541992188,28.55750274658203
23.0859375,953.85498046875,28.5538330078125
23.1015625,953.8641967773438,28.55860137939453
23.1171875,953.8754272460938,28.561912536621094
23.1328125,953.8614501953125,28.57073211669922
23.1484375,953.8306884765625,28.57367706298828
23.1640625,953.8566284179688,28.58690643310547
23.1796875,953.8119506835938,28.579193115234375
23.1953125,953.8326416015625,28.58946990966797
23.2109375,953.833740234375,28.596832275390625
23.2265625,953.8403930664062,28.603073120117188
23.2421875,953.8368530273438,28.601600646972656
23.2578125,953.84326171875,28.6258544921875
23.2734375,953.8360595703125,28.616676330566406
23.2890625,953.8638916015625,28.629905700683594
23.3046875,953.8084716796875,28.623291015625
23.3203125,953.8106689453125,28.636878967285156
23.3359375,953.7930297851562,28.64313507080078
23.3515625,953.809814453125,28.650482177734375
23.3671875,953.8259887695312,28.637977600097656
23.3828125,953.81396484375,28.62659454345703
23.3984375,953.8045654296875,28.650108337402344
23.4140625,953.7901611328125,28.64055633544922
23.4296875,953.7796020507812,28.64055633544922
23.4453125,953.783203125,28.655990600585938
23.4609375,953.8008422851562,28.652679443359375
23.4765625,953.7796020507812,28.650482177734375
23.4921875,953.8045043945312,28.64569854736328
23.5078125,953.7877807617188,28.6593017578125
23.5234375,953.78271484375,28.64569854736328
23.5390625,953.7950439453125,28.651580810546875
23.5546875,953.7883911132812,28.64569854736328
23.5703125,953.7782592773438,28.646438598632812
23.5859375,953.796875,28.64679718017578
23.6015625,953.7969970703125,28.64349365234375
23.6171875,953.7655029296875,28.64128875732422
23.6328125,953.7796630859375,28.64055633544922
23.6484375,953.7623291015625,28.632843017578125
23.6640625,953.7615356445312,28.633209228515625
23.6796875,953.7716674804688,28.6251220703125
23.6953125,953.7595825195312,28.629905700683594
23.7109375,953.7809448242188,28.6243896484375
23.7265625,953.7606811523438,28.61042022705078
23.7421875,953.75927734375,28.60344696044922
23.7578125,953.7735595703125,28.601242065429688
23.7734375,953.7584228515625,28.596832275390625
23.7890625,953.750732421875,28.58984375
23.8046875,953.7500610351562,28.597190856933594
23.8203125,953.7579345703125,28.604904174804688
23.8359375,953.7509765625,28.58984375
23.8515625,953.7500610351562,28.581024169921875
23.8671875,953.7486572265625,28.583229064941406
23.8828125,953.7494506835938,28.58946990966797
23.8984375,953.7482299804688,28.582855224609375
23.9140625,953.7493286132812,28.59021759033203
23.9296875,953.7542724609375,28.57440948486328
23.9453125,953.7485961914062,28.57330322265625
23.9609375,953.725830078125,28.57147216796875
23.9765625,953.7333374023438,28.559707641601562
23.9921875,953.7531127929688,28.560073852539062
24.0078125,953.7244873046875,28.551254272460938
24.0234375,953.7313232421875,28.548683166503906
24.0390625,953.7352905273438,28.542808532714844
24.0546875,953.73046875,28.545013427734375
24.0703125,953.7349243164062,28.558242797851562
24.0859375,953.7439575195312,28.560073852539062
24.1015625,953.7470703125,28.547950744628906
24.1171875,953.7310180664062,28.541709899902344
24.1328125,953.7374877929688,28.549057006835938
24.1484375,953.7310791015625,28.53802490234375
24.1640625,953.7305297851562,28.549423217773438
24.1796875,953.7431030273438,28.546119689941406
24.1953125,953.7308349609375,28.546844482421875
24.2109375,953.7350463867188,28.545013427734375
24.2265625,953.717529296875,28.545745849609375
24.2421875,953.7349853515625,28.53472137451172
24.2578125,953.7506103515625,28.53730010986328
24.2734375,953.72216796875,28.528839111328125
24.2890625,953.7333374023438,28.5203857421875
24.3046875,953.720458984375,28.53509521484375
24.3203125,953.7368774414062,28.53472137451172
24.3359375,953.7296752929688,28.531784057617188
24.3515625,953.7293701171875,28.526275634765625
24.3671875,953.7037353515625,28.525169372558594
24.3828125,953.7036743164062,28.526275634765625
24.3984375,953.7138671875,28.526634216308594
24.4140625,953.7037353515625,28.51708221435547
24.4296875,953.728515625,28.51966094970703
24.4453125,953.7061767578125,28.5174560546875
24.4609375,953.702880859375,28.511566162109375
24.4765625,953.6992797851562,28.52332305908203
24.4921875,953.7333374023438,28.526275634765625
24.5078125,953.7659301757812,28.52075958251953
24.5234375,953.7754516601562,28.51966094970703
24.5390625,953.7604370117188,28.529205322265625
24.5546875,953.7786254882812,28.530685424804688
24.5703125,953.8553466796875,28.51966094970703
24.5859375,953.8095092773438,28.513404846191406
24.6015625,953.8201904296875,28.525527954101562
24.6171875,953.784912109375,28.525169372558594
24.6328125,953.7986450195312,28.529205322265625
24.6484375,953.788818359375,28.51966094970703
24.6640625,953.8424072265625,28.53509521484375
24.6796875,953.796630859375,28.52222442626953
24.6953125,953.7982788085938,28.527374267578125
24.7109375,953.8203735351562,28.526275634765625
24.7265625,953.8203125,28.528839111328125
24.7421875,953.8455810546875,28.528839111328125
24.7578125,953.8468627929688,28.53802490234375
24.7734375,953.85302734375,28.541709899902344
24.7890625,953.8533935546875,28.530685424804688
24.8046875,953.83984375,28.53472137451172
24.8203125,953.8240356445312,28.551254272460938
24.8359375,953.8317260742188,28.558242797851562
24.8515625,953.842529296875,28.5556640625
24.8671875,953.8058471679688,28.560073852539062
24.8828125,953.839111328125,28.560447692871094
24.8984375,953.7925415039062,28.560073852539062
24.9140625,953.8970947265625,28.57367706298828
24.9296875,953.8566284179688,28.57514190673828
24.9453125,953.8663330078125,28.560073852539062
24.9609375,953.8959350585938,28.577346801757812
24.9765625,953.8814697265625,28.57073211669922
24.9921875,953.8748779296875,28.581024169921875
25.0078125,953.8615112304688,28.5909423828125
25.0234375,953.8457641601562,28.579193115234375
25.0390625,953.9073486328125,28.583229064941406
25.0546875,953.8880004882812,28.586532592773438
25.0703125,953.8794555664062,28.599037170410156
25.0859375,953.864501953125,28.603073120117188
25.1015625,953.8810424804688,28.602340698242188
25.1171875,953.8959350585938,28.597190856933594
25.1328125,953.8935546875,28.602699279785156
25.1484375,953.85888671875,28.60675048828125
25.1640625,953.8754272460938,28.626220703125
25.1796875,953.8821411132812,28.6243896484375
25.1953125,953.904052734375,28.631736755371094
25.2109375,953.9048461914062,28.633567810058594
25.2265625,953.9336547851562,28.630630493164062
25.2421875,953.9537353515625,28.632469177246094
25.2578125,953.8953857421875,28.633941650390625
25.2734375,953.88232421875,28.632843017578125
25.2890625,953.881591796875,28.632110595703125
25.3046875,953.8976440429688,28.64496612548828
25.3203125,953.8696899414062,28.663711547851562
25.3359375,953.8656005859375,28.66077423095703
25.3515625,953.8599243164062,28.646438598632812
25.3671875,953.889404296875,28.66002655029297
25.3828125,953.8525390625,28.669593811035156
25.3984375,953.8404541015625,28.6611328125
25.4140625,953.8217163085938,28.654159545898438
25.4296875,953.8173828125,28.65892791748047
25.4453125,953.8088989257812,28.66333770751953
25.4609375,953.8265991210938,28.67620849609375
25.4765625,953.7927856445312,28.65892791748047
25.4921875,953.7921752929688,28.66443634033203
25.5078125,953.7962036132812,28.67400360107422
25.5234375,953.7960815429688,28.671051025390625
25.5390625,953.7903442382812,28.665184020996094
25.5546875,953.7939453125,28.6622314453125
25.5703125,953.7841186523438,28.672157287597656
25.5859375,953.7755737304688,28.668121337890625
25.6015625,953.7871704101562,28.67400360107422
25.6171875,953.7936401367188,28.665184020996094
25.6328125,953.7916259765625,28.68097686767578
25.6484375,953.7931518554688,28.66443634033203
25.6640625,953.7717895507812,28.668487548828125
25.6796875,953.7853393554688,28.671051025390625
25.6953125,953.7724609375,28.6614990234375
25.7109375,953.787109375,28.68207550048828
25.7265625,953.7752685546875,28.669952392578125
25.7421875,953.7579956054688,28.664810180664062
25.7578125,953.7688598632812,28.66443634033203
25.7734375,953.7544555664062,28.664077758789062
25.7890625,953.774169921875,28.649749755859375
25.8046875,953.7584228515625,28.649749755859375
25.8203125,953.76318359375,28.64496612548828
25.8359375,953.7628173828125,28.64679718017578
25.8515625,953.762939453125,28.64496612548828
25.8671875,953.774658203125,28.627700805664062
25.8828125,953.7777099609375,28.62915802001953
25.8984375,953.7640991210938,28.646072387695312
25.9140625,953.755615234375,28.64238739013672
25.9296875,953.762451171875,28.632843017578125
25.9453125,953.7542724609375,28.629905700683594
25.9609375,953.7534790039062,28.6258544921875
25.9765625,953.7530517578125,28.629531860351562
25.9921875,953.7611694335938,28.626953125
26.0078125,953.753173828125,28.62291717529297
26.0234375,953.7503662109375,28.616676330566406
26.0390625,953.7479248046875,28.618507385253906
26.0546875,953.738037109375,28.62291717529297
26.0703125,953.736083984375,28.61042022705078
26.0859375,953.7371826171875,28.60344696044922
26.1015625,953.74365234375,28.60710906982422
26.1171875,953.7291259765625,28.589111328125
26.1328125,953.7350463867188,28.59278106689453
26.1484375,953.7348022460938,28.595352172851562
26.1640625,953.7427978515625,28.599037170410156
26.1796875,953.736083984375,28.599037170410156
26.1953125,953.736083984375,28.600135803222656
26.2109375,953.735595703125,28.594627380371094
26.2265625,953.7278442382812,28.602699279785156
26.2421875,953.7406005859375,28.58763885498047
26.2578125,953.7188720703125,28.580291748046875
26.2734375,953.7264404296875,28.580291748046875
26.2890625,953.7341918945312,28.583961486816406
26.3046875,953.7094116210938,28.57330322265625
26.3203125,953.7090454101562,28.58690643310547
26.3359375,953.7324829101562,28.57147216796875
26.3515625,953.7255249023438,28.57257843017578
26.3671875,953.7196655273438,28.57147216796875
26.3828125,953.7081909179688,28.57514190673828
26.3984375,953.7176513671875,28.565589904785156
26.4140625,953.7249755859375,28.577713012695312
26.4296875,953.748779296875,28.57367706298828
26.4453125,953.7084350585938,28.565589904785156
26.4609375,953.7548217773438,28.564483642578125
26.4765625,953.788818359375,28.560447692871094
26.4921875,953.8236694335938,28.560073852539062
26.5078125,953.8612060546875,28.565589904785156
26.5234375,953.8486328125,28.564483642578125
26.5390625,953.839599609375,28.575881958007812
26.5546875,953.8478393554688,28.560073852539062
26.5703125,953.82958984375,28.560073852539062
26.5859375,953.8750610351562,28.57257843017578
26.6015625,953.8439331054688,28.568893432617188
26.6171875,953.8621826171875,28.564857482910156
26.6328125,953.8814086914062,28.57367706298828
26.6484375,953.9014892578125,28.600135803222656
26.6640625,953.9124755859375,28.599037170410156
26.6796875,953.9032592773438,28.595352172851562
26.6953125,953.9041748046875,28.62218475341797
26.7109375,953.9379272460938,28.61042022705078
26.7265625,953.9093017578125,28.62291717529297
26.7421875,953.939208984375,28.621810913085938
26.7578125,953.93310546875,28.630630493164062
26.7734375,953.9113159179688,28.636520385742188
26.7890625,953.9124755859375,28.627700805664062
26.8046875,953.9336547851562,28.637977600097656
26.8203125,953.8845825195312,28.635040283203125
26.8359375,953.8872680664062,28.64496612548828
26.8515625,953.9013671875,28.653411865234375
26.8671875,953.8907470703125,28.654159545898438
26.8828125,953.8688354492188,28.657821655273438
26.8984375,953.8865356445312,28.655990600585938
26.9140625,953.9239501953125,28.670318603515625
26.9296875,953.9528198242188,28.672157287597656
26.9453125,953.9141845703125,28.669952392578125
26.9609375,953.9182739257812,28.67694091796875
26.9765625,953.9044799804688,28.67730712890625
26.9921875,953.9332885742188,28.67913818359375
27.0078125,953.9249877929688,28.67694091796875
27.0234375,953.9146728515625,28.687957763671875
27.0390625,953.8739624023438,28.67913818359375
27.0546875,953.9107666015625,28.6956787109375
27.0703125,953.9307861328125,28.69715118408203
27.0859375,953.8909912109375,28.689796447753906
27.1015625,953.8873291015625,28.700462341308594
27.1171875,953.862060546875,28.715896606445312
27.1328125,953.8635864257812,28.719932556152344
27.1484375,953.8209228515625,28.719200134277344
27.1640625,953.8184814453125,28.73499298095703
27.1796875,953.8158569335938,28.71184539794922
27.1953125,953.7967529296875,28.718460083007812
27.2109375,953.795654296875,28.7298583984375
27.2265625,953.8034057617188,28.722869873046875
27.2421875,953.8134765625,28.735366821289062
27.2578125,953.7931518554688,28.722869873046875
27.2734375,953.801513671875,28.735366821289062
27.2890625,953.774658203125,28.7298583984375
27.3046875,953.8087768554688,28.731689453125
27.3203125,953.7785034179688,28.72948455810547
27.3359375,953.7626953125,28.722869873046875
27.3515625,953.7776489257812,28.715896606445312
27.3671875,953.7989501953125,28.708908081054688
27.3828125,953.7960205078125,28.701560974121094
27.3984375,953.7785034179688,28.71479034423828
27.4140625,953.7911376953125,28.710739135742188
27.4296875,953.7734375,28.710006713867188
27.4453125,953.779296875,28.708908081054688
27.4609375,953.781005859375,28.701187133789062
27.4765625,953.775390625,28.701187133789062
27.4921875,953.775390625,28.69274139404297
27.5078125,953.7745971679688,28.687232971191406
27.5234375,953.7669067382812,28.698989868164062
27.5390625,953.7908325195312,28.686859130859375
27.5546875,953.7525024414062,28.682449340820312
27.5703125,953.7587280273438,28.683547973632812
27.5859375,953.7617797851562,28.67913818359375
27.6015625,953.7589111328125,28.669593811035156
27.6171875,953.7550048828125,28.674728393554688
27.6328125,953.7567138671875,28.6614990234375
27.6484375,953.7571411132812,28.667015075683594
27.6640625,953.7600708007812,28.665184020996094
27.6796875,953.7503662109375,28.65746307373047
27.6953125,953.7496948242188,28.64679718017578
27.7109375,953.7479248046875,28.649749755859375
27.7265625,953.7554321289062,28.647171020507812
27.7421875,953.762939453125,28.632843017578125
27.7578125,953.7537231445312,28.6258544921875
27.7734375,953.7489013671875,28.63872528076172
27.7890625,953.7400512695312,28.632843017578125
27.8046875,953.7514038085938,28.63872528076172
27.8203125,953.7621459960938,28.62915802001953
27.8359375,953.75341796875,28.632110595703125
27.8515625,953.7464599609375,28.62549591064453
27.8671875,953.7489013671875,28.621810913085938
27.8828125,953.7454223632812,28.614830017089844
27.8984375,953.7447509765625,28.62915802001953
27.9140625,953.7462158203125,28.636878967285156
27.9296875,953.7440185546875,28.619979858398438
27.9453125,953.7428588867188,28.62291717529297
27.9609375,953.7426147460938,28.61042022705078
27.9765625,953.7305908203125,28.620338439941406
27.9921875,953.7381591796875,28.6258544921875
28.0078125,953.7380981445312,28.62291717529297
28.0234375,953.7306518554688,28.603073120117188
28.0390625,953.7406616210938,28.62291717529297
28.0546875,953.7503662109375,28.611892700195312
28.0703125,953.7522583007812,28.61042022705078
28.0859375,953.7443237304688,28.60344696044922
28.1015625,953.7364501953125,28.614830017089844
28.1171875,953.7418823242188,28.599037170410156
28.1328125,953.7109375,28.602699279785156
28.1484375,953.7274169921875,28.58690643310547
28.1640625,953.7258911132812,28.59387969970703
28.1796875,953.7278442382812,28.586532592773438
28.1953125,953.725830078125,28.58690643310547
28.2109375,953.7210693359375,28.589111328125
28.2265625,953.7189331054688,28.580291748046875
28.2421875,953.724609375,28.587265014648438
28.2578125,953.7391357421875,28.583961486816406
28.2734375,953.7189331054688,28.582855224609375
28.2890625,953.7188720703125,28.586532592773438
28.3046875,953.7271118164062,28.58690643310547
28.3203125,953.7192993164062,28.579551696777344
28.3359375,953.7113647460938,28.57367706298828
28.3515625,953.7179565429688,28.586532592773438
28.3671875,953.7191772460938,28.583961486816406
28.3828125,953.73388671875,28.597190856933594
28.3984375,953.7202758789062,28.579193115234375
28.4140625,953.7120361328125,28.577346801757812
28.4296875,953.7230834960938,28.597190856933594
28.4453125,953.7131958007812,28.58690643310547
28.4609375,953.71875,28.56816864013672
28.4765625,953.7120971679688,28.57330322265625
28.4921875,953.7179565429688,28.562286376953125
28.5078125,953.732421875,28.57514190673828
28.5234375,953.7056884765625,28.563758850097656
28.5390625,953.7169799804688,28.560073852539062
28.5546875,953.7113037109375,28.56999969482422
28.5703125,953.7081298828125,28.563758850097656
28.5859375,953.7134399414062,28.57257843017578
28.6015625,953.7053833007812,28.57037353515625
28.6171875,953.7032470703125,28.579551696777344
28.6328125,953.7042236328125,28.562652587890625
28.6484375,953.7216796875,28.56999969482422
28.6640625,953.7003173828125,28.56999969482422
28.6796875,953.7176513671875,28.57147216796875
28.6953125,953.697998046875,28.57147216796875
28.7109375,953.7112426757812,28.563758850097656
28.7265625,953.71044921875,28.563758850097656
28.7421875,953.7235717773438,28.57514190673828
28.7578125,953.7037963867188,28.57330322265625
28.7734375,953.7210083007812,28.564483642578125
28.7890625,953.7236328125,28.568527221679688
28.8046875,953.7240600585938,28.563758850097656
28.8203125,953.7140502929688,28.564483642578125
28.8359375,953.7236328125,28.55750274658203
28.8515625,953.7241821289062,28.5538330078125
28.8671875,953.7064819335938,28.564483642578125
28.8828125,953.7081909179688,28.55750274658203
28.8984375,953.7229614257812,28.568893432617188
28.9140625,953.72412109375,28.55750274658203
28.9296875,953.703857421875,28.560073852539062
28.9453125,953.7166137695312,28.564483642578125
28.9609375,953.6998291015625,28.563758850097656
28.9765625,953.6912841796875,28.550155639648438
28.9921875,953.7156982421875,28.556396484375
29.0078125,953.7037963867188,28.551986694335938
29.0234375,953.7158203125,28.55419158935547
29.0390625,953.6981201171875,28.564483642578125
29.0546875,953.7026977539062,28.560806274414062
29.0703125,953.7084350585938,28.560073852539062
29.0859375,953.7255859375,28.56816864013672
29.1015625,953.7198486328125,28.551254272460938
29.1171875,953.7384643554688,28.549057006835938
29.1328125,953.7316284179688,28.5556640625
29.1484375,953.7388916015625,28.558242797851562
29.1640625,953.7540893554688,28.563758850097656
29.1796875,953.7307739257812,28.55052947998047
29.1953125,953.7646484375,28.560073852539062
29.2109375,953.82958984375,28.551254272460938
29.2265625,953.8543701171875,28.562652587890625
29.2421875,953.9326171875,28.546844482421875
29.2578125,953.953125,28.551254272460938
29.2734375,953.8961791992188,28.564483642578125
29.2890625,953.9811401367188,28.564483642578125
29.3046875,953.9901123046875,28.564483642578125
29.3203125,954.0068359375,28.57073211669922
29.3359375,953.9841918945312,28.57073211669922
29.3515625,954.0254516601562,28.576614379882812
29.3671875,954.0606689453125,28.5556640625
29.3828125,954.0299072265625,28.564483642578125
29.3984375,954.0792236328125,28.57330322265625
29.4140625,954.0447998046875,28.58580780029297
29.4296875,954.1027221679688,28.58837127685547
29.4453125,954.0372924804688,28.599037170410156
29.4609375,954.1256103515625,28.614830017089844
29.4765625,954.1068725585938,28.616676330566406
29.4921875,954.0861206054688,28.62732696533203
29.5078125,954.1510620117188,28.623291015625
29.5234375,953.9977416992188,28.645339965820312
29.5390625,954.023193359375,28.649749755859375
29.5546875,953.9991455078125,28.65746307373047
29.5703125,953.9623413085938,28.665542602539062
29.5859375,953.9111328125,28.665184020996094
29.6015625,953.936767578125,28.664810180664062
29.6171875,953.8656616210938,28.67400360107422
29.6328125,953.935302734375,28.673255920410156
29.6484375,953.9160766601562,28.674362182617188
29.6640625,953.908935546875,28.689796447753906
29.6796875,953.8759155273438,28.69715118408203
29.6953125,953.8622436523438,28.701560974121094
29.7109375,953.837646484375,28.707809448242188
29.7265625,953.7969970703125,28.708175659179688
29.7421875,953.7928466796875,28.716629028320312
29.7578125,953.7799682617188,28.720664978027344
29.7734375,953.7846069335938,28.719200134277344
29.7890625,953.798828125,28.719558715820312
29.8046875,953.8012084960938,28.719558715820312
29.8203125,953.7969970703125,28.72801971435547
29.8359375,953.7978515625,28.719200134277344
29.8515625,953.7772216796875,28.72801971435547
29.8671875,953.7810668945312,28.719558715820312
29.8828125,953.7701416015625,28.735366821289062
29.8984375,953.79443359375,28.726173400878906
29.9140625,953.7850341796875,28.708908081054688
29.9296875,953.7858276367188,28.69420623779297
29.9453125,953.7897338867188,28.691268920898438
29.9609375,953.7887573242188,28.701919555664062
29.9765625,953.7754516601562,28.69605255126953
29.9921875,953.7791137695312,28.701187133789062
30.0078125,953.798095703125,28.69715118408203
30.0234375,953.7678833007812,28.6956787109375
30.0390625,953.7688598632812,28.69384765625
30.0546875,953.7603759765625,28.692367553710938
30.0703125,953.7674560546875,28.686485290527344
30.0859375,953.766845703125,28.67913818359375
30.1015625,953.7589111328125,28.681716918945312
30.1171875,953.7592163085938,28.668846130371094
30.1328125,953.7650756835938,28.68024444580078
30.1484375,953.7662353515625,28.67841339111328
30.1640625,953.7559204101562,28.664077758789062
30.1796875,953.7645874023438,28.669952392578125
30.1953125,953.7723999023438,28.66187286376953
30.2109375,953.764404296875,28.664077758789062
30.2265625,953.7573852539062,28.6593017578125
30.2421875,953.7581787109375,28.64569854736328
30.2578125,953.747802734375,28.649749755859375
30.2734375,953.7453002929688,28.64313507080078
30.2890625,953.7404174804688,28.634315490722656
30.3046875,953.7318725585938,28.630264282226562
30.3203125,953.7510986328125,28.6258544921875
30.3359375,953.7291259765625,28.626953125
30.3515625,953.7388305664062,28.617774963378906
30.3671875,953.7384033203125,28.627700805664062
30.3828125,953.7459716796875,28.619979858398438
30.3984375,953.7501220703125,28.62218475341797
30.4140625,953.7305908203125,28.602699279785156
30.4296875,953.7291870117188,28.597190856933594
30.4453125,953.7352294921875,28.602699279785156
30.4609375,953.7286376953125,28.594253540039062
30.4765625,953.7135009765625,28.599037170410156
30.4921875,953.7294311523438,28.60344696044922
30.5078125,953.7406616210938,28.58984375
30.5234375,953.7249755859375,28.599037170410156
30.5390625,953.7330322265625,28.600868225097656
30.5546875,953.7362060546875,28.57293701171875
30.5703125,953.7257080078125,28.57403564453125
30.5859375,953.725830078125,28.563758850097656
30.6015625,953.73193359375,28.583229064941406
30.6171875,953.7464599609375,28.57367706298828
30.6328125,953.7377319335938,28.579193115234375
30.6484375,953.7412109375,28.577346801757812
30.6640625,953.7410888671875,28.55677032470703
30.6796875,953.709716796875,28.577346801757812
30.6953125,953.7261352539062,28.564483642578125
30.7109375,953.7218627929688,28.577713012695312
30.7265625,953.7261352539062,28.564483642578125
30.7421875,953.719482421875,28.564483642578125
30.7578125,953.7326049804688,28.56816864013672
30.7734375,953.7252807617188,28.56816864013672
30.7890625,953.7401123046875,28.563758850097656
30.8046875,953.73974609375,28.560073852539062
30.8203125,953.7363891601562,28.564483642578125
30.8359375,953.719482421875,28.563758850097656
30.8515625,953.73974609375,28.564483642578125
30.8671875,953.7326049804688,28.56816864013672
30.8828125,953.7330322265625,28.563758850097656
30.8984375,953.7247924804688,28.56816864013672
30.9140625,953.7330322265625,28.560073852539062
30.9296875,953.7190551757812,28.575881958007812
30.9453125,953.7229614257812,28.562286376953125
30.9609375,953.747314453125,28.560073852539062
30.9765625,953.7322387695312,28.564483642578125
30.9921875,953.728515625,28.558975219726562
31.0078125,953.7362060546875,28.55860137939453
31.0234375,953.7099609375,28.558242797851562
31.0390625,953.7243041992188,28.5556640625
31.0546875,953.7293701171875,28.55860137939453
31.0703125,953.7243041992188,28.558242797851562
31.0859375,953.7362060546875,28.558242797851562
31.1015625,953.7325439453125,28.559349060058594
31.1171875,953.7232055664062,28.563758850097656
31.1328125,953.7247924804688,28.546844482421875
31.1484375,953.7308959960938,28.560806274414062
31.1640625,953.73046875,28.5545654296875
31.1796875,953.7359008789062,28.551254272460938
31.1953125,953.7313232421875,28.549423217773438
31.2109375,953.73828125,28.558242797851562
31.2265625,953.7188720703125,28.550155639648438
31.2421875,953.7288818359375,28.558242797851562
31.2578125,953.7099609375,28.5552978515625
31.2734375,953.7191162109375,28.548683166503906
31.2890625,953.7155151367188,28.56816864013672
31.3046875,953.7174682617188,28.55750274658203
31.3203125,953.7361450195312,28.545013427734375
31.3359375,953.7229614257812,28.549057006835938
31.3515625,953.7233276367188,28.547950744628906
31.3671875,953.7232666015625,28.560073852539062
31.3828125,953.7166137695312,28.5556640625
31.3984375,953.724609375,28.551986694335938
31.4140625,953.722412109375,28.542068481445312
31.4296875,953.7227172851562,28.560073852539062
31.4453125,953.721435546875,28.545013427734375
31.4609375,953.7086791992188,28.55419158935547
31.4765625,953.723876953125,28.53619384765625
31.4921875,953.7221069335938,28.549423217773438
31.5078125,953.7173461914062,28.545013427734375
31.5234375,953.7151489257812,28.549423217773438
31.5390625,953.7012329101562,28.53875732421875
31.5546875,953.7169189453125,28.545013427734375
31.5703125,953.7301635742188,28.546844482421875
31.5859375,953.7350463867188,28.547576904296875
31.6015625,953.7177734375,28.55493927001953
31.6171875,953.7227172851562,28.544647216796875
31.6328125,953.7228393554688,28.545745849609375
31.6484375,953.7056884765625,28.545013427734375
31.6640625,953.7229614257812,28.53986358642578
31.6796875,953.7020874023438,28.560073852539062
31.6953125,953.72802734375,28.551254272460938
31.7109375,953.7223510742188,28.558242797851562
31.7265625,953.7230224609375,28.551254272460938
31.7421875,953.7163696289062,28.549057006835938
31.7578125,953.7155151367188,28.551986694335938
31.7734375,953.735595703125,28.551254272460938
31.7890625,953.7289428710938,28.549057006835938
31.8046875,953.7221069335938,28.542434692382812
31.8203125,953.7113037109375,28.549423217773438
31.8359375,953.72216796875,28.546844482421875
31.8515625,953.7232055664062,28.54096221923828
31.8671875,953.7146606445312,28.53839874267578
31.8828125,953.7192993164062,28.53986358642578
31.8984375,953.711669921875,28.549423217773438
31.9140625,953.7179565429688,28.531417846679688
31.9296875,953.7335815429688,28.546119689941406
31.9453125,953.7230224609375,28.5538330078125
31.9609375,953.7160034179688,28.53802490234375
31.9765625,953.6923217773438,28.548324584960938
31.9921875,953.7154541015625,28.545745849609375
32.0078125,953.720703125,28.545013427734375
32.0234375,953.7062377929688,28.527374267578125
32.0390625,953.7133178710938,28.542068481445312
32.0546875,953.7227172851562,28.53398895263672
32.0703125,953.7272338867188,28.53802490234375
32.0859375,953.7144165039062,28.53730010986328
32.1015625,953.699951171875,28.541709899902344
32.1171875,953.6926879882812,28.542434692382812
32.1328125,953.7227172851562,28.545745849609375
32.1484375,953.7152099609375,28.542068481445312
32.1640625,953.6915893554688,28.546844482421875
32.1796875,953.7063598632812,28.542434692382812
32.1953125,953.7297973632812,28.558975219726562
32.2109375,953.7021484375,28.551254272460938
32.2265625,953.7098388671875,28.545013427734375
32.2421875,953.7007446289062,28.547576904296875
32.2578125,953.6956787109375,28.53730010986328
32.2734375,953.7030029296875,28.53802490234375
32.2890625,953.7000732421875,28.53913116455078
32.3046875,953.7073974609375,28.542434692382812
32.3203125,953.7035522460938,28.547950744628906
32.3359375,953.705810546875,28.547950744628906
32.3515625,953.6981201171875,28.549423217773438
32.3671875,953.7210083007812,28.54096221923828
32.3828125,953.7146606445312,28.543914794921875
32.3984375,953.691162109375,28.558242797851562
32.4140625,953.7164916992188,28.544273376464844
32.4296875,953.6978149414062,28.548324584960938
32.4453125,953.701171875,28.545745849609375
32.4609375,953.7152099609375,28.542068481445312
32.4765625,953.7017822265625,28.542068481445312
32.4921875,953.689208984375,28.549057006835938
32.5078125,953.70654296875,28.53692626953125
32.5234375,953.6922607421875,28.542068481445312
32.5390625,953.7059326171875,28.55750274658203
32.5546875,953.7229614257812,28.551254272460938
32.5703125,953.7235717773438,28.549057006835938
32.5859375,953.701171875,28.547950744628906
32.6015625,953.7010498046875,28.551986694335938
32.6171875,953.7033081054688,28.542068481445312
32.6328125,953.7083129882812,28.53875732421875
32.6484375,953.7210693359375,28.541336059570312
32.6640625,953.700439453125,28.547950744628906
32.6796875,953.710693359375,28.549423217773438
32.6953125,953.6982421875,28.560073852539062
32.7109375,953.7221069335938,28.549057006835938
32.7265625,953.7233276367188,28.549057006835938
32.7421875,953.7059936523438,28.542068481445312
32.7578125,953.7059326171875,28.542434692382812
32.7734375,953.70654296875,28.531417846679688
32.7890625,953.6994018554688,28.545745849609375
32.8046875,953.7008666992188,28.526275634765625
32.8203125,953.704345703125,28.531417846679688
32.8359375,953.7203979492188,28.53509521484375
32.8515625,953.714111328125,28.531417846679688
32.8671875,953.696533203125,28.540237426757812
32.8828125,953.7051391601562,28.533248901367188
32.8984375,953.7056884765625,28.540237426757812
32.9140625,953.7213134765625,28.531417846679688
32.9296875,953.691162109375,28.544273376464844
32.9453125,953.7061767578125,28.542434692382812
32.9609375,953.6975708007812,28.558975219726562
32.9765625,953.7021484375,28.531417846679688
32.9921875,953.7168579101562,28.53913116455078
33.0078125,953.7056274414062,28.542068481445312
33.0234375,953.7059326171875,28.531784057617188
33.0390625,953.7024536132812,28.531417846679688
33.0546875,953.7138061523438,28.524795532226562
33.0703125,953.7006225585938,28.53730010986328
33.0859375,953.699951171875,28.53802490234375
33.1015625,953.6971435546875,28.525169372558594
33.1171875,953.6987915039062,28.526275634765625
33.1328125,953.704345703125,28.5203857421875
33.1484375,953.7192993164062,28.524070739746094
33.1640625,953.6897583007812,28.53472137451172
33.1796875,953.7140502929688,28.546478271484375
33.1953125,953.70703125,28.531417846679688
