# Time (seconds),Pressure,Temp
0.0078125,953.2545166015625,28.195899963378906
0.0234375,953.1934814453125,28.18634796142578
0.0390625,953.1781616210938,28.187454223632812
0.0546875,953.1895751953125,28.20068359375
0.0703125,953.1981811523438,28.18561553955078
0.0859375,953.1906127929688,28.194061279296875
0.1015625,953.1945190429688,28.197372436523438
0.1171875,953.181640625,28.18231201171875
0.1328125,953.1944580078125,28.20068359375
0.1484375,953.1981811523438,28.20140838623047
0.1640625,953.197021484375,28.209129333496094
0.1796875,953.1917724609375,28.196273803710938
0.1953125,953.1851196289062,28.209129333496094
0.2109375,953.1851196289062,28.196273803710938
0.2265625,953.2078857421875,28.195899963378906
0.2421875,953.1976928710938,28.192962646484375
0.2578125,953.1883544921875,28.20140838623047
0.2734375,953.1982421875,28.18817901611328
0.2890625,953.1873168945312,28.198104858398438
0.3046875,953.1895141601562,28.194435119628906
0.3203125,953.2015991210938,28.20471954345703
0.3359375,953.20263671875,28.198471069335938
0.3515625,953.1995849609375,28.194061279296875
0.3671875,953.189208984375,28.194435119628906
0.3828125,953.189208984375,28.202880859375
0.3984375,953.1946411132812,28.196640014648438
0.4140625,953.1976928710938,28.198471069335938
0.4296875,953.2091674804688,28.206565856933594
0.4453125,953.202880859375,28.208396911621094
0.4609375,953.19287109375,28.209869384765625
0.4765625,953.2079467773438,28.20325469970703
0.4921875,953.196533203125,28.21538543701172
0.5078125,953.1953735351562,28.20325469970703
0.5234375,953.18701171875,28.206565856933594
0.5390625,953.1802368164062,28.2025146484375
0.5546875,953.1983642578125,28.210601806640625
0.5703125,953.1895141601562,28.197372436523438
0.5859375,953.1936645507812,28.199951171875
0.6015625,953.1956787109375,28.189651489257812
0.6171875,953.1940307617188,28.198104858398438
0.6328125,953.1995849609375,28.195899963378906
0.6484375,953.20068359375,28.20325469970703
0.6640625,953.2013549804688,28.195167541503906
0.6796875,953.1904296875,28.20030975341797
0.6953125,953.1998291015625,28.192962646484375
0.7109375,953.2003173828125,28.19884490966797
0.7265625,953.19677734375,28.192230224609375
0.7421875,953.1901245117188,28.19957733154297
0.7578125,953.2009887695312,28.195541381835938
0.7734375,953.1892700195312,28.196640014648438
0.7890625,953.1905517578125,28.196640014648438
0.8046875,953.1851196289062,28.19957733154297
0.8203125,953.1908569335938,28.205459594726562
0.8359375,953.2015380859375,28.196273803710938
0.8515625,953.20068359375,28.20030975341797
0.8671875,953.19091796875,28.20325469970703
0.8828125,953.2001342773438,28.20030975341797
0.8984375,953.2046508789062,28.18376922607422
0.9140625,953.1827392578125,28.19774627685547
0.9296875,953.2020263671875,28.20215606689453
0.9453125,953.1970825195312,28.19957733154297
0.9609375,953.1981201171875,28.20215606689453
0.9765625,953.191162109375,28.20361328125
0.9921875,953.1971435546875,28.195899963378906
1.0078125,953.2012939453125,28.186721801757812
1.0234375,953.1871948242188,28.20398712158203
1.0390625,953.1965942382812,28.20325469970703
1.0546875,953.2013549804688,28.20361328125
1.0703125,953.1923828125,28.195167541503906
1.0859375,953.1957397460938,28.198104858398438
1.1015625,953.1965942382812,28.191864013671875
1.1171875,953.2001953125,28.2025146484375
1.1328125,953.188720703125,28.196640014648438
1.1484375,953.1976928710938,28.2017822265625
1.1640625,953.1911010742188,28.192962646484375
1.1796875,953.1961669921875,28.192230224609375
1.1953125,953.1912841796875,28.213539123535156
1.2109375,953.1981811523438,28.199203491210938
1.2265625,953.1883544921875,28.20325469970703
1.2421875,953.1959838867188,28.212074279785156
1.2578125,953.1932373046875,28.208396911621094
1.2734375,953.1970825195312,28.206924438476562
1.2890625,953.200439453125,28.198104858398438
1.3046875,953.1965942382812,28.197372436523438
1.3203125,953.1906127929688,28.205093383789062
1.3359375,953.1944580078125,28.18561553955078
1.3515625,953.1906127929688,28.20398712158203
1.3671875,953.197265625,28.191864013671875
1.3828125,953.1817016601562,28.193695068359375
1.3984375,953.1974487304688,28.205459594726562
1.4140625,953.190185546875,28.209129333496094
1.4296875,953.198974609375,28.195167541503906
1.4453125,953.1892700195312,28.2017822265625
1.4609375,953.192138671875,28.19774627685547
1.4765625,953.188232421875,28.20030975341797
1.4921875,953.1981811523438,28.191864013671875
1.5078125,953.197265625,28.191864013671875
1.5234375,953.198974609375,28.191131591796875
1.5390625,953.1959228515625,28.20140838623047
1.5546875,953.2012329101562,28.20030975341797
1.5703125,953.2083129882812,28.20215606689453
1.5859375,953.2317504882812,28.19884490966797
1.6015625,953.281005859375,28.198104858398438
1.6171875,953.3162231445312,28.210601806640625
1.6328125,953.3013305664062,28.20068359375
1.6484375,953.3720703125,28.208770751953125
1.6640625,953.3716430664062,28.22089385986328
1.6796875,953.3895874023438,28.22015380859375
1.6953125,953.4384765625,28.2025146484375
1.7109375,953.4093017578125,28.227142333984375
1.7265625,953.4607543945312,28.228614807128906
1.7421875,953.4782104492188,28.239639282226562
1.7578125,953.4595947265625,28.25176239013672
1.7734375,953.5067749023438,28.258377075195312
1.7890625,953.4918823242188,28.27527618408203
1.8046875,953.4474487304688,28.280426025390625
1.8203125,953.4588012695312,28.278579711914062
1.8359375,953.5213623046875,28.29291534423828
1.8515625,953.55029296875,28.308349609375
1.8671875,953.5165405273438,28.3087158203125
1.8828125,953.5357666015625,28.32708740234375
1.8984375,953.5590209960938,28.3447265625
1.9140625,953.4520874023438,28.36347198486328
1.9296875,953.4192504882812,28.370452880859375
1.9453125,953.5048217773438,28.386993408203125
1.9609375,953.5416870117188,28.391403198242188
1.9765625,953.6323852539062,28.423004150390625
1.9921875,953.5225830078125,28.438079833984375
2.0078125,953.5545043945312,28.4468994140625
2.0234375,953.5787353515625,28.457176208496094
2.0390625,953.628173828125,28.463790893554688
2.0546875,953.4776611328125,28.474815368652344
2.0703125,953.5396728515625,28.48694610595703
2.0859375,953.4859008789062,28.50385284423828
2.1015625,953.5348510742188,28.51966094970703
2.1171875,953.5489501953125,28.542068481445312
2.1328125,953.5595703125,28.551986694335938
2.1484375,953.5712280273438,28.564857482910156
2.1640625,953.6196899414062,28.5880126953125
2.1796875,953.4277954101562,28.596832275390625
2.1953125,953.4669189453125,28.61042022705078
2.2109375,953.397705078125,28.617774963378906
2.2265625,953.4509887695312,28.636878967285156
2.2421875,953.4375,28.64679718017578
2.2578125,953.442626953125,28.668121337890625
2.2734375,953.4931030273438,28.667015075683594
2.2890625,953.392578125,28.686126708984375
2.3046875,953.5081176757812,28.689064025878906
2.3203125,953.4216918945312,28.698989868164062
2.3359375,953.448974609375,28.708175659179688
2.3515625,953.4732055664062,28.722511291503906
2.3671875,953.3909301757812,28.73389434814453
2.3828125,953.4386596679688,28.745285034179688
2.3984375,953.4302978515625,28.74712371826172
2.4140625,953.3892211914062,28.768814086914062
2.4296875,953.3345336914062,28.76806640625
2.4453125,953.360107421875,28.764404296875
2.4609375,953.3346557617188,28.78460693359375
2.4765625,953.344482421875,28.804092407226562
2.4921875,953.3154296875,28.81915283203125
2.5078125,953.3150024414062,28.831283569335938
2.5234375,953.3234252929688,28.832008361816406
2.5390625,953.3151245117188,28.826873779296875
2.5546875,953.31640625,28.843406677246094
2.5703125,953.3442993164062,28.835693359375
2.5859375,953.3239135742188,28.832008361816406
2.6015625,953.30615234375,28.840469360351562
2.6171875,953.3309326171875,28.835693359375
2.6328125,953.3095092773438,28.83972930908203
2.6484375,953.3009033203125,28.827239990234375
2.6640625,953.31640625,28.832008361816406
2.6796875,953.3092041015625,28.827598571777344
2.6953125,953.3219604492188,28.828704833984375
2.7109375,953.3302612304688,28.821731567382812
2.7265625,953.3189086914062,28.815475463867188
2.7421875,953.3218383789062,28.806297302246094
2.7578125,953.3131713867188,28.80004119873047
2.7734375,953.313720703125,28.806297302246094
2.7890625,953.3143310546875,28.793792724609375
2.8046875,953.29638671875,28.788658142089844
2.8203125,953.3203735351562,28.78093719482422
2.8359375,953.3226318359375,28.769912719726562
2.8515625,953.3208618164062,28.773223876953125
2.8671875,953.3212280273438,28.74565887451172
2.8828125,953.3173217773438,28.753738403320312
2.8984375,953.3013916015625,28.726173400878906
2.9140625,953.3129272460938,28.726547241210938
2.9296875,953.3070678710938,28.71552276611328
2.9453125,953.30419921875,28.71552276611328
2.9609375,953.3107299804688,28.69347381591797
2.9765625,953.3002319335938,28.69715118408203
2.9921875,953.28857421875,28.688331604003906
3.0078125,953.3014526367188,28.684654235839844
3.0234375,953.2944946289062,28.67877197265625
3.0390625,953.300537109375,28.682823181152344
3.0546875,953.3242797851562,28.670318603515625
3.0703125,953.3008422851562,28.6611328125
3.0859375,953.2706909179688,28.668121337890625
3.1015625,953.2964477539062,28.653411865234375
3.1171875,953.2759399414062,28.632843017578125
3.1328125,953.29296875,28.631004333496094
3.1484375,953.2969360351562,28.620712280273438
3.1640625,953.2888793945312,28.623291015625
3.1796875,953.2943725585938,28.61042022705078
3.1953125,953.290771484375,28.60344696044922
3.2109375,953.3008422851562,28.59387969970703
3.2265625,953.2999267578125,28.597190856933594
3.2421875,953.3002319335938,28.583229064941406
3.2578125,953.3167724609375,28.577346801757812
3.2734375,953.289794921875,28.567420959472656
3.2890625,953.2907104492188,28.564483642578125
3.3046875,953.3214721679688,28.564483642578125
3.3203125,953.3203125,28.556396484375
3.3359375,953.3033447265625,28.549057006835938
3.3515625,953.2953491210938,28.546119689941406
3.3671875,953.2963256835938,28.542068481445312
3.3828125,953.2958984375,28.531784057617188
3.3984375,953.2919311523438,28.531417846679688
3.4140625,953.2853393554688,28.531417846679688
3.4296875,953.3128662109375,28.516708374023438
3.4453125,953.298828125,28.511199951171875
3.4609375,953.2928466796875,28.512672424316406
3.4765625,953.30615234375,28.506431579589844
3.4921875,953.2858276367188,28.494300842285156
3.5078125,953.2911376953125,28.4847412109375
3.5234375,953.2897338867188,28.47997283935547
3.5390625,953.2802124023438,28.47997283935547
3.5546875,953.2927856445312,28.473358154296875
3.5703125,953.292724609375,28.476661682128906
3.5859375,953.2893676757812,28.461959838867188
3.6015625,953.305908203125,28.460487365722656
3.6171875,953.28662109375,28.46710205078125
3.6328125,953.2872924804688,28.463790893554688
3.6484375,953.310302734375,28.451309204101562
3.6640625,953.27734375,28.461585998535156
3.6796875,953.283203125,28.453514099121094
3.6953125,953.28662109375,28.442115783691406
3.7109375,953.2848510742188,28.439178466796875
3.7265625,953.281005859375,28.438079833984375
3.7421875,953.2915649414062,28.441741943359375
3.7578125,953.2991333007812,28.438438415527344
3.7734375,953.3365478515625,28.434402465820312
3.7890625,953.3312377929688,28.435501098632812
3.8046875,953.3206176757812,28.438079833984375
3.8203125,953.3501586914062,28.43182373046875
3.8359375,953.4057006835938,28.435501098632812
3.8515625,953.4520874023438,28.441741943359375
3.8671875,953.5028686523438,28.42888641357422
3.8828125,953.4329223632812,28.42999267578125
3.8984375,953.5023193359375,28.420066833496094
3.9140625,953.4864501953125,28.42999267578125
3.9296875,953.4749145507812,28.443588256835938
3.9453125,953.5813598632812,28.441383361816406
3.9609375,953.51123046875,28.443222045898438
3.9765625,953.49951171875,28.438079833984375
3.9921875,953.482177734375,28.4476318359375
4.0078125,953.43896484375,28.451309204101562
4.0234375,953.5415649414062,28.456817626953125
4.0390625,953.5760498046875,28.463790893554688
4.0546875,953.5499877929688,28.460487365722656
4.0703125,953.4312133789062,28.46784210205078
4.0859375,953.4679565429688,28.47997283935547
4.1015625,953.5288696289062,28.4847412109375
4.1171875,953.5980834960938,28.50312042236328
4.1328125,953.6212768554688,28.52075958251953
4.1484375,953.5490112304688,28.511566162109375
4.1640625,953.5606689453125,28.524070739746094
4.1796875,953.5122680664062,28.526275634765625
4.1953125,953.6206665039062,28.542068481445312
4.2109375,953.5516967773438,28.551254272460938
4.2265625,953.5693359375,28.561180114746094
4.2421875,953.4771728515625,28.57367706298828
4.2578125,953.5298461914062,28.5909423828125
4.2734375,953.5326538085938,28.597190856933594
4.2890625,953.44482421875,28.611160278320312
4.3046875,953.3906860351562,28.617774963378906
4.3203125,953.528076171875,28.6258544921875
4.3359375,953.4476318359375,28.64349365234375
4.3515625,953.4202270507812,28.64313507080078
4.3671875,953.4165649414062,28.655990600585938
4.3828125,953.4105834960938,28.665542602539062
4.3984375,953.3518676757812,28.670318603515625
4.4140625,953.3696899414062,28.663711547851562
4.4296875,953.4041748046875,28.681716918945312
4.4453125,953.4185791015625,28.689064025878906
4.4609375,953.390625,28.692001342773438
4.4765625,953.3705444335938,28.705596923828125
4.4921875,953.3820190429688,28.701560974121094
4.5078125,953.3314819335938,28.703399658203125
4.5234375,953.33349609375,28.705970764160156
4.5390625,953.363037109375,28.708908081054688
4.5546875,953.348876953125,28.708908081054688
4.5703125,953.3745727539062,28.715896606445312
4.5859375,953.366943359375,28.71148681640625
4.6015625,953.337158203125,28.716629028320312
4.6171875,953.33544921875,28.73133087158203
4.6328125,953.3499145507812,28.738677978515625
4.6484375,953.3190307617188,28.736839294433594
4.6640625,953.315185546875,28.735366821289062
4.6796875,953.3055419921875,28.7298583984375
4.6953125,953.337890625,28.7298583984375
4.7109375,953.3026123046875,28.73133087158203
4.7265625,953.3146362304688,28.735366821289062
4.7421875,953.3150634765625,28.739402770996094
4.7578125,953.3154296875,28.733535766601562
4.7734375,953.3203735351562,28.726173400878906
4.7890625,953.3076171875,28.72692108154297
4.8046875,953.3046875,28.72801971435547
4.8203125,953.3053588867188,28.710006713867188
4.8359375,953.3114013671875,28.721763610839844
4.8515625,953.3071899414062,28.710739135742188
4.8671875,953.3031005859375,28.707809448242188
4.8828125,953.3027954101562,28.701187133789062
4.8984375,953.3038940429688,28.69420623779297
4.9140625,953.309814453125,28.697509765625
4.9296875,953.2814331054688,28.682449340820312
4.9453125,953.30029296875,28.69164276123047
4.9609375,953.3095703125,28.683181762695312
4.9765625,953.2949829101562,28.65636444091797
4.9921875,953.2994384765625,28.67987060546875
5.0078125,953.300048828125,28.666641235351562
5.0234375,953.2944946289062,28.663711547851562
5.0390625,953.3068237304688,28.665542602539062
5.0546875,953.3010864257812,28.6611328125
5.0703125,953.292236328125,28.652679443359375
5.0859375,953.288330078125,28.65746307373047
5.1015625,953.2954711914062,28.650482177734375
5.1171875,953.2988891601562,28.64679718017578
5.1328125,953.2883911132812,28.64423370361328
5.1484375,953.2941284179688,28.654891967773438
5.1640625,953.2843627929688,28.632843017578125
5.1796875,953.2893676757812,28.630264282226562
5.1953125,953.292724609375,28.62291717529297
5.2109375,953.2841796875,28.6243896484375
5.2265625,953.2802124023438,28.612266540527344
5.2421875,953.2849731445312,28.61042022705078
5.2578125,953.2942504882812,28.60344696044922
5.2734375,953.2763061523438,28.614830017089844
5.2890625,953.2833862304688,28.599037170410156
5.3046875,953.2860107421875,28.580291748046875
5.3203125,953.2841796875,28.597190856933594
5.3359375,953.2816162109375,28.600135803222656
5.3515625,953.2760009765625,28.582855224609375
5.3671875,953.2586669921875,28.583229064941406
5.3828125,953.2684326171875,28.580291748046875
5.3984375,953.2584228515625,28.56999969482422
5.4140625,953.2699584960938,28.57330322265625
5.4296875,953.2643432617188,28.563758850097656
5.4453125,953.2783203125,28.549423217773438
5.4609375,953.2649536132812,28.545745849609375
5.4765625,953.2658081054688,28.542434692382812
5.4921875,953.254638671875,28.551254272460938
5.5078125,953.2603759765625,28.53730010986328
5.5234375,953.2571411132812,28.53802490234375
5.5390625,953.2500610351562,28.526275634765625
5.5546875,953.2674560546875,28.530685424804688
5.5703125,953.2571411132812,28.53692626953125
5.5859375,953.2619018554688,28.52332305908203
5.6015625,953.255859375,28.531417846679688
5.6171875,953.287109375,28.524795532226562
5.6328125,953.2583618164062,28.528839111328125
5.6484375,953.2587890625,28.511566162109375
5.6640625,953.26123046875,28.511566162109375
5.6796875,953.2593383789062,28.513778686523438
5.6953125,953.2560424804688,28.50238037109375
5.7109375,953.259033203125,28.508262634277344
5.7265625,953.2406005859375,28.511940002441406
5.7421875,953.2749633789062,28.509735107421875
5.7578125,953.2544555664062,28.50385284423828
5.7734375,953.2604370117188,28.51708221435547
5.7890625,953.255859375,28.506431579589844
5.8046875,953.2511596679688,28.507530212402344
5.8203125,953.256591796875,28.506431579589844
5.8359375,953.259521484375,28.513778686523438
5.8515625,953.2692260742188,28.490623474121094
5.8671875,953.2620849609375,28.50164794921875
5.8828125,953.2578125,28.493202209472656
5.8984375,953.2570190429688,28.50017547607422
5.9140625,953.2481689453125,28.496505737304688
5.9296875,953.2579345703125,28.49871063232422
5.9453125,953.2473754882812,28.494659423828125
5.9609375,953.2440185546875,28.50274658203125
5.9765625,953.258544921875,28.480697631835938
5.9921875,953.2342529296875,28.489151000976562
6.0078125,953.2481689453125,28.492828369140625
6.0234375,953.246826171875,28.47997283935547
6.0390625,953.2520751953125,28.4847412109375
6.0546875,953.2520141601562,28.489151000976562
6.0703125,953.2649536132812,28.474815368652344
6.0859375,953.257568359375,28.48804473876953
6.1015625,953.2415161132812,28.47040557861328
6.1171875,953.227783203125,28.478126525878906
6.1328125,953.2405395507812,28.47997283935547
6.1484375,953.2360229492188,28.470779418945312
6.1640625,953.2327270507812,28.477020263671875
6.1796875,953.2459106445312,28.47040557861328
6.1953125,953.2385864257812,28.46233367919922
6.2109375,953.2550659179688,28.477767944335938
6.2265625,953.2399291992188,28.457550048828125
6.2421875,953.2433471679688,28.46636962890625
6.2578125,953.2548828125,28.46233367919922
6.2734375,953.2485961914062,28.474456787109375
6.2890625,953.2294311523438,28.470779418945312
6.3046875,953.2523803710938,28.474090576171875
6.3203125,953.2354736328125,28.47040557861328
6.3359375,953.2511596679688,28.46636962890625
6.3515625,953.2268676757812,28.460861206054688
6.3671875,953.2610473632812,28.457550048828125
6.3828125,953.2498779296875,28.46710205078125
6.3984375,953.2491455078125,28.469680786132812
6.4140625,953.3096923828125,28.469680786132812
6.4296875,953.3348388671875,28.455345153808594
6.4453125,953.4009399414062,28.457550048828125
6.4609375,953.444091796875,28.474090576171875
6.4765625,953.5126953125,28.477767944335938
6.4921875,953.4359741210938,28.47997283935547
6.5078125,953.5324096679688,28.47997283935547
6.5234375,953.4397583007812,28.46710205078125
6.5390625,953.6942749023438,28.475189208984375
6.5546875,953.5050659179688,28.46710205078125
6.5703125,953.6231689453125,28.478126525878906
6.5859375,953.594970703125,28.488418579101562
6.6015625,953.7251586914062,28.50238037109375
6.6171875,953.5662841796875,28.499069213867188
6.6328125,953.6652221679688,28.509368896484375
6.6484375,953.4959106445312,28.504226684570312
6.6640625,953.3961791992188,28.50274658203125
6.6796875,953.3800048828125,28.513404846191406
6.6953125,953.4323120117188,28.51525115966797
6.7109375,953.399658203125,28.52149200439453
6.7265625,953.4613037109375,28.529205322265625
6.7421875,953.3968505859375,28.542068481445312
6.7578125,953.3958129882812,28.53730010986328
6.7734375,953.4208984375,28.545013427734375
6.7890625,953.3846435546875,28.558242797851562
6.8046875,953.401611328125,28.564483642578125
6.8203125,953.4124145507812,28.551254272460938
6.8359375,953.3596801757812,28.564483642578125
6.8515625,953.408203125,28.564483642578125
6.8671875,953.3967895507812,28.57330322265625
6.8828125,953.395263671875,28.58690643310547
6.8984375,953.4241333007812,28.598289489746094
6.9140625,953.3642578125,28.580291748046875
6.9296875,953.3630981445312,28.599037170410156
6.9453125,953.4808349609375,28.602340698242188
6.9609375,953.3628540039062,28.586532592773438
6.9765625,953.346923828125,28.60748291015625
6.9921875,953.3485107421875,28.604904174804688
7.0078125,953.357177734375,28.611892700195312
7.0234375,953.3698120117188,28.614097595214844
7.0390625,953.3197631835938,28.617774963378906
7.0546875,953.3351440429688,28.62291717529297
7.0703125,953.3326416015625,28.62291717529297
7.0859375,953.333251953125,28.618507385253906
7.1015625,953.32568359375,28.620338439941406
7.1171875,953.3311767578125,28.626220703125
7.1328125,953.3031005859375,28.627700805664062
7.1484375,953.3276977539062,28.633567810058594
7.1640625,953.3271484375,28.633941650390625
7.1796875,953.3229370117188,28.633209228515625
7.1953125,953.2984008789062,28.637619018554688
7.2109375,953.3089599609375,28.632843017578125
7.2265625,953.29296875,28.634315490722656
7.2421875,953.2973022460938,28.628433227539062
7.2578125,953.29248046875,28.639450073242188
7.2734375,953.2977905273438,28.629905700683594
7.2890625,953.303466796875,28.637977600097656
7.3046875,953.2857666015625,28.6243896484375
7.3203125,953.2736206054688,28.626220703125
7.3359375,953.2672729492188,28.62732696533203
7.3515625,953.2738647460938,28.614830017089844
7.3671875,953.271484375,28.621444702148438
7.3828125,953.2840576171875,28.618507385253906
7.3984375,953.2579956054688,28.603073120117188
7.4140625,953.2625732421875,28.60344696044922
7.4296875,953.2661743164062,28.590576171875
7.4453125,953.270263671875,28.5916748046875
7.4609375,953.2625732421875,28.599037170410156
7.4765625,953.2680053710938,28.583961486816406
7.4921875,953.2910766601562,28.5909423828125
7.5078125,953.2672729492188,28.598289489746094
7.5234375,953.2679443359375,28.59204864501953
7.5390625,953.261474609375,28.582855224609375
7.5546875,953.2682495117188,28.57257843017578
7.5703125,953.25,28.56999969482422
7.5859375,953.2868041992188,28.57330322265625
7.6015625,953.2542114257812,28.57367706298828
7.6171875,953.2620239257812,28.56816864013672
7.6328125,953.2603149414062,28.56816864013672
7.6484375,953.24951171875,28.57147216796875
7.6640625,953.268310546875,28.560073852539062
7.6796875,953.2589111328125,28.5538330078125
7.6953125,953.273193359375,28.55493927001953
7.7109375,953.2614135742188,28.564483642578125
7.7265625,953.2653198242188,28.558975219726562
7.7421875,953.2425537109375,28.551254272460938
7.7578125,953.2544555664062,28.550155639648438
7.7734375,953.2430419921875,28.545013427734375
7.7890625,953.2537841796875,28.547950744628906
7.8046875,953.2623901367188,28.53839874267578
7.8203125,953.2758178710938,28.540237426757812
7.8359375,953.2581787109375,28.53986358642578
7.8515625,953.258544921875,28.544273376464844
7.8671875,953.251953125,28.531417846679688
7.8828125,953.2512817382812,28.531417846679688
7.8984375,953.245849609375,28.546478271484375
7.9140625,953.2467651367188,28.542808532714844
7.9296875,953.240966796875,28.529205322265625
7.9453125,953.2396850585938,28.53875732421875
7.9609375,953.253173828125,28.53472137451172
7.9765625,953.2413940429688,28.51966094970703
7.9921875,953.24951171875,28.52332305908203
8.0078125,953.2444458007812,28.531044006347656
8.0234375,953.2547607421875,28.5203857421875
8.0390625,953.2555541992188,28.526275634765625
8.0546875,953.2550048828125,28.524429321289062
8.0703125,953.233154296875,28.51966094970703
8.0859375,953.244140625,28.514144897460938
8.1015625,953.2459106445312,28.519287109375
8.1171875,953.2595825195312,28.51525115966797
8.1328125,953.247314453125,28.514877319335938
8.1484375,953.23583984375,28.509735107421875
8.1640625,953.2454223632812,28.513404846191406
8.1796875,953.2393798828125,28.515975952148438
8.1953125,953.2424926757812,28.529205322265625
8.2109375,953.233642578125,28.511199951171875
8.2265625,953.2384643554688,28.51891326904297
8.2421875,953.2399291992188,28.509735107421875
8.2578125,953.2406616210938,28.51708221435547
8.2734375,953.2258911132812,28.509735107421875
8.2890625,953.2310791015625,28.513404846191406
8.3046875,953.2333374023438,28.511199951171875
8.3203125,953.2431640625,28.50347900390625
8.3359375,953.2322387695312,28.506057739257812
8.3515625,953.2427368164062,28.50347900390625
8.3671875,953.2383422851562,28.50238037109375
8.3828125,953.2257080078125,28.510467529296875
8.3984375,953.2329711914062,28.509735107421875
8.4140625,953.231689453125,28.509368896484375
8.4296875,953.2347412109375,28.50274658203125
8.4453125,953.2322387695312,28.50312042236328
8.4609375,953.2430419921875,28.52001953125
8.4765625,953.2470703125,28.50238037109375
8.4921875,953.2423095703125,28.50164794921875
8.5078125,953.2453002929688,28.50312042236328
8.5234375,953.2615356445312,28.511199951171875
8.5390625,953.3341064453125,28.50164794921875
8.5546875,953.3355102539062,28.507530212402344
8.5703125,953.3713989257812,28.50347900390625
8.5859375,953.364990234375,28.507888793945312
8.6015625,953.4448852539062,28.490623474121094
8.6171875,953.4300537109375,28.506431579589844
8.6328125,953.451904296875,28.50385284423828
8.6484375,953.4750366210938,28.50568389892578
8.6640625,953.5045166015625,28.51708221435547
8.6796875,953.4900512695312,28.5174560546875
8.6953125,953.4231567382812,28.519287109375
8.7109375,953.5070190429688,28.51966094970703
8.7265625,953.4838256835938,28.528839111328125
8.7421875,953.5773315429688,28.527374267578125
8.7578125,953.6674194335938,28.531417846679688
8.7734375,953.4652099609375,28.55419158935547
8.7890625,953.6557006835938,28.549423217773438
8.8046875,953.5267944335938,28.57147216796875
8.8203125,953.6113891601562,28.57257843017578
8.8359375,953.5792846679688,28.583961486816406
8.8515625,953.5045166015625,28.58690643310547
8.8671875,953.5364379882812,28.597190856933594
8.8828125,953.4669799804688,28.60527801513672
8.8984375,953.4647216796875,28.6243896484375
8.9140625,953.5910034179688,28.636146545410156
8.9296875,953.551513671875,28.653411865234375
8.9453125,953.5580444335938,28.650848388671875
8.9609375,953.5655517578125,28.64569854736328
8.9765625,953.4609985351562,28.668121337890625
8.9921875,953.612060546875,28.681716918945312
9.0078125,953.518310546875,28.67694091796875
9.0234375,953.6380004882812,28.69164276123047
9.0390625,953.5635986328125,28.703025817871094
9.0546875,953.5862426757812,28.708908081054688
9.0703125,953.4911499023438,28.722869873046875
9.0859375,953.5565185546875,28.738677978515625
9.1015625,953.5407104492188,28.731689453125
9.1171875,953.426513671875,28.737571716308594
9.1328125,953.53466796875,28.76806640625
9.1484375,953.4539794921875,28.770645141601562
9.1640625,953.4620361328125,28.788658142089844
9.1796875,953.4482421875,28.804824829101562
9.1953125,953.4982299804688,28.80554962158203
9.2109375,953.4188842773438,28.804092407226562
9.2265625,953.4905395507812,28.808128356933594
9.2421875,953.427490234375,28.804824829101562
9.2578125,953.3817138671875,28.808128356933594
9.2734375,953.3712768554688,28.830909729003906
9.2890625,953.38427734375,28.826499938964844
9.3046875,953.375,28.824295043945312
9.3203125,953.3615112304688,28.824295043945312
9.3359375,953.3532104492188,28.8360595703125
9.3515625,953.3525390625,28.84082794189453
9.3671875,953.3477172851562,28.832008361816406
9.3828125,953.3426513671875,28.826499938964844
9.3984375,953.3385620117188,28.824661254882812
9.4140625,953.3162231445312,28.81915283203125
9.4296875,953.329345703125,28.8360595703125
9.4453125,953.3131103515625,28.829071044921875
9.4609375,953.3057861328125,28.829803466796875
9.4765625,953.311279296875,28.823562622070312
9.4921875,953.2992553710938,28.814010620117188
9.5078125,953.2930297851562,28.81915283203125
9.5234375,953.305419921875,28.81915283203125
9.5390625,953.3150024414062,28.823562622070312
9.5546875,953.3148803710938,28.821731567382812
9.5703125,953.3123168945312,28.81805419921875
9.5859375,953.308349609375,28.80298614501953
9.6015625,953.3134155273438,28.804824829101562
9.6171875,953.2962036132812,28.78791046142578
9.6328125,953.3161010742188,28.778732299804688
9.6484375,953.2984008789062,28.78791046142578
9.6640625,953.2886352539062,28.7669677734375
9.6796875,953.3110961914062,28.774322509765625
9.6953125,953.3070068359375,28.7662353515625
9.7109375,953.2888793945312,28.758888244628906
9.7265625,953.2857666015625,28.760726928710938
9.7421875,953.2835693359375,28.757415771484375
9.7578125,953.2843627929688,28.741981506347656
9.7734375,953.2989501953125,28.739044189453125
9.7890625,953.2838134765625,28.731689453125
9.8046875,953.2830810546875,28.7320556640625
9.8203125,953.2830810546875,28.73389434814453
9.8359375,953.2952270507812,28.7298583984375
9.8515625,953.2816772460938,28.716629028320312
9.8671875,953.278564453125,28.73242950439453
9.8828125,953.2807006835938,28.7298583984375
9.8984375,953.2733154296875,28.715896606445312
9.9140625,953.2832641601562,28.715896606445312
9.9296875,953.292236328125,28.698989868164062
9.9453125,953.2672729492188,28.701560974121094
9.9609375,953.2949829101562,28.702293395996094
9.9765625,953.2921142578125,28.703025817871094
9.9921875,953.2862548828125,28.685386657714844
10.0078125,953.2611694335938,28.68024444580078
10.0234375,953.2827758789062,28.681716918945312
10.0390625,953.2715454101562,28.671798706054688
10.0546875,953.2723388671875,28.681716918945312
10.0703125,953.2715454101562,28.668121337890625
10.0859375,953.2816162109375,28.666641235351562
10.1015625,953.2694091796875,28.669952392578125
10.1171875,953.275146484375,28.672157287597656
10.1328125,953.2706298828125,28.668846130371094
10.1484375,953.2726440429688,28.667015075683594
10.1640625,953.2640380859375,28.67877197265625
10.1796875,953.2658081054688,28.66443634033203
10.1953125,953.2811279296875,28.666282653808594
10.2109375,953.2771606445312,28.66443634033203
10.2265625,953.288330078125,28.647544860839844
10.2421875,953.2681884765625,28.64496612548828
10.2578125,953.2625732421875,28.6593017578125
10.2734375,953.2693481445312,28.646438598632812
10.2890625,953.2601928710938,28.636146545410156
10.3046875,953.2515258789062,28.636878967285156
10.3203125,953.2569580078125,28.636878967285156
10.3359375,953.2562866210938,28.635040283203125
10.3515625,953.25146484375,28.64055633544922
10.3671875,953.2548828125,28.64423370361328
10.3828125,953.262451171875,28.62659454345703
10.3984375,953.2445068359375,28.64679718017578
10.4140625,953.2512817382812,28.633567810058594
10.4296875,953.251220703125,28.630630493164062
10.4453125,953.2438354492188,28.62291717529297
10.4609375,953.2400512695312,28.626953125
10.4765625,953.2505493164062,28.61042022705078
10.4921875,953.2603149414062,28.60638427734375
10.5078125,953.2545166015625,28.616676330566406
10.5234375,953.2495727539062,28.614830017089844
10.5390625,953.2481689453125,28.617774963378906
10.5546875,953.2567749023438,28.622543334960938
10.5703125,953.25732421875,28.621444702148438
10.5859375,953.2439575195312,28.601242065429688
10.6015625,953.257568359375,28.604904174804688
10.6171875,953.3385620117188,28.597190856933594
10.6328125,953.3635864257812,28.60858154296875
10.6484375,953.382080078125,28.61042022705078
10.6640625,953.4461669921875,28.60344696044922
10.6796875,953.491455078125,28.60638427734375
10.6953125,953.5658569335938,28.613365173339844
10.7109375,953.5575561523438,28.618881225585938
10.7265625,953.6250610351562,28.619979858398438
10.7421875,953.555908203125,28.616676330566406
10.7578125,953.7007446289062,28.62291717529297
10.7734375,953.7228393554688,28.64238739013672
10.7890625,953.6591186523438,28.64496612548828
10.8046875,953.6658935546875,28.64496612548828
10.8203125,953.6097412109375,28.6593017578125
10.8359375,953.8555908203125,28.650482177734375
10.8515625,953.7860107421875,28.683547973632812
10.8671875,953.7593383789062,28.693099975585938
10.8828125,953.833740234375,28.697509765625
10.8984375,953.5880126953125,28.705596923828125
10.9140625,953.73046875,28.708175659179688
10.9296875,953.7378540039062,28.735366821289062
10.9453125,953.7161254882812,28.756683349609375
10.9609375,953.7840576171875,28.762557983398438
10.9765625,953.8693237304688,28.78534698486328
10.9921875,953.8209228515625,28.78791046142578
11.0078125,953.7953491210938,28.804824829101562
11.0234375,953.7265625,28.840103149414062
11.0390625,953.6721801757812,28.840103149414062
11.0546875,953.546630859375,28.85149383544922
11.0703125,953.564453125,28.87169647216797
11.0859375,953.6697998046875,28.8739013671875
11.1015625,953.5942993164062,28.894119262695312
11.1171875,953.6189575195312,28.920204162597656
11.1328125,953.6351928710938,28.930130004882812
11.1484375,953.5382080078125,28.931976318359375
11.1640625,953.5569458007812,28.949974060058594
11.1796875,953.5366821289062,28.96099853515625
11.1953125,953.5150756835938,28.974227905273438
11.2109375,953.503173828125,28.992965698242188
11.2265625,953.5421142578125,29.0113525390625
11.2421875,953.4584350585938,29.046630859375
11.2578125,953.4434204101562,29.044784545898438
11.2734375,953.3984375,29.055076599121094
11.2890625,953.4418334960938,29.06536865234375
11.3046875,953.4022216796875,29.06536865234375
11.3203125,953.3909301757812,29.07970428466797
11.3359375,953.3743286132812,29.08521270751953
11.3515625,953.3677978515625,29.092933654785156
11.3671875,953.3564453125,29.08521270751953
11.3828125,953.3497314453125,29.095497131347656
11.3984375,953.3274536132812,29.096969604492188
11.4140625,953.3360595703125,29.076393127441406
11.4296875,953.3159790039062,29.094764709472656
11.4453125,953.3201904296875,29.07970428466797
11.4609375,953.3109741210938,29.08521270751953
11.4765625,953.3192749023438,29.08411407470703
11.4921875,953.2994995117188,29.095497131347656
11.5078125,953.3251342773438,29.07970428466797
11.5234375,953.31640625,29.068679809570312
11.5390625,953.3045043945312,29.077125549316406
11.5546875,953.3053588867188,29.052871704101562
11.5703125,953.31787109375,29.05066680908203
11.5859375,953.3123168945312,29.038909912109375
11.6015625,953.3075561523438,29.038909912109375
11.6171875,953.3069458007812,29.025314331054688
11.6328125,953.2972412109375,29.01024627685547
11.6484375,953.3244018554688,29.003990173339844
11.6640625,953.3167114257812,28.990760803222656
11.6796875,953.3021850585938,28.984893798828125
11.6953125,953.3027954101562,28.968711853027344
11.7109375,953.3024291992188,28.965774536132812
11.7265625,953.2919311523438,28.96099853515625
11.7421875,953.2974853515625,28.96247100830078
11.7578125,953.2952270507812,28.954383850097656
11.7734375,953.3111572265625,28.947036743164062
11.7890625,953.3025512695312,28.942626953125
11.8046875,953.303955078125,28.931228637695312
11.8203125,953.3178100585938,28.92461395263672
11.8359375,953.30029296875,28.914337158203125
11.8515625,953.2874145507812,28.904037475585938
11.8671875,953.2970581054688,28.882362365722656
11.8828125,953.296142578125,28.877578735351562
11.8984375,953.2987060546875,28.881988525390625
11.9140625,953.3218383789062,28.87244415283203
11.9296875,953.3262939453125,28.860313415527344
11.9453125,953.3125610351562,28.85149383544922
11.9609375,953.3176879882812,28.85663604736328
11.9765625,953.31396484375,28.848190307617188
11.9921875,953.2850341796875,28.829803466796875
12.0078125,953.2987060546875,28.832008361816406
12.0234375,953.3001098632812,28.83641815185547
12.0390625,953.286865234375,28.829071044921875
12.0546875,953.3087768554688,28.825035095214844
12.0703125,953.29833984375,28.823562622070312
12.0859375,953.3041381835938,28.813644409179688
12.1015625,953.3079223632812,28.80554962158203
12.1171875,953.2885131835938,28.80004119873047
12.1328125,953.2832641601562,28.793426513671875
12.1484375,953.2993774414062,28.794166564941406
12.1640625,953.2952270507812,28.78791046142578
12.1796875,953.3071899414062,28.78791046142578
12.1953125,953.2946166992188,28.775787353515625
12.2109375,953.2874755859375,28.78791046142578
12.2265625,953.2897338867188,28.76476287841797
12.2421875,953.3048706054688,28.76329803466797
12.2578125,953.2862548828125,28.753379821777344
12.2734375,953.3031616210938,28.755584716796875
12.2890625,953.2979736328125,28.743812561035156
12.3046875,953.2854614257812,28.737945556640625
12.3203125,953.2866821289062,28.743812561035156
12.3359375,953.2962036132812,28.72801971435547
12.3515625,953.2760620117188,28.73499298095703
12.3671875,953.2833251953125,28.726547241210938
12.3828125,953.2807006835938,28.738677978515625
12.3984375,953.290283203125,28.733535766601562
12.4140625,953.2892456054688,28.726173400878906
12.4296875,953.2950439453125,28.738677978515625
12.4453125,953.295654296875,28.735366821289062
12.4609375,953.2804565429688,28.721763610839844
12.4765625,953.2778930664062,28.71514892578125
12.4921875,953.2874145507812,28.719932556152344
12.5078125,953.2967529296875,28.719932556152344
12.5234375,953.2866821289062,28.716629028320312
12.5390625,953.2977294921875,28.716629028320312
12.5546875,953.2875366210938,28.701560974121094
12.5703125,953.280029296875,28.71148681640625
12.5859375,953.2852783203125,28.707809448242188
12.6015625,953.2813110351562,28.708175659179688
12.6171875,953.29443359375,28.69715118408203
12.6328125,953.2993774414062,28.704872131347656
12.6484375,953.37841796875,28.703399658203125
12.6640625,953.3950805664062,28.687957763671875
12.6796875,953.42578125,28.69715118408203
12.6953125,953.4553833007812,28.69420623779297
12.7109375,953.46044921875,28.702293395996094
12.7265625,953.4899291992188,28.69715118408203
12.7421875,953.5396728515625,28.705970764160156
12.7578125,953.5184326171875,28.704124450683594
12.7734375,953.5929565429688,28.719932556152344
12.7890625,953.5603637695312,28.722869873046875
12.8046875,953.5762329101562,28.722869873046875
12.8203125,953.6032104492188,28.738677978515625
12.8359375,953.5425415039062,28.73133087158203
12.8515625,953.49755859375,28.760726928710938
12.8671875,953.6301879882812,28.743812561035156
12.8828125,953.6714477539062,28.76586151123047
12.8984375,953.67138671875,28.776153564453125
12.9140625,953.6819458007812,28.791595458984375
12.9296875,953.6930541992188,28.804824829101562
12.9453125,953.7271728515625,28.808860778808594
12.9609375,953.691162109375,28.813270568847656
12.9765625,953.7286376953125,28.832382202148438
12.9921875,953.675537109375,28.8360595703125
13.0078125,953.684814453125,28.848922729492188
13.0234375,953.7310180664062,28.862152099609375
13.0390625,953.6240234375,28.8739013671875
13.0546875,953.6958618164062,28.88861083984375
13.0703125,953.6637573242188,28.91138458251953
13.0859375,953.75146484375,28.931228637695312
13.1015625,953.6094970703125,28.943359375
13.1171875,953.6261596679688,28.95879364013672
13.1328125,953.6091918945312,28.962844848632812
13.1484375,953.67529296875,28.9779052734375
13.1640625,953.6105346679688,29.003990173339844
13.1796875,953.6727905273438,29.023475646972656
13.1953125,953.625732421875,29.038909912109375
13.2109375,953.6195068359375,29.058013916015625
13.2265625,953.618408203125,29.074920654296875
13.2421875,953.578857421875,29.08521270751953
13.2578125,953.4945068359375,29.107261657714844
13.2734375,953.4852294921875,29.122695922851562
13.2890625,953.4205322265625,29.130775451660156
13.3046875,953.4750366210938,29.15026092529297
13.3203125,953.4894409179688,29.179656982421875
13.3359375,953.4051513671875,29.17597198486328
13.3515625,953.4418334960938,29.199867248535156
13.3671875,953.3677368164062,29.200225830078125
13.3828125,953.3546752929688,29.218612670898438
13.3984375,953.35107421875,29.231468200683594
13.4140625,953.3344116210938,29.24286651611328
13.4296875,953.3421630859375,29.267852783203125
13.4453125,953.3422241210938,29.267478942871094
13.4609375,953.3368530273438,29.27960205078125
13.4765625,953.3433227539062,29.285118103027344
13.4921875,953.331298828125,29.285858154296875
13.5078125,953.3577270507812,29.28180694580078
13.5234375,953.3572998046875,29.286590576171875
13.5390625,953.3518676757812,29.289901733398438
13.5546875,953.3611450195312,29.286590576171875
13.5703125,953.3429565429688,29.294677734375
13.5859375,953.3490600585938,29.27960205078125
13.6015625,953.352294921875,29.268577575683594
13.6171875,953.3482666015625,29.281448364257812
13.6328125,953.3578491210938,29.263442993164062
13.6484375,953.333984375,29.259033203125
13.6640625,953.3298950195312,29.251686096191406
13.6796875,953.3358154296875,29.250938415527344
13.6953125,953.324951171875,29.231094360351562
13.7109375,953.352294921875,29.22888946533203
13.7265625,953.3352661132812,29.22081756591797
13.7421875,953.3477172851562,29.216033935546875
13.7578125,953.3543701171875,29.196922302246094
13.7734375,953.335205078125,29.20574188232422
13.7890625,953.3486328125,29.199127197265625
13.8046875,953.342529296875,29.200225830078125
13.8203125,953.3295288085938,29.187744140625
13.8359375,953.344970703125,29.17156219482422
13.8515625,953.3278198242188,29.155029296875
13.8671875,953.3412475585938,29.160537719726562
13.8828125,953.322021484375,29.15392303466797
13.8984375,953.3320922851562,29.141067504882812
13.9140625,953.3307495117188,29.128936767578125
13.9296875,953.3284912109375,29.130775451660156
13.9453125,953.3453979492188,29.130043029785156
13.9609375,953.3297729492188,29.115341186523438
13.9765625,953.3389892578125,29.116439819335938
13.9921875,953.32421875,29.095497131347656
14.0078125,953.3328857421875,29.10137939453125
14.0234375,953.3406982421875,29.07970428466797
14.0390625,953.344482421875,29.069412231445312
14.0546875,953.34765625,29.06757354736328
14.0703125,953.3360595703125,29.06316375732422
14.0859375,953.3463745117188,29.06316375732422
14.1015625,953.3422241210938,29.051040649414062
14.1171875,953.3374633789062,29.049560546875
14.1328125,953.3385009765625,29.03302764892578
14.1484375,953.3326416015625,29.020172119140625
14.1640625,953.3343505859375,29.003990173339844
14.1796875,953.3405151367188,28.987098693847656
14.1953125,953.3305053710938,28.97937774658203
14.2109375,953.3296508789062,28.99591827392578
14.2265625,953.3259887695312,28.97570037841797
14.2421875,953.3233642578125,28.966148376464844
14.2578125,953.3368530273438,28.966506958007812
14.2734375,953.3153076171875,28.96099853515625
14.2890625,953.32373046875,28.955482482910156
14.3046875,953.3190307617188,28.953651428222656
14.3203125,953.3356323242188,28.95879364013672
14.3359375,953.3359985351562,28.947769165039062
14.3515625,953.3283081054688,28.947769165039062
14.3671875,953.3349609375,28.947769165039062
14.3828125,953.3283081054688,28.932334899902344
14.3984375,953.3239135742188,28.934906005859375
14.4140625,953.3301391601562,28.930130004882812
14.4296875,953.322998046875,28.92646026611328
14.4453125,953.3399658203125,28.916542053222656
14.4609375,953.3223266601562,28.920204162597656
14.4765625,953.3268432617188,28.914337158203125
14.4921875,953.3262939453125,28.892288208007812
14.5078125,953.3276977539062,28.894493103027344
14.5234375,953.3297729492188,28.88787841796875
14.5390625,953.3206787109375,28.880157470703125
14.5546875,953.3294067382812,28.884201049804688
14.5703125,953.3233642578125,28.875747680664062
14.5859375,953.3195190429688,28.865455627441406
14.6015625,953.3094482421875,28.85626220703125
14.6171875,953.3193359375,28.865081787109375
14.6328125,953.3201904296875,28.866928100585938
14.6484375,953.305419921875,28.85405731201172
14.6640625,953.3220825195312,28.845985412597656
14.6796875,953.369140625,28.85663604736328
14.6953125,953.3779296875,28.843406677246094
14.7109375,953.4243774414062,28.847084045410156
14.7265625,953.4959716796875,28.843780517578125
14.7421875,953.5493774414062,28.848922729492188
14.7578125,953.4644165039062,28.835693359375
14.7734375,953.4984130859375,28.841934204101562
14.7890625,953.5772705078125,28.83972930908203
14.8046875,953.5548706054688,28.83641815185547
14.8203125,953.6138305664062,28.832008361816406
14.8359375,953.6283569335938,28.826499938964844
14.8515625,953.5889892578125,28.8360595703125
14.8671875,953.7404174804688,28.826141357421875
14.8828125,953.7919921875,28.829803466796875
14.8984375,953.6268310546875,28.832382202148438
14.9140625,953.6886596679688,28.83275604248047
14.9296875,953.5160522460938,28.83275604248047
14.9453125,953.70068359375,28.826873779296875
14.9609375,953.6582641601562,28.822830200195312
14.9765625,953.4444580078125,28.826499938964844
14.9921875,953.5094604492188,28.83275604248047
15.0078125,953.4766235351562,28.83641815185547
15.0234375,953.695068359375,28.83972930908203
15.0390625,953.580078125,28.843406677246094
15.0546875,953.5110473632812,28.839370727539062
15.0703125,953.5614624023438,28.83275604248047
15.0859375,953.5573120117188,28.85480499267578
15.1015625,953.5498046875,28.85149383544922
15.1171875,953.5472412109375,28.863250732421875
15.1328125,953.50537109375,28.868392944335938
15.1484375,953.5416259765625,28.87354278564453
15.1640625,953.473388671875,28.88861083984375
15.1796875,953.522705078125,28.88861083984375
15.1953125,953.452880859375,28.908447265625
15.2109375,953.4338989257812,28.90587615966797
15.2265625,953.3953857421875,28.933074951171875
15.2421875,953.3688354492188,28.92461395263672
15.2578125,953.4450073242188,28.931228637695312
15.2734375,953.4547729492188,28.943359375
15.2890625,953.4224243164062,28.931976318359375
15.3046875,953.444580078125,28.945205688476562
15.3203125,953.3884887695312,28.948135375976562
15.3359375,953.3720703125,28.95989227294922
15.3515625,953.3798217773438,28.96026611328125
15.3671875,953.3594970703125,28.96247100830078
15.3828125,953.3424072265625,28.956954956054688
15.3984375,953.3460083007812,28.96247100830078
15.4140625,953.350830078125,28.963943481445312
15.4296875,953.3365478515625,28.9779052734375
15.4453125,953.3242797851562,28.973495483398438
15.4609375,953.3309326171875,28.973495483398438
15.4765625,953.3619995117188,28.975326538085938
15.4921875,953.3323364257812,28.9779052734375
15.5078125,953.3092651367188,28.9771728515625
15.5234375,953.302001953125,28.96026611328125
15.5390625,953.30029296875,28.9779052734375
15.5546875,953.3284301757812,28.96099853515625
15.5703125,953.3285522460938,28.96247100830078
15.5859375,953.3311767578125,28.952178955078125
15.6015625,953.3287963867188,28.955856323242188
15.6171875,953.314208984375,28.969459533691406
15.6328125,953.3125610351562,28.952178955078125
15.6484375,953.29833984375,28.95879364013672
15.6640625,953.3175048828125,28.954025268554688
15.6796875,953.3289794921875,28.954025268554688
15.6953125,953.3218383789062,28.93859100341797
15.7109375,953.3329467773438,28.938217163085938
15.7265625,953.3154296875,28.945205688476562
15.7421875,953.3167724609375,28.938217163085938
15.7578125,953.3172607421875,28.938217163085938
15.7734375,953.3046875,28.92278289794922
15.7890625,953.3282470703125,28.9066162109375
15.8046875,953.3212890625,28.902206420898438
15.8203125,953.3209228515625,28.9073486328125
15.8359375,953.3011474609375,28.90955352783203
15.8515625,953.298828125,28.90955352783203
15.8671875,953.3311767578125,28.894851684570312
15.8828125,953.3267211914062,28.886032104492188
15.8984375,953.3180541992188,28.879417419433594
15.9140625,953.3048706054688,28.877578735351562
15.9296875,953.3172607421875,28.886032104492188
15.9453125,953.3043823242188,28.877952575683594
15.9609375,953.3172607421875,28.878684997558594
15.9765625,953.3228149414062,28.8720703125
15.9921875,953.3167114257812,28.872802734375
16.0078125,953.3125610351562,28.863983154296875
16.0234375,953.3218383789062,28.85663604736328
16.0390625,953.2899780273438,28.85149383544922
16.0546875,953.30810546875,28.843780517578125
16.0703125,953.3162841796875,28.845985412597656
16.0859375,953.3123168945312,28.840469360351562
16.1015625,953.32373046875,28.829071044921875
16.1171875,953.2998046875,28.8360595703125
16.1328125,953.316162109375,28.8367919921875
16.1484375,953.3005981445312,28.832008361816406
16.1640625,953.3115234375,28.832008361816406
16.1796875,953.3169555664062,28.829803466796875
16.1953125,953.3125,28.830909729003906
16.2109375,953.321533203125,28.826499938964844
16.2265625,953.31640625,28.822463989257812
16.2421875,953.31591796875,28.82135772705078
16.2578125,953.3129272460938,28.813270568847656
16.2734375,953.2971801757812,28.81732177734375
16.2890625,953.322021484375,28.827598571777344
16.3046875,953.3087158203125,28.80554962158203
16.3203125,953.3131103515625,28.806655883789062
16.3359375,953.3167724609375,28.808128356933594
16.3515625,953.3145141601562,28.804824829101562
16.3671875,953.2914428710938,28.808502197265625
16.3828125,953.2852172851562,28.809959411621094
16.3984375,953.3111572265625,28.821731567382812
16.4140625,953.2997436523438,28.80004119873047
16.4296875,953.291015625,28.789382934570312
16.4453125,953.2821655273438,28.80113983154297
16.4609375,953.3192749023438,28.791221618652344
16.4765625,953.2889404296875,28.796371459960938
16.4921875,953.2954711914062,28.78534698486328
16.5078125,953.3063354492188,28.791595458984375
16.5234375,953.3009643554688,28.78534698486328
16.5390625,953.2883911132812,28.78240203857422
16.5546875,953.286865234375,28.791595458984375
16.5703125,953.282470703125,28.78460693359375
16.5859375,953.2954711914062,28.78534698486328
16.6015625,953.29443359375,28.790863037109375
16.6171875,953.2889404296875,28.773582458496094
16.6328125,953.2997436523438,28.78460693359375
16.6484375,953.3050537109375,28.76476287841797
16.6640625,953.302490234375,28.76329803466797
16.6796875,953.3023071289062,28.759994506835938
16.6953125,953.2864379882812,28.762557983398438
16.7109375,953.292724609375,28.76476287841797
16.7265625,953.3168334960938,28.753379821777344
16.7421875,953.321044921875,28.754837036132812
16.7578125,953.4383544921875,28.768814086914062
16.7734375,953.4672241210938,28.753379821777344
16.7890625,953.4256591796875,28.761825561523438
16.8046875,953.390625,28.74859619140625
16.8203125,953.382080078125,28.751907348632812
16.8359375,953.4147338867188,28.753738403320312
16.8515625,953.5427856445312,28.76329803466797
16.8671875,953.4631958007812,28.76770782470703
16.8828125,953.4307861328125,28.768814086914062
16.8984375,953.524658203125,28.78350067138672
16.9140625,953.4866333007812,28.78460693359375
16.9296875,953.6027221679688,28.78093719482422
16.9453125,953.5281982421875,28.78791046142578
16.9609375,953.6035766601562,28.78350067138672
16.9765625,953.5618286132812,28.791221618652344
16.9921875,953.71630859375,28.78791046142578
17.0078125,953.5449829101562,28.8033447265625
17.0234375,953.60693359375,28.813644409179688
17.0390625,953.6886596679688,28.81988525390625
17.0546875,953.6981811523438,28.831649780273438
17.0703125,953.8493041992188,28.835693359375
17.0859375,953.7517700195312,28.843780517578125
17.1015625,953.6844482421875,28.85590362548828
17.1171875,953.841552734375,28.877212524414062
17.1328125,953.5927734375,28.8702392578125
17.1484375,953.7420043945312,28.884925842285156
17.1640625,953.6652221679688,28.892288208007812
17.1796875,953.6444091796875,28.930130004882812
17.1953125,953.7491455078125,28.940048217773438
17.2109375,953.7178955078125,28.949974060058594
17.2265625,953.8372192382812,28.96430206298828
17.2421875,953.6401977539062,28.988929748535156
17.2578125,953.6832885742188,28.987098693847656
17.2734375,953.6239624023438,29.004737854003906
17.2890625,953.6382446289062,29.03376007080078
17.3046875,953.7313232421875,29.042953491210938
17.3203125,953.542236328125,29.059112548828125
17.3359375,953.6126098632812,29.092933654785156
17.3515625,953.60693359375,29.108726501464844
17.3671875,953.60498046875,29.126007080078125
17.3828125,953.5499267578125,29.144378662109375
17.3984375,953.5546875,29.166427612304688
17.4140625,953.5294189453125,29.180755615234375
17.4296875,953.5601196289062,29.187744140625
17.4453125,953.4728393554688,29.21015167236328
17.4609375,953.5474853515625,29.22522735595703
17.4765625,953.4677124023438,29.250938415527344
17.4921875,953.4577026367188,29.264541625976562
17.5078125,953.4107055664062,29.285491943359375
17.5234375,953.4395751953125,29.286590576171875
17.5390625,953.4469604492188,29.304229736328125
17.5546875,953.4091796875,29.335830688476562
17.5703125,953.39794921875,29.340606689453125
17.5859375,953.3834228515625,29.363388061523438
17.6015625,953.3546752929688,29.365966796875
17.6171875,953.3460083007812,29.38433837890625
17.6328125,953.3597412109375,29.371475219726562
17.6484375,953.359130859375,29.388015747070312
17.6640625,953.3600463867188,29.40234375
17.6796875,953.3465576171875,29.389114379882812
17.6953125,953.3471069335938,29.413742065429688
17.7109375,953.3494262695312,29.39904022216797
17.7265625,953.3493041992188,29.396835327148438
17.7421875,953.3477783203125,29.39904022216797
17.7578125,953.3731689453125,29.389846801757812
17.7734375,953.3631591796875,29.386184692382812
17.7890625,953.3460693359375,29.388015747070312
17.8046875,953.341552734375,29.392051696777344
17.8203125,953.3634643554688,29.379196166992188
17.8359375,953.3532104492188,29.34685516357422
17.8515625,953.3314819335938,29.358978271484375
17.8671875,953.3387451171875,29.355316162109375
17.8828125,953.3568725585938,29.33216094970703
17.8984375,953.3623046875,29.33216094970703
17.9140625,953.3546142578125,29.321495056152344
17.9296875,953.3482055664062,29.324447631835938
17.9453125,953.3477783203125,29.301292419433594
17.9609375,953.3353881835938,29.304229736328125
17.9765625,953.3458251953125,29.284385681152344
17.9921875,953.3497924804688,29.272628784179688
18.0078125,953.3414916992188,29.269325256347656
18.0234375,953.3483276367188,29.255348205566406
18.0390625,953.3331298828125,29.22522735595703
18.0546875,953.3253784179688,29.216407775878906
18.0703125,953.350830078125,29.211997985839844
18.0859375,953.3427124023438,29.187744140625
18.1015625,953.3510131835938,29.1884765625
18.1171875,953.3497924804688,29.17193603515625
18.1328125,953.35302734375,29.166427612304688
18.1484375,953.3262329101562,29.161643981933594
18.1640625,953.3358154296875,29.147308349609375
18.1796875,953.3349609375,29.143272399902344
18.1953125,953.316162109375,29.13555908203125
18.2109375,953.3416137695312,29.13555908203125
18.2265625,953.3134765625,29.1190185546875
18.2421875,953.3173217773438,29.110572814941406
18.2578125,953.3193359375,29.112030029296875
18.2734375,953.3309936523438,29.10321044921875
18.2890625,953.33544921875,29.09734344482422
18.3046875,953.3419799804688,29.07970428466797
18.3203125,953.3223876953125,29.080429077148438
18.3359375,953.3235473632812,29.070510864257812
18.3515625,953.3292236328125,29.06316375732422
18.3671875,953.3434448242188,29.05139923095703
18.3828125,953.3207397460938,29.0484619140625
18.3984375,953.3348388671875,29.045883178710938
18.4140625,953.3214111328125,29.036331176757812
18.4296875,953.3203735351562,29.045883178710938
18.4453125,953.3380737304688,29.042221069335938
18.4609375,953.3323974609375,29.038543701171875
18.4765625,953.3362426757812,29.02972412109375
18.4921875,953.3430786132812,29.024208068847656
18.5078125,953.3145141601562,29.019798278808594
18.5234375,953.3421630859375,29.01171112060547
18.5390625,953.334716796875,28.99664306640625
18.5546875,953.3290405273438,28.992233276367188
18.5703125,953.3161010742188,29.002159118652344
18.5859375,953.3187866210938,28.99664306640625
18.6015625,953.3242797851562,28.988929748535156
18.6171875,953.3324584960938,28.990402221679688
18.6328125,953.3272705078125,28.973495483398438
18.6484375,953.3267822265625,28.974227905273438
18.6640625,953.3239135742188,28.973495483398438
18.6796875,953.3309326171875,28.974227905273438
18.6953125,953.3268432617188,28.974227905273438
18.7109375,953.3274536132812,28.96099853515625
18.7265625,953.326171875,28.96430206298828
18.7421875,953.3377685546875,28.95879364013672
18.7578125,953.3294067382812,28.951446533203125
18.7734375,953.3245239257812,28.954757690429688
18.7890625,953.3231201171875,28.947036743164062
18.8046875,953.3282470703125,28.954383850097656
18.8203125,953.335693359375,28.945938110351562
18.8359375,953.3287963867188,28.951446533203125
18.8515625,953.3215942382812,28.954383850097656
18.8671875,953.2997436523438,28.951446533203125
18.8828125,953.3287353515625,28.947036743164062
18.8984375,953.3270874023438,28.949615478515625
18.9140625,953.3351440429688,28.9407958984375
18.9296875,953.3342895507812,28.933433532714844
18.9453125,953.3251342773438,28.935638427734375
18.9609375,953.3338012695312,28.937118530273438
18.9765625,953.4080200195312,28.917999267578125
18.9921875,953.61474609375,28.92278289794922
19.0078125,953.5864868164062,28.928298950195312
19.0234375,953.6032104492188,28.9073486328125
19.0390625,953.7092895507812,28.904037475585938
19.0546875,953.6157836914062,28.90772247314453
19.0703125,953.8037109375,28.917266845703125
19.0859375,953.8106079101562,28.90587615966797
19.1015625,953.8555297851562,28.912490844726562
19.1171875,953.6901245117188,28.92315673828125
19.1328125,953.56982421875,28.9407958984375
19.1484375,953.587646484375,28.934906005859375
19.1640625,953.8595581054688,28.943359375
19.1796875,953.7044067382812,28.949974060058594
19.1953125,953.7899780273438,28.954383850097656
19.2109375,953.7444458007812,28.987098693847656
19.2265625,953.7739868164062,28.991134643554688
19.2421875,953.63818359375,29.008399963378906
19.2578125,953.65771484375,29.0113525390625
19.2734375,953.6854248046875,29.03376007080078
19.2890625,953.7001953125,29.051040649414062
19.3046875,953.674560546875,29.06757354736328
19.3203125,953.6528930664062,29.093658447265625
19.3359375,953.57958984375,29.10211181640625
19.3515625,953.5899658203125,29.130043029785156
19.3671875,953.599365234375,29.144378662109375
19.3828125,953.5899658203125,29.15650177001953
19.3984375,953.57373046875,29.179283142089844
19.4140625,953.5431518554688,29.195816040039062
19.4296875,953.615966796875,29.218612670898438
19.4453125,953.7437133789062,29.234405517578125
19.4609375,953.7799682617188,29.264915466308594
19.4765625,953.7077026367188,29.27739715576172
19.4921875,953.591796875,29.297988891601562
19.5078125,953.5980834960938,29.324806213378906
19.5234375,953.5851440429688,29.34832763671875
19.5390625,953.5767211914062,29.355316162109375
19.5546875,953.583984375,29.368545532226562
19.5703125,953.5302734375,29.39830780029297
19.5859375,953.5231323242188,29.41778564453125
19.6015625,953.6080932617188,29.43358612060547
19.6171875,953.5623779296875,29.45526123046875
19.6328125,953.625,29.47400665283203
19.6484375,953.6106567382812,29.49347686767578
19.6640625,953.510986328125,29.50414276123047
19.6796875,953.3949584960938,29.51111602783203
19.6953125,953.4715576171875,29.529502868652344
19.7109375,953.5343017578125,29.55596160888672
19.7265625,953.4359130859375,29.564407348632812
19.7421875,953.3960571289062,29.57616424560547
19.7578125,953.3919067382812,29.582420349121094
19.7734375,953.356689453125,29.597854614257812
19.7890625,953.4287109375,29.599685668945312
19.8046875,953.4026489257812,29.59674835205078
19.8203125,953.3706665039062,29.606300354003906
19.8359375,953.3954467773438,29.606300354003906
19.8515625,953.397216796875,29.614013671875
19.8671875,953.3478393554688,29.614013671875
19.8828125,953.358642578125,29.609603881835938
19.8984375,953.3480224609375,29.618797302246094
19.9140625,953.3428955078125,29.61474609375
19.9296875,953.3468017578125,29.608505249023438
19.9453125,953.3479614257812,29.59490203857422
19.9609375,953.3435668945312,29.59931182861328
19.9765625,953.35107421875,29.610336303710938
19.9921875,953.3528442382812,29.609237670898438
20.0078125,953.3419799804688,29.591964721679688
20.0234375,953.3522338867188,29.583518981933594
20.0390625,953.345458984375,29.569549560546875
20.0546875,953.3482055664062,29.571754455566406
20.0703125,953.3580322265625,29.5416259765625
20.0859375,953.3460083007812,29.532440185546875
20.1015625,953.3391723632812,29.533164978027344
20.1171875,953.361328125,29.517730712890625
20.1328125,953.3526611328125,29.50414276123047
20.1484375,953.3435668945312,29.499359130859375
20.1640625,953.3550415039062,29.48981475830078
20.1796875,953.3444213867188,29.480995178222656
20.1953125,953.33935546875,29.465187072753906
20.2109375,953.3385009765625,29.439102172851562
20.2265625,953.3412475585938,29.4354248046875
20.2421875,953.3468627929688,29.432846069335938
20.2578125,953.3441772460938,29.425498962402344
20.2734375,953.3452758789062,29.41778564453125
20.2890625,953.3403930664062,29.3994140625
20.3046875,953.3480224609375,29.40087127685547
20.3203125,953.3482055664062,29.386184692382812
20.3359375,953.3497314453125,29.38360595703125
20.3515625,953.3225708007812,29.360458374023438
20.3671875,953.3394165039062,29.34722900390625
20.3828125,953.3280029296875,29.33216094970703
20.3984375,953.3485717773438,29.322601318359375
20.4140625,953.3416137695312,29.31378173828125
20.4296875,953.3419189453125,29.299087524414062
20.4453125,953.3482666015625,29.29503631591797
20.4609375,953.3538208007812,29.288421630859375
20.4765625,953.3317260742188,29.281448364257812
20.4921875,953.3387451171875,29.271888732910156
20.5078125,953.3468017578125,29.254249572753906
20.5234375,953.3283081054688,29.246902465820312
20.5390625,953.3508911132812,29.23845672607422
20.5546875,953.3267211914062,29.228164672851562
20.5703125,953.3449096679688,29.235504150390625
20.5859375,953.3510131835938,29.2237548828125
20.6015625,953.330078125,29.232574462890625
20.6171875,953.3446655273438,29.216407775878906
20.6328125,953.3615112304688,29.20868682861328
20.6484375,953.3458862304688,29.199493408203125
20.6640625,953.3295288085938,29.19140625
20.6796875,953.3411254882812,29.192153930664062
20.6953125,953.3406982421875,29.187744140625
20.7109375,953.3150634765625,29.17266845703125
20.7265625,953.3394165039062,29.186996459960938
20.7421875,953.3402099609375,29.17156219482422
20.7578125,953.320068359375,29.161285400390625
20.7734375,953.3382568359375,29.166053771972656
20.7890625,953.3273315429688,29.159805297851562
20.8046875,953.3189086914062,29.160537719726562
20.8203125,953.3345336914062,29.148788452148438
20.8359375,953.3148193359375,29.148414611816406
20.8515625,953.3292236328125,29.147308349609375
20.8671875,953.3439331054688,29.139236450195312
20.8828125,953.3473510742188,29.13445281982422
20.8984375,953.3164672851562,29.130775451660156
20.9140625,953.3441162109375,29.13555908203125
20.9296875,953.3260498046875,29.11939239501953
20.9453125,953.3363647460938,29.132980346679688
20.9609375,953.3461303710938,29.112403869628906
20.9765625,953.3405151367188,29.109100341796875
20.9921875,953.322265625,29.117919921875
21.0078125,953.3273315429688,29.110572814941406
21.0234375,953.3265991210938,29.106163024902344
21.0390625,953.3321533203125,29.088150024414062
21.0546875,953.298095703125,29.095497131347656
21.0703125,953.3292846679688,29.08521270751953
21.0859375,953.330078125,29.0826416015625
21.1015625,953.329833984375,29.076393127441406
21.1171875,953.3411254882812,29.073822021484375
21.1328125,953.3474731445312,29.076751708984375
21.1484375,953.3483276367188,29.06683349609375
21.1640625,953.3538818359375,29.06427001953125
21.1796875,953.36328125,29.061691284179688
21.1953125,953.3588256835938,29.063522338867188
21.2109375,953.3297729492188,29.04552459716797
21.2265625,953.362548828125,29.04442596435547
21.2421875,953.344482421875,29.03229522705078
21.2578125,953.298583984375,29.046630859375
21.2734375,953.289794921875,29.023475646972656
21.2890625,953.3352661132812,29.003990173339844
21.3046875,953.322021484375,29.000686645507812
21.3203125,953.3234252929688,28.97570037841797
21.3359375,953.294677734375,28.983413696289062
21.3515625,953.33544921875,28.986724853515625
21.3671875,953.291015625,28.956954956054688
21.3828125,953.319091796875,28.954383850097656
21.3984375,953.3033447265625,28.948135375976562
21.4140625,953.33203125,28.94300079345703
21.4296875,953.3267822265625,28.938949584960938
21.4453125,953.3406982421875,28.935279846191406
21.4609375,953.3092041015625,28.920204162597656
21.4765625,953.3698120117188,28.89044189453125
21.4921875,953.3449096679688,28.899261474609375
21.5078125,953.3301391601562,28.894851684570312
21.5234375,953.3811645507812,28.881263732910156
21.5390625,953.320068359375,28.866561889648438
21.5546875,953.3597412109375,28.863250732421875
21.5703125,953.3773803710938,28.86913299560547
21.5859375,953.317626953125,28.85480499267578
21.6015625,953.3173828125,28.85149383544922
21.6171875,953.3187866210938,28.840469360351562
21.6328125,953.3176879882812,28.83826446533203
21.6484375,953.3253173828125,28.83826446533203
21.6640625,953.3868408203125,28.8360595703125
21.6796875,953.3448486328125,28.831649780273438
21.6953125,953.3544921875,28.835693359375
21.7109375,953.43505859375,28.823562622070312
21.7265625,953.3955078125,28.840103149414062
21.7421875,953.5023803710938,28.8360595703125
21.7578125,953.37646484375,28.826499938964844
21.7734375,953.3558349609375,28.81732177734375
21.7890625,953.409912109375,28.825035095214844
21.8046875,953.4177856445312,28.823936462402344
21.8203125,953.340576171875,28.831649780273438
21.8359375,953.4064331054688,28.834213256835938
21.8515625,953.386474609375,28.828346252441406
21.8671875,953.3978881835938,28.834213256835938
21.8828125,953.3751220703125,28.83275604248047
21.8984375,953.4592895507812,28.84082794189453
21.9140625,953.4827880859375,28.840469360351562
21.9296875,953.5161743164062,28.844879150390625
21.9453125,953.443115234375,28.86913299560547
21.9609375,953.3869018554688,28.862876892089844
21.9765625,953.3474731445312,28.866561889648438
21.9921875,953.3280029296875,28.864723205566406
22.0078125,953.3111572265625,28.876853942871094
22.0234375,953.332763671875,28.877952575683594
22.0390625,953.3280029296875,28.883468627929688
22.0546875,953.3201904296875,28.875381469726562
22.0703125,953.3403930664062,28.883468627929688
22.0859375,953.322021484375,28.879058837890625
22.1015625,953.292236328125,28.893020629882812
22.1171875,953.3235473632812,28.89044189453125
22.1328125,953.3184814453125,28.884201049804688
22.1484375,953.30419921875,28.88567352294922
22.1640625,953.321044921875,28.894851684570312
22.1796875,953.3224487304688,28.894851684570312
22.1953125,953.311767578125,28.896697998046875
22.2109375,953.3114013671875,28.90331268310547
22.2265625,953.3059692382812,28.881263732910156
22.2421875,953.3038940429688,28.892288208007812
22.2578125,953.2869873046875,28.899261474609375
22.2734375,953.3193359375,28.884201049804688
22.2890625,953.2969360351562,28.883094787597656
22.3046875,953.2962036132812,28.886398315429688
22.3203125,953.2942504882812,28.87500762939453
22.3359375,953.282958984375,28.87500762939453
22.3515625,953.2985229492188,28.865455627441406
22.3671875,953.29443359375,28.881622314453125
22.3828125,953.288330078125,28.8702392578125
22.3984375,953.2967529296875,28.87354278564453
22.4140625,953.3060913085938,28.865081787109375
22.4296875,953.2760009765625,28.867286682128906
22.4453125,953.29052734375,28.859214782714844
22.4609375,953.2813720703125,28.862876892089844
22.4765625,953.3008422851562,28.863250732421875
22.4921875,953.294921875,28.860313415527344
22.5078125,953.2939453125,28.8702392578125
22.5234375,953.2848510742188,28.860313415527344
22.5390625,953.28857421875,28.867286682128906
22.5546875,953.294677734375,28.848922729492188
22.5703125,953.2827758789062,28.849288940429688
22.5859375,953.2935180664062,28.848190307617188
22.6015625,953.28271484375,28.845985412597656
22.6171875,953.2919921875,28.848922729492188
22.6328125,953.2935180664062,28.866561889648438
22.6484375,953.2760620117188,28.85260009765625
22.6640625,953.303955078125,28.845237731933594
22.6796875,953.3003540039062,28.840103149414062
22.6953125,953.2860717773438,28.840469360351562
22.7109375,953.2764892578125,28.841934204101562
22.7265625,953.2724609375,28.843780517578125
22.7421875,953.2816162109375,28.843406677246094
22.7578125,953.2844848632812,28.840103149414062
22.7734375,953.2782592773438,28.8367919921875
22.7890625,953.2796630859375,28.839370727539062
22.8046875,953.2734375,28.833114624023438
22.8203125,953.2823486328125,28.829071044921875
22.8359375,953.2819213867188,28.828704833984375
22.8515625,953.2914428710938,28.830177307128906
22.8671875,953.26953125,28.8375244140625
22.8828125,953.2762451171875,28.825035095214844
22.8984375,953.2672729492188,28.83972930908203
22.9140625,953.2704467773438,28.832382202148438
22.9296875,953.2774658203125,28.81915283203125
22.9453125,953.3168334960938,28.833114624023438
22.9609375,953.3313598632812,28.826873779296875
22.9765625,953.3905029296875,28.822463989257812
22.9921875,953.4444580078125,28.826499938964844
23.0078125,953.4275512695312,28.81988525390625
23.0234375,953.4322509765625,28.82135772705078
23.0390625,953.541748046875,28.82098388671875
23.0546875,953.5404663085938,28.81988525390625
23.0703125,953.578125,28.8360595703125
23.0859375,953.5408325195312,28.83641815185547
23.1015625,953.5523071289062,28.832008361816406
23.1171875,953.6444091796875,28.85405731201172
23.1328125,953.4541015625,28.850753784179688
23.1484375,953.5961303710938,28.859573364257812
23.1640625,953.4948120117188,28.83899688720703
23.1796875,953.490966796875,28.8731689453125
23.1953125,953.4699096679688,28.876853942871094
23.2109375,953.5628051757812,28.880157470703125
23.2265625,953.5106201171875,28.879791259765625
23.2421875,953.5780029296875,28.894851684570312
23.2578125,953.5687866210938,28.896324157714844
23.2734375,953.4715576171875,28.914337158203125
23.2890625,953.5265502929688,28.915435791015625
23.3046875,953.5493774414062,28.92681884765625
23.3203125,953.5809936523438,28.938949584960938
23.3359375,953.6072387695312,28.9415283203125
23.3515625,953.616455078125,28.9444580078125
23.3671875,953.6800537109375,28.947036743164062
23.3828125,953.704833984375,28.954383850097656
23.3984375,953.6303100585938,28.963577270507812
23.4140625,953.61865234375,28.97827911376953
23.4296875,953.522705078125,28.99444580078125
23.4453125,953.6049194335938,28.981216430664062
23.4609375,953.625732421875,28.999221801757812
23.4765625,953.5528564453125,29.015762329101562
23.4921875,953.5951538085938,29.019798278808594
23.5078125,953.6080932617188,29.026039123535156
23.5234375,953.5770874023438,29.043319702148438
23.5390625,953.6181640625,29.051040649414062
23.5546875,953.6315307617188,29.058753967285156
23.5703125,953.6722412109375,29.06610107421875
23.5859375,953.5923461914062,29.08521270751953
23.6015625,953.58349609375,29.095497131347656
23.6171875,953.537841796875,29.10285186767578
23.6328125,953.6683349609375,29.112403869628906
23.6484375,953.5479736328125,29.120849609375
23.6640625,953.5278930664062,29.13555908203125
23.6796875,953.56640625,29.139236450195312
23.6953125,953.491455078125,29.15723419189453
23.7109375,953.4602661132812,29.163490295410156
23.7265625,953.6019897460938,29.159439086914062
23.7421875,953.4127197265625,29.17266845703125
23.7578125,953.5133666992188,29.17046356201172
23.7734375,953.4855346679688,29.180023193359375
23.7890625,953.4727783203125,29.198394775390625
23.8046875,953.4978637695312,29.203903198242188
23.8203125,953.452392578125,29.198394775390625
23.8359375,953.4368286132812,29.209793090820312
23.8515625,953.393798828125,29.213096618652344
23.8671875,953.3899536132812,29.213096618652344
23.8828125,953.3690185546875,29.22447967529297
23.8984375,953.3557739257812,29.235504150390625
23.9140625,953.3599853515625,29.232574462890625
23.9296875,953.3494262695312,29.228164672851562
23.9453125,953.3412475585938,29.231842041015625
23.9609375,953.3374633789062,29.251686096191406
23.9765625,953.3513793945312,29.235877990722656
23.9921875,953.3366088867188,29.250213623046875
24.0078125,953.3404541015625,29.25719451904297
24.0234375,953.3363037109375,29.253143310546875
24.0390625,953.3407592773438,29.24359130859375
24.0546875,953.33984375,29.24211883544922
24.0703125,953.3396606445312,29.238815307617188
24.0859375,953.3482055664062,29.235877990722656
24.1015625,953.3264770507812,29.234405517578125
24.1171875,953.3436279296875,29.239913940429688
24.1328125,953.326904296875,29.231468200683594
24.1484375,953.32421875,29.22447967529297
24.1640625,953.3306884765625,29.212722778320312
24.1796875,953.3240966796875,29.212722778320312
24.1953125,953.3187866210938,29.199493408203125
24.2109375,953.3270874023438,29.220443725585938
24.2265625,953.314208984375,29.197296142578125
24.2421875,953.3292846679688,29.197296142578125
24.2578125,953.3184814453125,29.201705932617188
24.2734375,953.32373046875,29.200225830078125
24.2890625,953.3121948242188,29.17340850830078
24.3046875,953.3130493164062,29.177444458007812
24.3203125,953.3092651367188,29.180755615234375
24.3359375,953.3168334960938,29.16790008544922
24.3515625,953.3089599609375,29.16790008544922
24.3671875,953.3250732421875,29.160537719726562
24.3828125,953.3082885742188,29.160537719726562
24.3984375,953.3190307617188,29.15209197998047
24.4140625,953.3109741210938,29.139236450195312
24.4296875,953.2952880859375,29.141799926757812
24.4453125,953.3224487304688,29.13555908203125
24.4609375,953.3111572265625,29.13482666015625
24.4765625,953.3056640625,29.131149291992188
24.4921875,953.3005981445312,29.1201171875
24.5078125,953.3203735351562,29.117919921875
24.5234375,953.3106079101562,29.114234924316406
24.5390625,953.3126220703125,29.107261657714844
24.5546875,953.3041381835938,29.090354919433594
24.5703125,953.307861328125,29.110572814941406
24.5859375,953.3032836914062,29.09734344482422
24.6015625,953.3019409179688,29.077125549316406
24.6171875,953.3065185546875,29.08594512939453
24.6328125,953.294921875,29.0826416015625
24.6484375,953.300537109375,29.06462860107422
24.6640625,953.30419921875,29.055450439453125
24.6796875,953.3031616210938,29.06500244140625
24.6953125,953.3053588867188,29.057281494140625
24.7109375,953.3004760742188,29.053245544433594
24.7265625,953.2969360351562,29.045883178710938
24.7421875,953.2962036132812,29.04625701904297
24.7578125,953.2962036132812,29.04698944091797
24.7734375,953.2963256835938,29.049560546875
24.7890625,953.2852783203125,29.044052124023438
24.8046875,953.285888671875,29.03376007080078
24.8203125,953.2848510742188,29.037063598632812
24.8359375,953.3037109375,29.016860961914062
24.8515625,953.300537109375,29.02899169921875
24.8671875,953.2969970703125,29.037063598632812
24.8828125,953.2852172851562,29.01538848876953
24.8984375,953.3028564453125,29.004737854003906
24.9140625,953.311279296875,29.0113525390625
24.9296875,953.408203125,29.020172119140625
24.9453125,953.3839721679688,29.008399963378906
24.9609375,953.412109375,29.009506225585938
24.9765625,953.4229736328125,28.988929748535156
24.9921875,953.4364624023438,29.009872436523438
25.0078125,953.5055541992188,28.988929748535156
25.0234375,953.4974975585938,29.003990173339844
25.0390625,953.6710205078125,28.999221801757812
25.0546875,953.5684814453125,29.008399963378906
25.0703125,953.7025756835938,28.990760803222656
25.0859375,953.762939453125,28.999954223632812
25.1015625,953.6491088867188,29.005096435546875
25.1171875,953.7350463867188,29.021629333496094
25.1328125,953.6590576171875,29.0113525390625
25.1484375,953.7022705078125,29.01355743408203
25.1640625,953.8190307617188,29.016860961914062
25.1796875,953.7063598632812,29.023475646972656
25.1953125,953.6389770507812,29.043319702148438
25.2109375,953.7138061523438,29.035606384277344
25.2265625,953.8134155273438,29.042221069335938
25.2421875,953.6831665039062,29.05029296875
25.2578125,953.6906127929688,29.0484619140625
25.2734375,953.784912109375,29.059112548828125
25.2890625,953.7267456054688,29.072715759277344
25.3046875,953.7155151367188,29.069778442382812
25.3203125,953.7307739257812,29.078956604003906
25.3359375,953.697021484375,29.08521270751953
25.3515625,953.6791381835938,29.114608764648438
25.3671875,953.6395874023438,29.11754608154297
25.3828125,953.693115234375,29.127464294433594
25.3984375,953.8607788085938,29.143272399902344
25.4140625,953.6221923828125,29.148788452148438
25.4296875,953.7344360351562,29.164947509765625
25.4453125,953.7420043945312,29.179656982421875
25.4609375,953.6495971679688,29.200225830078125
25.4765625,953.6390991210938,29.20684051513672
25.4921875,953.6272583007812,29.211997985839844
25.5078125,953.6450805664062,29.236984252929688
25.5234375,953.6762084960938,29.24211883544922
25.5390625,953.6331176757812,29.26416778564453
25.5546875,953.7040405273438,29.287689208984375
25.5703125,953.6178588867188,29.299819946289062
25.5859375,953.6466064453125,29.307907104492188
25.6015625,953.6294555664062,29.31378173828125
25.6171875,953.6109008789062,29.34685516357422
25.6328125,953.565185546875,29.35236358642578
25.6484375,953.5698852539062,29.354568481445312
25.6640625,953.55224609375,29.376991271972656
25.6796875,953.6292114257812,29.396102905273438
25.6953125,953.58203125,29.406387329101562
25.7109375,953.552001953125,29.41925811767578
25.7265625,953.6052856445312,29.42292022705078
25.7421875,953.5798950195312,29.442764282226562
25.7578125,953.6075439453125,29.442405700683594
25.7734375,953.5316772460938,29.450851440429688
25.7890625,953.537841796875,29.462982177734375
25.8046875,953.48828125,29.45453643798828
25.8203125,953.490966796875,29.483932495117188
25.8359375,953.4652099609375,29.502296447753906
25.8515625,953.3947143554688,29.500465393066406
25.8671875,953.3574829101562,29.52068328857422
25.8828125,953.3475341796875,29.512962341308594
25.8984375,953.3521728515625,29.517730712890625
25.9140625,953.337646484375,29.512962341308594
25.9296875,953.3539428710938,29.52398681640625
25.9453125,953.366455078125,29.52324676513672
25.9609375,953.3555297851562,29.52068328857422
25.9765625,953.3392944335938,29.52068328857422
25.9921875,953.3494262695312,29.52398681640625
26.0078125,953.3442993164062,29.5059814453125
26.0234375,953.3364868164062,29.5059814453125
26.0390625,953.3377075195312,29.513320922851562
26.0546875,953.3438110351562,29.49053955078125
26.0703125,953.3331909179688,29.500465393066406
26.0859375,953.3419189453125,29.496429443359375
26.1015625,953.3427124023438,29.480621337890625
26.1171875,953.3477172851562,29.484298706054688
26.1328125,953.3325805664062,29.47473907470703
26.1484375,953.3471069335938,29.458946228027344
26.1640625,953.337890625,29.462249755859375
26.1796875,953.3334350585938,29.458572387695312
26.1953125,953.3330078125,29.451583862304688
26.2109375,953.3364868164062,29.443511962890625
26.2265625,953.3482055664062,29.442405700683594
26.2421875,953.3314819335938,29.43431854248047
26.2578125,953.3468017578125,29.427330017089844
26.2734375,953.3298950195312,29.42292022705078
26.2890625,953.3295288085938,29.404922485351562
26.3046875,953.337890625,29.392799377441406
26.3203125,953.3319091796875,29.406387329101562
26.3359375,953.34521484375,29.406387329101562
26.3515625,953.3265991210938,29.378097534179688
26.3671875,953.340576171875,29.38433837890625
26.3828125,953.3536987304688,29.368545532226562
26.3984375,953.3402709960938,29.376991271972656
26.4140625,953.3387451171875,29.365966796875
26.4296875,953.3334350585938,29.353836059570312
26.4453125,953.3226318359375,29.33216094970703
26.4609375,953.3318481445312,29.32665252685547
26.4765625,953.3200073242188,29.325904846191406
26.4921875,953.3342895507812,29.322601318359375
26.5078125,953.335693359375,29.319664001464844
26.5234375,953.331787109375,29.318557739257812
26.5390625,953.3335571289062,29.309371948242188
26.5546875,953.3402709960938,29.304962158203125
26.5703125,953.338623046875,29.307540893554688
26.5859375,953.3275756835938,29.2943115234375
26.6015625,953.337646484375,29.290626525878906
26.6171875,953.3265380859375,29.27814483642578
26.6328125,953.331787109375,29.271156311035156
26.6484375,953.31982421875,29.272628784179688
26.6640625,953.325927734375,29.264915466308594
26.6796875,953.32763671875,29.26416778564453
26.6953125,953.3209228515625,29.256820678710938
26.7109375,953.3267822265625,29.250938415527344
26.7265625,953.3333129882812,29.24322509765625
26.7421875,953.3117065429688,29.250938415527344
26.7578125,953.3214111328125,29.24028778076172
26.7734375,953.3101196289062,29.230735778808594
26.7890625,953.3104248046875,29.220069885253906
26.8046875,953.3081665039062,29.20611572265625
26.8203125,953.3145141601562,29.196922302246094
26.8359375,953.3125,29.187744140625
26.8515625,953.3839111328125,29.187744140625
26.8671875,953.3873901367188,29.187744140625
26.8828125,953.4699096679688,29.184066772460938
26.8984375,953.4964599609375,29.162384033203125
26.9140625,953.4674682617188,29.166053771972656
26.9296875,953.4086303710938,29.156875610351562
26.9453125,953.5338134765625,29.153564453125
26.9609375,953.5411987304688,29.1561279296875
26.9765625,953.5534057617188,29.139968872070312
26.9921875,953.5888671875,29.151718139648438
27.0078125,953.573974609375,29.139236450195312
27.0234375,953.6174926757812,29.13518524169922
27.0390625,953.602783203125,29.126007080078125
27.0546875,953.5576171875,29.131874084472656
27.0703125,953.6090698242188,29.122329711914062
27.0859375,953.7192993164062,29.114608764648438
27.1015625,953.6007690429688,29.124900817871094
27.1171875,953.6663208007812,29.109466552734375
27.1328125,953.734130859375,29.114234924316406
27.1484375,953.7620239257812,29.124160766601562
27.1640625,953.773193359375,29.114608764648438
27.1796875,953.7035522460938,29.11939239501953
27.1953125,953.6502075195312,29.114234924316406
27.2109375,953.744140625,29.114234924316406
27.2265625,953.71484375,29.117919921875
27.2421875,953.6434326171875,29.127838134765625
27.2578125,953.66357421875,29.122695922851562
27.2734375,953.52685546875,29.124900817871094
27.2890625,953.7565307617188,29.130775451660156
27.3046875,953.7398071289062,29.13555908203125
27.3203125,953.7516479492188,29.147308349609375
27.3359375,953.768310546875,29.148414611816406
27.3515625,953.62255859375,29.16790008544922
27.3671875,953.59765625,29.16790008544922
27.3828125,953.751220703125,29.1895751953125
27.3984375,953.6978149414062,29.181854248046875
27.4140625,953.5428466796875,29.195083618164062
27.4296875,953.5698852539062,29.20941925048828
27.4453125,953.6728515625,29.214202880859375
27.4609375,953.639892578125,29.212722778320312
27.4765625,953.5942993164062,29.234405517578125
27.4921875,953.5756225585938,29.256820678710938
27.5078125,953.6196899414062,29.250579833984375
27.5234375,953.5861206054688,29.274459838867188
27.5390625,953.6410522460938,29.29320526123047
27.5546875,953.6250610351562,29.297988891601562
27.5703125,953.498779296875,29.31598663330078
27.5859375,953.5711669921875,29.324806213378906
27.6015625,953.591796875,29.340606689453125
27.6171875,953.637451171875,29.342445373535156
27.6328125,953.516357421875,29.365966796875
27.6484375,953.5742797851562,29.3677978515625
27.6640625,953.5642700195312,29.392799377441406
27.6796875,953.5369262695312,29.41484832763672
27.6953125,953.5318603515625,29.404556274414062
27.7109375,953.4699096679688,29.41851043701172
27.7265625,953.4862060546875,29.427330017089844
27.7421875,953.4297485351562,29.45563507080078
27.7578125,953.385986328125,29.461883544921875
27.7734375,953.3578491210938,29.462249755859375
27.7890625,953.3716430664062,29.477310180664062
27.8046875,953.371826171875,29.47583770751953
27.8203125,953.3765258789062,29.48944091796875
27.8359375,953.3737182617188,29.485031127929688
27.8515625,953.3631591796875,29.49053955078125
27.8671875,953.3594970703125,29.499359130859375
27.8828125,953.3591918945312,29.512962341308594
27.8984375,953.3575439453125,29.515525817871094
27.9140625,953.3656005859375,29.52398681640625
27.9296875,953.3490600585938,29.52655029296875
27.9453125,953.3600463867188,29.533164978027344
27.9609375,953.3811645507812,29.533164978027344
27.9765625,953.3541870117188,29.533164978027344
27.9921875,953.3482666015625,29.529502868652344
28.0078125,953.3555297851562,29.533164978027344
28.0234375,953.346435546875,29.52692413330078
28.0390625,953.3500366210938,29.52398681640625
28.0546875,953.3585815429688,29.519577026367188
28.0703125,953.3462524414062,29.50745391845703
28.0859375,953.3533935546875,29.499359130859375
28.1015625,953.345458984375,29.48906707763672
28.1171875,953.358154296875,29.48944091796875
28.1328125,953.3611450195312,29.4710693359375
28.1484375,953.3444213867188,29.476585388183594
28.1640625,953.3443603515625,29.4710693359375
28.1796875,953.3390502929688,29.469970703125
28.1953125,953.3443603515625,29.457839965820312
28.2109375,953.3639526367188,29.446441650390625
28.2265625,953.347412109375,29.425498962402344
28.2421875,953.3441162109375,29.428077697753906
28.2578125,953.3479614257812,29.43946075439453
28.2734375,953.3466796875,29.426971435546875
28.2890625,953.3507690429688,29.41594696044922
28.3046875,953.3442993164062,29.404556274414062
28.3203125,953.3443603515625,29.3994140625
28.3359375,953.33544921875,29.406387329101562
28.3515625,953.3380126953125,29.40087127685547
28.3671875,953.3505859375,29.38250732421875
28.3828125,953.3302001953125,29.371475219726562
28.3984375,953.3292236328125,29.3677978515625
28.4140625,953.3599243164062,29.365234375
28.4296875,953.33935546875,29.353836059570312
28.4453125,953.3507690429688,29.34832763671875
28.4609375,953.3298950195312,29.339134216308594
28.4765625,953.3349609375,29.34942626953125
28.4921875,953.3430786132812,29.336570739746094
28.5078125,953.3490600585938,29.33216094970703
28.5234375,953.3485717773438,29.322967529296875
28.5390625,953.3411254882812,29.318191528320312
28.5546875,953.3340454101562,29.318191528320312
28.5703125,953.3340454101562,29.307907104492188
28.5859375,953.3342895507812,29.299819946289062
28.6015625,953.3304443359375,29.2972412109375
28.6171875,953.3480834960938,29.292098999023438
28.6328125,953.3320922851562,29.285491943359375
28.6484375,953.33740234375,29.281448364257812
28.6640625,953.3375854492188,29.282180786132812
28.6796875,953.3220825195312,29.271888732910156
28.6953125,953.3299560546875,29.270423889160156
28.7109375,953.3513793945312,29.253517150878906
28.7265625,953.342529296875,29.25865936279297
28.7421875,953.3365478515625,29.255348205566406
28.7578125,953.3253784179688,29.250938415527344
28.7734375,953.3207397460938,29.235504150390625
28.7890625,953.330078125,29.234405517578125
28.8046875,953.3329467773438,29.232574462890625
28.8203125,953.3566284179688,29.216033935546875
28.8359375,953.3532104492188,29.22412109375
28.8515625,953.3557739257812,29.213829040527344
28.8671875,953.3512573242188,29.20721435546875
28.8828125,953.346923828125,29.214202880859375
28.8984375,953.3662109375,29.214561462402344
28.9140625,953.384765625,29.201705932617188
28.9296875,953.4169311523438,29.17376708984375
28.9453125,953.3944091796875,29.181854248046875
28.9609375,953.4341430664062,29.187744140625
28.9765625,953.41552734375,29.17193603515625
28.9921875,953.4911499023438,29.186996459960938
29.0078125,953.4459838867188,29.175247192382812
29.0234375,953.47998046875,29.185897827148438
29.0390625,953.4356079101562,29.187744140625
29.0546875,953.5009765625,29.203536987304688
29.0703125,953.5426635742188,29.200973510742188
29.0859375,953.5005493164062,29.20758819580078
29.1015625,953.3887939453125,29.222274780273438
29.1171875,953.4811401367188,29.234405517578125
29.1328125,953.5523071289062,29.24028778076172
29.1484375,953.5355224609375,29.271888732910156
29.1640625,953.5535888671875,29.286590576171875
29.1796875,953.4498291015625,29.322601318359375
29.1953125,953.515625,29.333999633789062
29.2109375,953.4515991210938,29.34649658203125
29.2265625,953.452880859375,29.379928588867188
29.2421875,953.473388671875,29.407127380371094
29.2578125,953.4302368164062,29.422561645507812
29.2734375,953.4238891601562,29.43946075439453
29.2890625,953.466796875,29.46959686279297
29.3046875,953.4422607421875,29.48906707763672
29.3203125,953.41552734375,29.52068328857422
29.3359375,953.4557495117188,29.55596160888672
29.3515625,953.5089111328125,29.578369140625
29.3671875,953.3963012695312,29.605567932128906
29.3828125,953.432373046875,29.608505249023438
29.3984375,953.3927612304688,29.642311096191406
29.4140625,953.4559326171875,29.662155151367188
29.4296875,953.3963012695312,29.68126678466797
29.4453125,953.4495239257812,29.709556579589844
29.4609375,953.4266967773438,29.743377685546875
29.4765625,953.389404296875,29.748886108398438
29.4921875,953.4461669921875,29.7911376953125
29.5078125,953.3546752929688,29.800331115722656
29.5234375,953.4118041992188,29.82238006591797
29.5390625,953.426513671875,29.85948944091797
29.5546875,953.4188232421875,29.87897491455078
29.5703125,953.4105224609375,29.870513916015625
29.5859375,953.3469848632812,29.897720336914062
29.6015625,953.3580322265625,29.91571807861328
29.6171875,953.3610229492188,29.9285888671875
29.6328125,953.379638671875,29.94843292236328
29.6484375,953.3887939453125,29.959083557128906
29.6640625,953.3761596679688,29.972686767578125
29.6796875,953.36669921875,29.9998779296875
29.6953125,953.3848876953125,29.997299194335938
29.7109375,953.3750610351562,29.994735717773438
29.7265625,953.366455078125,29.993988037109375
29.7421875,953.3663940429688,30.01678466796875
29.7578125,953.3680419921875,30.025962829589844
29.7734375,953.3551635742188,30.030372619628906
29.7890625,953.3783569335938,30.03919219970703
29.8046875,953.3619384765625,30.034423828125
29.8203125,953.3638305664062,30.03588104248047
29.8359375,953.3735961914062,30.037353515625
29.8515625,953.3695068359375,30.029640197753906
29.8671875,953.372314453125,30.014205932617188
29.8828125,953.3563842773438,30.011627197265625
29.8984375,953.3663330078125,30.01861572265625
29.9140625,953.3568725585938,30.0028076171875
29.9296875,953.3684692382812,30.00318145751953
29.9453125,953.361328125,30.011268615722656
29.9609375,953.3693237304688,29.990684509277344
29.9765625,953.3756713867188,29.988121032714844
29.9921875,953.3753662109375,29.96790313720703
30.0078125,953.3638305664062,29.971939086914062
30.0234375,953.37255859375,29.950637817382812
30.0390625,953.3704223632812,29.952842712402344
30.0546875,953.3641357421875,29.921226501464844
30.0703125,953.3663330078125,29.920867919921875
30.0859375,953.3603515625,29.908370971679688
30.1015625,953.3602905273438,29.891830444335938
30.1171875,953.3634033203125,29.880081176757812
30.1328125,953.3634033203125,29.87567138671875
30.1484375,953.3653564453125,29.862442016601562
30.1640625,953.3557739257812,29.837081909179688
30.1796875,953.37060546875,29.830467224121094
30.1953125,953.3525390625,29.80841827392578
30.2109375,953.3605346679688,29.797752380371094
30.2265625,953.36669921875,29.77570343017578
30.2421875,953.3572998046875,29.768356323242188
30.2578125,953.3702392578125,29.749244689941406
30.2734375,953.3826904296875,29.73748779296875
30.2890625,953.373779296875,29.7169189453125
30.3046875,953.358642578125,29.705520629882812
30.3203125,953.3646850585938,29.68750762939453
30.3359375,953.3604736328125,29.672447204589844
30.3515625,953.3697509765625,29.66583251953125
30.3671875,953.3583374023438,29.643409729003906
30.3828125,953.3692626953125,29.62908172607422
30.3984375,953.3780517578125,29.623207092285156
30.4140625,953.3773803710938,29.59527587890625
30.4296875,953.3674926757812,29.59527587890625
30.4453125,953.364501953125,29.584251403808594
30.4609375,953.3663940429688,29.583145141601562
30.4765625,953.3609008789062,29.566238403320312
30.4921875,953.3724975585938,29.55596160888672
30.5078125,953.3767700195312,29.5423583984375
30.5234375,953.3694458007812,29.535011291503906
30.5390625,953.3687133789062,29.52398681640625
30.5546875,953.3675537109375,29.50745391845703
30.5703125,953.3599853515625,29.49347686767578
30.5859375,953.372314453125,29.48981475830078
30.6015625,953.3792114257812,29.4710693359375
30.6171875,953.3724975585938,29.460044860839844
30.6328125,953.3558959960938,29.462608337402344
30.6484375,953.3501586914062,29.45599365234375
30.6640625,953.3787231445312,29.43248748779297
30.6796875,953.3687133789062,29.432846069335938
30.6953125,953.3818359375,29.42292022705078
30.7109375,953.3743286132812,29.431015014648438
30.7265625,953.3488159179688,29.413742065429688
30.7421875,953.378173828125,29.392799377441406
30.7578125,953.3756103515625,29.387283325195312
30.7734375,953.360595703125,29.365966796875
30.7890625,953.3758544921875,29.354568481445312
30.8046875,953.3675537109375,29.355674743652344
30.8203125,953.3676147460938,29.3299560546875
30.8359375,953.3585205078125,29.338035583496094
30.8515625,953.3736572265625,29.340606689453125
30.8671875,953.3630981445312,29.33216094970703
30.8828125,953.3731079101562,29.320396423339844
30.8984375,953.3653564453125,29.299819946289062
30.9140625,953.374755859375,29.31378173828125
30.9296875,953.3723754882812,29.299087524414062
30.9453125,953.4009399414062,29.2972412109375
30.9609375,953.341552734375,29.288063049316406
30.9765625,953.3693237304688,29.296142578125
30.9921875,953.3617553710938,29.294677734375
31.0078125,953.4058227539062,29.274459838867188
31.0234375,953.3709106445312,29.272262573242188
31.0390625,953.3617553710938,29.256820678710938
31.0546875,953.3285522460938,29.2608642578125
31.0703125,953.3671875,29.25792694091797
31.0859375,953.32568359375,29.256820678710938
31.1015625,953.3572387695312,29.27556610107422
31.1171875,953.388427734375,29.26416778564453
31.1328125,953.3873291015625,29.250938415527344
31.1484375,953.356689453125,29.272987365722656
31.1640625,953.3929443359375,29.268218994140625
31.1796875,953.3463745117188,29.272987365722656
31.1953125,953.368408203125,29.272987365722656
31.2109375,953.3929443359375,29.29503631591797
31.2265625,953.3502197265625,29.304229736328125
31.2421875,953.3637084960938,29.304962158203125
31.2578125,953.3762817382812,29.318931579589844
31.2734375,953.3561401367188,29.328857421875
31.2890625,953.3643798828125,29.33362579345703
31.3046875,953.3396606445312,29.34870147705078
31.3203125,953.4058227539062,29.350906372070312
31.3359375,953.3414916992188,29.358978271484375
31.3515625,953.3619995117188,29.371109008789062
31.3671875,953.357177734375,29.378097534179688
31.3828125,953.3452758789062,29.3994140625
31.3984375,953.3427124023438,29.411537170410156
31.4140625,953.3809814453125,29.41705322265625
31.4296875,953.3617553710938,29.424026489257812
31.4453125,953.3475341796875,29.432846069335938
31.4609375,953.3693237304688,29.4383544921875
31.4765625,953.3538208007812,29.45526123046875
31.4921875,953.375732421875,29.45599365234375
31.5078125,953.3619995117188,29.464454650878906
31.5234375,953.3443603515625,29.482093811035156
31.5390625,953.3634033203125,29.494224548339844
31.5546875,953.37841796875,29.512962341308594
31.5703125,953.3844604492188,29.52765655517578
31.5859375,953.3619995117188,29.529502868652344
31.6015625,953.3579711914062,29.5423583984375
31.6171875,953.3634643554688,29.544189453125
31.6328125,953.3815307617188,29.55596160888672
31.6484375,953.3648071289062,29.569549560546875
31.6640625,953.3781127929688,29.578369140625
31.6796875,953.3651123046875,29.597854614257812
31.6953125,953.3778686523438,29.604469299316406
31.7109375,953.3599853515625,29.59821319580078
31.7265625,953.373779296875,29.608131408691406
31.7421875,953.3538208007812,29.604827880859375
31.7578125,953.3637084960938,29.61181640625
31.7734375,953.368408203125,29.606300354003906
31.7890625,953.375732421875,29.617698669433594
31.8046875,953.3535766601562,29.608505249023438
31.8203125,953.365234375,29.61181640625
31.8359375,953.3703002929688,29.608505249023438
31.8515625,953.361083984375,29.606300354003906
31.8671875,953.3524169921875,29.622467041015625
31.8828125,953.3743286132812,29.61585235595703
31.8984375,953.3533935546875,29.614013671875
31.9140625,953.372314453125,29.61585235595703
31.9296875,953.3695068359375,29.61511993408203
31.9453125,953.3694458007812,29.619529724121094
31.9609375,953.3585815429688,29.614013671875
31.9765625,953.3651123046875,29.603721618652344
31.9921875,953.3521728515625,29.604469299316406
32.0078125,953.3569946289062,29.61511993408203
32.0234375,953.3694458007812,29.602996826171875
32.0390625,953.3521728515625,29.59600830078125
32.0546875,953.3688354492188,29.600059509277344
32.0703125,953.362548828125,29.598587036132812
32.0859375,953.3624877929688,29.582420349121094
32.1015625,953.36083984375,29.584251403808594
32.1171875,953.3663940429688,29.571754455566406
32.1328125,953.3490600585938,29.583145141601562
32.1484375,953.3734130859375,29.572494506835938
32.1640625,953.3783569335938,29.554115295410156
32.1796875,953.3694458007812,29.5416259765625
32.1953125,953.372314453125,29.547500610351562
