# Time (seconds),Pressure,Temp
0.0078125,952.8499145507812,26.669754028320312
0.0234375,952.9052734375,26.656150817871094
0.0390625,952.9068603515625,26.66900634765625
0.0546875,952.9183959960938,26.66864776611328
0.0703125,952.9051513671875,26.664596557617188
0.0859375,952.90771484375,26.653213500976562
0.1015625,952.9232788085938,26.664596557617188
0.1171875,952.9119262695312,26.66864776611328
0.1328125,952.8907470703125,26.657981872558594
0.1484375,952.904052734375,26.66570281982422
0.1640625,952.9000854492188,26.657981872558594
0.1796875,952.8950805664062,26.655044555664062
0.1953125,952.9008178710938,26.65174102783203
0.2109375,952.9261474609375,26.65357208251953
0.2265625,952.9053955078125,26.656883239746094
0.2421875,952.9153442382812,26.66827392578125
0.2578125,952.8931884765625,26.65174102783203
0.2734375,952.9243774414062,26.65174102783203
0.2890625,952.9166259765625,26.65100860595703
0.3046875,952.9082641601562,26.647705078125
0.3203125,952.903076171875,26.673416137695312
0.3359375,952.8966064453125,26.6488037109375
0.3515625,952.9060668945312,26.66900634765625
0.3671875,952.908203125,26.671585083007812
0.3828125,952.897705078125,26.66534423828125
0.3984375,952.9114379882812,26.656883239746094
0.4140625,952.896240234375,26.662033081054688
0.4296875,952.92724609375,26.66864776611328
0.4453125,952.9027099609375,26.654319763183594
0.4609375,952.9037475585938,26.671585083007812
0.4765625,952.9114379882812,26.671585083007812
0.4921875,952.8946533203125,26.655044555664062
0.5078125,952.9169311523438,26.66827392578125
0.5234375,952.9122924804688,26.662033081054688
0.5390625,952.9044799804688,26.66864776611328
0.5546875,952.909912109375,26.673057556152344
0.5703125,952.9127807617188,26.66900634765625
0.5859375,952.9279174804688,26.66570281982422
0.6015625,952.9066162109375,26.659828186035156
0.6171875,952.906005859375,26.657981872558594
0.6328125,952.9267578125,26.676727294921875
0.6484375,952.9035034179688,26.673416137695312
0.6640625,952.9027099609375,26.670852661132812
0.6796875,952.9185791015625,26.681137084960938
0.6953125,952.89794921875,26.6829833984375
0.7109375,952.8831787109375,26.676368713378906
0.7265625,952.9059448242188,26.691055297851562
0.7421875,952.9025268554688,26.663497924804688
0.7578125,952.8956909179688,26.673416137695312
0.7734375,952.91162109375,26.680404663085938
0.7890625,952.9122314453125,26.673789978027344
0.8046875,952.9158325195312,26.664596557617188
0.8203125,952.8970336914062,26.66938018798828
0.8359375,952.9099731445312,26.680404663085938
0.8515625,952.9014892578125,26.66938018798828
0.8671875,952.9183959960938,26.68077850341797
0.8828125,952.920654296875,26.66570281982422
0.8984375,952.9000854492188,26.657981872558594
0.9140625,952.8992919921875,26.673416137695312
0.9296875,952.8943481445312,26.673416137695312
0.9453125,952.8966064453125,26.673416137695312
0.9609375,952.9188232421875,26.673416137695312
0.9765625,952.9008178710938,26.676368713378906
0.9921875,952.9107055664062,26.673416137695312
1.0078125,952.8966064453125,26.681137084960938
1.0234375,952.9093017578125,26.687393188476562
1.0390625,952.9129638671875,26.673789978027344
1.0546875,952.9085693359375,26.68444061279297
1.0703125,952.9276123046875,26.681503295898438
1.0859375,952.965576171875,26.6859130859375
1.1015625,953.0138549804688,26.68077850341797
1.1171875,953.1908569335938,26.682235717773438
1.1328125,953.2548828125,26.694007873535156
1.1484375,953.2219848632812,26.6859130859375
1.1640625,953.1740112304688,26.68701934814453
1.1796875,953.2088012695312,26.68701934814453
1.1953125,953.2160034179688,26.676368713378906
1.2109375,953.1622314453125,26.68077850341797
1.2265625,953.2732543945312,26.672317504882812
1.2421875,953.201904296875,26.68701934814453
1.2578125,953.0450439453125,26.674522399902344
1.2734375,953.009765625,26.68701934814453
1.2890625,953.178955078125,26.671958923339844
1.3046875,953.092529296875,26.68077850341797
1.3203125,953.0635986328125,26.657981872558594
1.3359375,953.1802368164062,26.655044555664062
1.3515625,953.0436401367188,26.664596557617188
1.3671875,953.085205078125,26.656150817871094
1.3828125,953.02099609375,26.675621032714844
1.3984375,953.27099609375,26.664596557617188
1.4140625,953.2442016601562,26.65174102783203
1.4296875,953.3038330078125,26.66680145263672
1.4453125,953.25927734375,26.664596557617188
1.4609375,952.9866333007812,26.664596557617188
1.4765625,953.1085815429688,26.669754028320312
1.4921875,953.3606567382812,26.6513671875
1.5078125,953.181396484375,26.66827392578125
1.5234375,953.2033081054688,26.65357208251953
1.5390625,953.1259155273438,26.64990997314453
1.5546875,953.0933227539062,26.659454345703125
1.5703125,953.0602416992188,26.646957397460938
1.5859375,953.1838989257812,26.652847290039062
1.6015625,953.1085815429688,26.644027709960938
1.6171875,953.0909423828125,26.63593292236328
1.6328125,953.1344604492188,26.634475708007812
1.6484375,953.0899658203125,26.63372802734375
1.6640625,953.1915283203125,26.644393920898438
1.6796875,953.1220703125,26.64806365966797
1.6953125,953.0907592773438,26.637779235839844
1.7109375,953.040771484375,26.63372802734375
1.7265625,953.10546875,26.620872497558594
1.7421875,953.0283203125,26.626014709472656
1.7578125,953.233154296875,26.63079833984375
1.7734375,953.0914916992188,26.622703552246094
1.7890625,952.9794921875,26.620872497558594
1.8046875,953.0899047851562,26.620872497558594
1.8203125,953.02294921875,26.620872497558594
1.8359375,953.11083984375,26.620872497558594
1.8515625,952.9649658203125,26.6160888671875
1.8671875,953.0338745117188,26.601760864257812
1.8828125,953.0264892578125,26.603607177734375
1.8984375,953.0009155273438,26.61646270751953
1.9140625,953.0792846679688,26.603607177734375
1.9296875,953.13427734375,26.60065460205078
1.9453125,952.9659423828125,26.611679077148438
1.9609375,953.0256958007812,26.603965759277344
1.9765625,953.1096801757812,26.611679077148438
1.9921875,953.0477294921875,26.603965759277344
2.0078125,953.0151977539062,26.592208862304688
2.0234375,952.9650268554688,26.599929809570312
2.0390625,952.9461669921875,26.594039916992188
2.0546875,952.9473876953125,26.600296020507812
2.0703125,952.9521484375,26.59588623046875
2.0859375,952.9534912109375,26.599197387695312
2.1015625,952.955078125,26.586700439453125
2.1171875,952.9501953125,26.5789794921875
2.1328125,952.9458618164062,26.592208862304688
2.1484375,952.9507446289062,26.585968017578125
2.1640625,952.9459228515625,26.591476440429688
2.1796875,952.9495239257812,26.585220336914062
2.1953125,952.938720703125,26.592941284179688
2.2109375,952.9580078125,26.570159912109375
2.2265625,952.9359741210938,26.570159912109375
2.2421875,952.9384155273438,26.577880859375
2.2578125,952.92724609375,26.572738647460938
2.2734375,952.944580078125,26.572738647460938
2.2890625,952.9344482421875,26.570533752441406
2.3046875,952.9474487304688,26.568328857421875
2.3203125,952.9381713867188,26.56060791015625
2.3359375,952.9321899414062,26.564651489257812
2.3515625,952.9354248046875,26.570159912109375
2.3671875,952.9336547851562,26.574569702148438
2.3828125,952.946044921875,26.57604217529297
2.3984375,952.9312133789062,26.558761596679688
2.4140625,952.9222412109375,26.566123962402344
2.4296875,952.9411010742188,26.56134033203125
2.4453125,952.9356689453125,26.564651489257812
2.4609375,952.9367065429688,26.557662963867188
2.4765625,952.9317626953125,26.56060791015625
2.4921875,952.9202270507812,26.567955017089844
2.5078125,952.9418334960938,26.55730438232422
2.5234375,952.9221801757812,26.570533752441406
2.5390625,952.9367065429688,26.56317138671875
2.5546875,952.9155883789062,26.55730438232422
2.5703125,952.924560546875,26.554351806640625
2.5859375,952.9451904296875,26.557662963867188
2.6015625,952.9197998046875,26.56060791015625
2.6171875,952.9266967773438,26.56134033203125
2.6328125,952.9165649414062,26.554351806640625
2.6484375,952.9196166992188,26.56024169921875
2.6640625,952.9356079101562,26.567581176757812
2.6796875,952.9334106445312,26.56317138671875
2.6953125,952.9155883789062,26.570892333984375
2.7109375,952.921142578125,26.56317138671875
2.7265625,952.9347534179688,26.566123962402344
2.7421875,952.9344482421875,26.554351806640625
2.7578125,952.9315185546875,26.555831909179688
2.7734375,953.0289916992188,26.573097229003906
2.7890625,952.9147338867188,26.55730438232422
2.8046875,953.0059204101562,26.555099487304688
2.8203125,953.0414428710938,26.56024169921875
2.8359375,953.0169067382812,26.552520751953125
2.8515625,953.1051635742188,26.54517364501953
2.8671875,953.056640625,26.558761596679688
2.8828125,953.1224975585938,26.56060791015625
2.8984375,953.1610107421875,26.557662963867188
2.9140625,953.09130859375,26.553619384765625
2.9296875,953.1298217773438,26.566848754882812
2.9453125,953.016357421875,26.56134033203125
2.9609375,953.0008544921875,26.55950927734375
2.9765625,952.9833374023438,26.568328857421875
2.9921875,952.9668579101562,26.568328857421875
3.0078125,953.0278930664062,26.56317138671875
3.0234375,952.8050537109375,26.56317138671875
3.0390625,952.9794921875,26.56060791015625
3.0546875,953.0552368164062,26.56427764892578
3.0703125,953.0723266601562,26.554351806640625
3.0859375,952.9984130859375,26.555099487304688
3.1015625,953.0325317382812,26.56024169921875
3.1171875,953.1747436523438,26.570159912109375
3.1328125,953.188232421875,26.55730438232422
3.1484375,953.1499633789062,26.55730438232422
3.1640625,953.0787963867188,26.555099487304688
3.1796875,953.0797729492188,26.550689697265625
3.1953125,953.010498046875,26.553619384765625
3.2109375,952.9876098632812,26.554351806640625
3.2265625,953.1221923828125,26.54517364501953
3.2421875,953.0154418945312,26.54076385498047
3.2578125,952.9330444335938,26.536354064941406
3.2734375,953.119140625,26.54773712158203
3.2890625,952.9158325195312,26.535614013671875
3.3046875,952.9959716796875,26.54517364501953
3.3203125,953.026123046875,26.53966522216797
3.3359375,952.8301391601562,26.53966522216797
3.3515625,952.9317626953125,26.53966522216797
3.3671875,952.9384155273438,26.535614013671875
3.3828125,952.952392578125,26.538917541503906
3.3984375,952.991455078125,26.53966522216797
3.4140625,953.0794067382812,26.530845642089844
3.4296875,952.9105834960938,26.54443359375
3.4453125,952.9166870117188,26.532676696777344
3.4609375,952.9017944335938,26.548484802246094
3.4765625,953.0259399414062,26.530845642089844
3.4921875,952.9464111328125,26.54149627685547
3.5078125,952.9857788085938,26.53009796142578
3.5234375,952.971435546875,26.52423095703125
3.5390625,952.893798828125,26.520919799804688
3.5546875,953.1259765625,26.52458953857422
3.5703125,952.9966430664062,26.520919799804688
3.5859375,953.0650024414062,26.52385711669922
3.6015625,952.9169921875,26.533782958984375
3.6171875,952.9521484375,26.532302856445312
3.6328125,953.0572509765625,26.531570434570312
3.6484375,953.0941772460938,26.52532958984375
3.6640625,953.018798828125,26.52202606201172
3.6796875,952.9867553710938,26.52312469482422
3.6953125,952.9959106445312,26.529373168945312
3.7109375,952.9786376953125,26.52568817138672
3.7265625,952.9423217773438,26.52202606201172
3.7421875,952.9485473632812,26.520919799804688
3.7578125,952.975341796875,26.517616271972656
3.7734375,952.9403686523438,26.52568817138672
3.7890625,952.9668579101562,26.532302856445312
3.8046875,952.9525756835938,26.52643585205078
3.8203125,952.9412231445312,26.52496337890625
3.8359375,952.9459228515625,26.516143798828125
3.8515625,952.9522705078125,26.520919799804688
3.8671875,952.9365234375,26.505844116210938
3.8828125,952.942138671875,26.51136016845703
3.8984375,952.9397583007812,26.513931274414062
3.9140625,952.9400024414062,26.505844116210938
3.9296875,952.9451904296875,26.501075744628906
3.9453125,952.9321899414062,26.499229431152344
3.9609375,952.943359375,26.51025390625
3.9765625,952.9324951171875,26.495567321777344
3.9921875,952.9340209960938,26.50732421875
4.0078125,952.9435424804688,26.512832641601562
4.0234375,952.9279174804688,26.504013061523438
4.0390625,952.93359375,26.50695037841797
4.0546875,952.923828125,26.50695037841797
4.0703125,952.9268798828125,26.5076904296875
4.0859375,952.9268798828125,26.50438690185547
4.1015625,952.9235229492188,26.504013061523438
4.1171875,952.9300537109375,26.501075744628906
4.1328125,952.9375610351562,26.511001586914062
4.1484375,952.9348754882812,26.511001586914062
4.1640625,952.9205932617188,26.497024536132812
4.1796875,952.9418334960938,26.495567321777344
4.1953125,952.9286499023438,26.499977111816406
4.2109375,952.9362182617188,26.497398376464844
4.2265625,952.94140625,26.497398376464844
4.2421875,952.9306030273438,26.497398376464844
4.2578125,952.9288330078125,26.504013061523438
4.2734375,952.9300537109375,26.495567321777344
4.2890625,952.9286499023438,26.505111694335938
4.3046875,952.9301147460938,26.504013061523438
4.3203125,952.93359375,26.505844116210938
4.3359375,952.9242553710938,26.505844116210938
4.3515625,952.9326171875,26.505844116210938
4.3671875,952.9290161132812,26.499229431152344
4.3828125,952.9403686523438,26.505844116210938
4.3984375,952.923095703125,26.499229431152344
4.4140625,952.9534912109375,26.5091552734375
4.4296875,952.9760131835938,26.50548553466797
4.4453125,952.9481201171875,26.504013061523438
4.4609375,952.9683227539062,26.509521484375
4.4765625,953.0536499023438,26.505844116210938
4.4921875,953.0682373046875,26.5076904296875
4.5078125,953.033203125,26.50879669189453
4.5234375,953.0794067382812,26.498130798339844
4.5390625,953.1553955078125,26.505844116210938
4.5546875,953.0431518554688,26.502540588378906
4.5703125,953.0501098632812,26.504013061523438
4.5859375,953.0465698242188,26.495567321777344
4.6015625,953.0673217773438,26.503639221191406
4.6171875,953.1123046875,26.505844116210938
4.6328125,953.1537475585938,26.505844116210938
4.6484375,953.0228881835938,26.505111694335938
4.6640625,953.0723876953125,26.515037536621094
4.6796875,953.0286254882812,26.49188232421875
4.6953125,953.0316772460938,26.499229431152344
4.7109375,953.0078735351562,26.505844116210938
4.7265625,953.1100463867188,26.488204956054688
4.7421875,952.9786987304688,26.487472534179688
4.7578125,953.085693359375,26.503280639648438
4.7734375,953.1122436523438,26.495567321777344
4.7890625,953.031982421875,26.5076904296875
4.8046875,953.0821533203125,26.483062744140625
4.8203125,953.1264038085938,26.499977111816406
4.8359375,953.1531982421875,26.496292114257812
4.8515625,953.0775756835938,26.484901428222656
4.8671875,953.0542602539062,26.487472534179688
4.8828125,953.0802001953125,26.484901428222656
4.8984375,953.0614624023438,26.48931121826172
4.9140625,953.1766357421875,26.49261474609375
4.9296875,952.9785766601562,26.49261474609375
4.9453125,953.086669921875,26.49005126953125
4.9609375,953.0302734375,26.47167205810547
4.9765625,953.0810546875,26.497398376464844
4.9921875,953.1176147460938,26.49261474609375
5.0078125,953.0927124023438,26.49115753173828
5.0234375,953.0668334960938,26.48784637451172
5.0390625,953.0084838867188,26.48931121826172
5.0546875,952.93701171875,26.487472534179688
5.0703125,952.9810791015625,26.487472534179688
5.0859375,952.9290161132812,26.480491638183594
5.1015625,952.8900756835938,26.487472534179688
5.1171875,952.9302368164062,26.49261474609375
5.1328125,952.987548828125,26.484901428222656
5.1484375,953.0303955078125,26.47167205810547
5.1640625,952.98779296875,26.473876953125
5.1796875,953.0502319335938,26.487472534179688
5.1953125,953.1710815429688,26.481964111328125
5.2109375,953.1597290039062,26.47167205810547
5.2265625,953.1103515625,26.480133056640625
5.2421875,953.0347290039062,26.480491638183594
5.2578125,953.138671875,26.485641479492188
5.2734375,952.9640502929688,26.477554321289062
5.2890625,952.9699096679688,26.485641479492188
5.3046875,952.966552734375,26.485641479492188
5.3203125,952.9617919921875,26.480491638183594
5.3359375,952.937255859375,26.47314453125
5.3515625,952.9634399414062,26.47167205810547
5.3671875,952.954345703125,26.47314453125
5.3828125,952.9581298828125,26.47351837158203
5.3984375,952.9448852539062,26.476821899414062
5.4140625,952.9578857421875,26.49115753173828
5.4296875,952.9532470703125,26.476455688476562
5.4453125,952.9553833007812,26.483795166015625
5.4609375,952.9459838867188,26.476455688476562
5.4765625,952.9446411132812,26.48895263671875
5.4921875,952.9302978515625,26.47534942626953
5.5078125,952.9547729492188,26.47167205810547
5.5234375,952.9334106445312,26.47718048095703
5.5390625,952.9339599609375,26.47167205810547
5.5546875,952.9459838867188,26.479385375976562
5.5703125,952.942626953125,26.47167205810547
5.5859375,952.9512939453125,26.473876953125
5.6015625,952.9522705078125,26.480133056640625
5.6171875,952.9588012695312,26.480491638183594
5.6328125,952.9515991210938,26.486373901367188
5.6484375,952.9367065429688,26.483795166015625
5.6640625,952.9389038085938,26.484901428222656
5.6796875,952.955078125,26.485641479492188
5.6953125,952.9461669921875,26.476455688476562
5.7109375,952.9398193359375,26.480133056640625
5.7265625,952.9403076171875,26.4742431640625
5.7421875,952.9337158203125,26.484901428222656
5.7578125,952.9329223632812,26.467636108398438
5.7734375,952.9270629882812,26.483795166015625
5.7890625,952.9430541992188,26.468360900878906
5.8046875,952.93310546875,26.476455688476562
5.8203125,952.9385986328125,26.473876953125
5.8359375,952.9439086914062,26.463951110839844
5.8515625,952.9308471679688,26.480133056640625
5.8671875,952.94091796875,26.476821899414062
5.8828125,952.9375610351562,26.47718048095703
5.8984375,952.9280395507812,26.4749755859375
5.9140625,952.926513671875,26.47534942626953
5.9296875,952.926513671875,26.4720458984375
5.9453125,952.9334716796875,26.481231689453125
5.9609375,952.936767578125,26.480491638183594
5.9765625,952.934814453125,26.48931121826172
5.9921875,952.9321899414062,26.4742431640625
6.0078125,952.9325561523438,26.467262268066406
6.0234375,952.9353637695312,26.465797424316406
6.0390625,952.9185791015625,26.465797424316406
6.0546875,952.9454345703125,26.468360900878906
6.0703125,952.9461669921875,26.47351837158203
6.0859375,952.9395751953125,26.487472534179688
6.1015625,953.0198974609375,26.481231689453125
6.1171875,952.9977416992188,26.47277069091797
6.1328125,953.0070190429688,26.473876953125
6.1484375,953.1099853515625,26.480491638183594
6.1640625,953.044921875,26.464698791503906
6.1796875,953.1329345703125,26.481231689453125
6.1953125,953.1137084960938,26.487472534179688
6.2109375,953.0455932617188,26.485641479492188
6.2265625,953.1183471679688,26.47351837158203
6.2421875,953.038818359375,26.47167205810547
6.2578125,953.193359375,26.47351837158203
6.2734375,953.1594848632812,26.476455688476562
6.2890625,953.0946655273438,26.47020721435547
6.3046875,953.0647583007812,26.467636108398438
6.3203125,953.0567016601562,26.481231689453125
6.3359375,953.1346435546875,26.476455688476562
6.3515625,953.0396118164062,26.486373901367188
6.3671875,953.1356811523438,26.485641479492188
6.3828125,953.0548706054688,26.466529846191406
6.3984375,953.0392456054688,26.468360900878906
6.4140625,953.1817016601562,26.468360900878906
6.4296875,953.1339111328125,26.480133056640625
6.4453125,953.1112060546875,26.47314453125
6.4609375,953.0083618164062,26.468360900878906
6.4765625,953.0704956054688,26.481964111328125
6.4921875,953.1340942382812,26.47167205810547
6.5078125,953.1443481445312,26.469467163085938
6.5234375,953.0826416015625,26.47314453125
6.5390625,953.1158447265625,26.468734741210938
6.5546875,953.11669921875,26.47277069091797
6.5703125,953.1289672851562,26.464698791503906
6.5859375,953.1388549804688,26.463592529296875
6.6015625,953.162109375,26.463951110839844
6.6171875,953.2081909179688,26.459182739257812
6.6328125,953.077392578125,26.463592529296875
6.6484375,953.0497436523438,26.47351837158203
6.6640625,953.1015625,26.481231689453125
6.6796875,953.053955078125,26.47020721435547
6.6953125,952.9972534179688,26.47020721435547
6.7109375,953.0282592773438,26.45477294921875
6.7265625,953.0255126953125,26.449996948242188
6.7421875,953.1876220703125,26.45256805419922
6.7578125,953.0368041992188,26.45733642578125
6.7734375,952.8740234375,26.449264526367188
6.7890625,952.9700317382812,26.449264526367188
6.8046875,953.1744384765625,26.467636108398438
6.8203125,952.971923828125,26.459182739257812
6.8359375,953.0296020507812,26.451828002929688
6.8515625,952.9775390625,26.452194213867188
6.8671875,952.9702758789062,26.449996948242188
6.8828125,953.0083618164062,26.450721740722656
6.8984375,953.0348510742188,26.43824005126953
6.9140625,953.0382690429688,26.450721740722656
6.9296875,953.0335693359375,26.43824005126953
6.9453125,953.0413208007812,26.449264526367188
6.9609375,953.1092529296875,26.43824005126953
6.9765625,953.0353393554688,26.442649841308594
6.9921875,952.9359130859375,26.443008422851562
7.0078125,953.012451171875,26.444854736328125
7.0234375,953.028076171875,26.426467895507812
7.0390625,952.9852294921875,26.425735473632812
7.0546875,952.9677124023438,26.428314208984375
7.0703125,952.8383178710938,26.427947998046875
7.0859375,952.958984375,26.429046630859375
7.1015625,953.0140380859375,26.43603515625
7.1171875,952.99560546875,26.430877685546875
7.1328125,953.0675048828125,26.426467895507812
7.1484375,953.0162353515625,26.41949462890625
7.1640625,953.0556030273438,26.432357788085938
7.1796875,952.9755859375,26.424636840820312
7.1953125,952.9533081054688,26.425369262695312
7.2109375,952.964111328125,26.430877685546875
7.2265625,952.9479370117188,26.428314208984375
7.2421875,952.9518432617188,26.426467895507812
7.2578125,952.9534912109375,26.42022705078125
7.2734375,952.9445190429688,26.42095947265625
7.2890625,952.935546875,26.426467895507812
7.3046875,952.923583984375,26.41728973388672
7.3203125,952.9351196289062,26.411407470703125
7.3359375,952.9520263671875,26.428672790527344
7.3515625,952.9351196289062,26.424636840820312
7.3671875,952.9330444335938,26.428314208984375
7.3828125,952.9422607421875,26.431625366210938
7.3984375,952.9420166015625,26.42169952392578
7.4140625,952.9457397460938,26.42095947265625
7.4296875,952.9379272460938,26.41875457763672
7.4453125,952.927001953125,26.410675048828125
7.4609375,952.9274291992188,26.431625366210938
7.4765625,952.9306030273438,26.425369262695312
7.4921875,952.934814453125,26.412506103515625
7.5078125,952.9305419921875,26.428672790527344
7.5234375,952.9393310546875,26.407730102539062
7.5390625,952.9342651367188,26.40552520751953
7.5546875,952.9310913085938,26.42060089111328
7.5703125,952.9396362304688,26.41949462890625
7.5859375,952.9444580078125,26.414344787597656
7.6015625,952.9313354492188,26.41875457763672
7.6171875,952.9443359375,26.43603515625
7.6328125,952.927490234375,26.41619110107422
7.6484375,952.9405517578125,26.415443420410156
7.6640625,952.9278564453125,26.414718627929688
7.6796875,952.9403076171875,26.424636840820312
7.6953125,952.92578125,26.43603515625
7.7109375,952.9352416992188,26.43566131591797
7.7265625,952.9425048828125,26.41912841796875
7.7421875,952.932373046875,26.42426300048828
7.7578125,952.9263305664062,26.41912841796875
7.7734375,952.9395141601562,26.407730102539062
7.7890625,952.9223022460938,26.42095947265625
7.8046875,952.9152221679688,26.412879943847656
7.8203125,952.93359375,26.410675048828125
7.8359375,952.9190673828125,26.428672790527344
7.8515625,952.9476928710938,26.410675048828125
7.8671875,952.931640625,26.424636840820312
7.8828125,952.9299926757812,26.433456420898438
7.8984375,952.936767578125,26.426467895507812
7.9140625,952.9217529296875,26.409202575683594
7.9296875,952.9140625,26.433456420898438
7.9453125,952.9397583007812,26.430877685546875
7.9609375,952.9299926757812,26.430877685546875
7.9765625,952.9306030273438,26.426467895507812
7.9921875,952.9403076171875,26.424636840820312
8.0078125,952.9490966796875,26.426467895507812
8.0234375,952.979736328125,26.429046630859375
8.0390625,952.9489135742188,26.427215576171875
8.0546875,952.9983520507812,26.424636840820312
8.0703125,952.983154296875,26.429046630859375
8.0859375,952.97998046875,26.432723999023438
8.1015625,952.997802734375,26.43824005126953
8.1171875,952.9301147460938,26.447418212890625
8.1328125,952.9668579101562,26.445953369140625
8.1484375,952.9476318359375,26.43824005126953
8.1640625,952.9630126953125,26.429046630859375
8.1796875,952.970458984375,26.427215576171875
8.1953125,953.0090942382812,26.441177368164062
8.2109375,952.948974609375,26.427215576171875
8.2265625,952.94873046875,26.43824005126953
8.2421875,952.95703125,26.45660400390625
8.2578125,952.9564819335938,26.447418212890625
8.2734375,952.9668579101562,26.434188842773438
8.2890625,952.947021484375,26.426467895507812
8.3046875,952.9552612304688,26.426467895507812
8.3203125,953.0006713867188,26.426467895507812
8.3359375,953.02099609375,26.41728973388672
8.3515625,952.9548950195312,26.426467895507812
8.3671875,953.0526123046875,26.426467895507812
8.3828125,953.0419311523438,26.40552520751953
8.3984375,952.9841918945312,26.423538208007812
8.4140625,952.9860229492188,26.428314208984375
8.4296875,952.9631958007812,26.41912841796875
8.4453125,952.9365234375,26.412506103515625
8.4609375,952.9514770507812,26.41985321044922
8.4765625,953.0215454101562,26.41839599609375
8.4921875,953.0244140625,26.426467895507812
8.5078125,952.9977416992188,26.426109313964844
8.5234375,953.0442504882812,26.416549682617188
8.5390625,953.0330810546875,26.42169952392578
8.5546875,953.003173828125,26.42243194580078
8.5703125,952.941162109375,26.410675048828125
8.5859375,952.9686279296875,26.412879943847656
8.6015625,952.9395141601562,26.4036865234375
8.6171875,952.9535522460938,26.415817260742188
8.6328125,953.076171875,26.412506103515625
8.6484375,953.0435180664062,26.424636840820312
8.6640625,953.0250854492188,26.405166625976562
8.6796875,953.012939453125,26.411033630371094
8.6953125,952.9512939453125,26.410675048828125
8.7109375,952.9644165039062,26.414344787597656
8.7265625,952.9666137695312,26.412506103515625
8.7421875,952.9180297851562,26.415817260742188
8.7578125,952.9476318359375,26.405899047851562
8.7734375,952.953857421875,26.405899047851562
8.7890625,952.9370727539062,26.414344787597656
8.8046875,952.9403076171875,26.4007568359375
8.8203125,952.9592895507812,26.405899047851562
8.8359375,952.9545288085938,26.40185546875
8.8515625,952.9127807617188,26.394500732421875
8.8671875,952.9646606445312,26.396347045898438
8.8828125,952.9774169921875,26.40221405029297
8.8984375,952.993408203125,26.394142150878906
8.9140625,953.166015625,26.391563415527344
8.9296875,953.040283203125,26.38715362548828
8.9453125,952.9639892578125,26.40038299560547
8.9609375,952.984375,26.392295837402344
8.9765625,952.9613647460938,26.397079467773438
8.9921875,952.947021484375,26.388626098632812
9.0078125,952.9640502929688,26.4014892578125
9.0234375,952.9677124023438,26.38311767578125
9.0390625,952.9407348632812,26.396347045898438
9.0546875,952.9426879882812,26.396347045898438
9.0703125,952.93310546875,26.393394470214844
9.0859375,952.94482421875,26.396347045898438
9.1015625,952.9456787109375,26.392295837402344
9.1171875,952.9381103515625,26.38898468017578
9.1328125,952.94140625,26.4007568359375
9.1484375,952.93359375,26.376502990722656
9.1640625,952.9240112304688,26.38642120361328
9.1796875,952.933349609375,26.38677978515625
9.1953125,952.9309692382812,26.394500732421875
9.2109375,952.9556884765625,26.387527465820312
9.2265625,952.9381713867188,26.388626098632812
9.2421875,952.9317626953125,26.387527465820312
9.2578125,952.9376220703125,26.396347045898438
9.2734375,952.9259643554688,26.395599365234375
9.2890625,952.9306030273438,26.38532257080078
9.3046875,952.9249267578125,26.396705627441406
9.3203125,952.9306640625,26.40185546875
9.3359375,952.9348754882812,26.406265258789062
9.3515625,952.935302734375,26.379806518554688
9.3671875,952.9254760742188,26.391563415527344
9.3828125,952.9386596679688,26.394142150878906
9.3984375,952.9310913085938,26.38568115234375
9.4140625,952.9249267578125,26.38568115234375
9.4296875,952.9291381835938,26.38642120361328
9.4453125,952.933349609375,26.382369995117188
9.4609375,952.93115234375,26.393035888671875
9.4765625,952.9303588867188,26.40111541748047
9.4921875,952.93896484375,26.398178100585938
9.5078125,952.936279296875,26.388626098632812
9.5234375,952.9263916015625,26.388259887695312
9.5390625,952.9252319335938,26.393394470214844
9.5546875,952.9268798828125,26.391563415527344
9.5703125,952.925537109375,26.387527465820312
9.5859375,952.9255981445312,26.382369995117188
9.6015625,952.9329223632812,26.394142150878906
9.6171875,952.927490234375,26.394500732421875
9.6328125,952.9353637695312,26.393394470214844
9.6484375,952.91552734375,26.390090942382812
9.6640625,952.923583984375,26.392669677734375
9.6796875,952.9160766601562,26.393394470214844
9.6953125,952.9262084960938,26.393035888671875
9.7109375,952.9100341796875,26.390090942382812
9.7265625,952.9181518554688,26.40221405029297
9.7421875,952.9348754882812,26.39855194091797
9.7578125,952.9202270507812,26.405166625976562
9.7734375,952.9136352539062,26.379806518554688
9.7890625,952.930908203125,26.392669677734375
9.8046875,952.9280395507812,26.40406036376953
9.8203125,952.9464721679688,26.40221405029297
9.8359375,952.9623413085938,26.387527465820312
9.8515625,952.9806518554688,26.387527465820312
9.8671875,953.0081176757812,26.389358520507812
9.8828125,952.9623413085938,26.38568115234375
9.8984375,953.00146484375,26.395240783691406
9.9140625,953.0394287109375,26.393394470214844
9.9296875,953.0524291992188,26.391189575195312
9.9453125,953.0587158203125,26.393394470214844
9.9609375,953.0260620117188,26.390090942382812
9.9765625,953.0824584960938,26.38311767578125
9.9921875,953.0352172851562,26.4014892578125
10.0078125,953.0538330078125,26.40038299560547
10.0234375,953.0452880859375,26.397804260253906
10.0390625,953.032470703125,26.396347045898438
10.0546875,953.0586547851562,26.38677978515625
10.0703125,952.9859008789062,26.388259887695312
10.0859375,952.9933471679688,26.402587890625
10.1015625,952.9953002929688,26.394142150878906
10.1171875,953.0530395507812,26.39855194091797
10.1328125,953.0899047851562,26.397079467773438
10.1484375,953.0264892578125,26.392669677734375
10.1640625,953.0582885742188,26.389358520507812
10.1796875,953.05078125,26.406997680664062
10.1953125,953.01904296875,26.395240783691406
10.2109375,953.0591430664062,26.395599365234375
10.2265625,953,26.388259887695312
10.2421875,953.0184326171875,26.38385009765625
10.2578125,953.0310668945312,26.388626098632812
10.2734375,953.0225830078125,26.382369995117188
10.2890625,953.0040283203125,26.395599365234375
10.3046875,953.0501098632812,26.393394470214844
10.3203125,953.13427734375,26.380538940429688
10.3359375,952.9727783203125,26.388259887695312
10.3515625,952.9765625,26.38898468017578
10.3671875,952.9276123046875,26.370620727539062
10.3828125,953.0518798828125,26.38385009765625
10.3984375,953.0740966796875,26.38457489013672
10.4140625,953.0150756835938,26.381637573242188
10.4296875,952.9944458007812,26.379806518554688
10.4453125,952.9827880859375,26.378707885742188
10.4609375,952.9808959960938,26.378707885742188
10.4765625,952.9815673828125,26.375396728515625
10.4921875,952.9507446289062,26.376129150390625
10.5078125,953.0123901367188,26.357391357421875
10.5234375,953.0368041992188,26.376129150390625
10.5390625,953.0810546875,26.372093200683594
10.5546875,953.0987548828125,26.370986938476562
10.5703125,952.9964599609375,26.368408203125
10.5859375,953.0421752929688,26.3665771484375
10.6015625,953.062255859375,26.377960205078125
10.6171875,953.0525512695312,26.369140625
10.6328125,953.141357421875,26.362899780273438
10.6484375,953.099609375,26.365478515625
10.6640625,953.1672973632812,26.363998413085938
10.6796875,953.2286987304688,26.355178833007812
10.6953125,953.1160888671875,26.355178833007812
10.7109375,953.0790405273438,26.365478515625
10.7265625,953.072265625,26.368408203125
10.7421875,953.0338134765625,26.370986938476562
10.7578125,953.037109375,26.355552673339844
10.7734375,952.9541015625,26.35260772705078
10.7890625,952.9963989257812,26.336814880371094
10.8046875,952.97802734375,26.354812622070312
10.8203125,953.0789794921875,26.358863830566406
10.8359375,952.9903564453125,26.357017517089844
10.8515625,952.9609375,26.358116149902344
10.8671875,952.9771728515625,26.357017517089844
10.8828125,952.9560546875,26.341583251953125
10.8984375,952.9420166015625,26.359962463378906
10.9140625,952.95458984375,26.341583251953125
10.9296875,952.9629516601562,26.35076904296875
10.9453125,952.9400024414062,26.335708618164062
10.9609375,952.9437866210938,26.341949462890625
10.9765625,952.950439453125,26.347091674804688
10.9921875,952.9342041015625,26.347091674804688
11.0078125,952.9282836914062,26.355552673339844
11.0234375,952.9332885742188,26.34893798828125
11.0390625,952.9409790039062,26.357017517089844
11.0546875,952.9417724609375,26.34783935546875
11.0703125,952.923583984375,26.35187530517578
11.0859375,952.946044921875,26.34893798828125
11.1015625,952.9409790039062,26.337539672851562
11.1171875,952.9386596679688,26.34746551513672
11.1328125,952.932373046875,26.3309326171875
11.1484375,952.9296875,26.341583251953125
11.1640625,952.9360961914062,26.341583251953125
11.1796875,952.9205932617188,26.355552673339844
11.1953125,952.92724609375,26.34563446044922
11.2109375,952.9507446289062,26.339752197265625
11.2265625,952.9334716796875,26.34819793701172
11.2421875,952.935546875,26.356285095214844
11.2578125,952.938720703125,26.341949462890625
11.2734375,952.9378662109375,26.343788146972656
11.2890625,952.933349609375,26.347091674804688
11.3046875,952.9270629882812,26.357017517089844
11.3203125,952.9274291992188,26.337539672851562
11.3359375,952.9254760742188,26.362167358398438
11.3515625,952.9339599609375,26.360694885253906
11.3671875,952.936767578125,26.35076904296875
11.3828125,952.9285888671875,26.34893798828125
11.3984375,952.9308471679688,26.35004425048828
11.4140625,952.9266967773438,26.35076904296875
11.4296875,952.9340209960938,26.355178833007812
11.4453125,952.9290161132812,26.34783935546875
11.4609375,952.9295654296875,26.358863830566406
11.4765625,952.9276123046875,26.355178833007812
11.4921875,952.92724609375,26.357017517089844
11.5078125,952.9232788085938,26.34783935546875
11.5234375,952.9216918945312,26.359222412109375
11.5390625,952.9293823242188,26.3665771484375
11.5546875,952.936767578125,26.36768341064453
11.5703125,952.917724609375,26.357017517089844
11.5859375,952.9274291992188,26.35260772705078
11.6015625,952.9276123046875,26.360321044921875
11.6171875,952.9308471679688,26.35370635986328
11.6328125,952.9228515625,26.361427307128906
11.6484375,952.930908203125,26.362167358398438
11.6640625,952.9005126953125,26.3665771484375
11.6796875,952.9038696289062,26.360694885253906
11.6953125,952.8668823242188,26.37024688720703
11.7109375,953.1014404296875,26.365478515625
11.7265625,953.0376586914062,26.353347778320312
11.7421875,953.0926513671875,26.36693572998047
11.7578125,953.1148071289062,26.357757568359375
11.7734375,953.0841064453125,26.353347778320312
11.7890625,953.0980224609375,26.35260772705078
11.8046875,953.2694091796875,26.355178833007812
11.8203125,953.1154174804688,26.339752197265625
11.8359375,953.1481323242188,26.360321044921875
11.8515625,953.1022338867188,26.356658935546875
11.8671875,953.128173828125,26.34929656982422
11.8828125,953.211669921875,26.343788146972656
11.8984375,953.1652221679688,26.34893798828125
11.9140625,953.2349853515625,26.341583251953125
11.9296875,953.1936645507812,26.360694885253906
11.9453125,953.0975341796875,26.365478515625
11.9609375,953.1301879882812,26.36951446533203
11.9765625,953.2442016601562,26.339378356933594
11.9921875,953.1653442382812,26.341949462890625
12.0078125,953.30419921875,26.341583251953125
12.0234375,953.169189453125,26.346359252929688
12.0390625,953.1821899414062,26.337539672851562
12.0546875,953.0994262695312,26.345993041992188
12.0703125,953.2479248046875,26.34673309326172
12.0859375,953.103271484375,26.34673309326172
12.1015625,953.0883178710938,26.341949462890625
12.1171875,953.0974731445312,26.341583251953125
12.1328125,953.284423828125,26.331298828125
12.1484375,953.0689086914062,26.341224670410156
12.1640625,953.1207885742188,26.33606719970703
12.1796875,953.0048828125,26.337539672851562
12.1953125,953.0205078125,26.340118408203125
12.2109375,953.0053100585938,26.3309326171875
12.2265625,953.0276489257812,26.325416564941406
12.2421875,952.9518432617188,26.336814880371094
12.2578125,952.9930419921875,26.336814880371094
12.2734375,953.0736694335938,26.32909393310547
12.2890625,952.9103393554688,26.328353881835938
12.3046875,952.9927368164062,26.32982635498047
12.3203125,953.0078735351562,26.33423614501953
12.3359375,952.9048461914062,26.32982635498047
12.3515625,953.0694580078125,26.33423614501953
12.3671875,952.9682006835938,26.31586456298828
12.3828125,953.0255126953125,26.319534301757812
12.3984375,953.0205078125,26.319900512695312
12.4140625,952.9554443359375,26.319900512695312
12.4296875,952.9607543945312,26.31586456298828
12.4453125,953.0428466796875,26.308883666992188
12.4609375,953.0194091796875,26.31549072265625
12.4765625,953.115234375,26.302261352539062
12.4921875,953.0374145507812,26.291969299316406
12.5078125,953.0608520507812,26.309249877929688
12.5234375,952.9920654296875,26.306304931640625
12.5390625,952.9791870117188,26.308883666992188
12.5546875,952.9453735351562,26.30078887939453
12.5703125,952.9403686523438,26.302261352539062
12.5859375,952.9578857421875,26.302993774414062
12.6015625,952.947265625,26.291969299316406
12.6171875,952.9544067382812,26.291244506835938
12.6328125,952.9512939453125,26.29637908935547
12.6484375,952.9375610351562,26.294921875
12.6640625,952.94287109375,26.293075561523438
12.6796875,952.9454956054688,26.281692504882812
12.6953125,952.9391479492188,26.27911376953125
12.7109375,952.947265625,26.288665771484375
12.7265625,952.9356689453125,26.290512084960938
12.7421875,952.9352416992188,26.29637908935547
12.7578125,952.9160766601562,26.284996032714844
12.7734375,952.927490234375,26.301895141601562
12.7890625,952.9183349609375,26.30078887939453
12.8046875,952.9337768554688,26.274330139160156
12.8203125,952.9263916015625,26.293075561523438
12.8359375,952.9342041015625,26.291969299316406
12.8515625,952.9208984375,26.294921875
12.8671875,952.9213256835938,26.291244506835938
12.8828125,952.9340209960938,26.289405822753906
12.8984375,952.917724609375,26.288307189941406
12.9140625,952.9152221679688,26.293075561523438
12.9296875,952.9384155273438,26.290138244628906
12.9453125,952.9154663085938,26.294921875
12.9609375,952.923095703125,26.282791137695312
12.9765625,952.920654296875,26.291244506835938
12.9921875,952.9232788085938,26.27838134765625
13.0078125,952.944091796875,26.292343139648438
13.0234375,952.919921875,26.293075561523438
13.0390625,952.9168701171875,26.29637908935547
13.0546875,952.9219970703125,26.27690887451172
13.0703125,952.9200439453125,26.290512084960938
13.0859375,952.922607421875,26.288665771484375
13.1015625,952.9266357421875,26.292343139648438
13.1171875,952.9342041015625,26.27984619140625
13.1328125,952.9227905273438,26.28314971923828
13.1484375,952.9290161132812,26.29822540283203
13.1640625,952.9150390625,26.290138244628906
13.1796875,952.9249877929688,26.295654296875
13.1953125,952.917724609375,26.295654296875
13.2109375,952.9243774414062,26.281692504882812
13.2265625,952.9217529296875,26.288665771484375
13.2421875,952.920654296875,26.295654296875
13.2578125,952.9165649414062,26.289405822753906
13.2734375,952.9165649414062,26.29381561279297
13.2890625,952.9163208007812,26.28314971923828
13.3046875,952.921875,26.294921875
13.3203125,952.9213256835938,26.291969299316406
13.3359375,952.9006958007812,26.282791137695312
13.3515625,952.9188842773438,26.291244506835938
13.3671875,952.9286499023438,26.295654296875
13.3828125,952.9194946289062,26.287559509277344
13.3984375,952.9450073242188,26.286834716796875
13.4140625,953.137939453125,26.27838134765625
13.4296875,953.0301513671875,26.28205108642578
13.4453125,953.276123046875,26.273231506347656
13.4609375,953.1796875,26.27838134765625
13.4765625,953.3899536132812,26.272125244140625
13.4921875,953.1508178710938,26.282424926757812
13.5078125,953.1925659179688,26.288307189941406
13.5234375,953.3245849609375,26.285354614257812
13.5390625,953.216796875,26.294921875
13.5546875,953.2367553710938,26.27838134765625
13.5703125,953.0894165039062,26.2960205078125
13.5859375,953.1388549804688,26.272125244140625
13.6015625,953.2614135742188,26.266616821289062
13.6171875,953.0606689453125,26.265884399414062
13.6328125,952.930908203125,26.232078552246094
13.6484375,952.9174194335938,26.237220764160156
13.6640625,952.927490234375,26.235015869140625
13.6796875,952.916015625,26.24566650390625
13.6953125,952.9110107421875,26.23023223876953
13.7109375,952.92138671875,26.236488342285156
13.7265625,952.9160766601562,26.240158081054688
13.7421875,952.9301147460938,26.234283447265625
13.7578125,952.9171142578125,26.24566650390625
13.7734375,952.9169311523438,26.247512817382812
13.7890625,952.9064331054688,26.24566650390625
13.8046875,952.9110107421875,26.237220764160156
13.8203125,952.938232421875,26.238327026367188
13.8359375,952.9288330078125,26.232437133789062
13.8515625,952.9348754882812,26.247146606445312
13.8671875,952.9158935546875,26.253028869628906
13.8828125,952.9243774414062,26.247512817382812
13.8984375,952.9183959960938,26.24383544921875
13.9140625,952.9126586914062,26.240158081054688
13.9296875,952.9188232421875,26.24346160888672
13.9453125,952.9108276367188,26.237594604492188
13.9609375,952.9185791015625,26.252281188964844
13.9765625,952.921875,26.24346160888672
13.9921875,952.9364624023438,26.248619079589844
14.0078125,952.941162109375,26.24346160888672
14.0234375,952.9083862304688,26.248619079589844
14.0390625,952.9102172851562,26.252281188964844
14.0546875,952.9242553710938,26.247512817382812
14.0703125,952.9183959960938,26.254859924316406
14.0859375,952.940673828125,26.248245239257812
14.1015625,953.0062255859375,26.254859924316406
14.1171875,952.9735107421875,26.255592346191406
14.1328125,953.3052368164062,26.2603759765625
14.1484375,953.3427124023438,26.24310302734375
14.1640625,953.4031982421875,26.256332397460938
14.1796875,953.46240234375,26.268463134765625
14.1953125,953.022705078125,26.266616821289062
14.2109375,953.171875,26.25853729248047
14.2265625,952.9678955078125,26.250823974609375
14.2421875,953.0304565429688,26.254859924316406
14.2578125,952.941162109375,26.248619079589844
14.2734375,952.9651489257812,26.254127502441406
14.2890625,953.00927734375,26.253028869628906
14.3046875,952.9512329101562,26.254127502441406
14.3203125,953.0965576171875,26.26184844970703
14.3359375,952.9365234375,26.264785766601562
14.3515625,952.9769287109375,26.235748291015625
14.3671875,953.3480224609375,26.254127502441406
14.3828125,953.3600463867188,26.2603759765625
14.3984375,953.119873046875,26.253028869628906
14.4140625,953.2685546875,26.24346160888672
14.4296875,953.3798828125,26.247146606445312
14.4453125,953.0372924804688,26.239425659179688
14.4609375,953.020263671875,26.24456787109375
14.4765625,953.181640625,26.254859924316406
14.4921875,953.2645263671875,26.236488342285156
14.5078125,953.1957397460938,26.24420928955078
14.5234375,953.1212158203125,26.250450134277344
14.5390625,953.1416015625,26.247146606445312
14.5546875,953.3092041015625,26.255233764648438
14.5703125,953.01953125,26.240158081054688
14.5859375,953.0963134765625,26.247146606445312
14.6015625,953.3043823242188,26.251922607421875
14.6171875,953.2642211914062,26.248245239257812
14.6328125,953.49560546875,26.24420928955078
14.6484375,953.0919799804688,26.24163055419922
14.6640625,952.9668579101562,26.235015869140625
14.6796875,952.9578857421875,26.24200439453125
14.6953125,952.9596557617188,26.232810974121094
14.7109375,952.87451171875,26.24200439453125
14.7265625,952.9739379882812,26.232078552246094
14.7421875,953.0094604492188,26.229507446289062
14.7578125,952.8956909179688,26.24566650390625
14.7734375,953.095703125,26.221786499023438
14.7890625,953.0880126953125,26.24089813232422
14.8046875,953.0277099609375,26.237594604492188
14.8203125,953.0130004882812,26.235748291015625
14.8359375,952.9859008789062,26.237594604492188
14.8515625,952.998046875,26.241256713867188
14.8671875,952.9788208007812,26.240158081054688
14.8828125,952.994140625,26.22913360595703
14.8984375,952.952392578125,26.231338500976562
14.9140625,952.9794921875,26.24273681640625
14.9296875,952.9495849609375,26.239425659179688
14.9453125,952.9647216796875,26.237594604492188
14.9609375,952.9794921875,26.237220764160156
14.9765625,952.9682006835938,26.24200439453125
14.9921875,952.9590454101562,26.234283447265625
15.0078125,952.9409790039062,26.22802734375
15.0234375,952.9415283203125,26.23979949951172
15.0390625,952.9474487304688,26.254486083984375
15.0546875,952.9459228515625,26.236846923828125
15.0703125,952.9364624023438,26.231704711914062
15.0859375,952.9365234375,26.233543395996094
15.1015625,952.9378662109375,26.235748291015625
15.1171875,952.938720703125,26.227294921875
15.1328125,952.9462890625,26.22657012939453
15.1484375,952.9318237304688,26.232078552246094
15.1640625,952.9454345703125,26.234642028808594
15.1796875,952.9254760742188,26.222518920898438
15.1953125,952.9386596679688,26.222885131835938
15.2109375,952.9302368164062,26.220687866210938
15.2265625,952.919921875,26.2261962890625
15.2421875,952.9318237304688,26.232810974121094
15.2578125,952.9288940429688,26.235748291015625
15.2734375,952.9440307617188,26.22913360595703
15.2890625,952.9392700195312,26.230606079101562
15.3046875,952.9292602539062,26.233543395996094
15.3203125,952.9229736328125,26.232078552246094
15.3359375,952.9342041015625,26.237594604492188
15.3515625,952.927490234375,26.231338500976562
15.3671875,952.9221801757812,26.219581604003906
15.3828125,952.9329223632812,26.2261962890625
15.3984375,952.9091186523438,26.220314025878906
15.4140625,952.9138793945312,26.211868286132812
15.4296875,952.9387817382812,26.234283447265625
15.4453125,952.9224853515625,26.22840118408203
15.4609375,952.928955078125,26.233543395996094
15.4765625,952.9086303710938,26.22913360595703
15.4921875,952.9224853515625,26.22472381591797
15.5078125,952.9387817382812,26.215171813964844
15.5234375,952.9247436523438,26.22840118408203
15.5390625,952.9205932617188,26.232810974121094
15.5546875,952.90380859375,26.236846923828125
15.5703125,952.9172973632812,26.22472381591797
15.5859375,952.9352416992188,26.230606079101562
15.6015625,952.9166870117188,26.236846923828125
15.6171875,952.9346923828125,26.22657012939453
15.6328125,952.9671020507812,26.236488342285156
15.6484375,953.0062866210938,26.229873657226562
15.6640625,953.1162109375,26.24200439453125
15.6796875,953.2261352539062,26.237594604492188
15.6953125,953.2346801757812,26.24566650390625
15.7109375,953.105224609375,26.222885131835938
15.7265625,953.228515625,26.24604034423828
15.7421875,953.2935180664062,26.24566650390625
15.7578125,953.2975463867188,26.240524291992188
15.7734375,953.228515625,26.23023223876953
15.7890625,953.2835083007812,26.233917236328125
15.8046875,953.0909423828125,26.240524291992188
15.8203125,953.4392700195312,26.236846923828125
15.8359375,953.2740478515625,26.234283447265625
15.8515625,953.1830444335938,26.247512817382812
15.8671875,953.155029296875,26.24420928955078
15.8828125,953.2455444335938,26.24383544921875
15.8984375,953.0835571289062,26.252281188964844
15.9140625,953.0169067382812,26.238693237304688
15.9296875,953.0323486328125,26.247512817382812
15.9453125,953.3522338867188,26.236488342285156
15.9609375,953.2710571289062,26.238327026367188
15.9765625,953.3572387695312,26.240158081054688
15.9921875,953.3072509765625,26.24420928955078
16.0078125,953.0961303710938,26.247146606445312
16.0234375,953.1555786132812,26.236488342285156
16.0390625,953.0636596679688,26.24383544921875
16.0546875,953.1492919921875,26.256690979003906
16.0703125,953.0698852539062,26.24420928955078
16.0859375,953.0298461914062,26.233917236328125
16.1015625,953.1674194335938,26.222885131835938
16.1171875,953.1197509765625,26.24566650390625
16.1328125,953.1219482421875,26.22840118408203
16.1484375,953.2069091796875,26.233917236328125
16.1640625,953.0514526367188,26.234283447265625
16.1796875,953.2159423828125,26.229507446289062
16.1953125,953.0653686523438,26.220687866210938
16.2109375,953.2001953125,26.232810974121094
16.2265625,953.1499633789062,26.232810974121094
16.2421875,953.0059204101562,26.22802734375
16.2578125,953.080810546875,26.22802734375
16.2734375,953.1752319335938,26.228775024414062
16.2890625,953.0982666015625,26.232810974121094
16.3046875,953.0704956054688,26.22657012939453
16.3203125,953,26.240524291992188
16.3359375,952.9835205078125,26.24604034423828
16.3515625,952.9827880859375,26.23023223876953
16.3671875,952.974609375,26.229507446289062
16.3828125,952.965576171875,26.24346160888672
16.3984375,952.9688110351562,26.234642028808594
16.4140625,952.94873046875,26.238693237304688
16.4296875,952.9647216796875,26.24310302734375
16.4453125,952.9496459960938,26.229507446289062
16.4609375,952.9476318359375,26.235389709472656
16.4765625,952.9489135742188,26.24273681640625
16.4921875,952.9591064453125,26.240158081054688
16.5078125,952.9445190429688,26.24493408203125
16.5234375,952.9593505859375,26.238327026367188
16.5390625,952.9401245117188,26.234283447265625
16.5546875,952.9391479492188,26.232078552246094
16.5703125,952.9204711914062,26.235748291015625
16.5859375,952.9404296875,26.238693237304688
16.6015625,952.9348754882812,26.236488342285156
16.6171875,952.9315185546875,26.234283447265625
16.6328125,952.9362182617188,26.230606079101562
16.6484375,952.9340209960938,26.224365234375
16.6640625,952.9501953125,26.231704711914062
16.6796875,952.9490966796875,26.234283447265625
16.6953125,952.94873046875,26.235748291015625
16.7109375,952.9314575195312,26.233543395996094
16.7265625,952.9224243164062,26.229873657226562
16.7421875,952.9364013671875,26.238327026367188
16.7578125,952.9371948242188,26.230979919433594
16.7734375,952.9263305664062,26.22325897216797
16.7890625,952.9165649414062,26.229873657226562
16.8046875,952.933349609375,26.238327026367188
16.8203125,952.9473266601562,26.219581604003906
16.8359375,952.9215698242188,26.232078552246094
16.8515625,952.9342041015625,26.232078552246094
16.8671875,952.9395141601562,26.228775024414062
16.8828125,952.925537109375,26.22840118408203
16.8984375,952.9266357421875,26.227294921875
16.9140625,952.927734375,26.236846923828125
16.9296875,952.9244995117188,26.232810974121094
16.9453125,952.9180908203125,26.22802734375
16.9609375,952.9302368164062,26.22472381591797
16.9765625,952.9412231445312,26.235748291015625
16.9921875,952.9338989257812,26.232437133789062
17.0078125,952.919921875,26.233917236328125
17.0234375,952.923583984375,26.24677276611328
17.0390625,952.9111328125,26.22840118408203
17.0546875,952.9182739257812,26.22472381591797
17.0703125,952.9220581054688,26.22802734375
17.0859375,952.917724609375,26.222518920898438
17.1015625,952.9290161132812,26.232078552246094
17.1171875,952.9240112304688,26.232078552246094
17.1328125,952.9288330078125,26.223617553710938
17.1484375,952.938720703125,26.235015869140625
17.1640625,952.9153442382812,26.232078552246094
17.1796875,952.9240112304688,26.233184814453125
17.1953125,952.9097290039062,26.24089813232422
17.2109375,952.9290161132812,26.233543395996094
17.2265625,952.9152221679688,26.232810974121094
17.2421875,952.9168701171875,26.233917236328125
17.2578125,952.9403076171875,26.235015869140625
17.2734375,952.9847412109375,26.233917236328125
17.2890625,953.0514526367188,26.235015869140625
17.3046875,953.0863037109375,26.238327026367188
17.3203125,953.3626098632812,26.237220764160156
17.3359375,953.2991943359375,26.237594604492188
17.3515625,953.4898071289062,26.231338500976562
17.3671875,953.2412109375,26.232810974121094
17.3828125,953.2664794921875,26.233917236328125
17.3984375,953.399169921875,26.236488342285156
17.4140625,953.0881958007812,26.22840118408203
17.4296875,953.1393432617188,26.22657012939453
17.4453125,953.233642578125,26.239425659179688
17.4609375,953.364501953125,26.233184814453125
17.4765625,953.1643676757812,26.22840118408203
17.4921875,953.208740234375,26.24604034423828
17.5078125,953.3018798828125,26.231338500976562
17.5234375,953.2776489257812,26.238693237304688
17.5390625,953.4547729492188,26.24200439453125
17.5546875,953.1568603515625,26.23979949951172
17.5703125,953.4201049804688,26.247512817382812
17.5859375,953.282958984375,26.250823974609375
17.6015625,953.1290283203125,26.238693237304688
17.6171875,953.0819091796875,26.238693237304688
17.6328125,953.081298828125,26.239425659179688
17.6484375,953.2850341796875,26.236846923828125
17.6640625,953.1588134765625,26.24310302734375
17.6796875,953.1892700195312,26.24604034423828
17.6953125,953.3461303710938,26.24089813232422
17.7109375,953.1627197265625,26.22840118408203
17.7265625,953.3139038085938,26.24163055419922
17.7421875,953.2662353515625,26.24200439453125
17.7578125,953.3743286132812,26.220687866210938
17.7734375,953.2975463867188,26.22802734375
17.7890625,953.3455200195312,26.253028869628906
17.8046875,953.1997680664062,26.22840118408203
17.8203125,953.1608276367188,26.24236297607422
17.8359375,953.244140625,26.232437133789062
17.8515625,953.2736206054688,26.229507446289062
17.8671875,953.2123413085938,26.229507446289062
17.8828125,953.272705078125,26.233917236328125
17.8984375,953.4141845703125,26.232810974121094
17.9140625,953.2897338867188,26.24383544921875
17.9296875,953.2484130859375,26.223617553710938
17.9453125,953.0648193359375,26.23023223876953
17.9609375,953.0469360351562,26.22509765625
17.9765625,953.0314331054688,26.22913360595703
17.9921875,953.018798828125,26.229873657226562
18.0078125,953.0200805664062,26.237594604492188
18.0234375,953.0237426757812,26.235015869140625
18.0390625,953.0205078125,26.230606079101562
18.0546875,952.9872436523438,26.233543395996094
18.0703125,952.9749755859375,26.238693237304688
18.0859375,952.9671020507812,26.237594604492188
18.1015625,952.9711303710938,26.235015869140625
18.1171875,952.9685668945312,26.235748291015625
18.1328125,952.968017578125,26.23023223876953
18.1484375,952.970458984375,26.24200439453125
18.1640625,952.9572143554688,26.237594604492188
18.1796875,952.9616088867188,26.233917236328125
18.1953125,952.9612426757812,26.235015869140625
18.2109375,952.9613647460938,26.234283447265625
18.2265625,952.9362182617188,26.22766876220703
18.2421875,952.9593505859375,26.235015869140625
18.2578125,952.9422607421875,26.231338500976562
18.2734375,952.9484252929688,26.229507446289062
18.2890625,952.9482421875,26.236488342285156
18.3046875,952.9400024414062,26.232078552246094
18.3203125,952.950927734375,26.237594604492188
18.3359375,952.9358520507812,26.232078552246094
18.3515625,952.94140625,26.237594604492188
18.3671875,952.9459838867188,26.233543395996094
18.3828125,952.9396362304688,26.23023223876953
18.3984375,952.9364013671875,26.240158081054688
18.4140625,952.9373779296875,26.22657012939453
18.4296875,952.9395751953125,26.237953186035156
18.4453125,952.9299926757812,26.233917236328125
18.4609375,952.927734375,26.227294921875
18.4765625,952.9432373046875,26.232437133789062
18.4921875,952.9432373046875,26.22472381591797
18.5078125,952.9412231445312,26.248977661132812
18.5234375,952.9525756835938,26.232810974121094
18.5390625,952.9521484375,26.230606079101562
18.5546875,952.922607421875,26.232078552246094
18.5703125,952.93115234375,26.2261962890625
18.5859375,952.942626953125,26.232810974121094
18.6015625,952.9276123046875,26.232810974121094
18.6171875,952.9210815429688,26.23023223876953
18.6328125,952.9339599609375,26.232078552246094
18.6484375,952.919189453125,26.222885131835938
18.6640625,952.9266967773438,26.232078552246094
18.6796875,952.9347534179688,26.223617553710938
18.6953125,952.9315185546875,26.222518920898438
18.7109375,952.9332885742188,26.20928955078125
18.7265625,952.9146118164062,26.232810974121094
18.7421875,952.9121704101562,26.213340759277344
18.7578125,952.9329223632812,26.230979919433594
18.7734375,952.939453125,26.224365234375
18.7890625,952.9292602539062,26.21002960205078
18.8046875,952.9188842773438,26.232078552246094
18.8203125,952.9281616210938,26.220687866210938
18.8359375,952.9390258789062,26.21002960205078
18.8515625,952.9409790039062,26.20818328857422
18.8671875,952.9431762695312,26.22216033935547
18.8828125,952.9857788085938,26.232078552246094
18.8984375,953.0070190429688,26.222885131835938
18.9140625,953.0277099609375,26.222518920898438
18.9296875,953.291748046875,26.232078552246094
18.9453125,953.1828002929688,26.232078552246094
18.9609375,953.2275390625,26.227294921875
18.9765625,953.4379272460938,26.2254638671875
18.9921875,953.1354370117188,26.232078552246094
19.0078125,953.2866821289062,26.235748291015625
19.0234375,953.205810546875,26.221786499023438
19.0390625,953.313232421875,26.232078552246094
19.0546875,953.1875,26.231704711914062
19.0703125,953.0177612304688,26.222885131835938
19.0859375,953.2612915039062,26.222885131835938
19.1015625,952.9673461914062,26.235748291015625
19.1171875,953.0330810546875,26.219955444335938
19.1328125,953.2048950195312,26.212966918945312
19.1484375,953.0858154296875,26.234642028808594
19.1640625,952.9021606445312,26.222518920898438
19.1796875,953.2266845703125,26.22509765625
19.1953125,953.4330444335938,26.22509765625
19.2109375,953.1318359375,26.22802734375
19.2265625,953.233154296875,26.22802734375
19.2421875,953.1250610351562,26.229873657226562
19.2578125,953.1353759765625,26.212234497070312
19.2734375,953.32421875,26.236846923828125
19.2890625,953.178466796875,26.232078552246094
19.3046875,953.1653442382812,26.22509765625
19.3203125,953.0648803710938,26.232078552246094
19.3359375,953.2096557617188,26.2269287109375
19.3515625,953.132080078125,26.2254638671875
19.3671875,953.2819213867188,26.224365234375
19.3828125,953.266845703125,26.220687866210938
19.3984375,953.1637573242188,26.236846923828125
19.4140625,953.2567749023438,26.22840118408203
19.4296875,953.1280517578125,26.232810974121094
19.4453125,953.1493530273438,26.229873657226562
19.4609375,953.109130859375,26.215171813964844
19.4765625,953.3304443359375,26.232810974121094
19.4921875,953.1063232421875,26.230606079101562
19.5078125,953.0362548828125,26.237220764160156
19.5234375,953.0231323242188,26.220687866210938
19.5390625,953.0071411132812,26.233184814453125
19.5546875,952.9946899414062,26.236846923828125
19.5703125,952.9962158203125,26.233917236328125
19.5859375,952.982177734375,26.236846923828125
19.6015625,952.9872436523438,26.221054077148438
19.6171875,952.978515625,26.220687866210938
19.6328125,952.9528198242188,26.232078552246094
19.6484375,952.977783203125,26.232078552246094
19.6640625,952.9580078125,26.22802734375
19.6796875,952.97021484375,26.236488342285156
19.6953125,952.944091796875,26.235748291015625
19.7109375,952.9584350585938,26.233917236328125
19.7265625,952.952880859375,26.237594604492188
19.7421875,952.9370727539062,26.238693237304688
19.7578125,952.9366455078125,26.233184814453125
19.7734375,952.9509887695312,26.232078552246094
19.7890625,952.9389038085938,26.234642028808594
19.8046875,952.94873046875,26.22802734375
19.8203125,952.9356079101562,26.235748291015625
19.8359375,952.9434814453125,26.22840118408203
19.8515625,952.9409790039062,26.233184814453125
19.8671875,952.9354248046875,26.227294921875
19.8828125,952.9295043945312,26.222885131835938
19.8984375,952.9404296875,26.22325897216797
19.9140625,952.951171875,26.222885131835938
19.9296875,952.9320678710938,26.213340759277344
19.9453125,952.9292602539062,26.219955444335938
19.9609375,952.9330444335938,26.211868286132812
19.9765625,952.9154663085938,26.2254638671875
19.9921875,952.9329223632812,26.215171813964844
20.0078125,952.9103393554688,26.218849182128906
20.0234375,952.9220581054688,26.217002868652344
20.0390625,952.9260864257812,26.215171813964844
20.0546875,952.9348754882812,26.215171813964844
20.0703125,952.913330078125,26.199363708496094
20.0859375,952.9237060546875,26.20561981201172
20.1015625,952.9094848632812,26.220687866210938
20.1171875,952.9384155273438,26.215171813964844
20.1328125,952.9367065429688,26.213699340820312
20.1484375,952.92578125,26.20452117919922
20.1640625,952.9278564453125,26.2261962890625
20.1796875,952.9288330078125,26.215171813964844
20.1953125,952.9235229492188,26.21038818359375
20.2109375,952.9236450195312,26.22509765625
20.2265625,952.9334106445312,26.215171813964844
20.2421875,952.9235229492188,26.21149444580078
20.2578125,952.9273071289062,26.215171813964844
20.2734375,952.92529296875,26.20561981201172
20.2890625,952.9274291992188,26.20745849609375
20.3046875,952.9185791015625,26.197532653808594
20.3203125,952.9259643554688,26.215171813964844
20.3359375,952.9324951171875,26.203773498535156
20.3515625,952.9457397460938,26.215904235839844
20.3671875,952.992919921875,26.21149444580078
20.3828125,953.0360717773438,26.203773498535156
20.3984375,953.0204467773438,26.20452117919922
20.4140625,953.1519165039062,26.197532653808594
20.4296875,953.1083374023438,26.21149444580078
20.4453125,953.2081909179688,26.20635223388672
20.4609375,953.1957397460938,26.21076202392578
20.4765625,953.3682861328125,26.215171813964844
20.4921875,953.417724609375,26.21002960205078
20.5078125,953.4518432617188,26.22657012939453
20.5234375,953.5700073242188,26.20855712890625
20.5390625,953.2598876953125,26.199363708496094
20.5546875,953.1233520507812,26.20745849609375
20.5703125,953.3721923828125,26.211868286132812
20.5859375,953.239990234375,26.21259307861328
20.6015625,953.1814575195312,26.220687866210938
20.6171875,953.2509765625,26.218849182128906
20.6328125,953.3272705078125,26.20708465576172
20.6484375,953.0918579101562,26.21002960205078
20.6640625,953.200927734375,26.21076202392578
20.6796875,953.1912841796875,26.203773498535156
20.6953125,953.1764526367188,26.213340759277344
20.7109375,953.3164672851562,26.1898193359375
20.7265625,953.3870849609375,26.200111389160156
20.7421875,953.293701171875,26.197158813476562
20.7578125,953.3638916015625,26.203773498535156
20.7734375,953.3766479492188,26.199363708496094
20.7890625,953.2894897460938,26.199363708496094
20.8046875,953.3116455078125,26.20452117919922
20.8203125,953.2122192382812,26.197532653808594
20.8359375,953.2349853515625,26.201942443847656
20.8515625,953.2623291015625,26.1920166015625
20.8671875,953.1243286132812,26.186134338378906
20.8828125,953.4786987304688,26.18798065185547
20.8984375,953.3194580078125,26.191650390625
20.9140625,953.2432861328125,26.184303283691406
20.9296875,953.2407836914062,26.183570861816406
20.9453125,953.1660766601562,26.182472229003906
20.9609375,953.2991333007812,26.187240600585938
20.9765625,953.1436767578125,26.182472229003906
20.9921875,953.1300659179688,26.17327880859375
21.0078125,953.249267578125,26.182472229003906
21.0234375,953.14794921875,26.19385528564453
21.0390625,953.083984375,26.194229125976562
21.0546875,953.0236206054688,26.196060180664062
21.0703125,953.0082397460938,26.195701599121094
21.0859375,953.0023193359375,26.194229125976562
21.1015625,952.9884033203125,26.197906494140625
21.1171875,952.9881591796875,26.191650390625
21.1328125,952.9774169921875,26.18871307373047
21.1484375,952.9771118164062,26.196800231933594
21.1640625,952.9778442382812,26.19385528564453
21.1796875,952.9740600585938,26.19129180908203
21.1953125,952.9774169921875,26.19129180908203
21.2109375,952.963623046875,26.197532653808594
21.2265625,952.9577026367188,26.19495391845703
21.2421875,952.9622192382812,26.200836181640625
21.2578125,952.9548950195312,26.201942443847656
21.2734375,952.9359130859375,26.203773498535156
21.2890625,952.9708251953125,26.203773498535156
21.3046875,952.9583129882812,26.198265075683594
21.3203125,952.9570922851562,26.1927490234375
21.3359375,952.9398193359375,26.203048706054688
21.3515625,952.9408569335938,26.21002960205078
21.3671875,952.9344482421875,26.19385528564453
21.3828125,952.9471435546875,26.201942443847656
21.3984375,952.9456176757812,26.203773498535156
21.4140625,952.9505004882812,26.200111389160156
21.4296875,952.9334106445312,26.1920166015625
21.4453125,952.9379272460938,26.200111389160156
21.4609375,952.9334106445312,26.182472229003906
21.4765625,952.9352416992188,26.197158813476562
21.4921875,952.93310546875,26.187240600585938
21.5078125,952.9464721679688,26.1898193359375
21.5234375,952.916748046875,26.1920166015625
21.5390625,952.9253540039062,26.195327758789062
21.5546875,952.938232421875,26.1898193359375
21.5703125,952.93115234375,26.18688201904297
21.5859375,952.925537109375,26.191650390625
21.6015625,952.9169921875,26.1927490234375
21.6171875,952.9356079101562,26.18798065185547
21.6328125,952.9166259765625,26.182472229003906
21.6484375,952.9317016601562,26.182830810546875
21.6640625,952.9317016601562,26.17731475830078
21.6796875,952.9281005859375,26.18798065185547
21.6953125,952.9351196289062,26.195327758789062
21.7109375,952.9221801757812,26.184677124023438
21.7265625,952.93896484375,26.178787231445312
21.7421875,952.935546875,26.197532653808594
21.7578125,952.9307861328125,26.19495391845703
21.7734375,952.9400634765625,26.183570861816406
21.7890625,952.924560546875,26.186134338378906
21.8046875,952.9212036132812,26.186134338378906
21.8203125,952.9266357421875,26.1890869140625
21.8359375,952.925048828125,26.184303283691406
21.8515625,952.9360961914062,26.180999755859375
21.8671875,952.9189453125,26.179893493652344
21.8828125,952.9230346679688,26.182472229003906
21.8984375,952.930419921875,26.182830810546875
21.9140625,952.9172973632812,26.182830810546875
21.9296875,952.9364624023438,26.182472229003906
21.9453125,952.9244384765625,26.191650390625
21.9609375,952.9325561523438,26.182472229003906
21.9765625,952.9286499023438,26.182472229003906
21.9921875,953.0206909179688,26.182472229003906
22.0078125,953.087646484375,26.1898193359375
22.0234375,953.0853881835938,26.182472229003906
22.0390625,953.0828857421875,26.1927490234375
22.0546875,953.091552734375,26.1898193359375
22.0703125,953.1044921875,26.17621612548828
22.0859375,953.2794189453125,26.17327880859375
22.1015625,953.2582397460938,26.191650390625
22.1171875,953.3317260742188,26.182830810546875
22.1328125,953.3726196289062,26.19129180908203
22.1484375,953.3203125,26.196060180664062
22.1640625,953.2478637695312,26.187240600585938
22.1796875,953.376708984375,26.18798065185547
22.1953125,953.4549560546875,26.19312286376953
22.2109375,953.3707885742188,26.1898193359375
22.2265625,953.1785888671875,26.193496704101562
22.2421875,953.0940551757812,26.1890869140625
22.2578125,953.1498413085938,26.184303283691406
22.2734375,953.281982421875,26.182472229003906
22.2890625,953.29443359375,26.18944549560547
22.3046875,953.4361572265625,26.19054412841797
22.3203125,953.153564453125,26.1927490234375
22.3359375,953.30078125,26.1927490234375
22.3515625,953.45849609375,26.182472229003906
22.3671875,953.43359375,26.197158813476562
22.3828125,953.3148803710938,26.19091796875
22.3984375,953.1487426757812,26.19385528564453
22.4140625,953.285888671875,26.1927490234375
22.4296875,953.3706665039062,26.200111389160156
22.4453125,953.2221069335938,26.193496704101562
22.4609375,953.4221801757812,26.199363708496094
22.4765625,953.3563842773438,26.193496704101562
22.4921875,953.4358520507812,26.199363708496094
22.5078125,953.3397216796875,26.20452117919922
22.5234375,953.5271606445312,26.213340759277344
22.5390625,953.2335205078125,26.203773498535156
22.5546875,953.3221435546875,26.195701599121094
22.5703125,953.3709716796875,26.195701599121094
22.5859375,953.3345947265625,26.201942443847656
22.6015625,953.3267822265625,26.20452117919922
22.6171875,953.5044555664062,26.196060180664062
22.6328125,953.2849731445312,26.18871307373047
22.6484375,953.1312866210938,26.203773498535156
22.6640625,953.1459350585938,26.20818328857422
22.6796875,953.0919799804688,26.220687866210938
22.6953125,953.0328979492188,26.21076202392578
22.7109375,953.0210571289062,26.20745849609375
22.7265625,952.9777221679688,26.21076202392578
22.7421875,952.979248046875,26.211868286132812
22.7578125,952.975830078125,26.22509765625
22.7734375,952.9669189453125,26.215171813964844
22.7890625,952.9605102539062,26.218849182128906
22.8046875,952.9716796875,26.21002960205078
22.8203125,952.9505004882812,26.214439392089844
22.8359375,952.9593505859375,26.20893096923828
22.8515625,952.9462280273438,26.221786499023438
22.8671875,952.9498901367188,26.215171813964844
22.8828125,952.9468383789062,26.211868286132812
22.8984375,952.9417724609375,26.21002960205078
22.9140625,952.9559326171875,26.21002960205078
22.9296875,952.9344482421875,26.21002960205078
22.9453125,952.9373779296875,26.215171813964844
22.9609375,952.9371948242188,26.21149444580078
22.9765625,952.9345092773438,26.20635223388672
22.9921875,952.9309692382812,26.218849182128906
23.0078125,952.9322509765625,26.2254638671875
23.0234375,952.9401245117188,26.20452117919922
23.0390625,952.9331665039062,26.21002960205078
23.0546875,952.9337768554688,26.219955444335938
23.0703125,952.934814453125,26.220687866210938
23.0859375,952.9288940429688,26.21002960205078
23.1015625,952.9236450195312,26.220687866210938
23.1171875,952.9324951171875,26.20855712890625
23.1328125,952.927001953125,26.21002960205078
23.1484375,952.9356079101562,26.21076202392578
23.1640625,952.9487915039062,26.20745849609375
23.1796875,952.9144287109375,26.213340759277344
23.1953125,952.9292602539062,26.201942443847656
23.2109375,952.9342651367188,26.203773498535156
23.2265625,952.9182739257812,26.211135864257812
23.2421875,952.9279174804688,26.1920166015625
23.2578125,952.9373779296875,26.185035705566406
23.2734375,952.9247436523438,26.198638916015625
23.2890625,952.9308471679688,26.200111389160156
23.3046875,952.9280395507812,26.203773498535156
23.3203125,952.9248046875,26.21002960205078
23.3359375,952.915283203125,26.20672607421875
23.3515625,952.93701171875,26.20452117919922
23.3671875,952.936767578125,26.21259307861328
23.3828125,952.9274291992188,26.199363708496094
23.3984375,952.9309692382812,26.203773498535156
23.4140625,952.9492797851562,26.19385528564453
23.4296875,952.9227294921875,26.199005126953125
23.4453125,952.9260864257812,26.20561981201172
23.4609375,952.9249877929688,26.203773498535156
23.4765625,952.9380493164062,26.20855712890625
23.4921875,952.9635620117188,26.21002960205078
23.5078125,952.9637451171875,26.197158813476562
23.5234375,953.0197143554688,26.20745849609375
23.5390625,953.1248168945312,26.211868286132812
23.5546875,953.1287841796875,26.20635223388672
23.5703125,953.1538696289062,26.20818328857422
23.5859375,953.2640991210938,26.201942443847656
23.6015625,953.223388671875,26.203773498535156
23.6171875,953.1297607421875,26.203048706054688
23.6328125,953.1369018554688,26.215171813964844
23.6484375,953.1105346679688,26.201942443847656
23.6640625,953.2078857421875,26.20561981201172
23.6796875,953.1448974609375,26.199363708496094
23.6953125,953.1903076171875,26.203773498535156
23.7109375,953.3263549804688,26.21076202392578
23.7265625,953.1758422851562,26.20635223388672
23.7421875,953.1522216796875,26.201942443847656
23.7578125,953.2096557617188,26.200111389160156
23.7734375,953.1229248046875,26.197158813476562
23.7890625,953.0220947265625,26.197532653808594
23.8046875,953.4279174804688,26.220687866210938
23.8203125,953.2611694335938,26.21002960205078
23.8359375,953.2935791015625,26.197532653808594
23.8515625,953.34130859375,26.20708465576172
23.8671875,953.3739013671875,26.20782470703125
23.8828125,953.3518676757812,26.201942443847656
23.8984375,953.284423828125,26.20635223388672
23.9140625,953.2628173828125,26.203773498535156
23.9296875,953.4225463867188,26.20452117919922
23.9453125,953.3162231445312,26.213340759277344
23.9609375,953.2711791992188,26.196060180664062
23.9765625,953.2777709960938,26.194229125976562
23.9921875,953.201171875,26.217002868652344
24.0078125,953.3341674804688,26.20708465576172
24.0234375,953.2119140625,26.199363708496094
24.0390625,953.1131591796875,26.200111389160156
24.0546875,953.0863647460938,26.21002960205078
24.0703125,953.0748291015625,26.218849182128906
24.0859375,952.9895629882812,26.203773498535156
24.1015625,953.009033203125,26.21149444580078
24.1171875,953.0385131835938,26.21002960205078
24.1328125,953.000732421875,26.205245971679688
24.1484375,953.016357421875,26.203773498535156
24.1640625,953.0198364257812,26.21076202392578
24.1796875,952.9845581054688,26.20818328857422
24.1953125,953.0238647460938,26.20818328857422
24.2109375,952.9783935546875,26.215171813964844
24.2265625,952.9808959960938,26.214439392089844
24.2421875,952.9766235351562,26.217750549316406
24.2578125,952.981689453125,26.213340759277344
24.2734375,952.9813232421875,26.214065551757812
24.2890625,952.9855346679688,26.22913360595703
24.3046875,952.9744873046875,26.22913360595703
24.3203125,952.9727172851562,26.214065551757812
24.3359375,952.9669799804688,26.220687866210938
24.3515625,952.9581909179688,26.215171813964844
24.3671875,952.95703125,26.20452117919922
24.3828125,952.9642944335938,26.217002868652344
24.3984375,952.9702758789062,26.22657012939453
24.4140625,952.9653930664062,26.218109130859375
24.4296875,952.9609375,26.218849182128906
24.4453125,952.962158203125,26.222518920898438
24.4609375,952.9601440429688,26.211868286132812
24.4765625,952.9609375,26.218849182128906
24.4921875,952.9364013671875,26.22509765625
24.5078125,952.9501953125,26.218849182128906
24.5234375,952.9352416992188,26.218849182128906
24.5390625,952.9345703125,26.218849182128906
24.5546875,952.948974609375,26.218849182128906
24.5703125,952.9381713867188,26.220314025878906
24.5859375,952.9354248046875,26.217002868652344
24.6015625,952.9296875,26.222518920898438
24.6171875,952.9356689453125,26.199363708496094
24.6328125,952.9434814453125,26.220687866210938
24.6484375,952.9378051757812,26.213340759277344
24.6640625,952.9418334960938,26.201942443847656
24.6796875,952.9437866210938,26.20635223388672
24.6953125,952.9340209960938,26.20818328857422
24.7109375,952.9336547851562,26.20635223388672
24.7265625,952.9389038085938,26.218475341796875
24.7421875,952.946533203125,26.204147338867188
24.7578125,952.9386596679688,26.20635223388672
24.7734375,952.9351196289062,26.21002960205078
24.7890625,952.9344482421875,26.214065551757812
24.8046875,952.934814453125,26.21149444580078
24.8203125,952.9489135742188,26.211868286132812
24.8359375,952.9345703125,26.21149444580078
24.8515625,952.9291381835938,26.20635223388672
24.8671875,952.9286499023438,26.20635223388672
24.8828125,952.9340209960938,26.21002960205078
24.8984375,952.9188842773438,26.202316284179688
24.9140625,952.9365234375,26.200111389160156
24.9296875,952.930419921875,26.211868286132812
24.9453125,952.9274291992188,26.21002960205078
24.9609375,952.92724609375,26.21149444580078
24.9765625,952.9237060546875,26.21149444580078
24.9921875,952.9351196289062,26.220687866210938
25.0078125,952.919921875,26.21038818359375
25.0234375,952.9331665039062,26.21038818359375
25.0390625,952.92724609375,26.21002960205078
25.0546875,952.9158935546875,26.220687866210938
25.0703125,952.9259033203125,26.213340759277344
25.0859375,952.925048828125,26.20893096923828
25.1015625,952.9186401367188,26.21149444580078
25.1171875,952.9375,26.215171813964844
25.1328125,952.9192504882812,26.217002868652344
25.1484375,952.9362182617188,26.20561981201172
25.1640625,952.9459228515625,26.20818328857422
25.1796875,952.9664916992188,26.213340759277344
25.1953125,952.9711303710938,26.214439392089844
25.2109375,953.071044921875,26.215171813964844
25.2265625,953.132080078125,26.20635223388672
25.2421875,953.1832885742188,26.218849182128906
25.2578125,953.3624877929688,26.216278076171875
25.2734375,953.150146484375,26.21002960205078
25.2890625,953.1680908203125,26.213699340820312
25.3046875,953.1188354492188,26.220687866210938
25.3203125,953.148193359375,26.211868286132812
25.3359375,952.9244384765625,26.211868286132812
25.3515625,953.0003662109375,26.217002868652344
25.3671875,953.0419921875,26.224365234375
25.3828125,953.07568359375,26.217002868652344
25.3984375,953.0701293945312,26.217750549316406
25.4140625,953.0672607421875,26.20708465576172
25.4296875,953.33740234375,26.220687866210938
25.4453125,953.0418701171875,26.214439392089844
25.4609375,953.156005859375,26.215171813964844
25.4765625,953.0472412109375,26.2269287109375
25.4921875,953.0239868164062,26.21076202392578
25.5078125,953.053955078125,26.217002868652344
25.5234375,953.059326171875,26.20928955078125
25.5390625,953.0048217773438,26.218849182128906
25.5546875,952.9943237304688,26.215171813964844
25.5703125,953.1255493164062,26.214439392089844
25.5859375,953.036376953125,26.215171813964844
25.6015625,953.1248779296875,26.211135864257812
25.6171875,953.1974487304688,26.213340759277344
25.6328125,953.1510009765625,26.214439392089844
25.6484375,953.1367797851562,26.197532653808594
25.6640625,953.449951171875,26.213699340820312
25.6796875,953.1552124023438,26.197532653808594
25.6953125,953.0753784179688,26.20561981201172
25.7109375,953.1759643554688,26.214439392089844
25.7265625,953.2013549804688,26.203048706054688
25.7421875,953.1870727539062,26.213340759277344
25.7578125,953.2095947265625,26.218849182128906
25.7734375,953.1353759765625,26.21038818359375
25.7890625,953.1985473632812,26.20818328857422
25.8046875,953.1458129882812,26.213340759277344
25.8203125,953.2896118164062,26.20672607421875
25.8359375,953.1211547851562,26.19385528564453
25.8515625,953.221435546875,26.21259307861328
25.8671875,953.1975708007812,26.20561981201172
25.8828125,953.0803833007812,26.218849182128906
25.8984375,953.0888061523438,26.213340759277344
25.9140625,953.0924682617188,26.215171813964844
25.9296875,953.0335083007812,26.200111389160156
25.9453125,952.9860229492188,26.21038818359375
25.9609375,952.97802734375,26.213340759277344
25.9765625,952.9854736328125,26.21002960205078
25.9921875,952.97802734375,26.211868286132812
26.0078125,952.9794311523438,26.21002960205078
26.0234375,952.9797973632812,26.203048706054688
26.0390625,952.9749755859375,26.211868286132812
26.0546875,952.9699096679688,26.20561981201172
26.0703125,952.9800415039062,26.20745849609375
26.0859375,952.9663696289062,26.2254638671875
26.1015625,952.9573974609375,26.21149444580078
26.1171875,952.9638061523438,26.21002960205078
26.1328125,952.9464111328125,26.21002960205078
26.1484375,952.9535522460938,26.21002960205078
26.1640625,952.9655151367188,26.20745849609375
26.1796875,952.9586791992188,26.198265075683594
26.1953125,952.9451293945312,26.221412658691406
26.2109375,952.9384155273438,26.21076202392578
26.2265625,952.9559326171875,26.22509765625
26.2421875,952.9520263671875,26.21076202392578
26.2578125,952.9493408203125,26.20745849609375
26.2734375,952.9556274414062,26.20818328857422
26.2890625,952.9371948242188,26.20635223388672
26.3046875,952.9508666992188,26.196800231933594
26.3203125,952.95458984375,26.20818328857422
26.3359375,952.9390258789062,26.203773498535156
26.3515625,952.9552612304688,26.1920166015625
26.3671875,952.939208984375,26.217002868652344
26.3828125,952.9398803710938,26.20818328857422
26.3984375,952.9384155273438,26.213340759277344
26.4140625,952.9346923828125,26.20818328857422
26.4296875,952.9390258789062,26.201942443847656
26.4453125,952.9378051757812,26.203773498535156
26.4609375,952.9331665039062,26.21002960205078
26.4765625,952.9464111328125,26.20635223388672
26.4921875,952.93701171875,26.211868286132812
26.5078125,952.9375610351562,26.20635223388672
26.5234375,952.9495849609375,26.203773498535156
26.5390625,952.9325561523438,26.211868286132812
26.5546875,952.9364013671875,26.21076202392578
26.5703125,952.9146728515625,26.196060180664062
26.5859375,952.9275512695312,26.199363708496094
26.6015625,952.9225463867188,26.20635223388672
26.6171875,952.9208984375,26.20635223388672
26.6328125,952.9267578125,26.201210021972656
26.6484375,952.9102172851562,26.200111389160156
26.6640625,952.9149169921875,26.20745849609375
26.6796875,952.921630859375,26.194229125976562
26.6953125,952.9220581054688,26.19385528564453
26.7109375,952.944091796875,26.20452117919922
26.7265625,952.9248046875,26.20818328857422
26.7421875,952.9259033203125,26.20635223388672
26.7578125,952.9286499023438,26.19385528564453
26.7734375,952.9376220703125,26.19495391845703
26.7890625,952.9490356445312,26.200469970703125
26.8046875,953.0159301757812,26.201210021972656
26.8203125,953.026123046875,26.194595336914062
26.8359375,953.141357421875,26.18688201904297
26.8515625,953.171142578125,26.198265075683594
26.8671875,953.15185546875,26.193496704101562
26.8828125,953.1287231445312,26.196800231933594
26.8984375,953.0985717773438,26.201942443847656
26.9140625,953.2443237304688,26.203048706054688
26.9296875,953.1870727539062,26.201210021972656
26.9453125,953.0888671875,26.21076202392578
26.9609375,953.0449829101562,26.21002960205078
26.9765625,952.9757080078125,26.213340759277344
26.9921875,953.0607299804688,26.203048706054688
27.0078125,953.1560668945312,26.201942443847656
27.0234375,953.232421875,26.20782470703125
27.0390625,953.1242065429688,26.21002960205078
27.0546875,953.0467529296875,26.201210021972656
27.0703125,953.063232421875,26.200111389160156
27.0859375,953.0935668945312,26.196800231933594
27.1015625,953.137451171875,26.205978393554688
27.1171875,953.141357421875,26.20452117919922
27.1328125,953.1578979492188,26.20635223388672
27.1484375,953.1007690429688,26.20782470703125
27.1640625,953.1468505859375,26.20635223388672
27.1796875,953.0153198242188,26.20452117919922
27.1953125,953.0258178710938,26.199363708496094
27.2109375,953.0838623046875,26.191650390625
27.2265625,953.278564453125,26.20635223388672
27.2421875,953.1551513671875,26.201942443847656
27.2578125,953.0596923828125,26.203048706054688
27.2734375,953.1124267578125,26.203773498535156
27.2890625,952.9212036132812,26.203773498535156
27.3046875,953.0394897460938,26.20561981201172
27.3203125,953.112060546875,26.20745849609375
27.3359375,952.9789428710938,26.212966918945312
27.3515625,953.3792724609375,26.200111389160156
27.3671875,953.23046875,26.21076202392578
27.3828125,953.0796508789062,26.21038818359375
27.3984375,953.119140625,26.20635223388672
27.4140625,953.3212280273438,26.220687866210938
27.4296875,953.0848999023438,26.20818328857422
27.4453125,953.0155029296875,26.21002960205078
27.4609375,952.9935913085938,26.21038818359375
27.4765625,952.9966430664062,26.213340759277344
27.4921875,952.9758911132812,26.22913360595703
27.5078125,952.9984741210938,26.232810974121094
27.5234375,952.9827270507812,26.213340759277344
27.5390625,952.9729614257812,26.21002960205078
27.5546875,952.971435546875,26.22913360595703
27.5703125,952.9590454101562,26.220687866210938
27.5859375,952.9725341796875,26.22509765625
27.6015625,952.9711303710938,26.20708465576172
27.6171875,952.9585571289062,26.203773498535156
27.6328125,952.9529418945312,26.220687866210938
27.6484375,952.9546508789062,26.220687866210938
27.6640625,952.9473876953125,26.220687866210938
27.6796875,952.9546508789062,26.213340759277344
27.6953125,952.9465942382812,26.213340759277344
27.7109375,952.953857421875,26.211868286132812
27.7265625,952.946533203125,26.21002960205078
27.7421875,952.9541015625,26.232078552246094
27.7578125,952.9676513671875,26.2269287109375
27.7734375,952.945068359375,26.221412658691406
27.7890625,952.9420776367188,26.212234497070312
27.8046875,952.9345703125,26.201942443847656
27.8203125,952.9330444335938,26.213340759277344
27.8359375,952.9418334960938,26.213340759277344
27.8515625,952.9341430664062,26.20672607421875
27.8671875,952.9317016601562,26.20818328857422
27.8828125,952.9490966796875,26.227294921875
27.8984375,952.947998046875,26.217750549316406
27.9140625,952.9327392578125,26.220687866210938
27.9296875,952.9403076171875,26.20635223388672
27.9453125,952.9340209960938,26.215171813964844
27.9609375,952.9540405273438,26.218849182128906
27.9765625,952.9352416992188,26.215171813964844
27.9921875,952.9342651367188,26.227294921875
28.0078125,952.9390258789062,26.218109130859375
28.0234375,952.9423217773438,26.21038818359375
28.0390625,952.9380493164062,26.21076202392578
28.0546875,952.917724609375,26.20561981201172
28.0703125,952.9267578125,26.199363708496094
28.0859375,952.9327392578125,26.213340759277344
28.1015625,952.91552734375,26.213340759277344
28.1171875,952.9376220703125,26.20745849609375
28.1328125,952.9072265625,26.20635223388672
28.1484375,952.9125366210938,26.217002868652344
28.1640625,952.942138671875,26.20708465576172
28.1796875,952.9310913085938,26.211868286132812
28.1953125,952.9274291992188,26.21149444580078
28.2109375,952.9320678710938,26.20635223388672
28.2265625,952.9309692382812,26.20452117919922
28.2421875,952.9171142578125,26.20635223388672
28.2578125,952.9231567382812,26.22913360595703
28.2734375,952.936279296875,26.20893096923828
28.2890625,952.9091186523438,26.20745849609375
28.3046875,952.9227905273438,26.214439392089844
28.3203125,952.9378051757812,26.21002960205078
28.3359375,952.9205932617188,26.20635223388672
28.3515625,952.8999633789062,26.21038818359375
28.3671875,952.9171142578125,26.217002868652344
28.3828125,952.8980102539062,26.213340759277344
28.3984375,952.844970703125,26.21002960205078
28.4140625,953.0001220703125,26.213340759277344
28.4296875,953.1438598632812,26.218849182128906
28.4453125,953.269287109375,26.20635223388672
28.4609375,953.02490234375,26.211868286132812
28.4765625,952.9656982421875,26.213340759277344
28.4921875,953.2926635742188,26.215171813964844
28.5078125,953.4464111328125,26.214439392089844
28.5234375,953.2330322265625,26.213340759277344
28.5390625,953.3672485351562,26.21002960205078
28.5546875,953.6155395507812,26.20561981201172
28.5703125,953.7811279296875,26.201210021972656
28.5859375,953.3333129882812,26.203048706054688
28.6015625,953.4887084960938,26.20452117919922
28.6171875,953.3938598632812,26.201210021972656
28.6328125,953.4013671875,26.20452117919922
28.6484375,953.4076538085938,26.220687866210938
28.6640625,953.20263671875,26.21002960205078
28.6796875,952.8536987304688,26.217002868652344
28.6953125,953.3987426757812,26.21076202392578
28.7109375,953.2236328125,26.21002960205078
28.7265625,952.966064453125,26.20818328857422
28.7421875,953.1900024414062,26.21002960205078
28.7578125,952.7957763671875,26.213340759277344
28.7734375,953.2998046875,26.211868286132812
28.7890625,953.21240234375,26.21259307861328
28.8046875,953.3480834960938,26.21038818359375
28.8203125,953.0187377929688,26.218109130859375
28.8359375,953.069091796875,26.214439392089844
28.8515625,953.052001953125,26.21002960205078
28.8671875,952.9529418945312,26.222518920898438
28.8828125,953.0940551757812,26.227294921875
28.8984375,953.2891845703125,26.224365234375
28.9140625,953.2489624023438,26.21002960205078
28.9296875,953.339599609375,26.220687866210938
28.9453125,953.3095092773438,26.231338500976562
28.9609375,953.1683349609375,26.22913360595703
28.9765625,953.248779296875,26.234642028808594
28.9921875,953.5026245117188,26.22840118408203
29.0078125,953.4280395507812,26.20928955078125
29.0234375,953.5109252929688,26.218849182128906
29.0390625,953.2626953125,26.224365234375
29.0546875,953.6396484375,26.220687866210938
29.0703125,953.409912109375,26.22840118408203
29.0859375,953.6214599609375,26.234642028808594
29.1015625,953.6220703125,26.221786499023438
29.1171875,953.5001831054688,26.237220764160156
29.1328125,953.3195190429688,26.232078552246094
29.1484375,953.194091796875,26.24200439453125
29.1640625,953.4024047851562,26.232078552246094
29.1796875,953.092529296875,26.233917236328125
29.1953125,953.2785034179688,26.22472381591797
29.2109375,953.1844482421875,26.250823974609375
29.2265625,953.0548706054688,26.235015869140625
29.2421875,953.0294799804688,26.248245239257812
29.2578125,952.9979248046875,26.253753662109375
29.2734375,953.0140380859375,26.256332397460938
29.2890625,952.9969482421875,26.252281188964844
29.3046875,952.995361328125,26.252281188964844
29.3203125,952.9917602539062,26.256332397460938
29.3359375,952.9867553710938,26.24456787109375
29.3515625,952.9671020507812,26.269195556640625
29.3671875,952.9802856445312,26.2603759765625
29.3828125,952.975830078125,26.256332397460938
29.3984375,952.9694213867188,26.25853729248047
29.4140625,952.9846801757812,26.26294708251953
29.4296875,952.9617919921875,26.252281188964844
29.4453125,952.9846801757812,26.266983032226562
29.4609375,952.9561767578125,26.27690887451172
29.4765625,952.976318359375,26.2633056640625
29.4921875,952.9707641601562,26.265884399414062
29.5078125,952.954833984375,26.265884399414062
29.5234375,952.9703979492188,26.267356872558594
29.5390625,952.9562377929688,26.2596435546875
29.5546875,952.9422607421875,26.27690887451172
29.5703125,952.9655151367188,26.265884399414062
29.5859375,952.9518432617188,26.28131866455078
29.6015625,952.9485473632812,26.271026611328125
29.6171875,952.9428100585938,26.270294189453125
29.6328125,952.9618530273438,26.275802612304688
29.6484375,952.9468383789062,26.273971557617188
29.6640625,952.95263671875,26.271392822265625
29.6796875,952.952392578125,26.26551055908203
29.6953125,952.9487915039062,26.270294189453125
29.7109375,952.9559326171875,26.26110076904297
29.7265625,952.9490356445312,26.266983032226562
29.7421875,952.9387817382812,26.266616821289062
29.7578125,952.941162109375,26.25853729248047
29.7734375,952.9523315429688,26.26110076904297
29.7890625,952.9395141601562,26.24677276611328
29.8046875,952.9381103515625,26.26220703125
29.8203125,952.9252319335938,26.254859924316406
29.8359375,952.938232421875,26.253387451171875
29.8515625,952.938720703125,26.26367950439453
29.8671875,952.943359375,26.248619079589844
29.8828125,952.9358520507812,26.25743865966797
29.8984375,952.9307861328125,26.250450134277344
29.9140625,952.929443359375,26.254127502441406
29.9296875,952.948974609375,26.26220703125
29.9453125,952.9281616210938,26.25853729248047
29.9609375,952.9398193359375,26.254127502441406
29.9765625,952.9387817382812,26.254127502441406
29.9921875,952.9381713867188,26.256690979003906
30.0078125,952.9235229492188,26.24456787109375
30.0234375,952.9222412109375,26.247512817382812
30.0390625,952.9393310546875,26.256690979003906
30.0546875,952.9336547851562,26.24383544921875
30.0703125,952.9383544921875,26.247512817382812
30.0859375,952.9285888671875,26.254127502441406
30.1015625,952.9518432617188,26.248977661132812
30.1171875,952.989013671875,26.256332397460938
30.1328125,953.0094604492188,26.254859924316406
30.1484375,953.1599731445312,26.25853729248047
30.1640625,953.1781616210938,26.251182556152344
30.1796875,953.234375,26.256690979003906
30.1953125,953.3292236328125,26.256690979003906
30.2109375,953.2677001953125,26.26294708251953
30.2265625,953.1243286132812,26.247512817382812
30.2421875,953.3486328125,26.25853729248047
30.2578125,953.2988891601562,26.248977661132812
30.2734375,953.2674560546875,26.255233764648438
30.2890625,953.4312133789062,26.265884399414062
30.3046875,953.3474731445312,26.265884399414062
30.3203125,953.3426513671875,26.268463134765625
30.3359375,953.4038696289062,26.240158081054688
30.3515625,953.1878051757812,26.25743865966797
30.3671875,953.3251342773438,26.25853729248047
30.3828125,953.1758422851562,26.26110076904297
30.3984375,953.255615234375,26.256690979003906
30.4140625,953.3435668945312,26.265884399414062
30.4296875,953.2237548828125,26.252281188964844
30.4453125,953.0604248046875,26.26220703125
30.4609375,953.2838134765625,26.257797241210938
30.4765625,953.1315307617188,26.266616821289062
30.4921875,953.1258544921875,26.26294708251953
30.5078125,953.225830078125,26.25926971435547
30.5234375,953.2816772460938,26.265884399414062
30.5390625,953.1090698242188,26.273971557617188
30.5546875,953.2735595703125,26.27690887451172
30.5703125,953.0963745117188,26.273231506347656
30.5859375,953.130126953125,26.284622192382812
30.6015625,953.2376098632812,26.27690887451172
30.6171875,953.1591186523438,26.272125244140625
30.6328125,953.2907104492188,26.282791137695312
30.6484375,953.1591186523438,26.28131866455078
30.6640625,953.327392578125,26.270294189453125
30.6796875,953.2667236328125,26.285728454589844
30.6953125,953.178466796875,26.2960205078125
30.7109375,953.1293334960938,26.28205108642578
30.7265625,953.1213989257812,26.28205108642578
30.7421875,953.4141845703125,26.291244506835938
30.7578125,953.1407470703125,26.2974853515625
30.7734375,952.9053955078125,26.29637908935547
30.7890625,953.122802734375,26.29822540283203
30.8046875,953.0799560546875,26.304473876953125
30.8203125,953.0255737304688,26.291969299316406
30.8359375,953.0005493164062,26.306304931640625
30.8515625,952.989990234375,26.304840087890625
30.8671875,952.9945678710938,26.31512451171875
30.8828125,952.9800415039062,26.304840087890625
30.8984375,953.0018310546875,26.31329345703125
30.9140625,952.9828491210938,26.305572509765625
30.9296875,952.9743041992188,26.33055877685547
30.9453125,952.9856567382812,26.322479248046875
30.9609375,952.9747924804688,26.328353881835938
30.9765625,952.9747924804688,26.322479248046875
30.9921875,952.9766235351562,26.3338623046875
31.0078125,952.9682006835938,26.328353881835938
31.0234375,952.9581298828125,26.337539672851562
31.0390625,952.958984375,26.31842803955078
31.0546875,952.9690551757812,26.327621459960938
31.0703125,952.9771728515625,26.335708618164062
31.0859375,952.964111328125,26.335708618164062
31.1015625,952.9660034179688,26.325042724609375
31.1171875,952.9619140625,26.341949462890625
31.1328125,952.9635620117188,26.336814880371094
31.1484375,952.9613037109375,26.34819793701172
