# Time (seconds),Pressure,Temp
0.0078125,953.7516479492188,29.89293670654297
0.0234375,953.7191772460938,29.887054443359375
0.0390625,953.7526245117188,29.89220428466797
0.0546875,953.7244873046875,29.883384704589844
0.0703125,953.7241821289062,29.887420654296875
0.0859375,953.7449951171875,29.904693603515625
0.1015625,953.7466430664062,29.902488708496094
0.1171875,953.7213134765625,29.897720336914062
0.1328125,953.7208251953125,29.902130126953125
0.1484375,953.743408203125,29.899925231933594
0.1640625,953.7210693359375,29.907997131347656
0.1796875,953.7374877929688,29.91057586669922
0.1953125,953.7215576171875,29.91057586669922
0.2109375,953.72802734375,29.923072814941406
0.2265625,953.7347412109375,29.91094970703125
0.2421875,953.7413330078125,29.91351318359375
0.2578125,953.722412109375,29.919021606445312
0.2734375,953.7385864257812,29.925277709960938
0.2890625,953.738037109375,29.920867919921875
0.3046875,953.7344970703125,29.92638397216797
0.3203125,953.7386474609375,29.917190551757812
0.3359375,953.7449951171875,29.93004608154297
0.3515625,953.7282104492188,29.935928344726562
0.3671875,953.7305908203125,29.93115234375
0.3828125,953.7324829101562,29.942176818847656
0.3984375,953.7396850585938,29.936660766601562
0.4140625,953.7469482421875,29.94768524169922
0.4296875,953.7263793945312,29.956878662109375
0.4453125,953.7517700195312,29.943275451660156
0.4609375,953.7294921875,29.950637817382812
0.4765625,953.7427978515625,29.954299926757812
0.4921875,953.7485961914062,29.960189819335938
0.5078125,953.7384033203125,29.966796875
0.5234375,953.7247314453125,29.953567504882812
0.5390625,953.7485961914062,29.9638671875
0.5546875,953.7388305664062,29.972686767578125
0.5703125,953.7258911132812,29.98186492919922
0.5859375,953.7297973632812,29.974517822265625
0.6015625,953.7200317382812,29.98186492919922
0.6171875,953.7286376953125,29.98333740234375
0.6328125,953.7210083007812,29.991058349609375
0.6484375,953.712158203125,29.98150634765625
0.6640625,953.7262573242188,29.993255615234375
0.6796875,953.7141723632812,29.996566772460938
0.6953125,953.7252807617188,30.005760192871094
0.7109375,953.693359375,30.005760192871094
0.7265625,953.710693359375,30.030372619628906
0.7421875,953.7285766601562,30.028533935546875
0.7578125,953.730224609375,30.023399353027344
0.7734375,953.7010498046875,30.03919219970703
0.7890625,953.7444458007812,30.0355224609375
0.8046875,953.7255859375,30.048385620117188
0.8203125,953.7501220703125,30.067855834960938
0.8359375,953.7095947265625,30.068222045898438
0.8515625,953.706787109375,30.09027099609375
0.8671875,953.705810546875,30.084762573242188
0.8828125,953.7262573242188,30.111953735351562
0.8984375,953.7427368164062,30.110122680664062
0.9140625,953.6923828125,30.115257263183594
0.9296875,953.7083129882812,30.12628173828125
0.9453125,953.7124633789062,30.148330688476562
0.9609375,953.703857421875,30.148704528808594
0.9765625,953.730224609375,30.165237426757812
0.9921875,953.6834716796875,30.174057006835938
1.0078125,953.7130126953125,30.183250427246094
1.0234375,953.7133178710938,30.204559326171875
1.0390625,953.72802734375,30.197586059570312
1.0546875,953.7266845703125,30.2144775390625
1.0703125,953.712890625,30.21337890625
1.0859375,953.7354736328125,30.234695434570312
1.1015625,953.69873046875,30.238731384277344
1.1171875,953.751708984375,30.245346069335938
1.1328125,953.7469482421875,30.262252807617188
1.1484375,953.72412109375,30.253067016601562
1.1640625,953.7196044921875,30.271804809570312
1.1796875,953.7501220703125,30.292022705078125
1.1953125,953.7228393554688,30.305984497070312
1.2109375,953.735595703125,30.319580078125
1.2265625,953.6987915039062,30.326927185058594
1.2421875,953.7282104492188,30.33391571044922
1.2578125,953.7235107421875,30.350448608398438
1.2734375,953.7286376953125,30.3548583984375
1.2890625,953.7380981445312,30.341262817382812
1.3046875,953.73193359375,30.357070922851562
1.3203125,953.7240600585938,30.362205505371094
1.3359375,953.7388305664062,30.378746032714844
1.3515625,953.7369384765625,30.360374450683594
1.3671875,953.7595825195312,30.375076293945312
1.3828125,953.7604370117188,30.375808715820312
1.3984375,953.7133178710938,30.39307403564453
1.4140625,953.7442626953125,30.40484619140625
1.4296875,953.7508544921875,30.419906616210938
1.4453125,953.7338256835938,30.419906616210938
1.4609375,953.7129516601562,30.42652130126953
1.4765625,953.7422485351562,30.438644409179688
1.4921875,953.7278442382812,30.44268798828125
1.5078125,953.728271484375,30.43975067138672
1.5234375,953.7531127929688,30.454452514648438
1.5390625,953.7479248046875,30.462173461914062
1.5546875,953.7385864257812,30.465103149414062
1.5703125,953.7741088867188,30.471351623535156
1.5859375,953.74365234375,30.45996856689453
1.6015625,953.7408447265625,30.47870635986328
1.6171875,953.733642578125,30.483474731445312
1.6328125,953.749755859375,30.49266815185547
1.6484375,953.7506103515625,30.482017517089844
1.6640625,953.7477416992188,30.502220153808594
1.6796875,953.7593383789062,30.4959716796875
1.6953125,953.7449951171875,30.499282836914062
1.7109375,953.7489013671875,30.51398468017578
1.7265625,953.7491455078125,30.51068115234375
1.7421875,953.7481689453125,30.51213836669922
1.7578125,953.7537231445312,30.52867889404297
1.7734375,953.7607421875,30.524269104003906
1.7890625,953.7548828125,30.525009155273438
1.8046875,953.7448120117188,30.52977752685547
1.8203125,953.7596435546875,30.520599365234375
1.8359375,953.7360229492188,30.520233154296875
1.8515625,953.7587280273438,30.520233154296875
1.8671875,953.757568359375,30.505897521972656
1.8828125,953.7645263671875,30.501113891601562
1.8984375,953.74609375,30.49083709716797
1.9140625,953.7486572265625,30.47943878173828
1.9296875,953.7450561523438,30.479812622070312
1.9453125,953.754638671875,30.482742309570312
1.9609375,953.750732421875,30.491195678710938
1.9765625,953.7403564453125,30.471351623535156
1.9921875,953.7544555664062,30.455184936523438
2.0078125,953.7528686523438,30.466583251953125
2.0234375,953.7533569335938,30.451873779296875
2.0390625,953.7603149414062,30.448196411132812
2.0546875,953.7479248046875,30.44342803955078
2.0703125,953.7481079101562,30.429100036621094
2.0859375,953.7424926757812,30.411819458007812
2.1015625,953.7485961914062,30.419906616210938
2.1171875,953.7547607421875,30.40740966796875
2.1328125,953.7474975585938,30.40484619140625
2.1484375,953.7472534179688,30.395278930664062
2.1640625,953.7391357421875,30.36956787109375
2.1796875,953.7467651367188,30.362205505371094
2.1953125,953.7418823242188,30.35523223876953
2.2109375,953.747802734375,30.365890502929688
2.2265625,953.7415161132812,30.344940185546875
2.2421875,953.7413330078125,30.33832550048828
2.2578125,953.760986328125,30.33318328857422
2.2734375,953.7562866210938,30.311134338378906
2.2890625,953.7462768554688,30.306724548339844
2.3046875,953.7559814453125,30.304153442382812
2.3203125,953.7300415039062,30.295700073242188
2.3359375,953.7454223632812,30.262252807617188
2.3515625,953.7481079101562,30.255645751953125
2.3671875,953.7498168945312,30.249755859375
2.3828125,953.749267578125,30.24571990966797
2.3984375,953.75,30.22881317138672
2.4140625,953.7352294921875,30.223670959472656
2.4296875,953.7466430664062,30.205299377441406
2.4453125,953.7400512695312,30.197586059570312
2.4609375,953.7440185546875,30.192428588867188
2.4765625,953.74169921875,30.169281005859375
2.4921875,953.7496948242188,30.163406372070312
2.5078125,953.7346801757812,30.16266632080078
2.5234375,953.7406005859375,30.135475158691406
2.5390625,953.7313232421875,30.13915252685547
2.5546875,953.7424926757812,30.115257263183594
2.5703125,953.73583984375,30.10901641845703
2.5859375,953.7286376953125,30.111221313476562
2.6015625,953.7396850585938,30.094314575195312
2.6171875,953.7403564453125,30.075942993164062
2.6328125,953.7384643554688,30.068222045898438
2.6484375,953.732421875,30.071533203125
2.6640625,953.7315673828125,30.050216674804688
2.6796875,953.7264404296875,30.031471252441406
2.6953125,953.7276611328125,30.041038513183594
2.7109375,953.7494506835938,30.042495727539062
2.7265625,953.7257080078125,30.030372619628906
2.7421875,953.7561645507812,30.022293090820312
2.7578125,953.7409057617188,30.005760192871094
2.7734375,953.7567138671875,30.005760192871094
2.7890625,953.75732421875,29.997299194335938
2.8046875,953.7211303710938,29.992156982421875
2.8203125,953.7523803710938,29.989219665527344
2.8359375,953.7113647460938,29.988479614257812
2.8515625,953.73828125,29.98296356201172
2.8671875,953.7561645507812,29.978553771972656
2.8828125,953.7432861328125,30.005760192871094
2.8984375,953.7399291992188,30.01678466796875
2.9140625,953.7385864257812,30.007591247558594
2.9296875,953.7718505859375,30.032943725585938
2.9453125,953.736083984375,30.03221893310547
2.9609375,953.7784423828125,30.028533935546875
2.9765625,953.7529296875,30.049484252929688
2.9921875,953.784912109375,30.051315307617188
3.0078125,953.7247314453125,30.048385620117188
3.0234375,953.7459106445312,30.080726623535156
3.0390625,953.7785034179688,30.07080078125
3.0546875,953.7506103515625,30.093582153320312
3.0703125,953.776123046875,30.083663940429688
3.0859375,953.7308959960938,30.110122680664062
3.1015625,953.768310546875,30.116363525390625
3.1171875,953.7484130859375,30.131797790527344
3.1328125,953.7279663085938,30.137306213378906
3.1484375,953.7936401367188,30.148704528808594
3.1640625,953.7679443359375,30.166343688964844
3.1796875,953.7666015625,30.167816162109375
3.1953125,953.7698364257812,30.174057006835938
3.2109375,953.7704467773438,30.17919921875
3.2265625,953.7709350585938,30.188392639160156
3.2421875,953.7974853515625,30.200889587402344
3.2578125,953.7796020507812,30.20861053466797
3.2734375,953.77685546875,30.218528747558594
3.2890625,953.7748413085938,30.223670959472656
3.3046875,953.7723388671875,30.243141174316406
3.3203125,953.8029174804688,30.243141174316406
3.3359375,953.7724609375,30.24755096435547
3.3515625,953.7687377929688,30.255645751953125
3.3671875,953.7539672851562,30.256370544433594
3.3828125,953.7582397460938,30.2850341796875
3.3984375,953.776611328125,30.296432495117188
3.4140625,953.8196411132812,30.30010986328125
3.4296875,953.782958984375,30.307456970214844
3.4453125,953.7728881835938,30.319580078125
3.4609375,953.7626953125,30.326927185058594
3.4765625,953.7819213867188,30.32141876220703
3.4921875,953.7473754882812,30.346038818359375
3.5078125,953.7874755859375,30.350448608398438
3.5234375,953.7621459960938,30.35228729248047
3.5390625,953.8059692382812,30.37287139892578
3.5546875,953.7930908203125,30.37102508544922
3.5703125,953.7677612304688,30.385360717773438
3.5859375,953.7483520507812,30.38610076904297
3.6015625,953.7883911132812,30.385360717773438
3.6171875,953.766845703125,30.394920349121094
3.6328125,953.7767944335938,30.413291931152344
3.6484375,953.7623901367188,30.421737670898438
3.6640625,953.7579345703125,30.4224853515625
3.6796875,953.7579956054688,30.42652130126953
3.6953125,953.7661743164062,30.434608459472656
3.7109375,953.7579345703125,30.43901824951172
3.7265625,953.7404174804688,30.438644409179688
3.7421875,953.7589721679688,30.456283569335938
3.7578125,953.7702026367188,30.455184936523438
3.7734375,953.7510986328125,30.445632934570312
3.7890625,953.7567749023438,30.452606201171875
3.8046875,953.7603759765625,30.46142578125
3.8203125,953.768310546875,30.45555877685547
3.8359375,953.7451171875,30.452247619628906
3.8515625,953.7669067382812,30.453353881835938
3.8671875,953.7694091796875,30.432762145996094
3.8828125,953.7673950195312,30.436813354492188
3.8984375,953.7504272460938,30.437545776367188
3.9140625,953.7529296875,30.42652130126953
3.9296875,953.7517700195312,30.419906616210938
3.9453125,953.7445678710938,30.43791961669922
3.9609375,953.7565307617188,30.419906616210938
3.9765625,953.7542114257812,30.415122985839844
3.9921875,953.7476196289062,30.398231506347656
4.0078125,953.7520751953125,30.392715454101562
4.0234375,953.7645263671875,30.366615295410156
4.0390625,953.7620239257812,30.380592346191406
4.0546875,953.7622680664062,30.381690979003906
4.0703125,953.7509155273438,30.365516662597656
4.0859375,953.7606811523438,30.360374450683594
4.1015625,953.7589721679688,30.362205505371094
4.1171875,953.7489624023438,30.362205505371094
4.1328125,953.7459716796875,30.3548583984375
4.1484375,953.7482299804688,30.34972381591797
4.1640625,953.7590942382812,30.33649444580078
4.1796875,953.7470703125,30.322158813476562
4.1953125,953.7391357421875,30.311492919921875
4.2109375,953.748779296875,30.287612915039062
4.2265625,953.7254638671875,30.2850341796875
4.2421875,953.7384033203125,30.283203125
4.2578125,953.751953125,30.278060913085938
4.2734375,953.7275390625,30.251602172851562
4.2890625,953.738037109375,30.238731384277344
4.3046875,953.7361450195312,30.24498748779297
4.3203125,953.7367553710938,30.25012969970703
4.3359375,953.7396850585938,30.241310119628906
4.3515625,953.7484130859375,30.216323852539062
4.3671875,953.7344970703125,30.207138061523438
4.3828125,953.7330932617188,30.206031799316406
4.3984375,953.7329711914062,30.197586059570312
4.4140625,953.7440185546875,30.19500732421875
4.4296875,953.7568359375,30.184715270996094
4.4453125,953.73974609375,30.17333221435547
4.4609375,953.7171630859375,30.172958374023438
4.4765625,953.727294921875,30.16156005859375
4.4921875,953.7374877929688,30.16010284423828
4.5078125,953.7462768554688,30.16046142578125
4.5234375,953.7403564453125,30.150909423828125
4.5390625,953.7423706054688,30.13988494873047
4.5546875,953.7364501953125,30.1431884765625
4.5703125,953.735595703125,30.116004943847656
4.5859375,953.73828125,30.1068115234375
4.6015625,953.7392578125,30.09320831298828
4.6171875,953.7366943359375,30.084762573242188
4.6328125,953.7364501953125,30.08917236328125
4.6484375,953.7333374023438,30.072265625
4.6640625,953.7257080078125,30.060508728027344
4.6796875,953.723876953125,30.061981201171875
4.6953125,953.7246704101562,30.063812255859375
4.7109375,953.7330932617188,30.047279357910156
4.7265625,953.7374877929688,30.045074462890625
4.7421875,953.7498779296875,30.049484252929688
4.7578125,953.731689453125,30.042495727539062
4.7734375,953.7466430664062,30.028533935546875
4.7890625,953.7283935546875,30.0355224609375
4.8046875,953.7680053710938,30.037353515625
4.8203125,953.7491455078125,30.023399353027344
4.8359375,953.7489013671875,30.027809143066406
4.8515625,953.7587890625,30.01751708984375
4.8671875,953.780517578125,30.01751708984375
4.8828125,953.7548828125,30.02155303955078
4.8984375,953.7553100585938,30.044342041015625
4.9140625,953.7640380859375,30.029640197753906
4.9296875,953.7339477539062,30.0355224609375
4.9453125,953.7835083007812,30.028533935546875
4.9609375,953.781005859375,30.0355224609375
4.9765625,953.7404174804688,30.049484252929688
4.9921875,953.749755859375,30.041038513183594
5.0078125,953.740966796875,30.05683135986328
5.0234375,953.7587890625,30.074844360351562
5.0390625,953.7384033203125,30.068222045898438
5.0546875,953.7821044921875,30.072265625
5.0703125,953.751953125,30.081825256347656
5.0859375,953.7612915039062,30.081825256347656
5.1015625,953.7505493164062,30.083663940429688
5.1171875,953.7500610351562,30.08879852294922
5.1328125,953.7841186523438,30.101303100585938
5.1484375,953.7793579101562,30.111221313476562
5.1640625,953.7486572265625,30.116004943847656
5.1796875,953.7424926757812,30.118568420410156
5.1953125,953.7404174804688,30.131065368652344
5.2109375,953.7631225585938,30.148330688476562
5.2265625,953.7678833007812,30.15679168701172
5.2421875,953.7860107421875,30.164512634277344
5.2578125,953.7813720703125,30.17443084716797
5.2734375,953.7704467773438,30.19097137451172
5.2890625,953.7643432617188,30.186187744140625
5.3046875,953.7686767578125,30.199417114257812
5.3203125,953.7890625,30.215957641601562
5.3359375,953.7572631835938,30.218528747558594
5.3515625,953.7395629882812,30.222938537597656
5.3671875,953.7645263671875,30.224403381347656
5.3828125,953.7723999023438,30.234695434570312
5.3984375,953.7154541015625,30.243141174316406
5.4140625,953.763427734375,30.255645751953125
5.4296875,953.7562866210938,30.26483154296875
5.4453125,953.8014526367188,30.26409149169922
5.4609375,953.7793579101562,30.28357696533203
5.4765625,953.7459716796875,30.293853759765625
5.4921875,953.7517700195312,30.287986755371094
5.5078125,953.7571411132812,30.287612915039062
5.5234375,953.7559204101562,30.304519653320312
5.5390625,953.755859375,30.312240600585938
5.5546875,953.7434692382812,30.33208465576172
5.5703125,953.7573852539062,30.343467712402344
5.5859375,953.7584838867188,30.35523223876953
5.6015625,953.7584838867188,30.35413360595703
5.6171875,953.7720947265625,30.366256713867188
5.6328125,953.7489013671875,30.364784240722656
5.6484375,953.7576293945312,30.359642028808594
5.6640625,953.7553100585938,30.380950927734375
5.6796875,953.7503051757812,30.382797241210938
5.6953125,953.7623901367188,30.395278930664062
5.7109375,953.7606201171875,30.402267456054688
5.7265625,953.7643432617188,30.402267456054688
5.7421875,953.7493286132812,30.419174194335938
5.7578125,953.754638671875,30.432762145996094
5.7734375,953.7493286132812,30.447463989257812
5.7890625,953.75927734375,30.452247619628906
5.8046875,953.7512817382812,30.44268798828125
5.8203125,953.7719116210938,30.450775146484375
5.8359375,953.7614135742188,30.455184936523438
5.8515625,953.7695922851562,30.438644409179688
5.8671875,953.751220703125,30.452606201171875
5.8828125,953.751953125,30.446739196777344
5.8984375,953.7568359375,30.44268798828125
5.9140625,953.768310546875,30.445266723632812
5.9296875,953.7410888671875,30.453353881835938
5.9453125,953.744873046875,30.429824829101562
5.9609375,953.7581176757812,30.452606201171875
5.9765625,953.7573852539062,30.439376831054688
5.9921875,953.7567138671875,30.42578887939453
6.0078125,953.7451171875,30.419174194335938
6.0234375,953.7713623046875,30.419906616210938
6.0390625,953.7565307617188,30.40814971923828
6.0546875,953.7559814453125,30.40484619140625
6.0703125,953.755615234375,30.402267456054688
6.0859375,953.75,30.398590087890625
6.1015625,953.7550048828125,30.39051055908203
6.1171875,953.7595825195312,30.38610076904297
6.1328125,953.7590942382812,30.37287139892578
6.1484375,953.761474609375,30.37287139892578
6.1640625,953.7518310546875,30.379844665527344
6.1796875,953.7650756835938,30.35302734375
6.1953125,953.7623901367188,30.35779571533203
6.2109375,953.7598876953125,30.35523223876953
6.2265625,953.7542724609375,30.350448608398438
6.2421875,953.7592163085938,30.343467712402344
6.2578125,953.7465209960938,30.33795166015625
6.2734375,953.7514038085938,30.33502197265625
6.2890625,953.7576904296875,30.313339233398438
6.3046875,953.750732421875,30.30194091796875
6.3203125,953.7544555664062,30.286880493164062
6.3359375,953.7498779296875,30.289817810058594
6.3515625,953.7501220703125,30.280624389648438
6.3671875,953.7403564453125,30.272552490234375
6.3828125,953.7269897460938,30.269241333007812
6.3984375,953.7672729492188,30.269241333007812
6.4140625,953.733154296875,30.241310119628906
6.4296875,953.723876953125,30.243141174316406
6.4453125,953.749755859375,30.241310119628906
6.4609375,953.747802734375,30.22881317138672
6.4765625,953.7471923828125,30.215957641601562
6.4921875,953.7381591796875,30.19353485107422
6.5078125,953.7496948242188,30.199417114257812
6.5234375,953.7442016601562,30.192428588867188
6.5390625,953.7394409179688,30.187660217285156
6.5546875,953.7412109375,30.188018798828125
6.5703125,953.7431640625,30.17516326904297
6.5859375,953.7333984375,30.174057006835938
6.6015625,953.7327270507812,30.167816162109375
6.6171875,953.7416381835938,30.167816162109375
6.6328125,953.7410888671875,30.153488159179688
6.6484375,953.7223510742188,30.141357421875
6.6640625,953.7330322265625,30.131065368652344
6.6796875,953.72607421875,30.141357421875
6.6953125,953.7294311523438,30.120773315429688
6.7109375,953.7363891601562,30.113426208496094
6.7265625,953.7237548828125,30.08623504638672
6.7421875,953.7360229492188,30.083663940429688
6.7578125,953.7339477539062,30.0704345703125
6.7734375,953.7427978515625,30.0704345703125
6.7890625,953.7296142578125,30.05352020263672
6.8046875,953.7266845703125,30.057571411132812
6.8203125,953.754638671875,30.051315307617188
6.8359375,953.7307739257812,30.044342041015625
6.8515625,953.7300415039062,30.047653198242188
6.8671875,953.7578735351562,30.044342041015625
6.8828125,953.7516479492188,30.0355224609375
6.8984375,953.7470703125,30.03515625
6.9140625,953.7727661132812,30.03221893310547
6.9296875,953.7562866210938,30.039566040039062
6.9453125,953.7462768554688,30.05242156982422
6.9609375,953.7326049804688,30.0355224609375
6.9765625,953.76318359375,30.049484252929688
6.9921875,953.774169921875,30.051315307617188
7.0078125,953.7857055664062,30.05462646484375
7.0234375,953.8117065429688,30.051315307617188
7.0390625,953.7821655273438,30.05572509765625
7.0546875,953.7587280273438,30.058677673339844
7.0703125,953.8348388671875,30.0726318359375
7.0859375,953.78125,30.064918518066406
7.1015625,953.7404174804688,30.08734130859375
7.1171875,953.7779541015625,30.094314575195312
7.1328125,953.7882080078125,30.1075439453125
7.1484375,953.7930908203125,30.111221313476562
7.1640625,953.7940673828125,30.1068115234375
7.1796875,953.7810668945312,30.111595153808594
7.1953125,953.7642211914062,30.110122680664062
7.2109375,953.7748413085938,30.134368896484375
7.2265625,953.8226318359375,30.135475158691406
7.2421875,953.8095703125,30.149078369140625
7.2578125,953.8145141601562,30.156417846679688
7.2734375,953.8218383789062,30.16156005859375
7.2890625,953.8421020507812,30.16010284423828
7.3046875,953.8436279296875,30.165237426757812
7.3203125,953.76953125,30.172225952148438
7.3359375,953.7510986328125,30.183982849121094
7.3515625,953.7713623046875,30.200889587402344
7.3671875,953.7975463867188,30.19683837890625
7.3828125,953.82763671875,30.19647979736328
7.3984375,953.8175048828125,30.204200744628906
7.4140625,953.8050537109375,30.204559326171875
7.4296875,953.81640625,30.216323852539062
7.4453125,953.7793579101562,30.226608276367188
7.4609375,953.8175048828125,30.23432159423828
7.4765625,953.8276977539062,30.222564697265625
7.4921875,953.8265380859375,30.227706909179688
7.5078125,953.8426513671875,30.239105224609375
7.5234375,953.8187255859375,30.238731384277344
7.5390625,953.8036499023438,30.232864379882812
7.5546875,953.7858276367188,30.24571990966797
7.5703125,953.7822265625,30.249755859375
7.5859375,953.768310546875,30.255645751953125
7.6015625,953.805908203125,30.2490234375
7.6171875,953.8322143554688,30.26262664794922
7.6328125,953.7958984375,30.260055541992188
7.6484375,953.7789916992188,30.258949279785156
7.6640625,953.810546875,30.252708435058594
7.6796875,953.766845703125,30.258216857910156
7.6953125,953.7787475585938,30.256370544433594
7.7109375,953.778564453125,30.24829864501953
7.7265625,953.7503051757812,30.256370544433594
7.7421875,953.7594604492188,30.253807067871094
7.7578125,953.74365234375,30.262252807617188
7.7734375,953.7330932617188,30.259681701660156
7.7890625,953.7257690429688,30.250503540039062
7.8046875,953.749267578125,30.2479248046875
7.8203125,953.7496948242188,30.252708435058594
7.8359375,953.74951171875,30.260780334472656
7.8515625,953.7413330078125,30.253433227539062
7.8671875,953.7346801757812,30.239479064941406
7.8828125,953.7511596679688,30.256011962890625
7.8984375,953.755859375,30.249755859375
7.9140625,953.749267578125,30.25012969970703
7.9296875,953.7420654296875,30.242416381835938
7.9453125,953.7484741210938,30.252708435058594
7.9609375,953.744140625,30.251235961914062
7.9765625,953.7493286132812,30.237274169921875
7.9921875,953.736083984375,30.234695434570312
8.0078125,953.7489624023438,30.236167907714844
8.0234375,953.7478637695312,30.238372802734375
8.0390625,953.7481079101562,30.23432159423828
8.0546875,953.748779296875,30.241310119628906
8.0703125,953.7465209960938,30.223670959472656
8.0859375,953.73828125,30.22991180419922
8.1015625,953.7364501953125,30.22845458984375
8.1171875,953.7483520507812,30.21668243408203
8.1328125,953.7345581054688,30.216323852539062
8.1484375,953.7464599609375,30.20861053466797
8.1640625,953.7487182617188,30.217430114746094
8.1796875,953.7286376953125,30.207504272460938
8.1953125,953.733642578125,30.199417114257812
8.2109375,953.7268676757812,30.199417114257812
8.2265625,953.7369995117188,30.201622009277344
8.2421875,953.7252807617188,30.201995849609375
8.2578125,953.7330932617188,30.187286376953125
8.2734375,953.7459716796875,30.182151794433594
8.2890625,953.7317504882812,30.186187744140625
8.3046875,953.742919921875,30.174057006835938
8.3203125,953.74169921875,30.188018798828125
8.3359375,953.7317504882812,30.15935516357422
8.3515625,953.7372436523438,30.166343688964844
8.3671875,953.7409057617188,30.165611267089844
8.3828125,953.7294921875,30.156051635742188
8.3984375,953.7285766601562,30.153488159179688
8.4140625,953.7396850585938,30.148330688476562
8.4296875,953.7247924804688,30.144668579101562
8.4453125,953.7274169921875,30.146499633789062
8.4609375,953.741943359375,30.1431884765625
8.4765625,953.7319946289062,30.127029418945312
8.4921875,953.7369995117188,30.135101318359375
8.5078125,953.7378540039062,30.133644104003906
8.5234375,953.7347412109375,30.12445068359375
8.5390625,953.7319946289062,30.116004943847656
8.5546875,953.7322998046875,30.116004943847656
8.5703125,953.737060546875,30.095787048339844
8.5859375,953.7321166992188,30.111595153808594
8.6015625,953.7306518554688,30.113052368164062
8.6171875,953.7207641601562,30.104232788085938
8.6328125,953.7443237304688,30.114158630371094
8.6484375,953.7291870117188,30.096519470214844
8.6640625,953.7381591796875,30.09137725830078
8.6796875,953.7216186523438,30.091751098632812
8.6953125,953.7335815429688,30.084762573242188
8.7109375,953.7328491210938,30.081825256347656
8.7265625,953.7337036132812,30.08807373046875
8.7421875,953.730224609375,30.084762573242188
8.7578125,953.73583984375,30.072265625
8.7734375,953.7447509765625,30.074111938476562
8.7890625,953.744873046875,30.0697021484375
8.8046875,953.7283325195312,30.059776306152344
8.8203125,953.7500610351562,30.061981201171875
8.8359375,953.755126953125,30.05499267578125
8.8515625,953.7508544921875,30.050216674804688
8.8671875,953.7354736328125,30.059402465820312
8.8828125,953.7512817382812,30.058677673339844
8.8984375,953.7589721679688,30.045074462890625
8.9140625,953.75341796875,30.05426788330078
8.9296875,953.7584838867188,30.050216674804688
8.9453125,953.7581787109375,30.04029083251953
8.9609375,953.7708129882812,30.03221893310547
8.9765625,953.7724609375,30.037353515625
8.9921875,953.7639770507812,30.03588104248047
9.0078125,953.751953125,30.034423828125
9.0234375,953.770263671875,30.037353515625
9.0390625,953.7836303710938,30.03588104248047
9.0546875,953.7794189453125,30.03588104248047
9.0703125,953.8069458007812,30.042495727539062
9.0859375,953.7830200195312,30.048751831054688
9.1015625,953.7962036132812,30.041038513183594
9.1171875,953.7828979492188,30.046905517578125
9.1328125,953.794921875,30.05609893798828
9.1484375,953.7993774414062,30.067855834960938
9.1640625,953.7974853515625,30.057571411132812
9.1796875,953.7958984375,30.057571411132812
9.1953125,953.7540283203125,30.072265625
9.2109375,953.7734375,30.07300567626953
9.2265625,953.7950439453125,30.083663940429688
9.2421875,953.8038940429688,30.08954620361328
9.2578125,953.7781982421875,30.093582153320312
9.2734375,953.7737426757812,30.097991943359375
9.2890625,953.8016967773438,30.103134155273438
9.3046875,953.7621459960938,30.121139526367188
9.3203125,953.7514038085938,30.111595153808594
9.3359375,953.7803955078125,30.134368896484375
9.3515625,953.7772216796875,30.133270263671875
9.3671875,953.7759399414062,30.16266632080078
9.3828125,953.7650756835938,30.156417846679688
9.3984375,953.785888671875,30.15899658203125
9.4140625,953.7647705078125,30.153488159179688
9.4296875,953.7684326171875,30.166343688964844
9.4453125,953.7654418945312,30.17699432373047
9.4609375,953.7640991210938,30.167816162109375
9.4765625,953.7649536132812,30.1773681640625
9.4921875,953.7599487304688,30.182510375976562
9.5078125,953.7998046875,30.167816162109375
9.5234375,953.7769165039062,30.171485900878906
9.5390625,953.7701416015625,30.182510375976562
9.5546875,953.7777099609375,30.182510375976562
9.5703125,953.8016357421875,30.180679321289062
9.5859375,953.8331909179688,30.17516326904297
9.6015625,953.8021850585938,30.174057006835938
9.6171875,953.7972412109375,30.17919921875
9.6328125,953.8223266601562,30.19097137451172
9.6484375,953.7989501953125,30.17884063720703
9.6640625,953.79296875,30.1781005859375
9.6796875,953.79296875,30.185455322265625
9.6953125,953.7649536132812,30.170021057128906
9.7109375,953.7861328125,30.15972900390625
9.7265625,953.78515625,30.17333221435547
9.7421875,953.7703857421875,30.15789794921875
9.7578125,953.7454223632812,30.170753479003906
9.7734375,953.768798828125,30.169281005859375
9.7890625,953.7501831054688,30.16376495361328
9.8046875,953.7406616210938,30.153488159179688
9.8203125,953.7349243164062,30.15899658203125
9.8359375,953.740234375,30.156417846679688
9.8515625,953.72802734375,30.152381896972656
9.8671875,953.7407836914062,30.148330688476562
9.8828125,953.7313842773438,30.138778686523438
9.8984375,953.7388305664062,30.133644104003906
9.9140625,953.7311401367188,30.141357421875
9.9296875,953.7271118164062,30.131439208984375
9.9453125,953.714111328125,30.133644104003906
9.9609375,953.7197265625,30.12445068359375
9.9765625,953.7470092773438,30.119308471679688
9.9921875,953.721923828125,30.10974884033203
10.0078125,953.7179565429688,30.116729736328125
10.0234375,953.7294311523438,30.10277557373047
10.0390625,953.716064453125,30.100929260253906
10.0546875,953.7278442382812,30.091751098632812
10.0703125,953.7252197265625,30.084762573242188
10.0859375,953.7178955078125,30.093582153320312
10.1015625,953.7271728515625,30.09064483642578
10.1171875,953.7268676757812,30.097991943359375
10.1328125,953.7227783203125,30.076316833496094
10.1484375,953.7362060546875,30.084762573242188
10.1640625,953.7257080078125,30.0726318359375
10.1796875,953.7244873046875,30.066749572753906
10.1953125,953.72802734375,30.066024780273438
10.2109375,953.7219848632812,30.062339782714844
10.2265625,953.7305908203125,30.057205200195312
10.2421875,953.7205200195312,30.057571411132812
10.2578125,953.7355346679688,30.068222045898438
10.2734375,953.7294311523438,30.05536651611328
10.2890625,953.7299194335938,30.065292358398438
10.3046875,953.7321166992188,30.05683135986328
10.3203125,953.7301635742188,30.063446044921875
10.3359375,953.712158203125,30.050216674804688
10.3515625,953.720458984375,30.05683135986328
10.3671875,953.7056274414062,30.062339782714844
10.3828125,953.7210083007812,30.056472778320312
10.3984375,953.7120971679688,30.059402465820312
10.4140625,953.705810546875,30.058677673339844
10.4296875,953.7093505859375,30.040664672851562
10.4453125,953.7051391601562,30.044700622558594
10.4609375,953.7276611328125,30.05499267578125
10.4765625,953.7125854492188,30.044342041015625
10.4921875,953.7102661132812,30.02044677734375
10.5078125,953.6978149414062,30.0369873046875
10.5234375,953.7054443359375,30.029640197753906
10.5390625,953.6957397460938,30.023399353027344
10.5546875,953.7010498046875,30.025230407714844
10.5703125,953.6881713867188,30.012374877929688
10.5859375,953.7071533203125,30.006118774414062
10.6015625,953.6862182617188,29.988479614257812
10.6171875,953.704833984375,30.001708984375
10.6328125,953.6755981445312,29.977096557617188
10.6484375,953.7131958007812,29.976722717285156
10.6640625,953.7107543945312,29.978927612304688
10.6796875,953.69482421875,29.972686767578125
10.6953125,953.7073974609375,29.975990295410156
10.7109375,953.689208984375,29.957252502441406
10.7265625,953.7010498046875,29.962020874023438
10.7421875,953.7021484375,29.972312927246094
10.7578125,953.7042846679688,29.96790313720703
10.7734375,953.7093505859375,29.955047607421875
10.7890625,953.71875,29.956878662109375
10.8046875,953.7088012695312,29.959083557128906
10.8203125,953.7233276367188,29.956878662109375
10.8359375,953.6932373046875,29.95209503173828
10.8515625,953.7023315429688,29.955406188964844
10.8671875,953.7164916992188,29.940338134765625
10.8828125,953.7346801757812,29.938140869140625
10.8984375,953.7427978515625,29.942176818847656
10.9140625,953.731201171875,29.93335723876953
10.9296875,953.7572631835938,29.941444396972656
10.9453125,953.747314453125,29.93004608154297
10.9609375,953.7420043945312,29.938865661621094
10.9765625,953.7411499023438,29.934829711914062
10.9921875,953.7352905273438,29.936660766601562
11.0078125,953.7743530273438,29.93004608154297
11.0234375,953.7491455078125,29.924911499023438
11.0390625,953.7969970703125,29.93262481689453
11.0546875,953.8055419921875,29.94512176513672
11.0703125,953.7578735351562,29.937034606933594
11.0859375,953.8383178710938,29.933731079101562
11.1015625,953.7925415039062,29.950637817382812
11.1171875,953.7907104492188,29.933731079101562
11.1328125,953.8678588867188,29.942176818847656
11.1484375,953.8017578125,29.951370239257812
11.1640625,953.764404296875,29.954299926757812
11.1796875,953.7921752929688,29.941444396972656
11.1953125,953.774169921875,29.94915771484375
11.2109375,953.7755737304688,29.94512176513672
11.2265625,953.7793579101562,29.94989013671875
11.2421875,953.8001098632812,29.962020874023438
11.2578125,953.7900390625,29.96790313720703
11.2734375,953.7726440429688,29.966796875
11.2890625,953.7570190429688,29.969375610351562
11.3046875,953.790771484375,29.969009399414062
11.3203125,953.7692260742188,29.978553771972656
11.3359375,953.8382568359375,29.98113250732422
11.3515625,953.8331909179688,29.996192932128906
11.3671875,953.8088989257812,29.98333740234375
11.3828125,953.805908203125,29.979660034179688
11.3984375,953.8599243164062,30.00135040283203
11.4140625,953.803466796875,29.993629455566406
11.4296875,953.7936401367188,30.00135040283203
11.4453125,953.7789916992188,29.998397827148438
11.4609375,953.7996826171875,29.993988037109375
11.4765625,953.8463745117188,30.011268615722656
11.4921875,953.8342895507812,30.014205932617188
11.5078125,953.7903442382812,30.014205932617188
11.5234375,953.7813720703125,30.014205932617188
11.5390625,953.776611328125,30.027809143066406
11.5546875,953.7785034179688,30.0362548828125
11.5703125,953.8170776367188,30.041038513183594
11.5859375,953.7798461914062,30.031845092773438
11.6015625,953.8125,30.058677673339844
11.6171875,953.8175659179688,30.050216674804688
11.6328125,953.880615234375,30.048751831054688
11.6484375,953.838623046875,30.067855834960938
11.6640625,953.8740234375,30.057205200195312
11.6796875,953.8352661132812,30.063087463378906
11.6953125,953.8114013671875,30.063812255859375
11.7109375,953.8114624023438,30.07006072998047
11.7265625,953.8359985351562,30.07115936279297
11.7421875,953.7876586914062,30.077774047851562
11.7578125,953.8170166015625,30.09064483642578
11.7734375,953.7621459960938,30.084762573242188
11.7890625,953.7584838867188,30.079620361328125
11.8046875,953.7495727539062,30.093582153320312
11.8203125,953.7623901367188,30.09027099609375
11.8359375,953.7411499023438,30.09320831298828
11.8515625,953.7594604492188,30.09137725830078
11.8671875,953.8052368164062,30.101303100585938
11.8828125,953.7661743164062,30.084762573242188
11.8984375,953.7854614257812,30.091751098632812
11.9140625,953.7914428710938,30.1068115234375
11.9296875,953.7744140625,30.097618103027344
11.9453125,953.7628784179688,30.08879852294922
11.9609375,953.7398071289062,30.096519470214844
11.9765625,953.751953125,30.08623504638672
11.9921875,953.7425537109375,30.096519470214844
12.0078125,953.7340698242188,30.08879852294922
12.0234375,953.7243041992188,30.101303100585938
12.0390625,953.7285766601562,30.097259521484375
12.0546875,953.7400512695312,30.09027099609375
12.0703125,953.7380981445312,30.08954620361328
12.0859375,953.724365234375,30.09064483642578
12.1015625,953.7363891601562,30.100929260253906
12.1171875,953.7344360351562,30.083663940429688
12.1328125,953.724365234375,30.074111938476562
12.1484375,953.7299194335938,30.081825256347656
12.1640625,953.7325439453125,30.08879852294922
12.1796875,953.7344360351562,30.09064483642578
12.1953125,953.7322387695312,30.083663940429688
12.2109375,953.7141723632812,30.097618103027344
12.2265625,953.7353515625,30.084762573242188
12.2421875,953.7328491210938,30.08734130859375
12.2578125,953.7283325195312,30.074844360351562
12.2734375,953.7288818359375,30.084762573242188
12.2890625,953.718505859375,30.0697021484375
12.3046875,953.7194213867188,30.08623504638672
12.3203125,953.7186279296875,30.081825256347656
12.3359375,953.7152099609375,30.074111938476562
12.3515625,953.7203979492188,30.072265625
12.3671875,953.7250366210938,30.074111938476562
12.3828125,953.710205078125,30.074111938476562
12.3984375,953.7138061523438,30.072265625
12.4140625,953.7041015625,30.07556915283203
12.4296875,953.7116088867188,30.066749572753906
12.4453125,953.7107543945312,30.062339782714844
12.4609375,953.703125,30.067855834960938
12.4765625,953.7108154296875,30.07373809814453
12.4921875,953.7060546875,30.062339782714844
12.5078125,953.7156982421875,30.05462646484375
12.5234375,953.708251953125,30.066024780273438
12.5390625,953.6891479492188,30.05426788330078
12.5546875,953.708251953125,30.059776306152344
12.5703125,953.7022705078125,30.045074462890625
12.5859375,953.6901245117188,30.050216674804688
12.6015625,953.7133178710938,30.028533935546875
12.6171875,953.6931762695312,30.037353515625
12.6328125,953.6934814453125,30.034423828125
12.6484375,953.6890258789062,30.0362548828125
12.6640625,953.6879272460938,30.01678466796875
12.6796875,953.6859741210938,30.02044677734375
12.6953125,953.7037353515625,30.01971435546875
12.7109375,953.6917114257812,30.013832092285156
12.7265625,953.6881713867188,30.01751708984375
12.7421875,953.6945190429688,30.005760192871094
12.7578125,953.70654296875,30.024124145507812
12.7734375,953.692138671875,30.023399353027344
12.7890625,953.6986694335938,30.01678466796875
12.8046875,953.6997680664062,30.007591247558594
12.8203125,953.67919921875,30.00135040283203
12.8359375,953.6845092773438,29.978553771972656
12.8515625,953.6947631835938,29.991424560546875
12.8671875,953.6817626953125,29.992156982421875
12.8828125,953.6979370117188,30.00501251220703
12.8984375,953.7034301757812,30.001708984375
12.9140625,953.7096557617188,29.988479614257812
12.9296875,953.6845092773438,29.98516845703125
12.9453125,953.6829223632812,29.978553771972656
12.9609375,953.6822509765625,29.98186492919922
12.9765625,953.6884765625,29.98296356201172
12.9921875,953.6892700195312,29.988479614257812
13.0078125,953.6796875,29.997299194335938
13.0234375,953.6864624023438,30.00135040283203
13.0390625,953.6857299804688,29.978553771972656
13.0546875,953.680419921875,29.991058349609375
13.0703125,953.6959838867188,29.975990295410156
13.0859375,953.6957397460938,29.979660034179688
13.1015625,953.6842041015625,29.979660034179688
13.1171875,953.696044921875,29.975990295410156
13.1328125,953.6875,29.972686767578125
13.1484375,953.7049560546875,29.967529296875
13.1640625,953.7098388671875,29.972312927246094
13.1796875,953.731201171875,29.974517822265625
13.1953125,953.7314453125,29.98150634765625
13.2109375,953.7620239257812,29.971206665039062
13.2265625,953.7149658203125,29.975990295410156
13.2421875,953.8009643554688,29.972312927246094
13.2578125,953.8142700195312,29.971939086914062
13.2734375,953.7999267578125,29.967529296875
13.2890625,953.8228149414062,29.96863555908203
13.3046875,953.8217163085938,29.98627471923828
13.3203125,953.8150634765625,29.974517822265625
13.3359375,953.8396606445312,29.972686767578125
13.3515625,953.8717651367188,29.966796875
13.3671875,953.9440307617188,29.96863555908203
13.3828125,953.8641967773438,29.975990295410156
13.3984375,953.907958984375,29.98333740234375
13.4140625,953.8770141601562,29.973785400390625
13.4296875,953.8826293945312,29.986648559570312
13.4453125,953.8880004882812,29.978553771972656
13.4609375,953.900390625,29.978927612304688
13.4765625,953.87060546875,29.977828979492188
13.4921875,953.8477783203125,29.992156982421875
13.5078125,953.8497924804688,30.0020751953125
13.5234375,953.8047485351562,30.0020751953125
13.5390625,953.7713012695312,30.012374877929688
13.5546875,953.73583984375,30.0020751953125
13.5703125,953.7646484375,30.012733459472656
13.5859375,953.7860717773438,30.009422302246094
13.6015625,953.7815551757812,30.010894775390625
13.6171875,953.7506103515625,30.028533935546875
13.6328125,953.7517700195312,30.028533935546875
13.6484375,953.7631225585938,30.022293090820312
13.6640625,953.7827758789062,30.03919219970703
13.6796875,953.8071899414062,30.0362548828125
13.6953125,953.774658203125,30.023399353027344
13.7109375,953.7811279296875,30.03919219970703
13.7265625,953.7617797851562,30.044700622558594
13.7421875,953.7879638671875,30.049484252929688
13.7578125,953.75146484375,30.03662872314453
13.7734375,953.7567749023438,30.048385620117188
13.7890625,953.7387084960938,30.046905517578125
13.8046875,953.7691040039062,30.05462646484375
13.8203125,953.7650756835938,30.059402465820312
13.8359375,953.7482299804688,30.05536651611328
13.8515625,953.78076171875,30.065650939941406
13.8671875,953.7596435546875,30.07115936279297
13.8828125,953.807373046875,30.0697021484375
13.8984375,953.797607421875,30.058677673339844
13.9140625,953.7612915039062,30.057571411132812
13.9296875,953.765380859375,30.072265625
13.9453125,953.7489013671875,30.066749572753906
13.9609375,953.7567749023438,30.06859588623047
13.9765625,953.7533569335938,30.074111938476562
13.9921875,953.7467041015625,30.084388732910156
14.0078125,953.750732421875,30.084388732910156
14.0234375,953.751953125,30.09064483642578
14.0390625,953.7430419921875,30.08807373046875
14.0546875,953.7374267578125,30.081825256347656
14.0703125,953.7296142578125,30.084762573242188
14.0859375,953.7328491210938,30.094314575195312
14.1015625,953.7338256835938,30.08879852294922
14.1171875,953.7344360351562,30.091751098632812
14.1328125,953.7335815429688,30.098365783691406
14.1484375,953.7353515625,30.097991943359375
14.1640625,953.7341918945312,30.097259521484375
14.1796875,953.7310791015625,30.097618103027344
14.1953125,953.7120971679688,30.099464416503906
14.2109375,953.7324829101562,30.097991943359375
14.2265625,953.7275390625,30.103134155273438
14.2421875,953.7322998046875,30.094314575195312
14.2578125,953.7247924804688,30.084388732910156
14.2734375,953.7268676757812,30.097991943359375
14.2890625,953.7066040039062,30.084762573242188
14.3046875,953.7083129882812,30.074844360351562
14.3203125,953.7102661132812,30.078521728515625
14.3359375,953.6962890625,30.081825256347656
14.3515625,953.7211303710938,30.086593627929688
14.3671875,953.7216186523438,30.077774047851562
14.3828125,953.6992797851562,30.066024780273438
14.3984375,953.7166137695312,30.074111938476562
14.4140625,953.6989135742188,30.06932830810547
14.4296875,953.7056274414062,30.059036254882812
14.4453125,953.6973876953125,30.060134887695312
14.4609375,953.716064453125,30.05242156982422
14.4765625,953.6950073242188,30.049484252929688
14.4921875,953.710205078125,30.048011779785156
14.5078125,953.702880859375,30.049484252929688
14.5234375,953.710205078125,30.030372619628906
14.5390625,953.7088623046875,30.025230407714844
14.5546875,953.712646484375,30.046173095703125
14.5703125,953.690185546875,30.039932250976562
14.5859375,953.6865234375,30.037353515625
14.6015625,953.7017822265625,30.032943725585938
14.6171875,953.6876220703125,30.01861572265625
14.6328125,953.6844482421875,30.024124145507812
14.6484375,953.710693359375,30.02155303955078
14.6640625,953.6846923828125,30.01751708984375
14.6796875,953.6951293945312,30.025230407714844
14.6953125,953.7042846679688,30.012374877929688
14.7109375,953.7059326171875,30.00318145751953
14.7265625,953.6846923828125,30.007591247558594
14.7421875,953.7091064453125,29.9998779296875
14.7578125,953.6741943359375,30.00244903564453
14.7734375,953.6845703125,30.00501251220703
14.7890625,953.6759033203125,30.00135040283203
14.8046875,953.688720703125,30.005760192871094
14.8203125,953.6879272460938,29.997299194335938
14.8359375,953.68115234375,29.98554229736328
14.8515625,953.6793823242188,29.996566772460938
14.8671875,953.6524047851562,29.997299194335938
14.8828125,953.6710205078125,29.98554229736328
14.8984375,953.690673828125,29.991783142089844
14.9140625,953.6781616210938,29.990325927734375
14.9296875,953.6720581054688,30.0009765625
14.9453125,953.6701049804688,29.978553771972656
14.9609375,953.6720581054688,29.988121032714844
14.9765625,953.681396484375,29.98296356201172
14.9921875,953.6629638671875,29.9998779296875
15.0078125,953.6676635742188,29.98333740234375
15.0234375,953.6761474609375,29.973785400390625
15.0390625,953.6895141601562,29.98333740234375
15.0546875,953.6707763671875,29.98333740234375
15.0703125,953.669677734375,29.970840454101562
15.0859375,953.6671752929688,29.972686767578125
15.1015625,953.6649780273438,29.966796875
15.1171875,953.6763305664062,29.98150634765625
15.1328125,953.6759643554688,29.977455139160156
15.1484375,953.6767578125,29.972312927246094
15.1640625,953.6685180664062,29.976722717285156
15.1796875,953.6653442382812,29.96717071533203
15.1953125,953.6697998046875,29.974517822265625
15.2109375,953.6716918945312,29.972686767578125
15.2265625,953.6661376953125,29.979660034179688
15.2421875,953.6680297851562,29.9638671875
15.2578125,953.6515502929688,29.96863555908203
15.2734375,953.6668701171875,29.962387084960938
15.2890625,953.66748046875,29.960189819335938
15.3046875,953.6672973632812,29.959083557128906
15.3203125,953.6743774414062,29.962020874023438
15.3359375,953.6740112304688,29.959083557128906
15.3515625,953.6576538085938,29.96790313720703
15.3671875,953.6735229492188,29.959083557128906
15.3828125,953.6815185546875,29.959083557128906
15.3984375,953.686279296875,29.955047607421875
15.4140625,953.6984252929688,29.958351135253906
15.4296875,953.6724853515625,29.96863555908203
15.4453125,953.6735229492188,29.9638671875
15.4609375,953.6945190429688,29.962020874023438
15.4765625,953.6925659179688,29.962020874023438
15.4921875,953.6692504882812,29.96790313720703
15.5078125,953.6812133789062,29.972686767578125
15.5234375,953.6817016601562,29.962020874023438
15.5390625,953.6830444335938,29.957977294921875
15.5546875,953.7077026367188,29.955406188964844
15.5703125,953.7020874023438,29.954299926757812
15.5859375,953.7139892578125,29.954299926757812
15.6015625,953.7145385742188,29.95209503173828
15.6171875,953.7197265625,29.94989013671875
15.6328125,953.7051391601562,29.960189819335938
15.6484375,953.7061767578125,29.972312927246094
15.6640625,953.7073364257812,29.967529296875
15.6796875,953.6680297851562,29.959083557128906
15.6953125,953.6869506835938,29.953941345214844
15.7109375,953.7037963867188,29.960189819335938
15.7265625,953.7007446289062,29.957977294921875
15.7421875,953.6849975585938,29.964599609375
15.7578125,953.7035522460938,29.959083557128906
15.7734375,953.6940307617188,29.953567504882812
15.7890625,953.6881713867188,29.95209503173828
15.8046875,953.6868286132812,29.957611083984375
15.8203125,953.702880859375,29.955047607421875
15.8359375,953.719970703125,29.943275451660156
15.8515625,953.6895141601562,29.95209503173828
15.8671875,953.692138671875,29.94843292236328
15.8828125,953.6918334960938,29.96166229248047
15.8984375,953.6878051757812,29.94879150390625
15.9140625,953.7044067382812,29.93335723876953
15.9296875,953.681396484375,29.935928344726562
15.9453125,953.6887817382812,29.936302185058594
15.9609375,953.698974609375,29.937767028808594
15.9765625,953.69677734375,29.925636291503906
15.9921875,953.6883544921875,29.93115234375
16.0078125,953.6859130859375,29.93189239501953
16.0234375,953.6950073242188,29.922698974609375
16.0390625,953.6766967773438,29.9315185546875
16.0546875,953.6775512695312,29.92638397216797
16.0703125,953.6907348632812,29.924911499023438
16.0859375,953.6954345703125,29.919395446777344
16.1015625,953.6763916015625,29.926010131835938
16.1171875,953.6692504882812,29.91387939453125
16.1328125,953.6680297851562,29.920867919921875
16.1484375,953.6759643554688,29.920867919921875
16.1640625,953.6646118164062,29.91571807861328
16.1796875,953.673583984375,29.920127868652344
16.1953125,953.6644897460938,29.91571807861328
16.2109375,953.6682739257812,29.907638549804688
16.2265625,953.6752319335938,29.904335021972656
16.2421875,953.6748046875,29.90874481201172
16.2578125,953.6705322265625,29.91387939453125
16.2734375,953.6758422851562,29.907997131347656
16.2890625,953.67529296875,29.91461181640625
16.3046875,953.6646118164062,29.903228759765625
16.3203125,953.671142578125,29.902862548828125
16.3359375,953.66162109375,29.900283813476562
16.3515625,953.6834716796875,29.89476776123047
16.3671875,953.677001953125,29.904335021972656
16.3828125,953.6527099609375,29.89697265625
16.3984375,953.657470703125,29.8958740234375
16.4140625,953.6495361328125,29.89220428466797
16.4296875,953.6593627929688,29.8958740234375
16.4453125,953.6710815429688,29.8951416015625
16.4609375,953.6674194335938,29.89476776123047
16.4765625,953.6560668945312,29.902488708496094
16.4921875,953.6423950195312,29.891830444335938
16.5078125,953.655029296875,29.89697265625
16.5234375,953.6448974609375,29.89220428466797
16.5390625,953.6480102539062,29.8958740234375
16.5546875,953.6417846679688,29.887054443359375
16.5703125,953.64990234375,29.873825073242188
16.5859375,953.6317749023438,29.87640380859375
16.6015625,953.6398315429688,29.867210388183594
16.6171875,953.64013671875,29.882644653320312
16.6328125,953.6541748046875,29.870513916015625
16.6484375,953.6362915039062,29.883010864257812
16.6640625,953.642333984375,29.880813598632812
16.6796875,953.6271362304688,29.87567138671875
16.6953125,953.6474609375,29.881179809570312
16.7109375,953.6421508789062,29.870513916015625
16.7265625,953.6410522460938,29.882644653320312
16.7421875,953.6290893554688,29.870887756347656
16.7578125,953.6279296875,29.881179809570312
16.7734375,953.6541137695312,29.873825073242188
16.7890625,953.6317749023438,29.87456512451172
16.8046875,953.6473999023438,29.869781494140625
16.8203125,953.6361694335938,29.870887756347656
16.8359375,953.6315307617188,29.87897491455078
16.8515625,953.6406860351562,29.871994018554688
16.8671875,953.6471557617188,29.853622436523438
16.8828125,953.6435546875,29.866104125976562
16.8984375,953.6304321289062,29.862442016601562
16.9140625,953.6271362304688,29.870513916015625
16.9296875,953.6392822265625,29.873825073242188
16.9453125,953.642578125,29.85692596435547
16.9609375,953.6468505859375,29.86133575439453
16.9765625,953.641357421875,29.870513916015625
16.9921875,953.6279296875,29.867210388183594
17.0078125,953.6389770507812,29.856185913085938
17.0234375,953.6599731445312,29.873825073242188
17.0390625,953.6317749023438,29.873825073242188
17.0546875,953.6473388671875,29.873825073242188
17.0703125,953.6473388671875,29.862442016601562
17.0859375,953.6522216796875,29.866104125976562
17.1015625,953.6519165039062,29.85692596435547
17.1171875,953.651611328125,29.870513916015625
17.1328125,953.6315307617188,29.856185913085938
17.1484375,953.6265258789062,29.8616943359375
17.1640625,953.6401977539062,29.85692596435547
17.1796875,953.651611328125,29.85692596435547
17.1953125,953.6348266601562,29.864646911621094
17.2109375,953.6459350585938,29.866851806640625
17.2265625,953.6305541992188,29.88043975830078
17.2421875,953.6492919921875,29.85692596435547
17.2578125,953.651611328125,29.869781494140625
17.2734375,953.6361694335938,29.87897491455078
17.2890625,953.63232421875,29.887420654296875
17.3046875,953.6546630859375,29.872718811035156
17.3203125,953.6383666992188,29.8616943359375
17.3359375,953.638427734375,29.86133575439453
17.3515625,953.6233520507812,29.870513916015625
17.3671875,953.6381225585938,29.870513916015625
17.3828125,953.6315307617188,29.86133575439453
17.3984375,953.630615234375,29.856185913085938
17.4140625,953.6265258789062,29.873825073242188
17.4296875,953.6317749023438,29.85692596435547
17.4453125,953.6217651367188,29.865005493164062
17.4609375,953.6309204101562,29.85692596435547
17.4765625,953.624755859375,29.85692596435547
17.4921875,953.624755859375,29.85692596435547
17.5078125,953.6468505859375,29.84039306640625
17.5234375,953.6153564453125,29.86133575439453
17.5390625,953.6251831054688,29.849571228027344
17.5546875,953.62109375,29.86133575439453
17.5703125,953.6353149414062,29.86133575439453
17.5859375,953.630615234375,29.8616943359375
17.6015625,953.6222534179688,29.86133575439453
17.6171875,953.630615234375,29.85692596435547
17.6328125,953.6289672851562,29.85765838623047
17.6484375,953.6385498046875,29.856185913085938
17.6640625,953.643798828125,29.85692596435547
17.6796875,953.630126953125,29.862442016601562
17.6953125,953.6307373046875,29.8580322265625
17.7109375,953.629638671875,29.85948944091797
17.7265625,953.6297607421875,29.855079650878906
17.7421875,953.6395263671875,29.87529754638672
17.7578125,953.6456909179688,29.87897491455078
17.7734375,953.63232421875,29.863174438476562
17.7890625,953.6403198242188,29.85692596435547
17.8046875,953.6217651367188,29.85692596435547
17.8203125,953.632568359375,29.86133575439453
17.8359375,953.6294555664062,29.85948944091797
17.8515625,953.639892578125,29.856185913085938
17.8671875,953.6217651367188,29.85692596435547
17.8828125,953.6384887695312,29.866104125976562
17.8984375,953.634033203125,29.86133575439453
17.9140625,953.630615234375,29.850669860839844
17.9296875,953.6259155273438,29.8580322265625
17.9453125,953.6339111328125,29.85948944091797
17.9609375,953.6231689453125,29.85692596435547
17.9765625,953.632568359375,29.849571228027344
17.9921875,953.6270141601562,29.860595703125
18.0078125,953.6473388671875,29.84442901611328
18.0234375,953.6253662109375,29.87897491455078
18.0390625,953.6311645507812,29.854354858398438
18.0546875,953.6293334960938,29.86133575439453
18.0703125,953.630615234375,29.851776123046875
18.0859375,953.6260986328125,29.866851806640625
18.1015625,953.6276245117188,29.845901489257812
18.1171875,953.6337890625,29.85692596435547
18.1328125,953.6468505859375,29.86133575439453
18.1484375,953.6300048828125,29.866104125976562
18.1640625,953.6304321289062,29.86133575439453
18.1796875,953.6329345703125,29.85839080810547
18.1953125,953.638671875,29.866851806640625
18.2109375,953.620361328125,29.852142333984375
18.2265625,953.6290283203125,29.852874755859375
18.2421875,953.626220703125,29.870155334472656
18.2578125,953.6339111328125,29.855079650878906
18.2734375,953.6383666992188,29.866104125976562
18.2890625,953.6525268554688,29.871994018554688
18.3046875,953.653076171875,29.8616943359375
18.3203125,953.6414794921875,29.873825073242188
18.3359375,953.6521606445312,29.866851806640625
18.3515625,953.7046508789062,29.869781494140625
18.3671875,953.6978149414062,29.87529754638672
18.3828125,953.7360229492188,29.856185913085938
18.3984375,953.7215576171875,29.882644653320312
18.4140625,953.7731323242188,29.902862548828125
18.4296875,953.8193359375,29.883384704589844
18.4453125,953.730224609375,29.904693603515625
18.4609375,953.926513671875,29.91571807861328
18.4765625,953.8750610351562,29.925636291503906
18.4921875,953.7833251953125,29.936660766601562
18.5078125,953.7797241210938,29.955047607421875
18.5234375,953.7755126953125,29.977828979492188
18.5390625,953.8908081054688,29.990684509277344
18.5546875,953.8651123046875,30.0028076171875
18.5703125,953.8185424804688,30.022293090820312
18.5859375,953.7827758789062,30.048011779785156
18.6015625,953.9049072265625,30.059402465820312
18.6171875,953.793701171875,30.077774047851562
18.6328125,953.7715454101562,30.101303100585938
18.6484375,953.7614135742188,30.12628173828125
18.6640625,953.7925415039062,30.152740478515625
18.6796875,953.7813720703125,30.187660217285156
18.6953125,953.862548828125,30.205657958984375
18.7109375,953.8798217773438,30.222564697265625
18.7265625,953.8881225585938,30.254539489746094
18.7421875,953.8865356445312,30.280624389648438
18.7578125,953.954833984375,30.296432495117188
18.7734375,953.8387451171875,30.323989868164062
18.7890625,953.884521484375,30.3548583984375
18.8046875,953.8893432617188,30.374710083007812
18.8203125,953.7980346679688,30.38720703125
18.8359375,953.8834838867188,30.40484619140625
18.8515625,953.9534912109375,30.438644409179688
18.8671875,953.9693603515625,30.45812225341797
18.8828125,953.864990234375,30.485679626464844
18.8984375,953.9453125,30.504791259765625
18.9140625,953.8594360351562,30.522430419921875
18.9296875,953.8306274414062,30.54888916015625
18.9453125,953.862548828125,30.561752319335938
18.9609375,953.8297729492188,30.56249237060547
18.9765625,953.8148803710938,30.574981689453125
18.9921875,953.8102416992188,30.5999755859375
19.0078125,953.754638671875,30.613563537597656
19.0234375,953.7380981445312,30.63636016845703
19.0390625,953.7534790039062,30.63745880126953
19.0546875,953.7391967773438,30.65399932861328
19.0703125,953.7456665039062,30.663917541503906
19.0859375,953.7532348632812,30.660614013671875
19.1015625,953.7498779296875,30.677146911621094
19.1171875,953.7384033203125,30.680816650390625
19.1328125,953.72265625,30.66979217529297
19.1484375,953.734130859375,30.678985595703125
19.1640625,953.7373046875,30.679710388183594
19.1796875,953.7506103515625,30.682289123535156
19.1953125,953.7383422851562,30.680816650390625
19.2109375,953.7393798828125,30.68596649169922
19.2265625,953.7476196289062,30.680084228515625
19.2421875,953.7506713867188,30.676406860351562
19.2578125,953.7276611328125,30.658035278320312
19.2734375,953.744873046875,30.649948120117188
19.2890625,953.7453002929688,30.649948120117188
19.3046875,953.732177734375,30.63525390625
19.3203125,953.7307739257812,30.632308959960938
19.3359375,953.7291259765625,30.624229431152344
19.3515625,953.7396850585938,30.61944580078125
19.3671875,953.7391967773438,30.5999755859375
19.3828125,953.73193359375,30.594467163085938
19.3984375,953.73974609375,30.579757690429688
19.4140625,953.7371826171875,30.571670532226562
19.4296875,953.7332763671875,30.5654296875
19.4453125,953.738037109375,30.540802001953125
19.4609375,953.738037109375,30.544479370117188
19.4765625,953.7449951171875,30.536392211914062
19.4921875,953.7381591796875,30.515090942382812
19.5078125,953.7413940429688,30.519500732421875
19.5234375,953.7406616210938,30.49266815185547
19.5390625,953.7422485351562,30.482742309570312
19.5546875,953.7442016601562,30.47906494140625
19.5703125,953.7283325195312,30.465476989746094
19.5859375,953.7311401367188,30.452606201171875
19.6015625,953.721435546875,30.450401306152344
19.6171875,953.7272338867188,30.419906616210938
19.6328125,953.7290649414062,30.419906616210938
19.6484375,953.7188720703125,30.40484619140625
19.6640625,953.715576171875,30.391616821289062
19.6796875,953.7244262695312,30.373977661132812
19.6953125,953.7142944335938,30.363311767578125
19.7109375,953.731201171875,30.37102508544922
19.7265625,953.7152099609375,30.35413360595703
19.7421875,953.7319946289062,30.350448608398438
19.7578125,953.7274780273438,30.35228729248047
19.7734375,953.7306518554688,30.325096130371094
19.7890625,953.7363891601562,30.3173828125
19.8046875,953.7171020507812,30.3177490234375
19.8203125,953.7196044921875,30.295700073242188
19.8359375,953.7191162109375,30.30010986328125
19.8515625,953.7249145507812,30.286880493164062
19.8671875,953.7265625,30.26556396484375
19.8828125,953.7333984375,30.271446228027344
19.8984375,953.7083129882812,30.24388885498047
19.9140625,953.719970703125,30.249755859375
19.9296875,953.7277221679688,30.23249053955078
19.9453125,953.7122192382812,30.240203857421875
19.9609375,953.7081909179688,30.226974487304688
19.9765625,953.7243041992188,30.216323852539062
19.9921875,953.7177734375,30.201995849609375
20.0078125,953.7116088867188,30.187660217285156
20.0234375,953.7042236328125,30.183609008789062
20.0390625,953.7522583007812,30.17443084716797
20.0546875,953.6962890625,30.15679168701172
20.0703125,953.7113647460938,30.154586791992188
20.0859375,953.7977294921875,30.141357421875
20.1015625,953.7640991210938,30.133644104003906
20.1171875,953.8123779296875,30.131797790527344
20.1328125,953.8319091796875,30.116004943847656
20.1484375,953.8136596679688,30.102401733398438
20.1640625,953.8057861328125,30.097991943359375
20.1796875,953.8172607421875,30.09027099609375
20.1953125,953.8248291015625,30.076675415039062
20.2109375,953.8366088867188,30.077774047851562
20.2265625,953.8612060546875,30.081825256347656
20.2421875,953.9422607421875,30.084388732910156
20.2578125,953.83740234375,30.09027099609375
20.2734375,953.9240112304688,30.104232788085938
20.2890625,953.9385986328125,30.120040893554688
20.3046875,953.8792724609375,30.133270263671875
20.3203125,953.937255859375,30.134742736816406
20.3359375,953.9523315429688,30.1431884765625
20.3515625,953.8611450195312,30.15569305419922
20.3671875,953.868896484375,30.175537109375
20.3828125,953.9618530273438,30.190223693847656
20.3984375,953.9752197265625,30.218528747558594
20.4140625,953.8967895507812,30.23065948486328
20.4296875,953.9146728515625,30.2490234375
20.4453125,953.866943359375,30.271804809570312
20.4609375,953.890625,30.312973022460938
20.4765625,953.8809814453125,30.314071655273438
20.4921875,953.9325561523438,30.350448608398438
20.5078125,953.8751220703125,30.364051818847656
20.5234375,953.835205078125,30.375808715820312
20.5390625,953.9266967773438,30.415122985839844
20.5546875,953.81640625,30.432762145996094
20.5703125,953.8707885742188,30.451507568359375
20.5859375,953.8283081054688,30.492294311523438
20.6015625,953.876708984375,30.497451782226562
20.6171875,953.8598022460938,30.520233154296875
20.6328125,953.8579711914062,30.551467895507812
20.6484375,953.8335571289062,30.577926635742188
20.6640625,953.9395141601562,30.588577270507812
20.6796875,953.9656982421875,30.61834716796875
20.6953125,953.9364624023438,30.63745880126953
20.7109375,953.8790893554688,30.659133911132812
20.7265625,953.9906005859375,30.680816650390625
20.7421875,953.9425659179688,30.703964233398438
20.7578125,954.0482788085938,30.70801544189453
20.7734375,953.9829711914062,30.74072265625
20.7890625,953.9945068359375,30.752845764160156
20.8046875,953.913818359375,30.764968872070312
20.8203125,953.9007568359375,30.79253387451172
20.8359375,953.853271484375,30.80834197998047
20.8515625,953.864990234375,30.807235717773438
20.8671875,953.8158569335938,30.821571350097656
20.8828125,953.8292846679688,30.821929931640625
20.8984375,953.7640991210938,30.838104248046875
20.9140625,953.7860107421875,30.841773986816406
20.9296875,953.771484375,30.84545135498047
20.9453125,953.781982421875,30.843246459960938
20.9609375,953.7680053710938,30.855003356933594
20.9765625,953.7525024414062,30.841773986816406
20.9921875,953.7534790039062,30.8458251953125
21.0078125,953.7437133789062,30.85169219970703
21.0234375,953.7492065429688,30.850234985351562
21.0390625,953.7598266601562,30.850967407226562
21.0546875,953.7532348632812,30.850967407226562
21.0703125,953.7455444335938,30.84986114501953
21.0859375,953.7650756835938,30.84545135498047
21.1015625,953.7581176757812,30.840667724609375
21.1171875,953.75341796875,30.83148956298828
21.1328125,953.7567138671875,30.83405303955078
21.1484375,953.7498168945312,30.809066772460938
21.1640625,953.7503051757812,30.809799194335938
21.1796875,953.7647705078125,30.804656982421875
21.1953125,953.76123046875,30.79180145263672
21.2109375,953.7516479492188,30.783340454101562
21.2265625,953.7584838867188,30.766448974609375
21.2421875,953.7603759765625,30.753219604492188
21.2578125,953.7489013671875,30.730796813964844
21.2734375,953.747314453125,30.70801544189453
21.2890625,953.7510986328125,30.69293975830078
21.3046875,953.7483520507812,30.685226440429688
21.3203125,953.7523193359375,30.6712646484375
21.3359375,953.7509765625,30.677146911621094
21.3515625,953.7640380859375,30.663177490234375
21.3671875,953.7592163085938,30.649948120117188
21.3828125,953.7542724609375,30.639297485351562
21.3984375,953.7603759765625,30.642227172851562
21.4140625,953.773193359375,30.61944580078125
21.4296875,953.7440185546875,30.5999755859375
21.4453125,953.741455078125,30.58197021484375
21.4609375,953.7606201171875,30.596298217773438
21.4765625,953.73046875,30.56580352783203
21.4921875,953.7464599609375,30.56763458251953
21.5078125,953.7406616210938,30.551467895507812
21.5234375,953.7516479492188,30.560646057128906
21.5390625,953.7459106445312,30.527572631835938
21.5546875,953.7432861328125,30.51177978515625
21.5703125,953.7537231445312,30.499282836914062
21.5859375,953.7399291992188,30.494140625
21.6015625,953.7322387695312,30.472091674804688
21.6171875,953.7479248046875,30.462905883789062
21.6328125,953.7410888671875,30.438644409179688
21.6484375,953.7416381835938,30.44158172607422
21.6640625,953.741943359375,30.419906616210938
21.6796875,953.7487182617188,30.40814971923828
21.6953125,953.745849609375,30.402999877929688
21.7109375,953.7302856445312,30.373977661132812
21.7265625,953.7357788085938,30.36919403076172
21.7421875,953.7365112304688,30.375076293945312
21.7578125,953.7401123046875,30.366256713867188
21.7734375,953.745849609375,30.343841552734375
21.7890625,953.7345581054688,30.33649444580078
21.8046875,953.7249755859375,30.341262817382812
21.8203125,953.7391967773438,30.328033447265625
21.8359375,953.74560546875,30.3184814453125
21.8515625,953.7559814453125,30.30267333984375
21.8671875,953.744873046875,30.296432495117188
21.8828125,953.747314453125,30.287612915039062
21.8984375,953.7368774414062,30.274383544921875
21.9140625,953.7277221679688,30.275482177734375
21.9296875,953.7129516601562,30.258216857910156
21.9453125,953.7046508789062,30.249755859375
21.9609375,953.7169189453125,30.24609375
21.9765625,953.7482299804688,30.237274169921875
21.9921875,953.7330322265625,30.236900329589844
22.0078125,953.712646484375,30.22918701171875
22.0234375,953.7083129882812,30.222564697265625
22.0390625,953.7154541015625,30.210067749023438
22.0546875,953.6985473632812,30.21302032470703
22.0703125,953.7150268554688,30.204559326171875
22.0859375,953.7232055664062,30.19721221923828
22.1015625,953.719482421875,30.19280242919922
22.1171875,953.7232666015625,30.183982849121094
22.1328125,953.7427368164062,30.19280242919922
22.1484375,953.7071533203125,30.1781005859375
22.1640625,953.7135009765625,30.171127319335938
22.1796875,953.7109375,30.18140411376953
22.1953125,953.745361328125,30.17919921875
22.2109375,953.7427978515625,30.186187744140625
22.2265625,953.713623046875,30.201622009277344
22.2421875,953.7157592773438,30.209335327148438
22.2578125,953.7487182617188,30.207862854003906
22.2734375,953.7648315429688,30.221839904785156
22.2890625,953.7709350585938,30.23065948486328
22.3046875,953.7598266601562,30.23211669921875
22.3203125,953.7445068359375,30.24755096435547
22.3359375,953.7603149414062,30.244613647460938
22.3515625,953.7068481445312,30.26152801513672
22.3671875,953.7240600585938,30.2850341796875
22.3828125,953.7252197265625,30.275482177734375
22.3984375,953.734375,30.30267333984375
22.4140625,953.7802124023438,30.308563232421875
22.4296875,953.7789916992188,30.326927185058594
22.4453125,953.7975463867188,30.33318328857422
22.4609375,953.776611328125,30.346038818359375
22.4765625,953.7653198242188,30.35413360595703
22.4921875,953.794189453125,30.364784240722656
22.5078125,953.84130859375,30.37139892578125
22.5234375,953.7678833007812,30.364051818847656
22.5390625,953.76171875,30.393447875976562
22.5546875,953.7699584960938,30.402267456054688
22.5703125,953.7606811523438,30.40594482421875
22.5859375,953.7628784179688,30.419906616210938
22.6015625,953.7763061523438,30.419906616210938
22.6171875,953.767333984375,30.42725372314453
22.6328125,953.7500610351562,30.455917358398438
22.6484375,953.7481079101562,30.453712463378906
22.6640625,953.755126953125,30.45849609375
22.6796875,953.7699584960938,30.472824096679688
22.6953125,953.7528686523438,30.47650146484375
22.7109375,953.7550048828125,30.472450256347656
22.7265625,953.7742919921875,30.485679626464844
22.7421875,953.7695922851562,30.479812622070312
22.7578125,953.7553100585938,30.4930419921875
22.7734375,953.7572631835938,30.47723388671875
22.7890625,953.7717895507812,30.482017517089844
22.8046875,953.7531127929688,30.4930419921875
22.8203125,953.7548828125,30.490463256835938
22.8359375,953.7504272460938,30.506629943847656
22.8515625,953.7573852539062,30.47760772705078
22.8671875,953.7628173828125,30.49266815185547
22.8828125,953.7427978515625,30.482017517089844
22.8984375,953.7447509765625,30.4959716796875
22.9140625,953.76953125,30.49083709716797
22.9296875,953.7528076171875,30.487525939941406
22.9453125,953.753662109375,30.482742309570312
22.9609375,953.7537841796875,30.471351623535156
22.9765625,953.7550659179688,30.481643676757812
22.9921875,953.7656860351562,30.45996856689453
23.0078125,953.748046875,30.465103149414062
23.0234375,953.7567749023438,30.45849609375
23.0390625,953.7466430664062,30.44268798828125
23.0546875,953.7581787109375,30.453712463378906
23.0703125,953.7461547851562,30.444534301757812
23.0859375,953.7440185546875,30.438278198242188
23.1015625,953.7498779296875,30.434234619140625
23.1171875,953.7567749023438,30.40814971923828
23.1328125,953.7446899414062,30.402999877929688
23.1484375,953.7369384765625,30.402999877929688
23.1640625,953.7608642578125,30.404098510742188
23.1796875,953.7674560546875,30.395278930664062
23.1953125,953.749267578125,30.392715454101562
23.2109375,953.7394409179688,30.382049560546875
23.2265625,953.7570190429688,30.378013610839844
23.2421875,953.7529296875,30.379119873046875
23.2578125,953.7625732421875,30.35413360595703
23.2734375,953.7494506835938,30.37322998046875
23.2890625,953.7603149414062,30.358901977539062
23.3046875,953.7457885742188,30.35302734375
23.3203125,953.7498168945312,30.35228729248047
23.3359375,953.7378540039062,30.340530395507812
23.3515625,953.7379760742188,30.348617553710938
23.3671875,953.7470703125,30.33538818359375
23.3828125,953.7457885742188,30.330978393554688
23.3984375,953.7392578125,30.33208465576172
23.4140625,953.7394409179688,30.327301025390625
23.4296875,953.7293701171875,30.3173828125
23.4453125,953.7283935546875,30.3184814453125
23.4609375,953.728515625,30.304153442382812
23.4765625,953.7330322265625,30.287612915039062
23.4921875,953.7254638671875,30.296432495117188
23.5078125,953.7335815429688,30.2850341796875
23.5234375,953.728271484375,30.291290283203125
23.5390625,953.7360229492188,30.2813720703125
23.5546875,953.7374267578125,30.283203125
23.5703125,953.7459716796875,30.275482177734375
23.5859375,953.735595703125,30.262252807617188
23.6015625,953.7391357421875,30.262252807617188
23.6171875,953.7385864257812,30.26556396484375
23.6328125,953.726318359375,30.262252807617188
23.6484375,953.7325439453125,30.26483154296875
23.6640625,953.7262573242188,30.253067016601562
23.6796875,953.7291870117188,30.260055541992188
23.6953125,953.7352905273438,30.252334594726562
23.7109375,953.738037109375,30.253433227539062
23.7265625,953.7221069335938,30.2490234375
23.7421875,953.7366333007812,30.251602172851562
23.7578125,953.7249755859375,30.240936279296875
23.7734375,953.7364501953125,30.236900329589844
23.7890625,953.7294311523438,30.215225219726562
23.8046875,953.7255249023438,30.224403381347656
23.8203125,953.7233276367188,30.236167907714844
23.8359375,953.7299194335938,30.227706909179688
23.8515625,953.719482421875,30.21337890625
23.8671875,953.7240600585938,30.217788696289062
23.8828125,953.716796875,30.21337890625
23.8984375,953.7156982421875,30.220367431640625
23.9140625,953.7157592773438,30.2144775390625
23.9296875,953.7241821289062,30.202354431152344
23.9453125,953.7146606445312,30.188392639160156
23.9609375,953.718017578125,30.200889587402344
23.9765625,953.7199096679688,30.187660217285156
23.9921875,953.7185668945312,30.19280242919922
24.0078125,953.7339477539062,30.19097137451172
24.0234375,953.7224731445312,30.186920166015625
24.0390625,953.7196655273438,30.180679321289062
24.0546875,953.7249755859375,30.17443084716797
24.0703125,953.72021484375,30.17699432373047
24.0859375,953.7144165039062,30.167816162109375
24.1015625,953.7255249023438,30.15899658203125
24.1171875,953.7109375,30.16266632080078
24.1328125,953.7196655273438,30.150909423828125
24.1484375,953.7059326171875,30.16082763671875
24.1640625,953.7140502929688,30.137306213378906
24.1796875,953.697998046875,30.141357421875
24.1953125,953.7139892578125,30.138778686523438
24.2109375,953.7166748046875,30.154586791992188
24.2265625,953.7140502929688,30.12628173828125
24.2421875,953.7154541015625,30.112693786621094
24.2578125,953.7069091796875,30.120040893554688
24.2734375,953.7130126953125,30.111595153808594
24.2890625,953.6954345703125,30.1068115234375
24.3046875,953.7093505859375,30.116363525390625
24.3203125,953.723388671875,30.10498046875
24.3359375,953.7247314453125,30.091751098632812
24.3515625,953.7000732421875,30.097991943359375
24.3671875,953.7000732421875,30.095413208007812
24.3828125,953.7052001953125,30.076316833496094
24.3984375,953.7146606445312,30.09064483642578
24.4140625,953.7119140625,30.0726318359375
24.4296875,953.7071533203125,30.081825256347656
24.4453125,953.7553100585938,30.071533203125
24.4609375,953.7141723632812,30.062713623046875
24.4765625,953.7623291015625,30.05683135986328
24.4921875,953.770751953125,30.049484252929688
24.5078125,953.7288208007812,30.05352020263672
24.5234375,953.7584228515625,30.059402465820312
24.5390625,953.7620239257812,30.050216674804688
24.5546875,953.7210693359375,30.048385620117188
24.5703125,953.7052612304688,30.03331756591797
24.5859375,953.7582397460938,30.049110412597656
24.6015625,953.7394409179688,30.048751831054688
24.6171875,953.7364501953125,30.045074462890625
24.6328125,953.77490234375,30.049484252929688
24.6484375,953.75390625,30.05095672607422
24.6640625,953.7294921875,30.059402465820312
24.6796875,953.7894287109375,30.065292358398438
24.6953125,953.7595825195312,30.065292358398438
24.7109375,953.7470092773438,30.067855834960938
24.7265625,953.7520751953125,30.077774047851562
24.7421875,953.7608642578125,30.080726623535156
24.7578125,953.76123046875,30.09027099609375
24.7734375,953.7405395507812,30.092849731445312
24.7890625,953.7688598632812,30.110488891601562
24.8046875,953.7288208007812,30.112693786621094
24.8203125,953.7833862304688,30.131439208984375
24.8359375,953.764892578125,30.12628173828125
24.8515625,953.8003540039062,30.12482452392578
24.8671875,953.7930297851562,30.148330688476562
24.8828125,953.7188110351562,30.155319213867188
24.8984375,953.7960205078125,30.15752410888672
24.9140625,953.8117065429688,30.169281005859375
24.9296875,953.7813110351562,30.183609008789062
24.9453125,953.8317260742188,30.188392639160156
24.9609375,953.7431640625,30.19794464111328
24.9765625,953.804443359375,30.220733642578125
24.9921875,953.8175048828125,30.218528747558594
25.0078125,953.7974853515625,30.239105224609375
25.0234375,953.7972412109375,30.258216857910156
25.0390625,953.8217163085938,30.256370544433594
25.0546875,953.8388671875,30.275115966796875
25.0703125,953.8072509765625,30.283203125
25.0859375,953.8284301757812,30.304153442382812
25.1015625,953.8341064453125,30.33208465576172
25.1171875,953.7783203125,30.357070922851562
25.1328125,953.920654296875,30.363311767578125
25.1484375,953.8579711914062,30.382423400878906
25.1640625,953.848388671875,30.384628295898438
25.1796875,953.8319091796875,30.398231506347656
25.1953125,953.8148193359375,30.415122985839844
25.2109375,953.7942504882812,30.413291931152344
25.2265625,953.7941284179688,30.419174194335938
25.2421875,953.7869873046875,30.43791961669922
25.2578125,953.7738647460938,30.450042724609375
25.2734375,953.7625732421875,30.457763671875
25.2890625,953.7608642578125,30.467681884765625
25.3046875,953.7319946289062,30.474655151367188
25.3203125,953.7554321289062,30.492294311523438
25.3359375,953.7559204101562,30.500381469726562
25.3515625,953.7525634765625,30.49560546875
25.3671875,953.7615966796875,30.488258361816406
25.3828125,953.7512817382812,30.490463256835938
25.3984375,953.7545776367188,30.49449920654297
25.4140625,953.7471923828125,30.4937744140625
25.4296875,953.7518310546875,30.499282836914062
25.4453125,953.7470703125,30.501861572265625
25.4609375,953.7651977539062,30.499282836914062
25.4765625,953.7393798828125,30.49560546875
25.4921875,953.7520141601562,30.501113891601562
25.5078125,953.7322998046875,30.488258361816406
25.5234375,953.745361328125,30.49266815185547
25.5390625,953.7469482421875,30.485321044921875
25.5546875,953.746826171875,30.490463256835938
25.5703125,953.7342529296875,30.49266815185547
25.5859375,953.7530517578125,30.485321044921875
25.6015625,953.7235717773438,30.474655151367188
25.6171875,953.7391967773438,30.465835571289062
25.6328125,953.7442626953125,30.466583251953125
25.6484375,953.741455078125,30.450775146484375
25.6640625,953.7464599609375,30.438644409179688
25.6796875,953.7201538085938,30.436813354492188
25.6953125,953.7277221679688,30.436813354492188
25.7109375,953.736083984375,30.419906616210938
25.7265625,953.7194213867188,30.414024353027344
25.7421875,953.7254638671875,30.400436401367188
25.7578125,953.7109985351562,30.395278930664062
25.7734375,953.7169189453125,30.382049560546875
25.7890625,953.714599609375,30.380592346191406
25.8046875,953.7054443359375,30.37287139892578
25.8203125,953.7046508789062,30.379844665527344
25.8359375,953.7219848632812,30.368087768554688
25.8515625,953.6964111328125,30.357437133789062
25.8671875,953.7054443359375,30.350448608398438
25.8828125,953.7024536132812,30.346038818359375
25.8984375,953.7120971679688,30.346038818359375
25.9140625,953.7031860351562,30.309288024902344
25.9296875,953.7072143554688,30.30046844482422
25.9453125,953.7094116210938,30.287986755371094
25.9609375,953.7129516601562,30.2843017578125
25.9765625,953.7095947265625,30.286514282226562
25.9921875,953.70263671875,30.254913330078125
26.0078125,953.6857299804688,30.26409149169922
26.0234375,953.6974487304688,30.24571990966797
26.0390625,953.6920776367188,30.243141174316406
26.0546875,953.70849609375,30.239105224609375
26.0703125,953.6950073242188,30.2144775390625
26.0859375,953.7056274414062,30.182510375976562
26.1015625,953.6982421875,30.187660217285156
26.1171875,953.6909790039062,30.172225952148438
26.1328125,953.6948852539062,30.171127319335938
26.1484375,953.7013549804688,30.152740478515625
26.1640625,953.682861328125,30.1409912109375
26.1796875,953.682861328125,30.135475158691406
26.1953125,953.6912231445312,30.133644104003906
26.2109375,953.6809692382812,30.12628173828125
26.2265625,953.7034912109375,30.12518310546875
26.2421875,953.7045288085938,30.128128051757812
26.2578125,953.691162109375,30.104232788085938
26.2734375,953.6571044921875,30.093582153320312
26.2890625,953.6834716796875,30.08807373046875
26.3046875,953.6871948242188,30.081825256347656
26.3203125,953.6954956054688,30.0733642578125
26.3359375,953.7042236328125,30.061981201171875
26.3515625,953.6942138671875,30.050216674804688
26.3671875,953.6864624023438,30.058677673339844
26.3828125,953.7542114257812,30.044700622558594
26.3984375,953.71630859375,30.05426788330078
26.4140625,953.7327880859375,30.048011779785156
26.4296875,953.727294921875,30.042495727539062
26.4453125,953.774658203125,30.03919219970703
26.4609375,953.7671508789062,30.028533935546875
26.4765625,953.8139038085938,30.0355224609375
26.4921875,953.81396484375,30.045448303222656
26.5078125,953.8036499023438,30.049110412597656
26.5234375,953.8070068359375,30.05426788330078
26.5390625,953.7991943359375,30.05536651611328
26.5546875,953.803955078125,30.051315307617188
26.5703125,953.7899169921875,30.066749572753906
26.5859375,953.753173828125,30.07190704345703
26.6015625,953.8272705078125,30.079978942871094
26.6171875,953.7503051757812,30.11084747314453
26.6328125,953.7545166015625,30.108642578125
26.6484375,953.7913818359375,30.141357421875
26.6640625,953.7718505859375,30.14208984375
26.6796875,953.7875366210938,30.15569305419922
26.6953125,953.887451171875,30.170753479003906
26.7109375,953.7957763671875,30.17774200439453
26.7265625,953.7271118164062,30.19353485107422
26.7421875,953.8369140625,30.205299377441406
26.7578125,953.780029296875,30.227706909179688
26.7734375,953.7816772460938,30.262252807617188
26.7890625,953.8353881835938,30.26666259765625
26.8046875,953.7360229492188,30.278419494628906
26.8203125,953.768798828125,30.298263549804688
26.8359375,953.7606201171875,30.325096130371094
26.8515625,953.7967529296875,30.344207763671875
26.8671875,953.7974853515625,30.348617553710938
26.8828125,953.7907104492188,30.36992645263672
26.8984375,953.7706909179688,30.395278930664062
26.9140625,953.776123046875,30.398590087890625
26.9296875,953.7669067382812,30.417327880859375
26.9453125,953.7700805664062,30.44268798828125
26.9609375,953.8209228515625,30.453712463378906
26.9765625,953.741943359375,30.482742309570312
26.9921875,953.7459716796875,30.501113891601562
27.0078125,953.734130859375,30.50957489013672
27.0234375,953.7481079101562,30.524642944335938
27.0390625,953.7562255859375,30.54999542236328
27.0546875,953.8351440429688,30.552200317382812
27.0703125,953.7398071289062,30.570938110351562
27.0859375,953.7536010742188,30.58600616455078
27.1015625,953.7706909179688,30.605117797851562
27.1171875,953.743896484375,30.63195037841797
27.1328125,953.7752075195312,30.6348876953125
27.1484375,953.7360229492188,30.656936645507812
27.1640625,953.7142944335938,30.679710388183594
27.1796875,953.7225341796875,30.69037628173828
27.1953125,953.7474975585938,30.70801544189453
27.2109375,953.7456665039062,30.716835021972656
27.2265625,953.7483520507812,30.729690551757812
27.2421875,953.7584838867188,30.753219604492188
27.2578125,953.7333984375,30.767906188964844
27.2734375,953.7539672851562,30.746604919433594
27.2890625,953.742919921875,30.77672576904297
27.3046875,953.7465209960938,30.788124084472656
27.3203125,953.7559204101562,30.789955139160156
27.3359375,953.73046875,30.804656982421875
27.3515625,953.7630004882812,30.8123779296875
27.3671875,953.7554321289062,30.808700561523438
27.3828125,953.7418823242188,30.81275177001953
27.3984375,953.7572631835938,30.809066772460938
27.4140625,953.7646484375,30.81090545654297
27.4296875,953.7481079101562,30.821571350097656
27.4453125,953.7492065429688,30.818260192871094
27.4609375,953.736328125,30.81275177001953
27.4765625,953.753662109375,30.79694366455078
27.4921875,953.7467041015625,30.805389404296875
27.5078125,953.7350463867188,30.791427612304688
27.5234375,953.7628784179688,30.785919189453125
27.5390625,953.7300415039062,30.77783203125
27.5546875,953.7471923828125,30.766448974609375
27.5703125,953.7424926757812,30.770858764648438
27.5859375,953.7608642578125,30.72308349609375
27.6015625,953.7394409179688,30.716094970703125
27.6171875,953.7476196289062,30.712425231933594
27.6328125,953.7406616210938,30.700302124023438
27.6484375,953.7371826171875,30.68817138671875
27.6640625,953.7347412109375,30.674575805664062
27.6796875,953.7423706054688,30.663177490234375
27.6953125,953.7388916015625,30.643333435058594
27.7109375,953.7410888671875,30.630844116210938
27.7265625,953.7302856445312,30.61431121826172
27.7421875,953.7357788085938,30.604385375976562
27.7578125,953.7371826171875,30.60033416748047
27.7734375,953.727294921875,30.58344268798828
27.7890625,953.724365234375,30.571670532226562
27.8046875,953.724365234375,30.564697265625
27.8203125,953.7308349609375,30.55072784423828
27.8359375,953.7223510742188,30.53418731689453
27.8515625,953.7338256835938,30.520233154296875
27.8671875,953.720458984375,30.51288604736328
27.8828125,953.7185668945312,30.49560546875
27.8984375,953.715576171875,30.47760772705078
27.9140625,953.7120361328125,30.474655151367188
27.9296875,953.7022705078125,30.455184936523438
27.9453125,953.7151489257812,30.44268798828125
27.9609375,953.7116088867188,30.416969299316406
27.9765625,953.7091064453125,30.4224853515625
27.9921875,953.71435546875,30.395278930664062
28.0078125,953.7068481445312,30.385360717773438
28.0234375,953.7303466796875,30.362953186035156
28.0390625,953.7203979492188,30.367721557617188
28.0546875,953.7225341796875,30.344566345214844
28.0703125,953.7054443359375,30.33208465576172
28.0859375,953.704833984375,30.330612182617188
28.1015625,953.7022705078125,30.30377960205078
28.1171875,953.7145385742188,30.297531127929688
28.1328125,953.7061767578125,30.292755126953125
28.1484375,953.7260131835938,30.258949279785156
28.1640625,953.7142944335938,30.26409149169922
28.1796875,953.7106323242188,30.245346069335938
28.1953125,953.73388671875,30.22845458984375
28.2109375,953.713623046875,30.217056274414062
28.2265625,953.701171875,30.206031799316406
28.2421875,953.7012329101562,30.21117401123047
28.2578125,953.7052612304688,30.202728271484375
28.2734375,953.7045288085938,30.19097137451172
28.2890625,953.6961669921875,30.186187744140625
28.3046875,953.700439453125,30.171485900878906
28.3203125,953.689453125,30.164512634277344
28.3359375,953.701904296875,30.139511108398438
28.3515625,953.6760864257812,30.1439208984375
28.3671875,953.7129516601562,30.136947631835938
28.3828125,953.6979370117188,30.117462158203125
28.3984375,953.7044067382812,30.11084747314453
28.4140625,953.6953735351562,30.1075439453125
28.4296875,953.6759033203125,30.116004943847656
28.4453125,953.6666259765625,30.111595153808594
28.4609375,953.7031860351562,30.120773315429688
28.4765625,953.7088623046875,30.111595153808594
28.4921875,953.7283325195312,30.12628173828125
28.5078125,953.7095336914062,30.131797790527344
28.5234375,953.7190551757812,30.111595153808594
28.5390625,953.7408447265625,30.137306213378906
28.5546875,953.7075805664062,30.135101318359375
28.5703125,953.7133178710938,30.139511108398438
28.5859375,953.7131958007812,30.157150268554688
28.6015625,953.718505859375,30.170753479003906
28.6171875,953.703125,30.165969848632812
28.6328125,953.733154296875,30.17884063720703
28.6484375,953.7409057617188,30.201622009277344
28.6640625,953.6900634765625,30.2144775390625
28.6796875,953.6942749023438,30.22881317138672
28.6953125,953.7130126953125,30.23249053955078
28.7109375,953.6996459960938,30.2471923828125
28.7265625,953.7412109375,30.279525756835938
28.7421875,953.7222290039062,30.2843017578125
28.7578125,953.7059936523438,30.30046844482422
28.7734375,953.7344360351562,30.31627655029297
28.7890625,953.7432861328125,30.347877502441406
28.8046875,953.7188720703125,30.350448608398438
28.8203125,953.7299194335938,30.358901977539062
28.8359375,953.73193359375,30.375076293945312
28.8515625,953.7579956054688,30.38720703125
28.8671875,953.7562255859375,30.402999877929688
28.8828125,953.7799682617188,30.436073303222656
28.8984375,953.725830078125,30.451873779296875
28.9140625,953.7130737304688,30.466583251953125
28.9296875,953.7653198242188,30.485321044921875
28.9453125,953.7462158203125,30.499282836914062
28.9609375,953.7327880859375,30.520233154296875
28.9765625,953.7246704101562,30.561752319335938
28.9921875,953.7645874023438,30.604385375976562
29.0078125,953.7413940429688,30.647743225097656
29.0234375,953.7163696289062,30.656936645507812
29.0390625,953.692138671875,30.678985595703125
29.0546875,953.7200317382812,30.68707275390625
29.0703125,953.7070922851562,30.699928283691406
29.0859375,953.734130859375,30.714263916015625
29.1015625,953.7403564453125,30.729690551757812
29.1171875,953.70654296875,30.73778533935547
29.1328125,953.7498168945312,30.767547607421875
29.1484375,953.7174072265625,30.76129150390625
29.1640625,953.7114868164062,30.763137817382812
29.1796875,953.728515625,30.771591186523438
29.1953125,953.7191162109375,30.798416137695312
29.2109375,953.7182006835938,30.81385040283203
29.2265625,953.7166748046875,30.816055297851562
29.2421875,953.7486572265625,30.824134826660156
29.2578125,953.7177124023438,30.83184814453125
29.2734375,953.7339477539062,30.840667724609375
29.2890625,953.7271118164062,30.84765625
29.3046875,953.7313842773438,30.86125946044922
29.3203125,953.7518310546875,30.857574462890625
29.3359375,953.7012939453125,30.86125946044922
29.3515625,953.7189331054688,30.86125946044922
29.3671875,953.7267456054688,30.874114990234375
29.3828125,953.7340698242188,30.893585205078125
29.3984375,953.7544555664062,30.889175415039062
29.4140625,953.748046875,30.906814575195312
29.4296875,953.7354736328125,30.897994995117188
29.4453125,953.7369995117188,30.9163818359375
29.4609375,953.758544921875,30.90130615234375
29.4765625,953.7540283203125,30.910491943359375
29.4921875,953.7573852539062,30.932540893554688
29.5078125,953.7523803710938,30.9171142578125
29.5234375,953.7431030273438,30.924095153808594
29.5390625,953.7461547851562,30.9189453125
29.5546875,953.7432861328125,30.924095153808594
29.5703125,953.7384033203125,30.911598205566406
29.5859375,953.7520141601562,30.913429260253906
29.6015625,953.7648315429688,30.927764892578125
29.6171875,953.7369995117188,30.910491943359375
29.6328125,953.7561645507812,30.907188415527344
29.6484375,953.7511596679688,30.903152465820312
29.6640625,953.7578125,30.890655517578125
29.6796875,953.7536010742188,30.887344360351562
29.6953125,953.7514038085938,30.890281677246094
29.7109375,953.7542114257812,30.868606567382812
29.7265625,953.7615356445312,30.86419677734375
29.7421875,953.7503662109375,30.86125946044922
29.7578125,953.7554321289062,30.859786987304688
29.7734375,953.759521484375,30.84545135498047
29.7890625,953.749755859375,30.838462829589844
29.8046875,953.7562255859375,30.83222198486328
29.8203125,953.7503051757812,30.822296142578125
29.8359375,953.748046875,30.80834197998047
29.8515625,953.75146484375,30.80834197998047
29.8671875,953.7340698242188,30.782608032226562
29.8828125,953.7620239257812,30.762039184570312
29.8984375,953.7665405273438,30.74475860595703
29.9140625,953.7659912109375,30.752471923828125
29.9296875,953.7608642578125,30.735939025878906
29.9453125,953.7514038085938,30.694046020507812
29.9609375,953.7573852539062,30.68817138671875
29.9765625,953.7508544921875,30.649948120117188
