# Time (seconds),Pressure,Temp
0.0078125,952.7268676757812,27.31945037841797
0.0234375,952.7383422851562,27.312103271484375
0.0390625,952.7286376953125,27.331581115722656
0.0546875,952.741943359375,27.331222534179688
0.0703125,952.739501953125,27.331954956054688
0.0859375,952.7263793945312,27.308425903320312
0.1015625,952.728271484375,27.331222534179688
0.1171875,952.7317504882812,27.333053588867188
0.1328125,952.743896484375,27.32276153564453
0.1484375,952.7386474609375,27.326438903808594
0.1640625,952.7366333007812,27.325706481933594
0.1796875,952.731201171875,27.313941955566406
0.1953125,952.73779296875,27.334884643554688
0.2109375,952.7332763671875,27.330474853515625
0.2265625,952.729248046875,27.31945037841797
0.2421875,952.7431030273438,27.331222534179688
0.2578125,952.7191772460938,27.312103271484375
0.2734375,952.751953125,27.324607849121094
0.2890625,952.7466430664062,27.32129669189453
0.3046875,952.7462158203125,27.3216552734375
0.3203125,952.7218017578125,27.316513061523438
0.3359375,952.73388671875,27.314682006835938
0.3515625,952.7371826171875,27.331222534179688
0.3671875,952.734130859375,27.341140747070312
0.3828125,952.737548828125,27.32019805908203
0.3984375,952.7306518554688,27.324607849121094
0.4140625,952.7335205078125,27.327545166015625
0.4296875,952.7384643554688,27.331222534179688
0.4453125,952.7346801757812,27.328269958496094
0.4609375,952.7385864257812,27.3209228515625
0.4765625,952.73779296875,27.32129669189453
0.4921875,952.7486572265625,27.331222534179688
0.5078125,952.7537841796875,27.325706481933594
0.5234375,952.7360229492188,27.307693481445312
0.5390625,952.724609375,27.32276153564453
0.5546875,952.7428588867188,27.3209228515625
0.5703125,952.7139892578125,27.325706481933594
0.5859375,952.7330322265625,27.320556640625
0.6015625,952.7444458007812,27.33673095703125
0.6171875,952.7250366210938,27.32129669189453
0.6328125,952.7283325195312,27.324607849121094
0.6484375,952.7059936523438,27.33673095703125
0.6640625,952.7352294921875,27.314682006835938
0.6796875,952.73779296875,27.331222534179688
0.6953125,952.7537841796875,27.32276153564453
0.7109375,952.7249755859375,27.33599090576172
0.7265625,952.744140625,27.314682006835938
0.7421875,952.7349243164062,27.331222534179688
0.7578125,952.7467041015625,27.34149932861328
0.7734375,952.7477416992188,27.325706481933594
0.7890625,952.741943359375,27.328269958496094
0.8046875,952.785888671875,27.32019805908203
0.8203125,952.7688598632812,27.3209228515625
0.8359375,952.7755126953125,27.32019805908203
0.8515625,952.8018798828125,27.324607849121094
0.8671875,952.7891235351562,27.32386016845703
0.8828125,952.7925415039062,27.31578826904297
0.8984375,952.7935791015625,27.312103271484375
0.9140625,952.7925415039062,27.31578826904297
0.9296875,952.7678833007812,27.308425903320312
0.9453125,952.7910766601562,27.306594848632812
0.9609375,952.7974243164062,27.306594848632812
0.9765625,952.8165283203125,27.314682006835938
0.9921875,952.8228149414062,27.307327270507812
1.0078125,952.775390625,27.325706481933594
1.0234375,952.8172607421875,27.296302795410156
1.0390625,952.80419921875,27.313941955566406
1.0546875,952.7981567382812,27.294464111328125
1.0703125,952.8297729492188,27.29924774169922
1.0859375,952.7913208007812,27.30181121826172
1.1015625,952.811279296875,27.30365753173828
1.1171875,952.8186645507812,27.30622100830078
1.1328125,952.8045043945312,27.290428161621094
1.1484375,952.8077392578125,27.295944213867188
1.1640625,952.8251342773438,27.290428161621094
1.1796875,952.8059692382812,27.287124633789062
1.1953125,952.804443359375,27.296676635742188
1.2109375,952.8035888671875,27.28564453125
1.2265625,952.7894287109375,27.293365478515625
1.2421875,952.8320922851562,27.290428161621094
1.2578125,952.8173217773438,27.28491973876953
1.2734375,952.8024291992188,27.292266845703125
1.2890625,952.7960205078125,27.28271484375
1.3046875,952.784912109375,27.26653289794922
1.3203125,952.8036499023438,27.276458740234375
1.3359375,952.7885131835938,27.28271484375
1.3515625,952.7896728515625,27.271690368652344
1.3671875,952.811279296875,27.255149841308594
1.3828125,952.7857666015625,27.255882263183594
1.3984375,952.799560546875,27.25330352783203
1.4140625,952.7862548828125,27.26911163330078
1.4296875,952.798583984375,27.28050994873047
1.4453125,952.8049926757812,27.259918212890625
1.4609375,952.7802124023438,27.26653289794922
1.4765625,952.7869262695312,27.26911163330078
1.4921875,952.793701171875,27.259559631347656
1.5078125,952.791015625,27.243759155273438
1.5234375,952.7953491210938,27.24964141845703
1.5390625,952.7989501953125,27.24706268310547
1.5546875,952.7891235351562,27.24706268310547
1.5703125,952.792724609375,27.253677368164062
1.5859375,952.7778930664062,27.242652893066406
1.6015625,952.792236328125,27.236412048339844
1.6171875,952.7994384765625,27.236412048339844
1.6328125,952.7893676757812,27.236412048339844
1.6484375,952.7982788085938,27.243759155273438
1.6640625,952.8001098632812,27.24706268310547
1.6796875,952.7933349609375,27.225387573242188
1.6953125,952.7774658203125,27.237869262695312
1.7109375,952.7913208007812,27.21619415283203
1.7265625,952.7902221679688,27.219497680664062
1.7421875,952.7774047851562,27.234939575195312
1.7578125,952.7974853515625,27.2139892578125
1.7734375,952.7756958007812,27.2139892578125
1.7890625,952.7882690429688,27.227951049804688
1.8046875,952.7843017578125,27.223182678222656
1.8203125,952.7969360351562,27.219871520996094
1.8359375,952.7835083007812,27.21692657470703
1.8515625,952.7915649414062,27.221710205078125
1.8671875,952.782470703125,27.2132568359375
1.8828125,952.7893676757812,27.226486206054688
1.8984375,952.782958984375,27.224281311035156
1.9140625,952.7904663085938,27.19672393798828
1.9296875,952.7608642578125,27.20995330810547
1.9453125,952.7938232421875,27.218772888183594
1.9609375,952.7899169921875,27.2147216796875
1.9765625,952.782958984375,27.20995330810547
1.9921875,952.7824096679688,27.204795837402344
2.0078125,952.7944946289062,27.210678100585938
2.0234375,952.7532348632812,27.21692657470703
2.0390625,952.7819213867188,27.21105194091797
2.0546875,952.7939453125,27.211410522460938
2.0703125,952.7862548828125,27.210311889648438
2.0859375,952.7723388671875,27.206642150878906
2.1015625,952.7791748046875,27.21619415283203
2.1171875,952.7698974609375,27.21692657470703
2.1328125,952.7837524414062,27.224281311035156
2.1484375,952.77490234375,27.218772888183594
2.1640625,952.7821044921875,27.21692657470703
2.1796875,952.7915649414062,27.204071044921875
2.1953125,952.7711791992188,27.19928741455078
2.2109375,952.7724609375,27.220230102539062
2.2265625,952.7823486328125,27.210311889648438
2.2421875,952.7693481445312,27.205543518066406
2.2578125,952.7748413085938,27.203338623046875
2.2734375,952.7728881835938,27.218772888183594
2.2890625,952.781005859375,27.204795837402344
2.3046875,952.7772216796875,27.20995330810547
2.3203125,952.7818603515625,27.21692657470703
2.3359375,952.774169921875,27.219497680664062
2.3515625,952.7744140625,27.208847045898438
2.3671875,952.7620239257812,27.210311889648438
2.3828125,952.7735595703125,27.219497680664062
2.3984375,952.7576904296875,27.217300415039062
2.4140625,952.7742919921875,27.210678100585938
2.4296875,952.775390625,27.210678100585938
2.4453125,952.7568359375,27.21692657470703
2.4609375,952.7760009765625,27.208480834960938
2.4765625,952.7692260742188,27.223541259765625
2.4921875,952.792236328125,27.215087890625
2.5078125,952.7955322265625,27.2139892578125
2.5234375,952.7913208007812,27.223907470703125
2.5390625,952.7838134765625,27.219497680664062
2.5546875,952.8133544921875,27.223907470703125
2.5703125,952.8220825195312,27.21692657470703
2.5859375,952.8123779296875,27.218772888183594
2.6015625,952.8263549804688,27.21619415283203
2.6171875,952.8482666015625,27.224281311035156
2.6328125,952.8394165039062,27.229049682617188
2.6484375,952.8453979492188,27.223907470703125
2.6640625,952.8555908203125,27.237510681152344
2.6796875,952.8658447265625,27.220977783203125
2.6953125,952.8571166992188,27.222434997558594
2.7109375,952.846435546875,27.235305786132812
2.7265625,952.8370361328125,27.228317260742188
2.7421875,952.827392578125,27.228317260742188
2.7578125,952.8446655273438,27.234939575195312
2.7734375,952.8805541992188,27.218772888183594
2.7890625,952.8639526367188,27.21692657470703
2.8046875,952.8787841796875,27.23089599609375
2.8203125,952.865234375,27.221710205078125
2.8359375,952.8775634765625,27.219497680664062
2.8515625,952.882080078125,27.221336364746094
2.8671875,952.854736328125,27.219497680664062
2.8828125,952.8909912109375,27.228317260742188
2.8984375,952.869140625,27.223541259765625
2.9140625,952.877685546875,27.235305786132812
2.9296875,952.9201049804688,27.221710205078125
2.9453125,952.875732421875,27.244483947753906
2.9609375,952.8850708007812,27.23089599609375
2.9765625,952.8413696289062,27.22759246826172
2.9921875,952.8302001953125,27.225387573242188
3.0078125,952.844970703125,27.223907470703125
3.0234375,952.8610229492188,27.23089599609375
3.0390625,952.8605346679688,27.23272705078125
3.0546875,952.8564453125,27.221710205078125
3.0703125,952.83984375,27.210678100585938
3.0859375,952.8662109375,27.224281311035156
3.1015625,952.8627319335938,27.219131469726562
3.1171875,952.8353881835938,27.22759246826172
3.1328125,952.8709106445312,27.22759246826172
3.1484375,952.8727416992188,27.23272705078125
3.1640625,952.8690185546875,27.218772888183594
3.1796875,952.861083984375,27.222434997558594
3.1953125,952.8512573242188,27.223907470703125
3.2109375,952.8358154296875,27.228317260742188
3.2265625,952.8715209960938,27.221710205078125
3.2421875,952.838623046875,27.21802520751953
3.2578125,952.8663330078125,27.223907470703125
3.2734375,952.83349609375,27.21692657470703
3.2890625,952.854248046875,27.221710205078125
3.3046875,952.8458862304688,27.219497680664062
3.3203125,952.8623046875,27.229049682617188
3.3359375,952.8274536132812,27.228317260742188
3.3515625,952.8446655273438,27.219497680664062
3.3671875,952.8294067382812,27.21802520751953
3.3828125,952.8388061523438,27.203697204589844
3.3984375,952.8267211914062,27.201133728027344
3.4140625,952.8223266601562,27.218772888183594
3.4296875,952.826904296875,27.205543518066406
3.4453125,952.8244018554688,27.2158203125
3.4609375,952.8206787109375,27.2139892578125
3.4765625,952.8121948242188,27.218772888183594
3.4921875,952.8508911132812,27.202232360839844
3.5078125,952.815185546875,27.198928833007812
3.5234375,952.824951171875,27.21619415283203
3.5390625,952.8350830078125,27.21692657470703
3.5546875,952.8345947265625,27.204795837402344
3.5703125,952.8458862304688,27.204795837402344
3.5859375,952.8334350585938,27.199661254882812
3.6015625,952.8328857421875,27.210678100585938
3.6171875,952.8225708007812,27.21178436279297
3.6328125,952.8448486328125,27.204071044921875
3.6484375,952.8111572265625,27.208106994628906
3.6640625,952.8223266601562,27.191566467285156
3.6796875,952.8326416015625,27.21178436279297
3.6953125,952.8232421875,27.211410522460938
3.7109375,952.8363647460938,27.19414520263672
3.7265625,952.8323974609375,27.19341278076172
3.7421875,952.8244018554688,27.207000732421875
3.7578125,952.8228759765625,27.19451904296875
3.7734375,952.8275756835938,27.19451904296875
3.7890625,952.8114624023438,27.19451904296875
3.8046875,952.823974609375,27.19635009765625
3.8203125,952.8145751953125,27.209205627441406
3.8359375,952.8141479492188,27.199661254882812
3.8515625,952.8203735351562,27.19672393798828
3.8671875,952.812255859375,27.198928833007812
3.8828125,952.8077392578125,27.19414520263672
3.8984375,952.80419921875,27.19414520263672
3.9140625,952.79052734375,27.185699462890625
3.9296875,952.7872314453125,27.19561767578125
3.9453125,952.794189453125,27.186431884765625
3.9609375,952.79443359375,27.186431884765625
3.9765625,952.7974853515625,27.193771362304688
3.9921875,952.7951049804688,27.203338623046875
4.0078125,952.7848510742188,27.190109252929688
4.0234375,952.7930297851562,27.190841674804688
4.0390625,952.7877197265625,27.19341278076172
4.0546875,952.7736206054688,27.200027465820312
4.0703125,952.7742919921875,27.191207885742188
4.0859375,952.7793579101562,27.19414520263672
4.1015625,952.7809448242188,27.181289672851562
4.1171875,952.7796020507812,27.18274688720703
4.1328125,952.7726440429688,27.186431884765625
4.1484375,952.77294921875,27.193771362304688
4.1640625,952.7796630859375,27.18091583251953
4.1796875,952.7664794921875,27.185699462890625
4.1953125,952.7799682617188,27.184951782226562
4.2109375,952.780517578125,27.185699462890625
4.2265625,952.7860717773438,27.184951782226562
4.2421875,952.7787475585938,27.18164825439453
4.2578125,952.77490234375,27.168060302734375
4.2734375,952.7711791992188,27.186431884765625
4.2890625,952.7741088867188,27.185699462890625
4.3046875,952.77880859375,27.190467834472656
4.3203125,952.780517578125,27.183853149414062
4.3359375,952.779296875,27.19414520263672
4.3515625,952.7779541015625,27.19414520263672
4.3671875,952.762939453125,27.185699462890625
4.3828125,952.77880859375,27.18274688720703
4.3984375,952.7720336914062,27.18091583251953
4.4140625,952.7664794921875,27.1768798828125
4.4296875,952.7702026367188,27.18091583251953
4.4453125,952.75390625,27.189002990722656
4.4609375,952.7684326171875,27.189002990722656
4.4765625,952.7642211914062,27.172470092773438
4.4921875,952.7685546875,27.18164825439453
4.5078125,952.7677001953125,27.18164825439453
4.5234375,952.7545776367188,27.18018341064453
4.5390625,952.7693481445312,27.176132202148438
4.5546875,952.7600708007812,27.18091583251953
4.5703125,952.75390625,27.185325622558594
4.5859375,952.7466430664062,27.186431884765625
4.6015625,952.7796020507812,27.188262939453125
4.6171875,952.7713623046875,27.183853149414062
4.6328125,952.7619018554688,27.17908477783203
4.6484375,952.761474609375,27.18018341064453
4.6640625,952.7525634765625,27.1798095703125
4.6796875,952.766357421875,27.18091583251953
4.6953125,952.7545166015625,27.169891357421875
4.7109375,952.7528686523438,27.186431884765625
4.7265625,952.760986328125,27.173568725585938
4.7421875,952.7514038085938,27.18091583251953
4.7578125,952.75390625,27.185699462890625
4.7734375,952.7531127929688,27.18091583251953
4.7890625,952.7532348632812,27.193771362304688
4.8046875,952.7628784179688,27.184951782226562
4.8203125,952.7942504882812,27.193771362304688
4.8359375,952.8244018554688,27.184593200683594
4.8515625,952.8045043945312,27.193771362304688
4.8671875,952.835205078125,27.18091583251953
4.8828125,952.8745727539062,27.175033569335938
4.8984375,952.8626098632812,27.193771362304688
4.9140625,952.821533203125,27.18018341064453
4.9296875,952.8721923828125,27.193771362304688
4.9453125,952.8633422851562,27.185699462890625
4.9609375,952.8853149414062,27.18164825439453
4.9765625,952.87646484375,27.184951782226562
4.9921875,952.8577270507812,27.17650604248047
5.0078125,952.864013671875,27.19341278076172
5.0234375,952.8555297851562,27.18274688720703
5.0390625,952.8574829101562,27.19414520263672
5.0546875,952.8634033203125,27.19708251953125
5.0703125,952.8421630859375,27.20038604736328
5.0859375,952.8508911132812,27.18091583251953
5.1015625,952.8585205078125,27.17908477783203
5.1171875,952.8642578125,27.175399780273438
5.1328125,952.8699951171875,27.19708251953125
5.1484375,952.8618774414062,27.187904357910156
5.1640625,952.9124755859375,27.18164825439453
5.1796875,952.8663940429688,27.18164825439453
5.1953125,952.8580322265625,27.184593200683594
5.2109375,952.8504638671875,27.191940307617188
5.2265625,952.867919921875,27.185699462890625
5.2421875,952.862548828125,27.18164825439453
5.2578125,952.8532104492188,27.183494567871094
5.2734375,952.9030151367188,27.17723846435547
5.2890625,952.8760986328125,27.169891357421875
5.3046875,952.8927001953125,27.165481567382812
5.3203125,952.8707885742188,27.1768798828125
5.3359375,952.822265625,27.170989990234375
5.3515625,952.8634643554688,27.173568725585938
5.3671875,952.87451171875,27.173927307128906
5.3828125,952.88232421875,27.171722412109375
5.3984375,952.8713989257812,27.1787109375
5.4140625,952.8689575195312,27.17833709716797
5.4296875,952.8731689453125,27.173927307128906
5.4453125,952.8840942382812,27.16254425048828
5.4609375,952.8590698242188,27.168418884277344
5.4765625,952.85302734375,27.18164825439453
5.4921875,952.8973999023438,27.167312622070312
5.5078125,952.84765625,27.175033569335938
5.5234375,952.862060546875,27.15886688232422
5.5390625,952.8641357421875,27.172096252441406
5.5546875,952.8426513671875,27.172470092773438
5.5703125,952.8493041992188,27.166580200195312
5.5859375,952.8457641601562,27.166954040527344
5.6015625,952.875,27.155189514160156
5.6171875,952.8541259765625,27.16033935546875
5.6328125,952.8487548828125,27.15813446044922
5.6484375,952.8663940429688,27.16400909423828
5.6640625,952.8478393554688,27.16217041015625
5.6796875,952.8614501953125,27.150047302246094
5.6953125,952.8380737304688,27.16217041015625
5.7109375,952.8524169921875,27.149673461914062
5.7265625,952.8374633789062,27.150047302246094
5.7421875,952.8590698242188,27.148216247558594
5.7578125,952.8283081054688,27.154457092285156
5.7734375,952.8402709960938,27.165855407714844
5.7890625,952.8485717773438,27.16033935546875
5.8046875,952.8295288085938,27.148941040039062
5.8203125,952.825439453125,27.14563751220703
5.8359375,952.8209838867188,27.149673461914062
5.8515625,952.8165283203125,27.156661987304688
5.8671875,952.8064575195312,27.165855407714844
5.8828125,952.8121948242188,27.1416015625
5.8984375,952.7989501953125,27.149673461914062
5.9140625,952.8009643554688,27.14636993408203
5.9296875,952.7935180664062,27.146011352539062
5.9453125,952.8006591796875,27.146743774414062
5.9609375,952.7858276367188,27.1434326171875
5.9765625,952.7758178710938,27.137924194335938
5.9921875,952.7896728515625,27.14490509033203
6.0078125,952.7754516601562,27.150779724121094
6.0234375,952.781982421875,27.140121459960938
6.0390625,952.7880249023438,27.14049530029297
6.0546875,952.778564453125,27.13939666748047
6.0703125,952.7766723632812,27.140121459960938
6.0859375,952.78271484375,27.123214721679688
6.1015625,952.7803955078125,27.135345458984375
6.1171875,952.7720947265625,27.14049530029297
6.1328125,952.7755737304688,27.129470825195312
6.1484375,952.7774658203125,27.12175750732422
6.1640625,952.7635498046875,27.134239196777344
6.1796875,952.7708129882812,27.12652587890625
6.1953125,952.7639770507812,27.12762451171875
6.2109375,952.77490234375,27.12579345703125
6.2265625,952.76513671875,27.12652587890625
6.2421875,952.7651977539062,27.12432098388672
6.2578125,952.780517578125,27.129470825195312
6.2734375,952.7655029296875,27.130935668945312
6.2890625,952.764404296875,27.119178771972656
6.3046875,952.7489624023438,27.136085510253906
6.3203125,952.7781982421875,27.12762451171875
6.3359375,952.7640991210938,27.119911193847656
6.3515625,952.7544555664062,27.12175750732422
6.3671875,952.7725830078125,27.122116088867188
6.3828125,952.7516479492188,27.12506103515625
6.3984375,952.7734985351562,27.12175750732422
6.4140625,952.7737426757812,27.115875244140625
6.4296875,952.7642211914062,27.118446350097656
6.4453125,952.76318359375,27.11035919189453
6.4609375,952.7420654296875,27.119911193847656
6.4765625,952.7633666992188,27.135711669921875
6.4921875,952.7505493164062,27.119911193847656
6.5078125,952.7645874023438,27.123214721679688
6.5234375,952.7678833007812,27.119911193847656
6.5390625,952.7544555664062,27.130935668945312
6.5546875,952.7567138671875,27.12762451171875
6.5703125,952.7611694335938,27.118446350097656
6.5859375,952.7470703125,27.12726593017578
6.6015625,952.7485961914062,27.12358856201172
6.6171875,952.7607421875,27.129104614257812
6.6328125,952.7439575195312,27.131301879882812
6.6484375,952.747802734375,27.12506103515625
6.6640625,952.7669067382812,27.12762451171875
6.6796875,952.791015625,27.12541961669922
6.6953125,952.7740478515625,27.133880615234375
6.7109375,952.7994384765625,27.11109161376953
6.7265625,952.7858276367188,27.118446350097656
6.7421875,952.8134155273438,27.10962677001953
6.7578125,952.8310546875,27.116600036621094
6.7734375,952.829345703125,27.12175750732422
6.7890625,952.8292846679688,27.12358856201172
6.8046875,952.8611450195312,27.114036560058594
6.8203125,952.8507080078125,27.119911193847656
6.8359375,952.8285522460938,27.119911193847656
6.8515625,952.8734130859375,27.12689208984375
6.8671875,952.8346557617188,27.10778045654297
6.8828125,952.8500366210938,27.117347717285156
6.8984375,952.8294067382812,27.11035919189453
6.9140625,952.82763671875,27.119911193847656
6.9296875,952.8817749023438,27.112937927246094
6.9453125,952.8558959960938,27.11109161376953
6.9609375,952.8773193359375,27.11035919189453
6.9765625,952.8461303710938,27.118446350097656
6.9921875,952.8672485351562,27.107421875
7.0078125,952.8536376953125,27.115875244140625
7.0234375,952.869873046875,27.11035919189453
7.0390625,952.8939819335938,27.10778045654297
7.0546875,952.843505859375,27.09161376953125
7.0703125,952.8597412109375,27.107421875
7.0859375,952.8507080078125,27.100433349609375
7.1015625,952.8558959960938,27.102272033691406
7.1171875,952.8829956054688,27.098602294921875
7.1328125,952.8700561523438,27.100433349609375
7.1484375,952.8792114257812,27.09161376953125
7.1640625,952.8687133789062,27.100433349609375
7.1796875,952.8642578125,27.084632873535156
7.1953125,952.8423461914062,27.09014129638672
7.2109375,952.8644409179688,27.08647918701172
7.2265625,952.8538818359375,27.082794189453125
7.2421875,952.8733520507812,27.080963134765625
7.2578125,952.8312377929688,27.083168029785156
7.2734375,952.8697509765625,27.083168029785156
7.2890625,952.8631591796875,27.077285766601562
7.3046875,952.8828735351562,27.08647918701172
7.3203125,952.8736572265625,27.0721435546875
7.3359375,952.8602294921875,27.080963134765625
7.3515625,952.8515625,27.0728759765625
7.3671875,952.8675537109375,27.078384399414062
7.3828125,952.8555297851562,27.0721435546875
7.3984375,952.8656005859375,27.0721435546875
7.4140625,952.86083984375,27.07470703125
7.4296875,952.8772583007812,27.075454711914062
7.4453125,952.85107421875,27.067733764648438
7.4609375,952.8442993164062,27.07324981689453
7.4765625,952.8729248046875,27.077285766601562
7.4921875,952.8482055664062,27.071044921875
7.5078125,952.8565673828125,27.07470703125
7.5234375,952.8599853515625,27.065528869628906
7.5390625,952.8734130859375,27.081321716308594
7.5546875,952.8588256835938,27.060020446777344
7.5703125,952.841796875,27.07324981689453
7.5859375,952.8885498046875,27.05927276611328
7.6015625,952.8709716796875,27.071044921875
7.6171875,952.9067993164062,27.073974609375
7.6328125,952.8526611328125,27.060020446777344
7.6484375,952.8572998046875,27.05927276611328
7.6640625,952.8583984375,27.0721435546875
7.6796875,952.8405151367188,27.05927276611328
7.6953125,952.8613891601562,27.063682556152344
7.7109375,952.8463134765625,27.05633544921875
7.7265625,952.8712768554688,27.067733764648438
7.7421875,952.8639526367188,27.07470703125
7.7578125,952.8551635742188,27.065528869628906
7.7734375,952.82373046875,27.05596923828125
7.7890625,952.8843383789062,27.05633544921875
7.8046875,952.8605346679688,27.065887451171875
7.8203125,952.8303833007812,27.067367553710938
7.8359375,952.8072509765625,27.060020446777344
7.8515625,952.819580078125,27.05927276611328
7.8671875,952.8195190429688,27.043838500976562
7.8828125,952.7994995117188,27.041275024414062
7.8984375,952.8087768554688,27.05450439453125
7.9140625,952.8065185546875,27.058547973632812
7.9296875,952.8110961914062,27.044586181640625
7.9453125,952.8002319335938,27.043838500976562
7.9609375,952.8001098632812,27.047515869140625
7.9765625,952.7980346679688,27.050827026367188
7.9921875,952.7913208007812,27.05706787109375
8.0078125,952.7936401367188,27.043838500976562
8.0234375,952.7833251953125,27.05450439453125
8.0390625,952.7927856445312,27.048622131347656
8.0546875,952.7766723632812,27.059646606445312
8.0703125,952.7830810546875,27.041275024414062
8.0859375,952.7760009765625,27.048248291015625
8.1015625,952.7736206054688,27.05927276611328
8.1171875,952.7872314453125,27.04053497314453
8.1328125,952.7836303710938,27.042007446289062
8.1484375,952.7957763671875,27.0386962890625
8.1640625,952.763671875,27.042739868164062
8.1796875,952.7874755859375,27.050453186035156
8.1953125,952.78515625,27.05376434326172
8.2109375,952.7723999023438,27.048248291015625
8.2265625,952.7760620117188,27.04053497314453
8.2421875,952.7781982421875,27.05633544921875
8.2578125,952.7804565429688,27.043838500976562
8.2734375,952.7905883789062,27.041275024414062
8.2890625,952.7782592773438,27.040908813476562
8.3046875,952.7710571289062,27.05633544921875
8.3203125,952.7726440429688,27.0386962890625
8.3359375,952.7827758789062,27.030982971191406
8.3515625,952.7718505859375,27.042007446289062
8.3671875,952.7658081054688,27.042007446289062
8.3828125,952.7653198242188,27.043479919433594
8.3984375,952.7826538085938,27.0386962890625
8.4140625,952.7810668945312,27.050453186035156
8.4296875,952.763671875,27.041275024414062
8.4453125,952.7830810546875,27.044586181640625
8.4609375,952.7763061523438,27.049728393554688
8.4765625,952.7665405273438,27.048248291015625
8.4921875,952.7766723632812,27.05633544921875
8.5078125,952.7667236328125,27.0394287109375
8.5234375,952.778076171875,27.051559448242188
8.5390625,952.7721557617188,27.05303192138672
8.5546875,952.766845703125,27.05633544921875
8.5703125,952.770263671875,27.061477661132812
8.5859375,952.7891845703125,27.05120086669922
8.6015625,952.7840576171875,27.061119079589844
8.6171875,952.7808227539062,27.05120086669922
8.6328125,952.7732543945312,27.05596923828125
8.6484375,952.7802734375,27.045684814453125
8.6640625,952.7649536132812,27.05450439453125
8.6796875,952.7813720703125,27.047889709472656
8.6953125,952.7788696289062,27.063323974609375
8.7109375,952.7679443359375,27.043479919433594
8.7265625,952.7611694335938,27.05633544921875
8.7421875,952.7726440429688,27.05450439453125
8.7578125,952.779052734375,27.035018920898438
8.7734375,952.7991943359375,27.05633544921875
8.7890625,952.8192749023438,27.05450439453125
8.8046875,952.8424072265625,27.05633544921875
8.8203125,952.8234252929688,27.047889709472656
8.8359375,952.8572998046875,27.05927276611328
8.8515625,952.867919921875,27.05450439453125
8.8671875,952.837646484375,27.045684814453125
8.8828125,952.853515625,27.05120086669922
8.8984375,952.8427124023438,27.05744171142578
8.9140625,952.836669921875,27.0394287109375
8.9296875,952.8493041992188,27.050094604492188
8.9453125,952.8485717773438,27.03539276123047
8.9609375,952.8212890625,27.05450439453125
8.9765625,952.845458984375,27.05633544921875
8.9921875,952.8659057617188,27.049728393554688
9.0078125,952.8424682617188,27.043838500976562
9.0234375,952.890380859375,27.048622131347656
9.0390625,952.8614501953125,27.05450439453125
9.0546875,952.8507690429688,27.04163360595703
9.0703125,952.795654296875,27.011138916015625
9.0859375,952.7681274414062,26.990921020507812
9.1015625,952.7739868164062,26.995330810546875
9.1171875,952.7755126953125,26.99938201904297
9.1328125,952.7987060546875,26.994232177734375
9.1484375,952.7664794921875,27.004150390625
9.1640625,952.78662109375,27.00048828125
9.1796875,952.7915649414062,26.993499755859375
9.1953125,952.766357421875,26.989089965820312
9.2109375,952.7803955078125,26.98761749267578
9.2265625,952.7777709960938,26.993499755859375
9.2421875,952.7752685546875,26.990188598632812
9.2578125,952.7804565429688,26.992767333984375
9.2734375,952.7705078125,26.992401123046875
9.2890625,952.7740478515625,26.979896545410156
9.3046875,952.7662353515625,26.98541259765625
9.3203125,952.767333984375,26.995330810546875
9.3359375,952.7540283203125,26.988357543945312
9.3515625,952.7677001953125,26.993499755859375
9.3671875,952.7734985351562,26.993499755859375
9.3828125,952.7698974609375,26.98320770263672
9.3984375,952.7695922851562,26.979896545410156
9.4140625,952.7727661132812,26.98871612548828
9.4296875,952.7677001953125,26.979896545410156
9.4453125,952.7595825195312,26.98761749267578
9.4609375,952.7777709960938,27.001220703125
9.4765625,952.77490234375,26.992027282714844
9.4921875,952.7673950195312,26.996810913085938
9.5078125,952.7738647460938,26.997535705566406
9.5234375,952.7745971679688,26.994598388671875
9.5390625,952.768310546875,26.990921020507812
9.5546875,952.7907104492188,26.992401123046875
9.5703125,952.7901611328125,26.990921020507812
9.5859375,952.7955322265625,26.992401123046875
9.6015625,952.8385620117188,26.993125915527344
9.6171875,952.8387451171875,26.990921020507812
9.6328125,952.8307495117188,26.993125915527344
9.6484375,952.8422241210938,26.994232177734375
9.6640625,952.8597412109375,26.997177124023438
9.6796875,952.8194580078125,27.001220703125
9.6953125,952.8980102539062,26.995330810546875
9.7109375,952.8771362304688,27.00048828125
9.7265625,952.8663330078125,26.98615264892578
9.7421875,952.8433227539062,26.98577880859375
9.7578125,952.89599609375,26.98688507080078
9.7734375,952.9026489257812,26.998641967773438
9.7890625,952.8553466796875,27.008560180664062
9.8046875,952.9149780273438,26.98468017578125
9.8203125,952.80615234375,27.004898071289062
9.8359375,952.8978881835938,27.008201599121094
9.8515625,952.8616943359375,27.001220703125
9.8671875,952.8328857421875,26.99938201904297
9.8828125,952.846435546875,26.98320770263672
9.8984375,952.9620971679688,26.994972229003906
9.9140625,952.857421875,26.993125915527344
9.9296875,952.8404541015625,26.998641967773438
9.9453125,952.8606567382812,26.995330810546875
9.9609375,952.8753662109375,26.992401123046875
9.9765625,952.8385620117188,26.979896545410156
9.9921875,952.8726196289062,26.987258911132812
10.0078125,952.8350830078125,26.987991333007812
10.0234375,952.8895874023438,26.987258911132812
10.0390625,952.84765625,26.98761749267578
10.0546875,952.9010009765625,26.987991333007812
10.0703125,952.8501586914062,26.976959228515625
10.0859375,952.8388671875,26.971824645996094
10.1015625,952.871826171875,26.979537963867188
10.1171875,952.8528442382812,26.973655700683594
10.1328125,952.8516845703125,26.964462280273438
10.1484375,952.82568359375,26.978439331054688
10.1640625,952.8880004882812,26.973655700683594
10.1796875,952.8695678710938,26.971824645996094
10.1953125,952.8466796875,26.977691650390625
10.2109375,952.8287963867188,26.962257385253906
10.2265625,952.8446655273438,26.9652099609375
10.2421875,952.873046875,26.963729858398438
10.2578125,952.83935546875,26.960426330566406
10.2734375,952.8670654296875,26.96483612060547
10.2890625,952.850830078125,26.94902801513672
10.3046875,952.831298828125,26.956390380859375
10.3203125,952.8469848632812,26.953079223632812
10.3359375,952.8406982421875,26.956390380859375
10.3515625,952.8511352539062,26.954910278320312
10.3671875,952.8563842773438,26.95160675048828
10.3828125,952.8304443359375,26.945724487304688
10.3984375,952.8322143554688,26.957489013671875
10.4140625,952.8524169921875,26.951980590820312
10.4296875,952.8345947265625,26.941314697265625
10.4453125,952.8262939453125,26.951980590820312
10.4609375,952.8357543945312,26.940582275390625
10.4765625,952.8346557617188,26.942413330078125
10.4921875,952.8468627929688,26.954544067382812
10.5078125,952.8193359375,26.946823120117188
10.5234375,952.8125610351562,26.951980590820312
10.5390625,952.8292236328125,26.94977569580078
10.5546875,952.8242797851562,26.94940185546875
10.5703125,952.8189086914062,26.9681396484375
10.5859375,952.8176879882812,26.951980590820312
10.6015625,952.8214721679688,26.951980590820312
10.6171875,952.8237915039062,26.942787170410156
10.6328125,952.8080444335938,26.93579864501953
10.6484375,952.8072509765625,26.958221435546875
10.6640625,952.7975463867188,26.941314697265625
10.6796875,952.7958374023438,26.94792938232422
10.6953125,952.7954711914062,26.937644958496094
10.7109375,952.7896118164062,26.943893432617188
10.7265625,952.8038940429688,26.942413330078125
10.7421875,952.807861328125,26.937644958496094
10.7578125,952.8014526367188,26.951980590820312
10.7734375,952.7999877929688,26.94866943359375
10.7890625,952.7905883789062,26.945724487304688
10.8046875,952.8011474609375,26.946823120117188
10.8203125,952.7910766601562,26.960800170898438
10.8359375,952.7984008789062,26.939483642578125
10.8515625,952.7932739257812,26.942413330078125
10.8671875,952.7989501953125,26.944992065429688
10.8828125,952.7992553710938,26.941314697265625
10.8984375,952.7935180664062,26.95160675048828
10.9140625,952.792724609375,26.943161010742188
10.9296875,952.7936401367188,26.944259643554688
10.9453125,952.796142578125,26.95123291015625
10.9609375,952.7860717773438,26.936546325683594
10.9765625,952.7894287109375,26.952713012695312
10.9921875,952.7910766601562,26.94792938232422
11.0078125,952.7954711914062,26.951980590820312
11.0234375,952.791015625,26.946823120117188
11.0390625,952.7994384765625,26.944992065429688
11.0546875,952.7860717773438,26.94977569580078
11.0703125,952.790771484375,26.94866943359375
11.0859375,952.7875366210938,26.936546325683594
11.1015625,952.7786254882812,26.941314697265625
11.1171875,952.7899169921875,26.941314697265625
11.1328125,952.786865234375,26.951980590820312
11.1484375,952.7944946289062,26.9324951171875
11.1640625,952.772216796875,26.939483642578125
11.1796875,952.784912109375,26.943519592285156
11.1953125,952.7793579101562,26.946823120117188
11.2109375,952.7778930664062,26.958953857421875
11.2265625,952.786865234375,26.943519592285156
11.2421875,952.7793579101562,26.95013427734375
11.2578125,952.7794799804688,26.960800170898438
11.2734375,952.785888671875,26.946823120117188
11.2890625,952.7760620117188,26.94977569580078
11.3046875,952.7669067382812,26.941314697265625
11.3203125,952.7803955078125,26.95160675048828
11.3359375,952.7796630859375,26.94902801513672
11.3515625,952.7709350585938,26.960426330566406
11.3671875,952.7631225585938,26.960052490234375
11.3828125,952.7822265625,26.956016540527344
11.3984375,952.79443359375,26.951980590820312
11.4140625,952.8244018554688,26.955642700195312
11.4296875,952.8349609375,26.961532592773438
11.4453125,952.8421630859375,26.961898803710938
11.4609375,952.861328125,26.954910278320312
11.4765625,952.8480834960938,26.953079223632812
11.4921875,952.8812866210938,26.946823120117188
11.5078125,952.8735961914062,26.94866943359375
11.5234375,952.9024047851562,26.956390380859375
11.5390625,952.8876342773438,26.957122802734375
11.5546875,952.8931274414062,26.9652099609375
11.5703125,952.9196166992188,26.96741485595703
11.5859375,952.897705078125,26.95160675048828
11.6015625,952.891357421875,26.960052490234375
11.6171875,952.8389892578125,26.96410369873047
11.6328125,952.893798828125,26.9681396484375
11.6484375,952.9569091796875,26.9681396484375
11.6640625,952.978515625,26.95160675048828
11.6796875,952.917724609375,26.963363647460938
11.6953125,952.9253540039062,26.96741485595703
11.7109375,952.993896484375,26.962631225585938
11.7265625,952.8942260742188,26.97107696533203
11.7421875,952.8992919921875,26.963363647460938
11.7578125,952.86328125,26.960800170898438
11.7734375,952.9221801757812,26.977691650390625
11.7890625,952.8909912109375,26.95233917236328
11.8046875,952.8681030273438,26.96410369873047
11.8203125,952.8711547851562,26.963729858398438
11.8359375,952.89794921875,26.951980590820312
11.8515625,952.87109375,26.960800170898438
11.8671875,952.882080078125,26.951980590820312
11.8828125,952.8848266601562,26.960800170898438
11.8984375,952.875,26.960800170898438
11.9140625,952.9083251953125,26.963729858398438
11.9296875,952.9188842773438,26.956390380859375
11.9453125,952.8978881835938,26.953079223632812
11.9609375,952.9105834960938,26.962257385253906
11.9765625,952.8692016601562,26.954910278320312
11.9921875,952.887451171875,26.96410369873047
12.0078125,952.893798828125,26.951980590820312
12.0234375,952.9242553710938,26.956016540527344
12.0390625,952.8697509765625,26.94830322265625
12.0546875,952.9238891601562,26.953079223632812
12.0703125,952.8932495117188,26.95233917236328
12.0859375,952.8890380859375,26.958221435546875
12.1015625,952.8908081054688,26.951980590820312
12.1171875,952.8908081054688,26.953079223632812
12.1328125,952.8903198242188,26.944259643554688
12.1484375,952.8775024414062,26.942413330078125
12.1640625,952.9232788085938,26.946823120117188
12.1796875,952.8579711914062,26.944259643554688
12.1953125,952.8977661132812,26.944259643554688
12.2109375,952.85107421875,26.944992065429688
12.2265625,952.8883666992188,26.938751220703125
12.2421875,952.8858642578125,26.942413330078125
12.2578125,952.890380859375,26.94977569580078
12.2734375,952.860107421875,26.944992065429688
12.2890625,952.8602294921875,26.94830322265625
12.3046875,952.8659057617188,26.942413330078125
12.3203125,952.8533325195312,26.94977569580078
12.3359375,952.8494262695312,26.95013427734375
12.3515625,952.8272705078125,26.944992065429688
12.3671875,952.8512573242188,26.9324951171875
12.3828125,952.8296508789062,26.946823120117188
12.3984375,952.823974609375,26.94977569580078
12.4140625,952.8128662109375,26.941314697265625
12.4296875,952.8234252929688,26.951980590820312
12.4453125,952.827392578125,26.9324951171875
12.4609375,952.817138671875,26.936904907226562
12.4765625,952.8229370117188,26.940582275390625
12.4921875,952.8107299804688,26.938003540039062
12.5078125,952.8109741210938,26.944259643554688
12.5234375,952.8236694335938,26.944259643554688
12.5390625,952.8110961914062,26.934341430664062
12.5546875,952.8101196289062,26.937644958496094
12.5703125,952.8045043945312,26.939483642578125
12.5859375,952.81787109375,26.93396759033203
12.6015625,952.8173217773438,26.93396759033203
12.6171875,952.8065185546875,26.942413330078125
12.6328125,952.8114624023438,26.95013427734375
12.6484375,952.8087158203125,26.939483642578125
12.6640625,952.8118286132812,26.929183959960938
12.6796875,952.8102416992188,26.929183959960938
12.6953125,952.8037109375,26.93396759033203
12.7109375,952.8011474609375,26.93029022216797
12.7265625,952.7978515625,26.934341430664062
12.7421875,952.8143310546875,26.940582275390625
12.7578125,952.8017578125,26.934341430664062
12.7734375,952.8011474609375,26.917800903320312
12.7890625,952.8055419921875,26.907508850097656
12.8046875,952.8038940429688,26.924774169921875
12.8203125,952.8032836914062,26.924774169921875
12.8359375,952.8187866210938,26.925880432128906
12.8515625,952.8003540039062,26.924774169921875
12.8671875,952.7973022460938,26.921470642089844
12.8828125,952.7879638671875,26.926620483398438
12.8984375,952.806396484375,26.925880432128906
12.9140625,952.803955078125,26.929183959960938
12.9296875,952.7977294921875,26.929183959960938
12.9453125,952.7947387695312,26.925521850585938
12.9609375,952.7942504882812,26.937644958496094
12.9765625,952.798583984375,26.938377380371094
12.9921875,952.790283203125,26.940582275390625
13.0078125,952.7957763671875,26.922943115234375
13.0234375,952.7970581054688,26.9324951171875
13.0390625,952.7949829101562,26.924774169921875
13.0546875,952.7942504882812,26.937644958496094
13.0703125,952.80029296875,26.93323516845703
13.0859375,952.798095703125,26.934341430664062
13.1015625,952.7933959960938,26.936546325683594
13.1171875,952.7954711914062,26.921470642089844
13.1328125,952.7879638671875,26.927352905273438
13.1484375,952.7837524414062,26.921470642089844
13.1640625,952.7969360351562,26.9324951171875
13.1796875,952.7938232421875,26.926620483398438
13.1953125,952.7992553710938,26.928451538085938
13.2109375,952.8251342773438,26.93029022216797
13.2265625,952.8336791992188,26.921470642089844
13.2421875,952.8381958007812,26.934341430664062
13.2578125,952.8477783203125,26.921470642089844
13.2734375,952.8525390625,26.938751220703125
13.2890625,952.8936767578125,26.92955780029297
13.3046875,952.8538818359375,26.93396759033203
13.3203125,952.8932495117188,26.928451538085938
13.3359375,952.8735961914062,26.929183959960938
13.3515625,952.8927612304688,26.940582275390625
13.3671875,952.8561401367188,26.932861328125
13.3828125,952.8853149414062,26.9324951171875
13.3984375,952.8954467773438,26.937644958496094
13.4140625,952.919921875,26.942413330078125
13.4296875,952.8641357421875,26.93213653564453
13.4453125,952.884033203125,26.93396759033203
13.4609375,952.9415893554688,26.937644958496094
13.4765625,952.8648071289062,26.942413330078125
13.4921875,952.9065551757812,26.93029022216797
13.5078125,952.8881225585938,26.942413330078125
13.5234375,952.9232788085938,26.93396759033203
13.5390625,952.8825073242188,26.94792938232422
13.5546875,952.9024047851562,26.937644958496094
13.5703125,952.9227905273438,26.939483642578125
13.5859375,952.9044189453125,26.936546325683594
13.6015625,952.8934936523438,26.93579864501953
13.6171875,952.8885498046875,26.936904907226562
13.6328125,952.93896484375,26.928451538085938
13.6484375,952.9279174804688,26.93213653564453
13.6640625,952.9235229492188,26.921470642089844
13.6796875,952.848876953125,26.921112060546875
13.6953125,952.8961791992188,26.934341430664062
13.7109375,952.8967895507812,26.926620483398438
13.7265625,952.8906860351562,26.921470642089844
13.7421875,952.8680419921875,26.922943115234375
13.7578125,952.922607421875,26.926254272460938
13.7734375,952.8882446289062,26.934341430664062
13.7890625,952.8734741210938,26.922943115234375
13.8046875,952.8843383789062,26.921112060546875
13.8203125,952.8871459960938,26.91485595703125
13.8359375,952.8840942382812,26.919265747070312
13.8515625,952.8576049804688,26.925880432128906
13.8671875,952.849365234375,26.924774169921875
13.8828125,952.8564453125,26.919631958007812
13.8984375,952.8618774414062,26.919265747070312
13.9140625,952.8558349609375,26.922210693359375
13.9296875,952.8466186523438,26.922210693359375
13.9453125,952.904052734375,26.929931640625
13.9609375,952.8580932617188,26.91302490234375
13.9765625,952.8480224609375,26.907508850097656
13.9921875,952.8857421875,26.927352905273438
14.0078125,952.8991088867188,26.934341430664062
14.0234375,952.8572998046875,26.919265747070312
14.0390625,952.85888671875,26.921470642089844
14.0546875,952.8680419921875,26.918533325195312
14.0703125,952.8826904296875,26.918533325195312
14.0859375,952.8582763671875,26.919265747070312
14.1015625,952.8522338867188,26.907882690429688
14.1171875,952.8607788085938,26.918533325195312
14.1328125,952.8881225585938,26.904571533203125
14.1484375,952.8634033203125,26.903831481933594
14.1640625,952.8555908203125,26.902725219726562
14.1796875,952.8572387695312,26.901626586914062
14.1953125,952.88818359375,26.8983154296875
14.2109375,952.8424682617188,26.91485595703125
14.2265625,952.8243408203125,26.906036376953125
14.2421875,952.8283081054688,26.902725219726562
14.2578125,952.819580078125,26.911544799804688
14.2734375,952.8151245117188,26.90052032470703
14.2890625,952.8283081054688,26.883628845214844
14.3046875,952.796142578125,26.89501190185547
14.3203125,952.7978515625,26.904571533203125
14.3359375,952.808349609375,26.889137268066406
14.3515625,952.788330078125,26.884353637695312
14.3671875,952.8056640625,26.901268005371094
14.3828125,952.8038330078125,26.8983154296875
14.3984375,952.8005981445312,26.8953857421875
14.4140625,952.7943725585938,26.883628845214844
14.4296875,952.7931518554688,26.883628845214844
14.4453125,952.7902221679688,26.887290954589844
14.4609375,952.79052734375,26.885459899902344
14.4765625,952.7963256835938,26.888397216796875
14.4921875,952.7804565429688,26.887290954589844
14.5078125,952.79052734375,26.876266479492188
14.5234375,952.7882690429688,26.895751953125
14.5390625,952.7745971679688,26.900161743164062
14.5546875,952.7977905273438,26.890243530273438
14.5703125,952.7740478515625,26.883628845214844
14.5859375,952.7716674804688,26.884353637695312
14.6015625,952.7656860351562,26.88288116455078
14.6171875,952.7745971679688,26.891700744628906
14.6328125,952.781982421875,26.881423950195312
14.6484375,952.7797241210938,26.884727478027344
14.6640625,952.7801513671875,26.884353637695312
14.6796875,952.7734985351562,26.883987426757812
14.6953125,952.774658203125,26.901626586914062
14.7109375,952.7877807617188,26.88031768798828
14.7265625,952.7743530273438,26.883628845214844
14.7421875,952.7770385742188,26.884353637695312
14.7578125,952.774658203125,26.87737274169922
14.7734375,952.769287109375,26.889137268066406
14.7890625,952.7775268554688,26.868194580078125
14.8046875,952.7731323242188,26.887290954589844
14.8203125,952.7732543945312,26.87774658203125
14.8359375,952.7637939453125,26.875167846679688
14.8515625,952.7635498046875,26.87774658203125
14.8671875,952.7548828125,26.884353637695312
14.8828125,952.7656860351562,26.87921905517578
14.8984375,952.7568359375,26.87737274169922
14.9140625,952.7835693359375,26.88031768798828
14.9296875,952.7551879882812,26.864517211914062
14.9453125,952.7578125,26.883628845214844
14.9609375,952.7603759765625,26.88031768798828
14.9765625,952.7623291015625,26.876266479492188
14.9921875,952.7667236328125,26.86157989501953
15.0078125,952.7610473632812,26.875534057617188
15.0234375,952.7618408203125,26.857528686523438
15.0390625,952.7528686523438,26.871856689453125
15.0546875,952.7542724609375,26.868553161621094
15.0703125,952.7551879882812,26.87957763671875
15.0859375,952.7640380859375,26.890975952148438
15.1015625,952.7986450195312,26.867446899414062
15.1171875,952.8334350585938,26.876266479492188
15.1328125,952.8120727539062,26.86157989501953
15.1484375,952.8101196289062,26.856063842773438
15.1640625,952.8257446289062,26.86157989501953
15.1796875,952.8268432617188,26.874435424804688
15.1953125,952.8304443359375,26.882156372070312
15.2109375,952.8390502929688,26.87737274169922
15.2265625,952.8828735351562,26.88031768798828
15.2421875,952.9351196289062,26.888397216796875
15.2578125,952.9682006835938,26.868553161621094
15.2734375,952.9400024414062,26.884353637695312
15.2890625,952.8583374023438,26.884353637695312
15.3046875,952.833251953125,26.864517211914062
15.3203125,952.8671875,26.87957763671875
15.3359375,952.9379272460938,26.872962951660156
15.3515625,952.944580078125,26.868194580078125
15.3671875,952.9607543945312,26.857528686523438
15.3828125,952.8592529296875,26.857528686523438
15.3984375,952.9537353515625,26.847244262695312
15.4140625,952.854736328125,26.856796264648438
15.4296875,952.865234375,26.863037109375
15.4453125,952.9435424804688,26.86157989501953
15.4609375,952.8466186523438,26.854591369628906
15.4765625,952.8583984375,26.858627319335938
15.4921875,952.8720092773438,26.849807739257812
15.5078125,952.8825073242188,26.84283447265625
15.5234375,952.8674926757812,26.849807739257812
15.5390625,952.8627319335938,26.851654052734375
15.5546875,952.9442138671875,26.850555419921875
15.5703125,952.8711547851562,26.856796264648438
15.5859375,952.8587036132812,26.854591369628906
15.6015625,952.8865356445312,26.849807739257812
15.6171875,952.8848876953125,26.851654052734375
15.6328125,952.9172973632812,26.846878051757812
15.6484375,952.8606567382812,26.84356689453125
15.6640625,952.8818359375,26.850914001464844
15.6796875,952.8867797851562,26.836578369140625
15.6953125,952.9176635742188,26.84429931640625
15.7109375,952.8765258789062,26.84062957763672
15.7265625,952.9186401367188,26.840255737304688
15.7421875,952.8760986328125,26.834747314453125
15.7578125,952.9000854492188,26.833274841308594
15.7734375,952.9113159179688,26.84173583984375
15.7890625,952.8792724609375,26.830337524414062
15.8046875,952.9301147460938,26.832168579101562
15.8203125,952.9129638671875,26.84394073486328
15.8359375,952.8812255859375,26.840988159179688
15.8515625,952.8780517578125,26.839157104492188
15.8671875,952.8611450195312,26.852012634277344
15.8828125,952.8544921875,26.829605102539062
15.8984375,952.8809814453125,26.830337524414062
15.9140625,952.83154296875,26.840255737304688
15.9296875,952.8270874023438,26.834373474121094
15.9453125,952.8194580078125,26.830711364746094
15.9609375,952.8243408203125,26.833648681640625
15.9765625,952.813232421875,26.836219787597656
15.9921875,952.8165893554688,26.82996368408203
16.0078125,952.818359375,26.835479736328125
16.0234375,952.8129272460938,26.833648681640625
16.0390625,952.807373046875,26.82555389404297
16.0546875,952.8220825195312,26.833274841308594
16.0703125,952.7899780273438,26.832916259765625
16.0859375,952.810302734375,26.833648681640625
16.1015625,952.796630859375,26.830337524414062
16.1171875,952.8009643554688,26.829605102539062
16.1328125,952.7913818359375,26.833648681640625
16.1484375,952.7971801757812,26.819686889648438
16.1640625,952.7927856445312,26.821517944335938
16.1796875,952.7846069335938,26.831809997558594
16.1953125,952.7969970703125,26.836219787597656
16.2109375,952.7885131835938,26.82555389404297
16.2265625,952.7785034179688,26.830711364746094
16.2421875,952.787841796875,26.8248291015625
16.2578125,952.7777709960938,26.82996368408203
16.2734375,952.7896728515625,26.82299041748047
16.2890625,952.7775268554688,26.8248291015625
16.3046875,952.774169921875,26.832916259765625
16.3203125,952.78515625,26.820045471191406
16.3359375,952.7737426757812,26.82555389404297
16.3515625,952.784423828125,26.818206787109375
16.3671875,952.7734985351562,26.817840576171875
16.3828125,952.7770385742188,26.833648681640625
16.3984375,952.779296875,26.82886505126953
16.4140625,952.7756958007812,26.822250366210938
16.4296875,952.7799072265625,26.82189178466797
16.4453125,952.7852783203125,26.820045471191406
16.4609375,952.7581787109375,26.820045471191406
16.4765625,952.778564453125,26.815635681152344
16.4921875,952.7774658203125,26.819686889648438
16.5078125,952.7700805664062,26.8248291015625
16.5234375,952.7843627929688,26.821144104003906
16.5390625,952.783935546875,26.82299041748047
16.5546875,952.7781982421875,26.80608367919922
16.5703125,952.7657470703125,26.810867309570312
16.5859375,952.7769165039062,26.822250366210938
16.6015625,952.7703857421875,26.814170837402344
16.6171875,952.7731323242188,26.812698364257812
16.6328125,952.7741088867188,26.813430786132812
16.6484375,952.7772216796875,26.819313049316406
16.6640625,952.7736206054688,26.820045471191406
16.6796875,952.7838745117188,26.82996368408203
16.6953125,952.7621459960938,26.8248291015625
16.7109375,952.7598266601562,26.819686889648438
16.7265625,952.7718505859375,26.819686889648438
16.7421875,952.7730102539062,26.834373474121094
16.7578125,952.775146484375,26.814903259277344
16.7734375,952.7833251953125,26.819686889648438
16.7890625,952.7927856445312,26.834373474121094
16.8046875,952.8240966796875,26.833648681640625
16.8203125,952.794189453125,26.834373474121094
16.8359375,952.81640625,26.833648681640625
16.8515625,952.859375,26.82996368408203
16.8671875,952.8404541015625,26.832916259765625
16.8828125,952.8042602539062,26.831069946289062
16.8984375,952.851318359375,26.84246826171875
16.9140625,952.854248046875,26.82813262939453
16.9296875,952.8427124023438,26.82372283935547
16.9453125,952.88232421875,26.836952209472656
16.9609375,952.8284912109375,26.837326049804688
16.9765625,952.829833984375,26.830711364746094
16.9921875,952.8751220703125,26.836219787597656
17.0078125,952.85302734375,26.82996368408203
17.0234375,952.85546875,26.832916259765625
17.0390625,952.8646850585938,26.830711364746094
17.0546875,952.8471069335938,26.831436157226562
17.0703125,952.851318359375,26.840988159179688
17.0859375,952.8809814453125,26.833648681640625
17.1015625,952.874267578125,26.833648681640625
17.1171875,952.859375,26.821517944335938
17.1328125,952.8389892578125,26.820045471191406
17.1484375,952.9153442382812,26.829605102539062
17.1640625,952.8661499023438,26.813072204589844
17.1796875,952.8823852539062,26.815635681152344
17.1953125,952.8546142578125,26.816734313964844
17.2109375,952.8773803710938,26.8248291015625
17.2265625,952.856689453125,26.82299041748047
17.2421875,952.8505249023438,26.833648681640625
17.2578125,952.8468017578125,26.834373474121094
17.2734375,952.8397216796875,26.819313049316406
17.2890625,952.841796875,26.820045471191406
17.3046875,952.880126953125,26.80976104736328
17.3203125,952.9030151367188,26.82666015625
17.3359375,952.8753662109375,26.80791473388672
17.3515625,952.9727172851562,26.810867309570312
17.3671875,952.8726196289062,26.80425262451172
17.3828125,952.8396606445312,26.81049346923828
17.3984375,952.8385009765625,26.814529418945312
17.4140625,952.8783569335938,26.818206787109375
17.4296875,952.8709716796875,26.821517944335938
17.4453125,952.903564453125,26.818206787109375
17.4609375,952.8440551757812,26.80681610107422
17.4765625,952.8500366210938,26.80902099609375
17.4921875,952.9107055664062,26.818580627441406
17.5078125,952.8787841796875,26.80902099609375
17.5234375,952.8778076171875,26.80791473388672
17.5390625,952.83349609375,26.799468994140625
17.5546875,952.8781127929688,26.804977416992188
17.5703125,952.8410034179688,26.80902099609375
17.5859375,952.8432006835938,26.80535125732422
17.6015625,952.8379516601562,26.798736572265625
17.6171875,952.8349609375,26.798736572265625
17.6328125,952.846923828125,26.798736572265625
17.6484375,952.876220703125,26.799468994140625
17.6640625,952.8178100585938,26.795791625976562
17.6796875,952.8543701171875,26.780357360839844
17.6953125,952.8504638671875,26.79102325439453
17.7109375,952.90234375,26.79212188720703
17.7265625,952.8790893554688,26.784767150878906
17.7421875,952.8831787109375,26.78917694091797
17.7578125,952.8681030273438,26.788818359375
17.7734375,952.8549194335938,26.785507202148438
17.7890625,952.8766479492188,26.786239624023438
17.8046875,952.8756103515625,26.791748046875
17.8203125,952.8707885742188,26.794326782226562
17.8359375,952.8734130859375,26.784034729003906
17.8515625,952.8436279296875,26.779998779296875
17.8671875,952.8325805664062,26.784034729003906
17.8828125,952.8466186523438,26.794326782226562
17.8984375,952.8327026367188,26.788818359375
17.9140625,952.8345947265625,26.78661346435547
17.9296875,952.8276977539062,26.781829833984375
17.9453125,952.8231201171875,26.777793884277344
17.9609375,952.8209228515625,26.780357360839844
17.9765625,952.8175659179688,26.77594757080078
17.9921875,952.8111572265625,26.77484130859375
18.0078125,952.82421875,26.793228149414062
18.0234375,952.8153686523438,26.77227783203125
18.0390625,952.8155517578125,26.776687622070312
18.0546875,952.8208618164062,26.781097412109375
18.0703125,952.8187866210938,26.780357360839844
18.0859375,952.807373046875,26.779624938964844
18.1015625,952.810302734375,26.780357360839844
18.1171875,952.8002319335938,26.783660888671875
18.1328125,952.7921752929688,26.77521514892578
18.1484375,952.8009033203125,26.786239624023438
18.1640625,952.79248046875,26.784408569335938
18.1796875,952.8025512695312,26.787338256835938
18.1953125,952.8033447265625,26.794326782226562
18.2109375,952.798095703125,26.762718200683594
18.2265625,952.8145751953125,26.78661346435547
18.2421875,952.8056640625,26.779624938964844
18.2578125,952.7857666015625,26.777793884277344
18.2734375,952.7999877929688,26.79102325439453
18.2890625,952.79296875,26.788818359375
18.3046875,952.792724609375,26.788070678710938
18.3203125,952.7855224609375,26.78844451904297
18.3359375,952.7855224609375,26.781455993652344
18.3515625,952.7799682617188,26.785140991210938
18.3671875,952.7924194335938,26.781829833984375
18.3828125,952.7890625,26.77191162109375
18.3984375,952.7791137695312,26.776687622070312
18.4140625,952.7825317382812,26.786972045898438
18.4296875,952.7794189453125,26.777793884277344
18.4453125,952.7754516601562,26.78661346435547
18.4609375,952.7793579101562,26.781455993652344
18.4765625,952.7848510742188,26.77338409423828
18.4921875,952.7965698242188,26.793228149414062
18.5078125,952.7759399414062,26.782203674316406
18.5234375,952.7789916992188,26.779624938964844
18.5390625,952.791748046875,26.780357360839844
18.5546875,952.7865600585938,26.784034729003906
18.5703125,952.7916870117188,26.78955078125
18.5859375,952.7808227539062,26.77374267578125
18.6015625,952.7691040039062,26.79358673095703
18.6171875,952.7777099609375,26.785140991210938
18.6328125,952.779296875,26.787338256835938
18.6484375,952.7764892578125,26.782562255859375
18.6640625,952.7891845703125,26.79358673095703
18.6796875,952.774658203125,26.780357360839844
18.6953125,952.7733154296875,26.788818359375
18.7109375,952.7754516601562,26.78917694091797
18.7265625,952.7748413085938,26.79212188720703
18.7421875,952.8187255859375,26.799468994140625
18.7578125,952.8327026367188,26.796531677246094
18.7734375,952.8179321289062,26.795791625976562
18.7890625,952.8441772460938,26.80535125732422
18.8046875,952.9102783203125,26.800567626953125
18.8203125,952.8662109375,26.814903259277344
18.8359375,952.8323974609375,26.795059204101562
18.8515625,952.8173217773438,26.811599731445312
18.8671875,952.8434448242188,26.801300048828125
18.8828125,952.8131103515625,26.79212188720703
18.8984375,952.825927734375,26.81049346923828
18.9140625,952.8223876953125,26.80608367919922
18.9296875,952.8165893554688,26.802780151367188
18.9453125,952.8473510742188,26.795059204101562
18.9609375,952.8322143554688,26.796531677246094
18.9765625,952.8449096679688,26.798736572265625
18.9921875,952.8403930664062,26.80791473388672
19.0078125,952.8538208007812,26.798736572265625
19.0234375,952.8164672851562,26.793960571289062
19.0390625,952.8362426757812,26.795791625976562
19.0546875,952.8782348632812,26.79248046875
19.0703125,952.8092041015625,26.79027557373047
19.0859375,952.8478393554688,26.7913818359375
19.1015625,952.8701171875,26.781829833984375
19.1171875,952.8309326171875,26.776687622070312
19.1328125,952.8458862304688,26.781829833984375
19.1484375,952.8512573242188,26.776687622070312
19.1640625,952.81787109375,26.783660888671875
19.1796875,952.8448486328125,26.775588989257812
19.1953125,952.8547973632812,26.770431518554688
19.2109375,952.8327026367188,26.767868041992188
19.2265625,952.8778686523438,26.77374267578125
19.2421875,952.8223266601562,26.764190673828125
19.2578125,952.8764038085938,26.757949829101562
19.2734375,952.8380737304688,26.75830841064453
19.2890625,952.8381958007812,26.765663146972656
19.3046875,952.829345703125,26.763458251953125
19.3203125,952.8684692382812,26.757949829101562
19.3359375,952.8643798828125,26.760513305664062
19.3515625,952.8700561523438,26.762359619140625
19.3671875,952.8702392578125,26.77263641357422
19.3828125,952.8402099609375,26.77007293701172
19.3984375,952.829833984375,26.7535400390625
19.4140625,952.8447265625,26.750587463378906
19.4296875,952.876220703125,26.7535400390625
19.4453125,952.8418579101562,26.75574493408203
19.4609375,952.8516235351562,26.752059936523438
19.4765625,952.8547973632812,26.754638671875
19.4921875,952.8383178710938,26.743972778320312
19.5078125,952.8289794921875,26.760879516601562
19.5234375,952.8413696289062,26.745079040527344
19.5390625,952.86669921875,26.751693725585938
19.5546875,952.8427734375,26.752059936523438
19.5703125,952.8764038085938,26.743972778320312
19.5859375,952.8475341796875,26.74066925048828
19.6015625,952.8865356445312,26.742874145507812
19.6171875,952.8413696289062,26.73735809326172
19.6328125,952.852783203125,26.73590087890625
19.6484375,952.8406982421875,26.745079040527344
19.6640625,952.84765625,26.73956298828125
19.6796875,952.8219604492188,26.742515563964844
19.6953125,952.8139038085938,26.730010986328125
19.7109375,952.8173828125,26.73810577392578
19.7265625,952.8145751953125,26.73552703857422
19.7421875,952.8131713867188,26.73699951171875
19.7578125,952.810302734375,26.732948303222656
19.7734375,952.8128662109375,26.724876403808594
19.7890625,952.8114624023438,26.728179931640625
19.8046875,952.7908935546875,26.728912353515625
19.8203125,952.7903442382812,26.742515563964844
19.8359375,952.8108520507812,26.73699951171875
19.8515625,952.81396484375,26.713851928710938
19.8671875,952.7900390625,26.734420776367188
19.8828125,952.8028564453125,26.73552703857422
19.8984375,952.797607421875,26.72119140625
19.9140625,952.801513671875,26.726333618164062
19.9296875,952.7865600585938,26.728912353515625
19.9453125,952.7778930664062,26.728912353515625
19.9609375,952.8035888671875,26.725975036621094
19.9765625,952.7936401367188,26.73625946044922
19.9921875,952.7852172851562,26.730010986328125
20.0078125,952.786865234375,26.725234985351562
20.0234375,952.8049926757812,26.732948303222656
20.0390625,952.7997436523438,26.725234985351562
20.0546875,952.7899780273438,26.728912353515625
20.0703125,952.791015625,26.72229766845703
20.0859375,952.7860717773438,26.728179931640625
20.1015625,952.7777709960938,26.72046661376953
20.1171875,952.785888671875,26.740310668945312
20.1328125,952.787841796875,26.730010986328125
20.1484375,952.7910766601562,26.741409301757812
20.1640625,952.7821044921875,26.728179931640625
20.1796875,952.7908935546875,26.730010986328125
20.1953125,952.805419921875,26.73956298828125
20.2109375,952.7974853515625,26.730010986328125
20.2265625,952.7809448242188,26.732589721679688
20.2421875,952.7907104492188,26.732589721679688
20.2578125,952.7871704101562,26.73699951171875
20.2734375,952.7936401367188,26.743972778320312
20.2890625,952.7811279296875,26.740310668945312
20.3046875,952.78076171875,26.725601196289062
20.3203125,952.779296875,26.740310668945312
20.3359375,952.784912109375,26.73735809326172
20.3515625,952.7763061523438,26.73846435546875
20.3671875,952.7911987304688,26.742515563964844
20.3828125,952.794189453125,26.732948303222656
20.3984375,952.7782592773438,26.750961303710938
20.4140625,952.8020629882812,26.73883056640625
20.4296875,952.7925415039062,26.742874145507812
20.4453125,952.7791748046875,26.73699951171875
20.4609375,952.7989501953125,26.740310668945312
20.4765625,952.8184204101562,26.741409301757812
20.4921875,952.8071899414062,26.745079040527344
20.5078125,952.8350830078125,26.73883056640625
20.5234375,952.8307495117188,26.743972778320312
20.5390625,952.8223876953125,26.746925354003906
20.5546875,952.8203125,26.745079040527344
20.5703125,952.8446044921875,26.746925354003906
20.5859375,952.872314453125,26.742141723632812
20.6015625,952.8472290039062,26.745819091796875
20.6171875,952.8399658203125,26.743972778320312
20.6328125,952.8720092773438,26.746925354003906
20.6484375,952.87109375,26.759048461914062
20.6640625,952.854248046875,26.752059936523438
20.6796875,952.9044189453125,26.752059936523438
20.6953125,952.8794555664062,26.73810577392578
20.7109375,952.87255859375,26.754638671875
20.7265625,952.9046630859375,26.752792358398438
20.7421875,952.8673706054688,26.742515563964844
20.7578125,952.8837890625,26.74066925048828
20.7734375,952.8692626953125,26.743240356445312
20.7890625,952.8839111328125,26.7564697265625
20.8046875,952.8612060546875,26.752059936523438
20.8203125,952.9595336914062,26.752059936523438
20.8359375,952.93310546875,26.752059936523438
20.8515625,952.8721923828125,26.756103515625
20.8671875,952.8677978515625,26.752059936523438
20.8828125,952.9044189453125,26.747650146484375
20.8984375,952.8717651367188,26.75133514404297
20.9140625,952.8762817382812,26.7564697265625
20.9296875,952.8790893554688,26.75243377685547
20.9453125,952.8829345703125,26.742874145507812
20.9609375,952.8473510742188,26.73846435546875
20.9765625,952.873779296875,26.75133514404297
20.9921875,952.876953125,26.740310668945312
21.0078125,952.8572387695312,26.752792358398438
21.0234375,952.8745727539062,26.75133514404297
21.0390625,952.8923950195312,26.751693725585938
21.0546875,952.8762817382812,26.743972778320312
21.0703125,952.8666381835938,26.750961303710938
21.0859375,952.9222412109375,26.741409301757812
21.1015625,952.8908081054688,26.742515563964844
21.1171875,952.8634643554688,26.741409301757812
21.1328125,952.8973999023438,26.74066925048828
21.1484375,952.8650512695312,26.73625946044922
21.1640625,952.8461303710938,26.73956298828125
21.1796875,952.8602294921875,26.73663330078125
21.1953125,952.8712158203125,26.73663330078125
21.2109375,952.893310546875,26.740310668945312
21.2265625,952.8966674804688,26.743240356445312
21.2421875,952.8580932617188,26.730743408203125
21.2578125,952.842529296875,26.73625946044922
21.2734375,952.8430786132812,26.732948303222656
21.2890625,952.8732299804688,26.73699951171875
21.3046875,952.8563842773438,26.728912353515625
21.3203125,952.8310546875,26.73552703857422
21.3359375,952.837646484375,26.728179931640625
21.3515625,952.8458862304688,26.73552703857422
21.3671875,952.8400268554688,26.731849670410156
21.3828125,952.8463134765625,26.716781616210938
21.3984375,952.841796875,26.726333618164062
21.4140625,952.8475341796875,26.727081298828125
21.4296875,952.8589477539062,26.730010986328125
21.4453125,952.865234375,26.72119140625
21.4609375,952.8267211914062,26.72119140625
21.4765625,952.852294921875,26.724876403808594
21.4921875,952.83544921875,26.725601196289062
21.5078125,952.8324584960938,26.712745666503906
21.5234375,952.8455810546875,26.728912353515625
21.5390625,952.8268432617188,26.72119140625
21.5546875,952.8212890625,26.728912353515625
21.5703125,952.8244018554688,26.730010986328125
21.5859375,952.8126220703125,26.73625946044922
21.6015625,952.8185424804688,26.726333618164062
21.6171875,952.8146362304688,26.730743408203125
21.6328125,952.8096923828125,26.728912353515625
21.6484375,952.8101196289062,26.724876403808594
21.6640625,952.8180541992188,26.723403930664062
21.6796875,952.8053588867188,26.724502563476562
21.6953125,952.8019409179688,26.716781616210938
21.7109375,952.8035888671875,26.731849670410156
21.7265625,952.8026123046875,26.730010986328125
21.7421875,952.7941284179688,26.725234985351562
21.7578125,952.8056030273438,26.7193603515625
21.7734375,952.7899780273438,26.728912353515625
21.7890625,952.8196411132812,26.731849670410156
21.8046875,952.8026123046875,26.728912353515625
21.8203125,952.8024291992188,26.728912353515625
21.8359375,952.791015625,26.724876403808594
21.8515625,952.7988891601562,26.732948303222656
21.8671875,952.7955322265625,26.7193603515625
21.8828125,952.7960815429688,26.730010986328125
21.8984375,952.802490234375,26.712745666503906
21.9140625,952.7947998046875,26.717514038085938
21.9296875,952.7940673828125,26.728179931640625
21.9453125,952.790283203125,26.726333618164062
21.9609375,952.7967529296875,26.732589721679688
21.9765625,952.7913208007812,26.72046661376953
21.9921875,952.77880859375,26.716781616210938
22.0078125,952.7855224609375,26.730010986328125
22.0234375,952.7809448242188,26.728912353515625
22.0390625,952.7808227539062,26.729644775390625
22.0546875,952.7868041992188,26.728912353515625
22.0703125,952.7796630859375,26.730010986328125
22.0859375,952.7904663085938,26.724502563476562
22.1015625,952.7744140625,26.730010986328125
22.1171875,952.7648315429688,26.724876403808594
22.1328125,952.7702026367188,26.710899353027344
22.1484375,952.7731323242188,26.72156524658203
22.1640625,952.7687377929688,26.734420776367188
22.1796875,952.7694091796875,26.72156524658203
22.1953125,952.7788696289062,26.7200927734375
22.2109375,952.7739868164062,26.724876403808594
22.2265625,952.7684326171875,26.7200927734375
22.2421875,952.7584838867188,26.72229766845703
22.2578125,952.7855224609375,26.731849670410156
22.2734375,952.7691040039062,26.732948303222656
22.2890625,952.7817993164062,26.72046661376953
22.3046875,952.7739868164062,26.731849670410156
22.3203125,952.7781982421875,26.726333618164062
22.3359375,952.7794189453125,26.728179931640625
22.3515625,952.7706298828125,26.732589721679688
22.3671875,952.7686767578125,26.728912353515625
22.3828125,952.762939453125,26.731849670410156
22.3984375,952.7810668945312,26.73552703857422
22.4140625,952.76953125,26.730743408203125
22.4296875,952.7708129882812,26.743972778320312
22.4453125,952.8074951171875,26.741409301757812
22.4609375,952.8137817382812,26.732589721679688
22.4765625,952.8421630859375,26.729644775390625
22.4921875,952.845458984375,26.732948303222656
22.5078125,952.8649291992188,26.730743408203125
22.5234375,952.842529296875,26.742874145507812
22.5390625,952.8299560546875,26.743972778320312
22.5546875,952.8427124023438,26.743972778320312
22.5703125,952.8695678710938,26.727081298828125
22.5859375,952.8427734375,26.754638671875
22.6015625,952.8646850585938,26.73663330078125
22.6171875,952.9208374023438,26.732589721679688
22.6328125,952.9747924804688,26.731849670410156
22.6484375,952.8862915039062,26.728912353515625
22.6640625,952.8681030273438,26.728912353515625
22.6796875,952.9201049804688,26.743972778320312
22.6953125,952.8869018554688,26.729644775390625
22.7109375,952.8961791992188,26.73883056640625
22.7265625,952.8720092773438,26.73699951171875
22.7421875,952.8677368164062,26.730010986328125
22.7578125,952.9022216796875,26.746925354003906
22.7734375,952.8638916015625,26.734420776367188
22.7890625,952.8955078125,26.746925354003906
22.8046875,952.8549194335938,26.727813720703125
22.8203125,952.9061279296875,26.73625946044922
22.8359375,952.8968505859375,26.743972778320312
22.8515625,952.9024658203125,26.73552703857422
22.8671875,952.8806762695312,26.746177673339844
22.8828125,952.9080200195312,26.728912353515625
22.8984375,952.8681030273438,26.72156524658203
22.9140625,952.8721923828125,26.728912353515625
22.9296875,952.8890380859375,26.722671508789062
22.9453125,952.8704223632812,26.72046661376953
22.9609375,952.853515625,26.742874145507812
22.9765625,952.842529296875,26.73735809326172
22.9921875,952.8958129882812,26.731849670410156
23.0078125,952.8653564453125,26.730743408203125
23.0234375,952.8682861328125,26.72119140625
23.0390625,952.8942260742188,26.725234985351562
23.0546875,952.86474609375,26.72156524658203
23.0703125,952.8739013671875,26.72046661376953
23.0859375,952.849365234375,26.72303009033203
23.1015625,952.8388061523438,26.708335876464844
23.1171875,952.8690185546875,26.725234985351562
23.1328125,952.8695068359375,26.710899353027344
23.1484375,952.8603515625,26.723403930664062
23.1640625,952.8353881835938,26.713104248046875
23.1796875,952.850341796875,26.715682983398438
23.1953125,952.872802734375,26.72412872314453
23.2109375,952.8735961914062,26.712005615234375
23.2265625,952.8712158203125,26.710899353027344
23.2421875,952.8633422851562,26.72046661376953
23.2578125,952.8702392578125,26.710174560546875
23.2734375,952.8363647460938,26.70318603515625
23.2890625,952.8494262695312,26.7193603515625
23.3046875,952.8342895507812,26.717514038085938
23.3203125,952.8477783203125,26.717514038085938
23.3359375,952.8400268554688,26.72156524658203
23.3515625,952.8942260742188,26.717514038085938
23.3671875,952.869873046875,26.72229766845703
23.3828125,952.8692016601562,26.725975036621094
23.3984375,952.8379516601562,26.72412872314453
23.4140625,952.821533203125,26.71788787841797
23.4296875,952.81201171875,26.724502563476562
23.4453125,952.8335571289062,26.728179931640625
23.4609375,952.827392578125,26.730010986328125
23.4765625,952.8275756835938,26.7193603515625
23.4921875,952.8175659179688,26.728912353515625
23.5078125,952.82568359375,26.710174560546875
23.5234375,952.8040161132812,26.725234985351562
23.5390625,952.8336791992188,26.7193603515625
23.5546875,952.8115234375,26.710899353027344
23.5703125,952.7957763671875,26.716781616210938
23.5859375,952.8029174804688,26.726333618164062
23.6015625,952.825439453125,26.71788787841797
23.6171875,952.8184814453125,26.713104248046875
23.6328125,952.80078125,26.72156524658203
23.6484375,952.8081665039062,26.724502563476562
23.6640625,952.8055419921875,26.724876403808594
23.6796875,952.79052734375,26.730010986328125
23.6953125,952.805419921875,26.732948303222656
23.7109375,952.8098754882812,26.728179931640625
23.7265625,952.8226318359375,26.716781616210938
23.7421875,952.8095092773438,26.725975036621094
23.7578125,952.7942504882812,26.718994140625
23.7734375,952.8025512695312,26.710899353027344
23.7890625,952.8005981445312,26.712745666503906
23.8046875,952.7893676757812,26.728179931640625
23.8203125,952.7969360351562,26.71715545654297
23.8359375,952.7999877929688,26.7208251953125
23.8515625,952.8009643554688,26.72412872314453
23.8671875,952.7958984375,26.709442138671875
23.8828125,952.7914428710938,26.707595825195312
23.8984375,952.7894897460938,26.725234985351562
23.9140625,952.8049926757812,26.716781616210938
23.9296875,952.7963256835938,26.717514038085938
23.9453125,952.7935180664062,26.70318603515625
23.9609375,952.7931518554688,26.70318603515625
23.9765625,952.7914428710938,26.713104248046875
23.9921875,952.80078125,26.709442138671875
24.0078125,952.7890625,26.710540771484375
24.0234375,952.7992553710938,26.706863403320312
24.0390625,952.7846069335938,26.70024871826172
24.0546875,952.80615234375,26.70428466796875
24.0703125,952.775390625,26.7193603515625
24.0859375,952.7858276367188,26.712005615234375
24.1015625,952.7821655273438,26.70318603515625
24.1171875,952.7782592773438,26.70465850830078
24.1328125,952.7731323242188,26.7193603515625
24.1484375,952.7893676757812,26.714950561523438
24.1640625,952.7853393554688,26.70648956298828
24.1796875,952.7876586914062,26.7193603515625
24.1953125,952.7918701171875,26.710899353027344
24.2109375,952.7754516601562,26.71862030029297
24.2265625,952.7827758789062,26.712745666503906
24.2421875,952.7893676757812,26.7200927734375
24.2578125,952.7919311523438,26.70062255859375
24.2734375,952.7678833007812,26.707595825195312
24.2890625,952.7911987304688,26.710174560546875
24.3046875,952.7879638671875,26.7193603515625
24.3203125,952.8115234375,26.715309143066406
24.3359375,952.8020629882812,26.709442138671875
24.3515625,952.7848510742188,26.712005615234375
24.3671875,952.8209838867188,26.713104248046875
24.3828125,952.8139038085938,26.72229766845703
24.3984375,952.824951171875,26.72229766845703
24.4140625,952.8045654296875,26.715309143066406
24.4296875,952.802734375,26.717514038085938
24.4453125,952.834716796875,26.714950561523438
24.4609375,952.8009643554688,26.71788787841797
24.4765625,952.8412475585938,26.712745666503906
24.4921875,952.8287963867188,26.70062255859375
24.5078125,952.8580932617188,26.716781616210938
24.5234375,952.8627319335938,26.707595825195312
24.5390625,952.8408203125,26.717514038085938
24.5546875,952.8687133789062,26.70539093017578
24.5703125,952.8196411132812,26.70318603515625
24.5859375,952.8613891601562,26.707595825195312
24.6015625,952.8928833007812,26.710899353027344
24.6171875,952.8280029296875,26.707595825195312
24.6328125,952.8306884765625,26.70648956298828
24.6484375,952.8330078125,26.70318603515625
24.6640625,952.8272705078125,26.70648956298828
24.6796875,952.8312377929688,26.711273193359375
24.6953125,952.8711547851562,26.710174560546875
24.7109375,952.8256225585938,26.712005615234375
24.7265625,952.8406982421875,26.70318603515625
24.7421875,952.8434448242188,26.7193603515625
24.7578125,952.8432006835938,26.717514038085938
24.7734375,952.8687133789062,26.693260192871094
24.7890625,952.8274536132812,26.70062255859375
24.8046875,952.831787109375,26.70062255859375
24.8203125,952.83544921875,26.70062255859375
24.8359375,952.8192138671875,26.695838928222656
24.8515625,952.8265380859375,26.7193603515625
24.8671875,952.852783203125,26.68701934814453
24.8828125,952.8651123046875,26.709442138671875
24.8984375,952.864990234375,26.70062255859375
24.9140625,952.83544921875,26.70062255859375
24.9296875,952.8204345703125,26.68701934814453
24.9453125,952.843017578125,26.691055297851562
24.9609375,952.8320922851562,26.693260192871094
24.9765625,952.8209228515625,26.696945190429688
24.9921875,952.811767578125,26.696571350097656
25.0078125,952.8284301757812,26.691429138183594
25.0234375,952.822021484375,26.696571350097656
25.0390625,952.8338012695312,26.693634033203125
25.0546875,952.8286743164062,26.68701934814453
25.0703125,952.8119506835938,26.68701934814453
25.0859375,952.843017578125,26.68775177001953
25.1015625,952.8192138671875,26.679306030273438
25.1171875,952.827880859375,26.6829833984375
25.1328125,952.8366088867188,26.68444061279297
25.1484375,952.8338012695312,26.681503295898438
25.1640625,952.821533203125,26.68077850341797
25.1796875,952.8209228515625,26.676368713378906
25.1953125,952.822265625,26.6837158203125
25.2109375,952.837890625,26.681503295898438
25.2265625,952.8168334960938,26.673416137695312
25.2421875,952.8428955078125,26.673416137695312
25.2578125,952.8255004882812,26.671958923339844
25.2734375,952.8302001953125,26.66607666015625
25.2890625,952.8271484375,26.682235717773438
25.3046875,952.8401489257812,26.66900634765625
25.3203125,952.8532104492188,26.66900634765625
25.3359375,952.8532104492188,26.672317504882812
25.3515625,952.8326416015625,26.673416137695312
25.3671875,952.8303833007812,26.681503295898438
25.3828125,952.8251342773438,26.673416137695312
25.3984375,952.8225708007812,26.673416137695312
25.4140625,952.8201904296875,26.66864776611328
25.4296875,952.8208618164062,26.671585083007812
25.4453125,952.802001953125,26.673416137695312
25.4609375,952.8189697265625,26.673416137695312
25.4765625,952.8201904296875,26.673416137695312
25.4921875,952.8260498046875,26.68444061279297
25.5078125,952.8056640625,26.673416137695312
25.5234375,952.8106079101562,26.671585083007812
25.5390625,952.80029296875,26.66570281982422
25.5546875,952.80029296875,26.671958923339844
25.5703125,952.8062133789062,26.677467346191406
25.5859375,952.7972412109375,26.674522399902344
25.6015625,952.8070678710938,26.68444061279297
25.6171875,952.8182373046875,26.673416137695312
25.6328125,952.8159790039062,26.681503295898438
25.6484375,952.7977294921875,26.681137084960938
25.6640625,952.8011474609375,26.675621032714844
25.6796875,952.7970581054688,26.676368713378906
25.6953125,952.8013305664062,26.673416137695312
25.7109375,952.7921142578125,26.66607666015625
25.7265625,952.7960815429688,26.68077850341797
25.7421875,952.789794921875,26.676368713378906
25.7578125,952.7971801757812,26.66754913330078
25.7734375,952.7980346679688,26.671958923339844
25.7890625,952.78466796875,26.671585083007812
25.8046875,952.7996826171875,26.673416137695312
25.8203125,952.7813110351562,26.671585083007812
25.8359375,952.7978515625,26.66754913330078
25.8515625,952.7687377929688,26.659454345703125
25.8671875,952.7799072265625,26.66754913330078
25.8828125,952.7807006835938,26.662033081054688
25.8984375,952.771240234375,26.66790771484375
25.9140625,952.784912109375,26.659088134765625
25.9296875,952.7738647460938,26.654319763183594
25.9453125,952.7793579101562,26.663864135742188
25.9609375,952.7743530273438,26.676368713378906
25.9765625,952.7695922851562,26.661293029785156
25.9921875,952.777099609375,26.66570281982422
26.0078125,952.7716064453125,26.66534423828125
26.0234375,952.7733154296875,26.66864776611328
26.0390625,952.7777709960938,26.650634765625
26.0546875,952.7700805664062,26.66570281982422
26.0703125,952.7745361328125,26.652847290039062
26.0859375,952.7661743164062,26.652847290039062
26.1015625,952.7787475585938,26.645126342773438
26.1171875,952.765380859375,26.66754913330078
26.1328125,952.7777099609375,26.65174102783203
26.1484375,952.7796630859375,26.658729553222656
26.1640625,952.7798461914062,26.655418395996094
26.1796875,952.7765502929688,26.662033081054688
26.1953125,952.7670288085938,26.663864135742188
26.2109375,952.7743530273438,26.662765502929688
26.2265625,952.7832641601562,26.6488037109375
26.2421875,952.766845703125,26.66827392578125
26.2578125,952.7802124023438,26.66938018798828
26.2734375,952.7623291015625,26.673416137695312
26.2890625,952.7783203125,26.66900634765625
26.3046875,952.7581176757812,26.66827392578125
26.3203125,952.7586669921875,26.66754913330078
26.3359375,952.7717895507812,26.659828186035156
26.3515625,952.7667846679688,26.674522399902344
26.3671875,952.7754516601562,26.676368713378906
26.3828125,952.7786254882812,26.66754913330078
26.3984375,952.7807006835938,26.669754028320312
26.4140625,952.78515625,26.673416137695312
26.4296875,952.7783203125,26.65247344970703
26.4453125,952.7672729492188,26.669754028320312
26.4609375,952.802490234375,26.671585083007812
26.4765625,952.8343505859375,26.660934448242188
26.4921875,952.8320922851562,26.66754913330078
26.5078125,952.7890625,26.664596557617188
26.5234375,952.7960205078125,26.673416137695312
26.5390625,952.7921142578125,26.68077850341797
26.5546875,952.7933959960938,26.671585083007812
26.5703125,952.80029296875,26.66790771484375
26.5859375,952.7890625,26.66790771484375
26.6015625,952.7843017578125,26.664596557617188
26.6171875,952.799560546875,26.66534423828125
26.6328125,952.7913208007812,26.660934448242188
26.6484375,952.7830810546875,26.65174102783203
26.6640625,952.7821044921875,26.65247344970703
26.6796875,952.78271484375,26.65174102783203
26.6953125,952.776123046875,26.642921447753906
26.7109375,952.7872314453125,26.6484375
26.7265625,952.79443359375,26.64550018310547
26.7421875,952.7814331054688,26.646224975585938
26.7578125,952.8281860351562,26.664596557617188
26.7734375,952.7762451171875,26.64550018310547
26.7890625,952.7933959960938,26.64990997314453
26.8046875,952.8046875,26.65100860595703
26.8203125,952.83349609375,26.64990997314453
26.8359375,952.884765625,26.63372802734375
26.8515625,952.8712158203125,26.63006591796875
26.8671875,952.8463134765625,26.63299560546875
26.8828125,952.93505859375,26.640716552734375
26.8984375,952.9125366210938,26.640342712402344
26.9140625,952.9142456054688,26.63189697265625
26.9296875,952.8937377929688,26.641090393066406
26.9453125,952.9633178710938,26.64806365966797
26.9609375,953.063232421875,26.63006591796875
26.9765625,952.8893432617188,26.63189697265625
26.9921875,952.9391479492188,26.63189697265625
27.0078125,952.9469604492188,26.634475708007812
27.0234375,952.9065551757812,26.620872497558594
27.0390625,952.9888916015625,26.63189697265625
27.0546875,952.8966674804688,26.6124267578125
27.0703125,952.9275512695312,26.63006591796875
27.0859375,952.8750610351562,26.61573028564453
27.1015625,952.9107055664062,26.63006591796875
27.1171875,952.9013061523438,26.635208129882812
27.1328125,952.91796875,26.625656127929688
27.1484375,952.8309326171875,26.626388549804688
27.1640625,952.8309936523438,26.621604919433594
27.1796875,952.8861694335938,26.625656127929688
27.1953125,952.8607788085938,26.63189697265625
27.2109375,952.85546875,26.63189697265625
27.2265625,952.8595581054688,26.624549865722656
27.2421875,952.8912353515625,26.635574340820312
27.2578125,952.8833618164062,26.63006591796875
27.2734375,952.8612060546875,26.63006591796875
27.2890625,952.8284301757812,26.627113342285156
27.3046875,952.8245239257812,26.643653869628906
27.3203125,952.8176879882812,26.638137817382812
27.3359375,952.8004760742188,26.63006591796875
27.3515625,952.80029296875,26.625656127929688
27.3671875,952.787841796875,26.621604919433594
27.3828125,952.8221435546875,26.63189697265625
27.3984375,952.7932739257812,26.63410186767578
27.4140625,952.813232421875,26.637405395507812
27.4296875,952.8003540039062,26.621604919433594
27.4453125,952.8030395507812,26.619766235351562
27.4609375,952.783203125,26.621604919433594
27.4765625,952.8030395507812,26.61646270751953
27.4921875,952.8025512695312,26.607643127441406
27.5078125,952.7830810546875,26.61646270751953
27.5234375,952.772705078125,26.603965759277344
27.5390625,952.7779541015625,26.611679077148438
27.5546875,952.775146484375,26.620872497558594
27.5703125,952.7796630859375,26.620140075683594
27.5859375,952.7874145507812,26.61719512939453
27.6015625,952.7972412109375,26.611679077148438
27.6171875,952.7966918945312,26.620140075683594
27.6328125,952.7879638671875,26.6124267578125
27.6484375,952.790771484375,26.61463165283203
27.6640625,952.7952270507812,26.617935180664062
27.6796875,952.7943725585938,26.622703552246094
27.6953125,952.80859375,26.620872497558594
27.7109375,952.7916259765625,26.620872497558594
27.7265625,952.8024291992188,26.6160888671875
27.7421875,952.7922973632812,26.605438232421875
27.7578125,952.7985229492188,26.620140075683594
27.7734375,952.8118286132812,26.61573028564453
27.7890625,952.7970581054688,26.620872497558594
27.8046875,952.7946166992188,26.608016967773438
27.8203125,952.7993774414062,26.607269287109375
27.8359375,952.8076171875,26.60065460205078
27.8515625,952.7949829101562,26.61719512939453
27.8671875,952.8038940429688,26.610580444335938
27.8828125,952.8048706054688,26.61646270751953
27.8984375,952.7858276367188,26.6124267578125
27.9140625,952.7889404296875,26.611679077148438
27.9296875,952.790771484375,26.620872497558594
27.9453125,952.7903442382812,26.619766235351562
27.9609375,952.7789916992188,26.611679077148438
27.9765625,952.7853393554688,26.620872497558594
27.9921875,952.7952270507812,26.61646270751953
28.0078125,952.799560546875,26.617935180664062
28.0234375,952.7913818359375,26.620140075683594
28.0390625,952.7891235351562,26.620140075683594
28.0546875,952.7897338867188,26.624176025390625
28.0703125,952.8033447265625,26.61573028564453
28.0859375,952.7863159179688,26.63006591796875
28.1015625,952.8117065429688,26.601402282714844
28.1171875,952.7771606445312,26.620872497558594
28.1328125,952.7863159179688,26.621604919433594
28.1484375,952.7869262695312,26.628219604492188
28.1640625,952.7857666015625,26.620140075683594
28.1796875,952.7915649414062,26.617935180664062
28.1953125,952.77880859375,26.625656127929688
28.2109375,952.7765502929688,26.628219604492188
28.2265625,952.7869873046875,26.61646270751953
28.2421875,952.8079223632812,26.61646270751953
28.2578125,952.8013916015625,26.627113342285156
28.2734375,952.7802124023438,26.624176025390625
28.2890625,952.7734985351562,26.622703552246094
28.3046875,952.7894287109375,26.637405395507812
28.3203125,952.7926635742188,26.634475708007812
28.3359375,952.7804565429688,26.637405395507812
28.3515625,952.7776489257812,26.63189697265625
28.3671875,952.7914428710938,26.621604919433594
28.3828125,952.7880859375,26.627113342285156
28.3984375,952.7797241210938,26.63189697265625
28.4140625,952.7771606445312,26.644393920898438
28.4296875,952.7819213867188,26.64659881591797
28.4453125,952.7816162109375,26.621604919433594
28.4609375,952.8030395507812,26.63006591796875
28.4765625,952.7954711914062,26.621604919433594
28.4921875,952.7964477539062,26.650634765625
28.5078125,952.7957763671875,26.63006591796875
28.5234375,952.802734375,26.644393920898438
28.5390625,952.81005859375,26.625656127929688
28.5546875,952.8123779296875,26.64990997314453
28.5703125,952.7944946289062,26.63189697265625
28.5859375,952.790283203125,26.63189697265625
28.6015625,952.8040161132812,26.63410186767578
28.6171875,952.7965698242188,26.63189697265625
28.6328125,952.7963256835938,26.63006591796875
28.6484375,952.794921875,26.625656127929688
28.6640625,952.7950439453125,26.637405395507812
28.6796875,952.7807006835938,26.63006591796875
28.6953125,952.7871704101562,26.63189697265625
28.7109375,952.7855224609375,26.621604919433594
28.7265625,952.8067016601562,26.621604919433594
28.7421875,952.7916870117188,26.637039184570312
28.7578125,952.8016357421875,26.620872497558594
28.7734375,952.8029174804688,26.620872497558594
28.7890625,952.8029174804688,26.620872497558594
28.8046875,952.797607421875,26.63006591796875
28.8203125,952.794921875,26.6124267578125
28.8359375,952.7854614257812,26.621604919433594
28.8515625,952.8168334960938,26.620140075683594
28.8671875,952.7975463867188,26.620140075683594
28.8828125,952.7939453125,26.622703552246094
28.8984375,952.7947387695312,26.61719512939453
28.9140625,952.7954711914062,26.620140075683594
28.9296875,952.7951049804688,26.611679077148438
28.9453125,952.7943725585938,26.611679077148438
28.9609375,952.790771484375,26.605438232421875
28.9765625,952.7996826171875,26.602500915527344
28.9921875,952.7933349609375,26.611679077148438
29.0078125,952.80029296875,26.607269287109375
29.0234375,952.7938842773438,26.60065460205078
29.0390625,952.7872314453125,26.599197387695312
29.0546875,952.7954711914062,26.604705810546875
29.0703125,952.7930297851562,26.6124267578125
29.0859375,952.8020629882812,26.611679077148438
29.1015625,952.8080444335938,26.609848022460938
29.1171875,952.8042602539062,26.600296020507812
29.1328125,952.7979736328125,26.611679077148438
29.1484375,952.790771484375,26.614990234375
29.1640625,952.8011474609375,26.607643127441406
29.1796875,952.8130493164062,26.607269287109375
29.1953125,952.7944946289062,26.605438232421875
29.2109375,952.7985229492188,26.611679077148438
29.2265625,952.8020629882812,26.608016967773438
29.2421875,952.8016967773438,26.605438232421875
29.2578125,952.8116455078125,26.59699249267578
29.2734375,952.7946166992188,26.590736389160156
29.2890625,952.8047485351562,26.590736389160156
29.3046875,952.798828125,26.605438232421875
29.3203125,952.7901611328125,26.605064392089844
29.3359375,952.79248046875,26.599197387695312
29.3515625,952.7954711914062,26.60065460205078
29.3671875,952.8009033203125,26.605812072753906
29.3828125,952.7888793945312,26.590736389160156
29.3984375,952.8053588867188,26.60065460205078
29.4140625,952.7938232421875,26.594039916992188
29.4296875,952.7955932617188,26.594039916992188
29.4453125,952.7836303710938,26.59735107421875
29.4609375,952.7833251953125,26.59882354736328
29.4765625,952.8002319335938,26.592208862304688
29.4921875,952.783935546875,26.594039916992188
29.5078125,952.7919311523438,26.602127075195312
29.5234375,952.792724609375,26.592208862304688
29.5390625,952.788818359375,26.614990234375
29.5546875,952.76953125,26.590377807617188
29.5703125,952.7802734375,26.59882354736328
29.5859375,952.7894287109375,26.600296020507812
29.6015625,952.7843017578125,26.611679077148438
29.6171875,952.7978515625,26.590003967285156
29.6328125,952.7843627929688,26.59771728515625
29.6484375,952.7893676757812,26.599929809570312
29.6640625,952.7894897460938,26.590736389160156
29.6796875,952.7813720703125,26.608016967773438
29.6953125,952.7736206054688,26.608749389648438
29.7109375,952.7838134765625,26.590736389160156
29.7265625,952.776611328125,26.605812072753906
29.7421875,952.778076171875,26.587066650390625
29.7578125,952.7799072265625,26.603965759277344
29.7734375,952.7743530273438,26.611679077148438
29.7890625,952.7799682617188,26.602500915527344
29.8046875,952.76708984375,26.59809112548828
29.8203125,952.7821655273438,26.602500915527344
29.8359375,952.779052734375,26.59844970703125
29.8515625,952.7709350585938,26.608749389648438
29.8671875,952.7748413085938,26.609848022460938
29.8828125,952.7893676757812,26.605438232421875
29.8984375,952.778076171875,26.601402282714844
29.9140625,952.7777099609375,26.603607177734375
29.9296875,952.7743530273438,26.59844970703125
29.9453125,952.7780151367188,26.611679077148438
29.9609375,952.7698364257812,26.59514617919922
29.9765625,952.7550048828125,26.59844970703125
29.9921875,952.7619018554688,26.603607177734375
30.0078125,952.7623901367188,26.607643127441406
30.0234375,952.7717895507812,26.59735107421875
30.0390625,952.7935180664062,26.602127075195312
30.0546875,952.7939453125,26.614990234375
30.0703125,952.7850341796875,26.611679077148438
30.0859375,952.7853393554688,26.602500915527344
30.1015625,952.7748413085938,26.611679077148438
30.1171875,952.785888671875,26.600296020507812
30.1328125,952.7740478515625,26.605438232421875
30.1484375,952.7775268554688,26.602500915527344
30.1640625,952.774169921875,26.611679077148438
30.1796875,952.7787475585938,26.6131591796875
30.1953125,952.7818603515625,26.587066650390625
30.2109375,952.780517578125,26.611679077148438
30.2265625,952.7841796875,26.6124267578125
30.2421875,952.7608642578125,26.620140075683594
30.2578125,952.7730102539062,26.609848022460938
30.2734375,952.7720947265625,26.605064392089844
30.2890625,952.7786254882812,26.605438232421875
30.3046875,952.7787475585938,26.611679077148438
30.3203125,952.775146484375,26.611679077148438
30.3359375,952.7632446289062,26.60065460205078
30.3515625,952.7669067382812,26.611679077148438
30.3671875,952.7781982421875,26.61573028564453
30.3828125,952.7797241210938,26.6124267578125
30.3984375,952.7787475585938,26.611679077148438
30.4140625,952.7835693359375,26.611679077148438
30.4296875,952.7787475585938,26.603965759277344
30.4453125,952.778564453125,26.601760864257812
30.4609375,952.7849731445312,26.607643127441406
30.4765625,952.7760009765625,26.59514617919922
30.4921875,952.7777099609375,26.60065460205078
30.5078125,952.7896118164062,26.6124267578125
30.5234375,952.7793579101562,26.605438232421875
30.5390625,952.7745971679688,26.59735107421875
30.5546875,952.783935546875,26.590736389160156
30.5703125,952.7760620117188,26.59844970703125
30.5859375,952.7715454101562,26.601402282714844
30.6015625,952.7788696289062,26.59735107421875
30.6171875,952.7737426757812,26.620140075683594
30.6328125,952.7862548828125,26.602500915527344
30.6484375,952.7825317382812,26.609848022460938
30.6640625,952.7935180664062,26.592208862304688
30.6796875,952.7774047851562,26.605438232421875
30.6953125,952.7894897460938,26.59809112548828
30.7109375,952.783935546875,26.590736389160156
30.7265625,952.7910766601562,26.608375549316406
30.7421875,952.800537109375,26.603965759277344
30.7578125,952.778564453125,26.594039916992188
30.7734375,952.7817993164062,26.587066650390625
30.7890625,952.80859375,26.60065460205078
30.8046875,952.7955932617188,26.607269287109375
30.8203125,952.792724609375,26.60065460205078
30.8359375,952.7943725585938,26.605812072753906
30.8515625,952.7966918945312,26.611679077148438
30.8671875,952.7805786132812,26.59771728515625
30.8828125,952.802490234375,26.604705810546875
30.8984375,952.7852172851562,26.59844970703125
30.9140625,952.7894287109375,26.601760864257812
30.9296875,952.8070678710938,26.59771728515625
30.9453125,952.8006591796875,26.603965759277344
30.9609375,952.7846069335938,26.590736389160156
30.9765625,952.798828125,26.59844970703125
30.9921875,952.7924194335938,26.607643127441406
31.0078125,952.8004760742188,26.59258270263672
31.0234375,952.7816162109375,26.605438232421875
31.0390625,952.7972412109375,26.608016967773438
31.0546875,952.7903442382812,26.601760864257812
31.0703125,952.7999267578125,26.59809112548828
31.0859375,952.7922973632812,26.59258270263672
31.1015625,952.7660522460938,26.601760864257812
31.1171875,952.8161010742188,26.59552001953125
31.1328125,952.7891845703125,26.605438232421875
31.1484375,952.793701171875,26.605812072753906
31.1640625,952.7930908203125,26.602127075195312
