# Time (seconds),Pressure,Temp
0.0078125,953.7769165039062,29.655914306640625
0.0234375,953.7447509765625,29.658485412597656
0.0390625,953.7467651367188,29.658843994140625
0.0546875,953.7192993164062,29.656639099121094
0.0703125,953.7297973632812,29.662155151367188
0.0859375,953.7196655273438,29.662155151367188
0.1015625,953.7500610351562,29.662155151367188
0.1171875,953.7417602539062,29.64856719970703
0.1328125,953.7183227539062,29.653335571289062
0.1484375,953.7188110351562,29.655914306640625
0.1640625,953.7447509765625,29.660324096679688
0.1796875,953.719482421875,29.662155151367188
0.1953125,953.7303466796875,29.66583251953125
0.2109375,953.7306518554688,29.654075622558594
0.2265625,953.7349853515625,29.658485412597656
0.2421875,953.725830078125,29.658485412597656
0.2578125,953.7413940429688,29.658111572265625
0.2734375,953.7437133789062,29.658485412597656
0.2890625,953.741943359375,29.653335571289062
0.3046875,953.7283325195312,29.64966583251953
0.3203125,953.748779296875,29.65039825439453
0.3359375,953.718505859375,29.65039825439453
0.3515625,953.7406005859375,29.66656494140625
0.3671875,953.7247924804688,29.6463623046875
0.3828125,953.7335815429688,29.635696411132812
0.3984375,953.7349243164062,29.66400146484375
0.4140625,953.7401123046875,29.6463623046875
0.4296875,953.7227783203125,29.6492919921875
0.4453125,953.7183227539062,29.648193359375
0.4609375,953.7456665039062,29.657012939453125
0.4765625,953.7412109375,29.653335571289062
0.4921875,953.7408447265625,29.658111572265625
0.5078125,953.7508544921875,29.652603149414062
0.5234375,953.7413330078125,29.653335571289062
0.5390625,953.7265625,29.651870727539062
0.5546875,953.74609375,29.655914306640625
0.5703125,953.745849609375,29.6492919921875
0.5859375,953.7404174804688,29.642684936523438
0.6015625,953.7553100585938,29.64781951904297
0.6171875,953.7289428710938,29.63092803955078
0.6328125,953.7559204101562,29.636795043945312
0.6484375,953.7487182617188,29.64781951904297
0.6640625,953.7498779296875,29.64966583251953
0.6796875,953.7261352539062,29.640106201171875
0.6953125,953.74609375,29.63092803955078
0.7109375,953.7391967773438,29.633865356445312
0.7265625,953.7215576171875,29.633132934570312
0.7421875,953.7484130859375,29.6463623046875
0.7578125,953.7455444335938,29.643051147460938
0.7734375,953.7493286132812,29.640106201171875
0.7890625,953.7478637695312,29.643409729003906
0.8046875,953.7452392578125,29.64966583251953
0.8203125,953.744140625,29.6463623046875
0.8359375,953.7455444335938,29.643783569335938
0.8515625,953.7453002929688,29.64781951904297
0.8671875,953.7450561523438,29.64966583251953
0.8828125,953.7405395507812,29.636436462402344
0.8984375,953.7445068359375,29.641952514648438
0.9140625,953.7402954101562,29.6463623046875
0.9296875,953.7604370117188,29.64856719970703
0.9453125,953.7738647460938,29.64966583251953
0.9609375,953.765625,29.640106201171875
0.9765625,953.7676391601562,29.651870727539062
0.9921875,953.7645874023438,29.654808044433594
1.0078125,953.7739868164062,29.654808044433594
1.0234375,953.7745361328125,29.658485412597656
1.0390625,953.7891845703125,29.66473388671875
1.0546875,953.8041381835938,29.65222930908203
1.0703125,953.7819213867188,29.64856719970703
1.0859375,953.8133544921875,29.66620635986328
1.1015625,953.8567504882812,29.66583251953125
1.1171875,953.81201171875,29.682373046875
1.1328125,953.8507080078125,29.678329467773438
1.1484375,953.7833251953125,29.695968627929688
1.1640625,953.7964477539062,29.712867736816406
1.1796875,953.8375854492188,29.712867736816406
1.1953125,953.83935546875,29.710304260253906
1.2109375,953.8385620117188,29.725364685058594
1.2265625,953.8967895507812,29.744476318359375
1.2421875,953.8407592773438,29.744110107421875
1.2578125,953.813720703125,29.759910583496094
1.2734375,953.8040161132812,29.768356323242188
1.2890625,953.866943359375,29.78710174560547
1.3046875,953.8084716796875,29.801063537597656
1.3203125,953.8253784179688,29.810623168945312
1.3359375,953.8263549804688,29.82752227783203
1.3515625,953.8251342773438,29.829368591308594
1.3671875,953.8091430664062,29.847732543945312
1.3828125,953.8341674804688,29.87346649169922
1.3984375,953.8773803710938,29.882644653320312
1.4140625,953.8287353515625,29.887054443359375
1.4296875,953.8064575195312,29.897720336914062
1.4453125,953.8558959960938,29.923072814941406
1.4609375,953.8673706054688,29.930419921875
1.4765625,953.8305053710938,29.941070556640625
1.4921875,953.859130859375,29.958351135253906
1.5078125,953.8410034179688,29.975990295410156
1.5234375,953.8427734375,29.976348876953125
1.5390625,953.8296508789062,30.004653930664062
1.5546875,953.8426513671875,29.9998779296875
1.5703125,953.873779296875,30.024124145507812
1.5859375,953.852294921875,30.025962829589844
1.6015625,953.8530883789062,30.03588104248047
1.6171875,953.8696899414062,30.058677673339844
1.6328125,953.8652954101562,30.057571411132812
1.6484375,953.858642578125,30.076675415039062
1.6640625,953.8557739257812,30.08879852294922
1.6796875,953.8539428710938,30.111221313476562
1.6953125,953.8430786132812,30.111221313476562
1.7109375,953.8478393554688,30.111595153808594
1.7265625,953.850830078125,30.117462158203125
1.7421875,953.8837280273438,30.14612579345703
1.7578125,953.8739624023438,30.144668579101562
1.7734375,953.8636474609375,30.16193389892578
1.7890625,953.8672485351562,30.16082763671875
1.8046875,953.852783203125,30.172584533691406
1.8203125,953.8568725585938,30.17443084716797
1.8359375,953.8612060546875,30.174057006835938
1.8515625,953.8624267578125,30.170021057128906
1.8671875,953.8661499023438,30.187660217285156
1.8828125,953.846435546875,30.19280242919922
1.8984375,953.8446044921875,30.197586059570312
1.9140625,953.8211669921875,30.20861053466797
1.9296875,953.8497314453125,30.22624969482422
1.9453125,953.8735961914062,30.239479064941406
1.9609375,953.8527221679688,30.239105224609375
1.9765625,953.8306274414062,30.24571990966797
1.9921875,953.8594360351562,30.254539489746094
2.0078125,953.8518676757812,30.255645751953125
2.0234375,953.8675537109375,30.26483154296875
2.0390625,953.85107421875,30.275482177734375
2.0546875,953.8712158203125,30.283203125
2.0703125,953.8475341796875,30.2850341796875
2.0859375,953.8704223632812,30.287986755371094
2.1015625,953.8419799804688,30.290191650390625
2.1171875,953.8781127929688,30.30194091796875
2.1328125,953.8595581054688,30.308563232421875
2.1484375,953.8667602539062,30.3177490234375
2.1640625,953.8576049804688,30.308563232421875
2.1796875,953.8566284179688,30.311134338378906
2.1953125,953.858642578125,30.323265075683594
2.2109375,953.861083984375,30.32141876220703
2.2265625,953.8340454101562,30.319580078125
2.2421875,953.869140625,30.322158813476562
2.2578125,953.8610229492188,30.323989868164062
2.2734375,953.8510131835938,30.312240600585938
2.2890625,953.8611450195312,30.31627655029297
2.3046875,953.8705444335938,30.323989868164062
2.3203125,953.8611450195312,30.323265075683594
2.3359375,953.858642578125,30.319580078125
2.3515625,953.867919921875,30.319580078125
2.3671875,953.8446044921875,30.314071655273438
2.3828125,953.8590698242188,30.3184814453125
2.3984375,953.8563842773438,30.309288024902344
2.4140625,953.8501586914062,30.319580078125
2.4296875,953.8565673828125,30.3177490234375
2.4453125,953.8605346679688,30.309288024902344
2.4609375,953.856689453125,30.3184814453125
2.4765625,953.8737182617188,30.322158813476562
2.4921875,953.8502807617188,30.3177490234375
2.5078125,953.8635864257812,30.312240600585938
2.5234375,953.8569946289062,30.307456970214844
2.5390625,953.8624877929688,30.307830810546875
2.5546875,953.8553466796875,30.3184814453125
2.5703125,953.858154296875,30.31810760498047
2.5859375,953.8355102539062,30.3184814453125
2.6015625,953.8623046875,30.33208465576172
2.6171875,953.8535766601562,30.330978393554688
2.6328125,953.8617553710938,30.33574676513672
2.6484375,953.8516235351562,30.328773498535156
2.6640625,953.857421875,30.33502197265625
2.6796875,953.8598022460938,30.32141876220703
2.6953125,953.856689453125,30.339797973632812
2.7109375,953.8627319335938,30.33318328857422
2.7265625,953.869873046875,30.348617553710938
2.7421875,953.8463134765625,30.33649444580078
2.7578125,953.863037109375,30.348617553710938
2.7734375,953.8653564453125,30.35302734375
2.7890625,953.8466796875,30.357437133789062
2.8046875,953.884765625,30.361480712890625
2.8203125,953.8767700195312,30.361480712890625
2.8359375,953.8767700195312,30.349349975585938
2.8515625,953.8684692382812,30.345314025878906
2.8671875,953.8680419921875,30.35082244873047
2.8828125,953.8770141601562,30.363311767578125
2.8984375,953.8812255859375,30.378746032714844
2.9140625,953.8654174804688,30.358543395996094
2.9296875,953.8663330078125,30.363311767578125
2.9453125,953.8650512695312,30.364410400390625
2.9609375,953.8873291015625,30.37287139892578
2.9765625,953.8666381835938,30.368087768554688
2.9921875,953.8930053710938,30.35413360595703
3.0078125,953.8731079101562,30.363311767578125
3.0234375,953.8751831054688,30.368087768554688
3.0390625,953.8787231445312,30.3548583984375
3.0546875,953.8433227539062,30.373977661132812
3.0703125,953.884033203125,30.37543487548828
3.0859375,953.9164428710938,30.37139892578125
3.1015625,953.8737182617188,30.36956787109375
3.1171875,953.8705444335938,30.382423400878906
3.1328125,953.8770751953125,30.359642028808594
3.1484375,953.8807373046875,30.382423400878906
3.1640625,953.864501953125,30.37213134765625
3.1796875,953.8778076171875,30.364051818847656
3.1953125,953.8638916015625,30.365158081054688
3.2109375,953.8724975585938,30.364051818847656
3.2265625,953.8668823242188,30.384254455566406
3.2421875,953.8743286132812,30.380950927734375
3.2578125,953.8751220703125,30.384254455566406
3.2734375,953.8803100585938,30.382049560546875
3.2890625,953.866943359375,30.38610076904297
3.3046875,953.8709106445312,30.380950927734375
3.3203125,953.8870849609375,30.364410400390625
3.3359375,953.8651123046875,30.36919403076172
3.3515625,953.8656005859375,30.37287139892578
3.3671875,953.8635864257812,30.36736297607422
3.3828125,953.8756103515625,30.365158081054688
3.3984375,953.8844604492188,30.35779571533203
3.4140625,953.8794555664062,30.34972381591797
3.4296875,953.8768310546875,30.350448608398438
3.4453125,953.8798828125,30.33318328857422
3.4609375,953.8627319335938,30.327674865722656
3.4765625,953.8615112304688,30.319580078125
3.4921875,953.8739013671875,30.319580078125
3.5078125,953.8810424804688,30.3177490234375
3.5234375,953.8653564453125,30.295700073242188
3.5390625,953.860107421875,30.2850341796875
3.5546875,953.8956298828125,30.290191650390625
3.5703125,953.8948974609375,30.26666259765625
3.5859375,953.8716430664062,30.271804809570312
3.6015625,953.869140625,30.260421752929688
3.6171875,953.8680419921875,30.251235961914062
3.6328125,953.8700561523438,30.255645751953125
3.6484375,953.872314453125,30.252708435058594
3.6640625,953.8702392578125,30.24571990966797
3.6796875,953.8837890625,30.22955322265625
3.6953125,953.864990234375,30.222564697265625
3.7109375,953.8713989257812,30.216323852539062
3.7265625,953.876708984375,30.207504272460938
3.7421875,953.8711547851562,30.202354431152344
3.7578125,953.8861694335938,30.187660217285156
3.7734375,953.8781127929688,30.187286376953125
3.7890625,953.8846435546875,30.187660217285156
3.8046875,953.8846435546875,30.169647216796875
3.8203125,953.8751220703125,30.172584533691406
3.8359375,953.8831787109375,30.16193389892578
3.8515625,953.863037109375,30.15899658203125
3.8671875,953.8579711914062,30.15569305419922
3.8828125,953.8575439453125,30.148330688476562
3.8984375,953.8820190429688,30.133644104003906
3.9140625,953.880615234375,30.12848663330078
3.9296875,953.8800659179688,30.116004943847656
3.9453125,953.8614501953125,30.110488891601562
3.9609375,953.8609008789062,30.117103576660156
3.9765625,953.8908081054688,30.10791015625
3.9921875,953.8702392578125,30.102401733398438
4.0078125,953.8780517578125,30.09320831298828
4.0234375,953.8556518554688,30.09064483642578
4.0390625,953.8762817382812,30.079978942871094
4.0546875,953.8823852539062,30.074111938476562
4.0703125,953.8602905273438,30.07006072998047
4.0859375,953.8592529296875,30.05683135986328
4.1015625,953.8729248046875,30.037353515625
4.1171875,953.8697509765625,30.0355224609375
4.1328125,953.8743286132812,30.034423828125
4.1484375,953.8659057617188,30.024124145507812
4.1640625,953.8696899414062,30.034423828125
4.1796875,953.8652954101562,30.013473510742188
4.1953125,953.8512573242188,30.01751708984375
4.2109375,953.8690185546875,30.0020751953125
4.2265625,953.8872680664062,29.997299194335938
4.2421875,953.8819580078125,29.996192932128906
4.2578125,953.8746948242188,30.005760192871094
4.2734375,953.8756713867188,29.98223876953125
4.2890625,953.8775634765625,29.98627471923828
4.3046875,953.8544921875,29.98333740234375
4.3203125,953.8585205078125,29.975990295410156
4.3359375,953.8703002929688,29.980758666992188
4.3515625,953.8803100585938,29.976348876953125
4.3671875,953.864990234375,29.971206665039062
4.3828125,953.8727416992188,29.964599609375
4.3984375,953.8638305664062,29.975250244140625
4.4140625,953.8636474609375,29.964599609375
4.4296875,953.8524169921875,29.942176818847656
4.4453125,953.8585815429688,29.964599609375
4.4609375,953.8494262695312,29.962020874023438
4.4765625,953.8556518554688,29.943275451660156
4.4921875,953.8568725585938,29.94585418701172
4.5078125,953.8739013671875,29.94915771484375
4.5234375,953.8544311523438,29.939971923828125
4.5390625,953.869140625,29.942176818847656
4.5546875,953.8616333007812,29.924911499023438
4.5703125,953.8598022460938,29.924537658691406
4.5859375,953.8711547851562,29.927841186523438
4.6015625,953.8828125,29.92821502685547
4.6171875,953.8589477539062,29.919021606445312
4.6328125,953.8742065429688,29.921974182128906
4.6484375,953.8821411132812,29.91571807861328
4.6640625,953.873779296875,29.922698974609375
4.6796875,953.8524169921875,29.920867919921875
4.6953125,953.8672485351562,29.91057586669922
4.7109375,953.8805541992188,29.906898498535156
4.7265625,953.8699951171875,29.919395446777344
4.7421875,953.8663940429688,29.91057586669922
4.7578125,953.8732299804688,29.907638549804688
4.7734375,953.8659057617188,29.90874481201172
4.7890625,953.865966796875,29.900283813476562
4.8046875,953.8430786132812,29.91168212890625
4.8203125,953.8705444335938,29.899551391601562
4.8359375,953.8627319335938,29.902862548828125
4.8515625,953.8402709960938,29.902488708496094
4.8671875,953.8546142578125,29.89293670654297
4.8828125,953.83154296875,29.89697265625
4.8984375,953.8402709960938,29.89220428466797
4.9140625,953.8553466796875,29.890731811523438
4.9296875,953.8564453125,29.89404296875
4.9453125,953.8489379882812,29.89220428466797
4.9609375,953.8392944335938,29.889999389648438
4.9765625,953.8341674804688,29.882644653320312
4.9921875,953.8544311523438,29.87897491455078
5.0078125,953.8331298828125,29.873825073242188
5.0234375,953.853515625,29.865745544433594
5.0390625,953.8527221679688,29.8580322265625
5.0546875,953.8382568359375,29.873825073242188
5.0703125,953.854736328125,29.860595703125
5.0859375,953.853515625,29.8580322265625
5.1015625,953.8418579101562,29.87456512451172
5.1171875,953.8547973632812,29.84295654296875
5.1328125,953.8594970703125,29.84369659423828
5.1484375,953.86669921875,29.84369659423828
5.1640625,953.8505859375,29.85765838623047
5.1796875,953.8614501953125,29.837814331054688
5.1953125,953.85302734375,29.837081909179688
5.2109375,953.8564453125,29.836341857910156
5.2265625,953.8588256835938,29.84222412109375
5.2421875,953.8635864257812,29.831199645996094
5.2578125,953.862548828125,29.847732543945312
5.2734375,953.8533325195312,29.82495880126953
5.2890625,953.8696899414062,29.82862091064453
5.3046875,953.8622436523438,29.837814331054688
5.3203125,953.8368530273438,29.837081909179688
5.3359375,953.8522338867188,29.84295654296875
5.3515625,953.868408203125,29.831932067871094
5.3671875,953.8626098632812,29.833030700683594
5.3828125,953.8734130859375,29.854354858398438
5.3984375,953.87255859375,29.84369659423828
5.4140625,953.8505859375,29.831199645996094
5.4296875,953.8654174804688,29.833030700683594
5.4453125,953.8494873046875,29.84039306640625
5.4609375,953.8400268554688,29.84369659423828
5.4765625,953.8344116210938,29.84222412109375
5.4921875,953.8342895507812,29.852874755859375
5.5078125,953.8514404296875,29.85692596435547
5.5234375,953.864990234375,29.87529754638672
5.5390625,953.8375854492188,29.87456512451172
5.5546875,953.8524780273438,29.87750244140625
5.5703125,953.8472290039062,29.870513916015625
5.5859375,953.8771362304688,29.872360229492188
5.6015625,953.8247680664062,29.884490966796875
5.6171875,953.8755493164062,29.890731811523438
5.6328125,953.9012451171875,29.8958740234375
5.6484375,953.876708984375,29.889999389648438
5.6640625,953.8551635742188,29.904693603515625
5.6796875,953.8547973632812,29.908370971679688
5.6953125,953.8701171875,29.907638549804688
5.7109375,953.8497314453125,29.921226501464844
5.7265625,953.8582763671875,29.91461181640625
5.7421875,953.8671875,29.925277709960938
5.7578125,953.8599243164062,29.92638397216797
5.7734375,953.8426513671875,29.93189239501953
5.7890625,953.8605346679688,29.93262481689453
5.8046875,953.8522338867188,29.920867919921875
5.8203125,953.8516235351562,29.954673767089844
5.8359375,953.8616333007812,29.936302185058594
5.8515625,953.8758544921875,29.942176818847656
5.8671875,953.84130859375,29.94512176513672
5.8828125,953.8564453125,29.956504821777344
5.8984375,953.8043823242188,29.955406188964844
5.9140625,953.8778076171875,29.96276092529297
5.9296875,953.8784790039062,29.953567504882812
5.9453125,953.86083984375,29.953941345214844
5.9609375,953.837646484375,29.955047607421875
5.9765625,953.874755859375,29.9649658203125
5.9921875,953.875732421875,29.960189819335938
6.0078125,953.8753051757812,29.959083557128906
6.0234375,953.8458862304688,29.972312927246094
6.0390625,953.8656616210938,29.967529296875
6.0546875,953.8473510742188,29.96276092529297
6.0703125,953.8756103515625,29.962020874023438
6.0859375,953.8556518554688,29.9638671875
6.1015625,953.8385620117188,29.9638671875
6.1171875,953.8553466796875,29.962020874023438
6.1328125,953.8551635742188,29.972312927246094
6.1484375,953.8614501953125,29.96607208251953
6.1640625,953.8692626953125,29.972312927246094
6.1796875,953.8656616210938,29.96863555908203
6.1953125,953.8468017578125,29.967529296875
6.2109375,953.8628540039062,29.96863555908203
6.2265625,953.8491821289062,29.976348876953125
6.2421875,953.8637084960938,29.979660034179688
6.2578125,953.8801879882812,29.975250244140625
6.2734375,953.90185546875,29.96863555908203
6.2890625,953.8928833007812,29.98113250732422
6.3046875,953.91796875,29.98333740234375
6.3203125,953.9044189453125,29.993629455566406
6.3359375,953.9490966796875,29.975990295410156
6.3515625,953.9127197265625,29.97930145263672
6.3671875,953.9315185546875,29.98443603515625
6.3828125,953.8716430664062,29.973785400390625
6.3984375,953.9214477539062,29.978553771972656
6.4140625,953.9200439453125,29.995468139648438
6.4296875,953.8960571289062,29.993255615234375
6.4453125,953.9036254882812,30.00135040283203
6.4609375,953.88232421875,29.97930145263672
6.4765625,953.8950805664062,29.988479614257812
6.4921875,953.8733520507812,30.00318145751953
6.5078125,953.8915405273438,29.994735717773438
6.5234375,953.894287109375,29.993988037109375
6.5390625,953.881591796875,30.00318145751953
6.5546875,953.9046020507812,30.012733459472656
6.5703125,953.8912353515625,30.014205932617188
6.5859375,953.9057006835938,30.006118774414062
6.6015625,953.897705078125,30.011627197265625
6.6171875,953.9054565429688,30.013473510742188
6.6328125,953.8912353515625,30.01751708984375
6.6484375,953.8834228515625,30.025962829589844
6.6640625,953.9576416015625,30.007591247558594
6.6796875,953.8991088867188,30.011627197265625
6.6953125,953.9054565429688,30.031112670898438
6.7109375,953.889404296875,30.02044677734375
6.7265625,953.8919067382812,30.013832092285156
6.7421875,953.9224243164062,30.02044677734375
6.7578125,953.915283203125,30.013832092285156
6.7734375,953.9266357421875,30.025962829589844
6.7890625,953.9068603515625,30.025962829589844
6.8046875,953.9319458007812,30.01934814453125
6.8203125,953.8960571289062,30.01751708984375
6.8359375,953.9090576171875,30.01971435546875
6.8515625,953.9169921875,30.01971435546875
6.8671875,953.9110107421875,30.011627197265625
6.8828125,953.8761596679688,30.01751708984375
6.8984375,953.8988647460938,29.99950408935547
6.9140625,953.889892578125,30.008697509765625
6.9296875,953.9051513671875,30.028533935546875
6.9453125,953.882080078125,30.01751708984375
6.9609375,953.8809814453125,30.007591247558594
6.9765625,953.8530883789062,30.013107299804688
6.9921875,953.8984985351562,30.00318145751953
7.0078125,953.8753662109375,30.005760192871094
7.0234375,953.9246826171875,30.00318145751953
7.0390625,953.8903198242188,29.993988037109375
7.0546875,953.91748046875,30.0020751953125
7.0703125,953.9404296875,29.989219665527344
7.0859375,953.9104614257812,29.993988037109375
7.1015625,953.9246826171875,29.993255615234375
7.1171875,953.8934936523438,29.997299194335938
7.1328125,953.8783569335938,29.973785400390625
7.1484375,953.9262084960938,29.991424560546875
7.1640625,953.9232788085938,29.98737335205078
7.1796875,953.9383544921875,29.9998779296875
7.1953125,953.8893432617188,29.998397827148438
7.2109375,953.9501953125,29.97930145263672
7.2265625,953.9392700195312,29.992530822753906
7.2421875,953.9364624023438,29.98296356201172
7.2578125,953.9444580078125,29.990325927734375
7.2734375,953.9260864257812,29.991783142089844
7.2890625,953.92138671875,29.991058349609375
7.3046875,953.9153442382812,29.98333740234375
7.3203125,953.8955078125,29.98223876953125
7.3359375,953.9020385742188,29.988121032714844
7.3515625,953.89599609375,29.977828979492188
7.3671875,953.9033203125,29.98333740234375
7.3828125,953.9057006835938,29.971206665039062
7.3984375,953.9259033203125,29.98150634765625
7.4140625,953.943115234375,29.98150634765625
7.4296875,953.9132690429688,29.973785400390625
7.4453125,953.9029541015625,29.973785400390625
7.4609375,953.9124755859375,29.986648559570312
7.4765625,953.9286499023438,29.993255615234375
7.4921875,953.9293823242188,29.978553771972656
7.5078125,953.9529418945312,29.98480987548828
7.5234375,953.9535522460938,29.992156982421875
7.5390625,953.9818725585938,30.00135040283203
7.5546875,953.928955078125,30.012374877929688
7.5703125,953.9299926757812,30.03515625
7.5859375,953.9556884765625,30.027061462402344
7.6015625,953.916015625,30.031471252441406
7.6171875,953.9725341796875,30.05095672607422
7.6328125,953.9093627929688,30.05426788330078
7.6484375,954.0089721679688,30.05792999267578
7.6640625,954.0086669921875,30.07115936279297
7.6796875,953.9609985351562,30.084388732910156
7.6953125,953.9497680664062,30.084388732910156
7.7109375,953.9749145507812,30.1068115234375
7.7265625,953.9549560546875,30.110122680664062
7.7421875,953.9708251953125,30.132537841796875
7.7578125,953.9282836914062,30.133644104003906
7.7734375,953.9354248046875,30.152381896972656
7.7890625,953.9684448242188,30.1431884765625
7.8046875,953.9435424804688,30.16266632080078
7.8203125,953.9443359375,30.16082763671875
7.8359375,953.9453735351562,30.172584533691406
7.8515625,953.9805297851562,30.188392639160156
7.8671875,953.9677734375,30.19683837890625
7.8828125,953.9512939453125,30.206031799316406
7.8984375,953.9755249023438,30.207862854003906
7.9140625,954.010986328125,30.222564697265625
7.9296875,953.9711303710938,30.241310119628906
7.9453125,953.9526977539062,30.238731384277344
7.9609375,953.9967651367188,30.243141174316406
7.9765625,953.9816284179688,30.251235961914062
7.9921875,953.9393310546875,30.258216857910156
8.0078125,953.9514770507812,30.26556396484375
8.0234375,953.9366455078125,30.273651123046875
8.0390625,953.966064453125,30.283203125
8.0546875,953.9635009765625,30.293121337890625
8.0703125,953.9262084960938,30.296432495117188
8.0859375,953.9193725585938,30.30084228515625
8.1015625,953.9539794921875,30.289443969726562
8.1171875,953.9259033203125,30.293853759765625
8.1328125,953.9185791015625,30.32251739501953
8.1484375,953.9141845703125,30.312240600585938
8.1640625,953.9130859375,30.316650390625
8.1796875,953.8783569335938,30.319580078125
8.1953125,953.8977661132812,30.319580078125
8.2109375,953.8990478515625,30.326927185058594
8.2265625,953.8997192382812,30.327301025390625
8.2421875,953.8746948242188,30.325096130371094
8.2578125,953.873779296875,30.33391571044922
8.2734375,953.8782348632812,30.326927185058594
8.2890625,953.8817749023438,30.319580078125
8.3046875,953.8720703125,30.328773498535156
8.3203125,953.877685546875,30.32141876220703
8.3359375,953.8741455078125,30.316650390625
8.3515625,953.8753662109375,30.307456970214844
8.3671875,953.8899536132812,30.307830810546875
8.3828125,953.8595581054688,30.307456970214844
8.3984375,953.8965454101562,30.292022705078125
8.4140625,953.8741455078125,30.30084228515625
8.4296875,953.8672485351562,30.29680633544922
8.4453125,953.8716430664062,30.262252807617188
8.4609375,953.8634033203125,30.2850341796875
8.4765625,953.89013671875,30.262252807617188
8.4921875,953.8742065429688,30.26593780517578
8.5078125,953.8560180664062,30.259323120117188
8.5234375,953.870849609375,30.251602172851562
8.5390625,953.8546142578125,30.2490234375
8.5546875,953.8698120117188,30.262252807617188
8.5703125,953.8711547851562,30.261154174804688
8.5859375,953.8549194335938,30.240936279296875
8.6015625,953.87451171875,30.234695434570312
8.6171875,953.8499145507812,30.241683959960938
8.6328125,953.8661499023438,30.236167907714844
8.6484375,953.8416748046875,30.212646484375
8.6640625,953.8441162109375,30.21302032470703
8.6796875,953.862060546875,30.21337890625
8.6953125,953.8651123046875,30.20861053466797
8.7109375,953.8473510742188,30.19097137451172
8.7265625,953.8629760742188,30.204559326171875
8.7421875,953.8553466796875,30.182876586914062
8.7578125,953.8268432617188,30.182151794433594
8.7734375,953.8345336914062,30.170379638671875
8.7890625,953.8662109375,30.157150268554688
8.8046875,953.83984375,30.153488159179688
8.8203125,953.8603515625,30.153846740722656
8.8359375,953.8317260742188,30.148704528808594
8.8515625,953.8510131835938,30.148330688476562
8.8671875,953.84375,30.1409912109375
8.8828125,953.8435668945312,30.14061737060547
8.8984375,953.859130859375,30.117103576660156
8.9140625,953.856689453125,30.110122680664062
8.9296875,953.8447265625,30.110488891601562
8.9453125,953.8560791015625,30.104232788085938
8.9609375,953.85546875,30.1075439453125
8.9765625,953.8480834960938,30.100929260253906
8.9921875,953.8521728515625,30.097259521484375
9.0078125,953.8500366210938,30.09320831298828
9.0234375,953.8585815429688,30.08879852294922
9.0390625,953.8539428710938,30.08734130859375
9.0546875,953.8538208007812,30.074844360351562
9.0703125,953.8734741210938,30.065292358398438
9.0859375,953.8546142578125,30.05206298828125
9.1015625,953.8502807617188,30.05426788330078
9.1171875,953.8558959960938,30.045448303222656
9.1328125,953.8466796875,30.048385620117188
9.1484375,953.8641967773438,30.045074462890625
9.1640625,953.849609375,30.041763305664062
9.1796875,953.852294921875,30.03588104248047
9.1953125,953.844482421875,30.044342041015625
9.2109375,953.8412475585938,30.044700622558594
9.2265625,953.8494873046875,30.03919219970703
9.2421875,953.8388671875,30.03221893310547
9.2578125,953.856689453125,30.03919219970703
9.2734375,953.8783569335938,30.024124145507812
9.2890625,953.852294921875,30.028533935546875
9.3046875,953.868896484375,30.01751708984375
9.3203125,953.8666381835938,30.030372619628906
9.3359375,953.8624877929688,30.01751708984375
9.3515625,953.8468627929688,30.02044677734375
9.3671875,953.8585815429688,30.025962829589844
9.3828125,953.8674926757812,30.028533935546875
9.3984375,953.8479614257812,30.011627197265625
9.4140625,953.8588256835938,30.024124145507812
9.4296875,953.85888671875,30.01567840576172
9.4453125,953.8521118164062,29.993988037109375
9.4609375,953.8637084960938,30.006118774414062
9.4765625,953.8511352539062,29.998397827148438
9.4921875,953.8790893554688,30.00135040283203
9.5078125,953.8650512695312,30.00135040283203
9.5234375,953.8662109375,30.006118774414062
9.5390625,953.8535766601562,29.988479614257812
9.5546875,953.8440551757812,29.988479614257812
9.5703125,953.8440551757812,29.988479614257812
9.5859375,953.8488159179688,29.997299194335938
9.6015625,953.8651123046875,29.997299194335938
9.6171875,953.8448486328125,29.990325927734375
9.6328125,953.8639526367188,29.98296356201172
9.6484375,953.846435546875,29.996566772460938
9.6640625,953.8615112304688,29.993255615234375
9.6796875,953.8493041992188,29.978553771972656
9.6953125,953.8536987304688,29.995468139648438
9.7109375,953.864990234375,29.973785400390625
9.7265625,953.8634643554688,29.98186492919922
9.7421875,953.8433227539062,29.997299194335938
9.7578125,953.8657836914062,29.9998779296875
9.7734375,953.8421630859375,29.98150634765625
9.7890625,953.8655395507812,29.990325927734375
9.8046875,953.8633422851562,29.96717071533203
9.8203125,953.84375,29.98333740234375
9.8359375,953.8482666015625,29.98333740234375
9.8515625,953.8405151367188,29.98113250732422
9.8671875,953.85107421875,29.989219665527344
9.8828125,953.8440551757812,29.975616455078125
9.8984375,953.8349609375,29.972312927246094
9.9140625,953.8614501953125,29.96276092529297
9.9296875,953.8433227539062,29.960189819335938
9.9453125,953.8250732421875,29.956878662109375
9.9609375,953.8784790039062,29.959083557128906
9.9765625,953.921875,29.950637817382812
9.9921875,953.8743286132812,29.959083557128906
10.0078125,953.8381958007812,29.956504821777344
10.0234375,953.8486328125,29.955047607421875
10.0390625,953.8681640625,29.96790313720703
10.0546875,953.8760986328125,29.957611083984375
10.0703125,953.8248291015625,29.955406188964844
10.0859375,953.8945922851562,29.959083557128906
10.1015625,953.86328125,29.956504821777344
10.1171875,953.8999633789062,29.962020874023438
10.1328125,953.8832397460938,29.951370239257812
10.1484375,953.8672485351562,29.960189819335938
10.1640625,953.8460083007812,29.958351135253906
10.1796875,953.8643798828125,29.975990295410156
10.1953125,953.8870849609375,29.958351135253906
10.2109375,953.8631591796875,29.966796875
10.2265625,953.8610229492188,29.98150634765625
10.2421875,953.8463134765625,29.98150634765625
10.2578125,953.8875732421875,29.975616455078125
10.2734375,953.9049072265625,29.990325927734375
10.2890625,953.88427734375,29.976348876953125
10.3046875,953.8678588867188,29.98296356201172
10.3203125,953.8656005859375,29.997299194335938
10.3359375,953.8657836914062,29.993988037109375
10.3515625,953.8463745117188,30.00318145751953
10.3671875,953.845458984375,30.004653930664062
10.3828125,953.8826904296875,30.013107299804688
10.3984375,953.8512573242188,30.027809143066406
10.4140625,953.8430786132812,30.01678466796875
10.4296875,953.874267578125,30.011627197265625
10.4453125,953.9281005859375,30.012733459472656
10.4609375,953.8404541015625,30.025962829589844
10.4765625,953.8668823242188,30.014205932617188
10.4921875,953.8465576171875,30.027061462402344
10.5078125,953.8688354492188,30.01678466796875
10.5234375,953.8689575195312,30.044342041015625
10.5390625,953.8717041015625,30.041038513183594
10.5546875,953.9012451171875,30.049110412597656
10.5703125,953.8798828125,30.05426788330078
10.5859375,953.8714599609375,30.047279357910156
10.6015625,953.86474609375,30.045074462890625
10.6171875,953.8610229492188,30.059776306152344
10.6328125,953.8815307617188,30.057571411132812
10.6484375,953.8323364257812,30.060508728027344
10.6640625,953.8851928710938,30.061614990234375
10.6796875,953.8960571289062,30.079254150390625
10.6953125,953.8900756835938,30.084388732910156
10.7109375,953.8834228515625,30.093582153320312
10.7265625,953.8766479492188,30.094314575195312
10.7421875,953.8849487304688,30.093582153320312
10.7578125,953.8598022460938,30.097991943359375
10.7734375,953.875732421875,30.113800048828125
10.7890625,953.890625,30.116004943847656
10.8046875,953.8775634765625,30.116729736328125
10.8203125,953.8776245117188,30.13988494873047
10.8359375,953.85302734375,30.133644104003906
10.8515625,953.8793334960938,30.14061737060547
10.8671875,953.8435668945312,30.1431884765625
10.8828125,953.8515625,30.148330688476562
10.8984375,953.8311767578125,30.154220581054688
10.9140625,953.9124755859375,30.157150268554688
10.9296875,953.8906860351562,30.171127319335938
10.9453125,953.8865966796875,30.180679321289062
10.9609375,953.8552856445312,30.188392639160156
10.9765625,953.885986328125,30.187660217285156
10.9921875,953.9055786132812,30.21044158935547
11.0078125,953.88818359375,30.20861053466797
11.0234375,953.8867797851562,30.2137451171875
11.0390625,953.8705444335938,30.22808074951172
11.0546875,953.8385009765625,30.237632751464844
11.0703125,953.8627319335938,30.24388885498047
11.0859375,953.8603515625,30.243515014648438
11.1015625,953.8800659179688,30.26776885986328
11.1171875,953.86279296875,30.26409149169922
11.1328125,953.8666381835938,30.292022705078125
11.1484375,953.899169921875,30.280624389648438
11.1640625,953.8729248046875,30.29680633544922
11.1796875,953.8800048828125,30.297531127929688
11.1953125,953.8956298828125,30.313339233398438
11.2109375,953.8810424804688,30.307456970214844
11.2265625,953.8594970703125,30.325096130371094
11.2421875,953.8887939453125,30.33502197265625
11.2578125,953.8622436523438,30.339797973632812
11.2734375,953.8519897460938,30.3526611328125
11.2890625,953.8754272460938,30.364051818847656
11.3046875,953.9111328125,30.346771240234375
11.3203125,953.8591918945312,30.35413360595703
11.3359375,953.86474609375,30.375808715820312
11.3515625,953.8903198242188,30.378013610839844
11.3671875,953.8755493164062,30.37213134765625
11.3828125,953.8963623046875,30.381317138671875
11.3984375,953.8536987304688,30.392715454101562
11.4140625,953.921142578125,30.390869140625
11.4296875,953.9078979492188,30.402267456054688
11.4453125,953.906005859375,30.412918090820312
11.4609375,953.906982421875,30.421737670898438
11.4765625,953.9061279296875,30.43901824951172
11.4921875,953.9334716796875,30.429458618164062
11.5078125,953.8627319335938,30.43791961669922
11.5234375,953.8904418945312,30.447463989257812
11.5390625,953.891357421875,30.468788146972656
11.5546875,953.9202880859375,30.450775146484375
11.5703125,953.8868408203125,30.45996856689453
11.5859375,953.8926391601562,30.47870635986328
11.6015625,953.9375,30.466583251953125
11.6171875,953.9153442382812,30.47760772705078
11.6328125,953.8811645507812,30.491195678710938
11.6484375,953.9231567382812,30.49560546875
11.6640625,953.8955078125,30.498550415039062
11.6796875,953.9716796875,30.494873046875
11.6953125,953.9103393554688,30.49707794189453
11.7109375,953.8597412109375,30.49781036376953
11.7265625,953.8479614257812,30.524269104003906
11.7421875,953.8624267578125,30.51654815673828
11.7578125,953.9005737304688,30.538238525390625
11.7734375,953.893798828125,30.533462524414062
11.7890625,953.8903198242188,30.537872314453125
11.8046875,953.8751831054688,30.54888916015625
11.8203125,953.9049682617188,30.554031372070312
11.8359375,953.9020385742188,30.554405212402344
11.8515625,953.8989868164062,30.566162109375
11.8671875,953.8851318359375,30.552200317382812
11.8828125,953.8826293945312,30.566162109375
11.8984375,953.900146484375,30.58344268798828
11.9140625,953.8784790039062,30.576828002929688
11.9296875,953.8820190429688,30.59850311279297
11.9453125,953.8619995117188,30.59850311279297
11.9609375,953.8787841796875,30.59667205810547
11.9765625,953.8775024414062,30.59850311279297
11.9921875,953.8794555664062,30.58710479736328
12.0078125,953.8717651367188,30.5999755859375
12.0234375,953.8974609375,30.609901428222656
12.0390625,953.8668823242188,30.61834716796875
12.0546875,953.868896484375,30.62017822265625
12.0703125,953.8905029296875,30.62128448486328
12.0859375,953.8781127929688,30.630844116210938
12.1015625,953.8963623046875,30.643707275390625
12.1171875,953.908935546875,30.6341552734375
12.1328125,953.8966674804688,30.64002227783203
12.1484375,953.9026489257812,30.626068115234375
12.1640625,953.8941040039062,30.6348876953125
12.1796875,953.8878173828125,30.638565063476562
12.1953125,953.9425659179688,30.63378143310547
12.2109375,953.9133911132812,30.633407592773438
12.2265625,953.912109375,30.630844116210938
12.2421875,953.8873901367188,30.631202697753906
12.2578125,953.8760986328125,30.633407592773438
12.2734375,953.8846435546875,30.639297485351562
12.2890625,953.9013671875,30.639297485351562
12.3046875,953.8822631835938,30.65068817138672
12.3203125,953.8792114257812,30.641128540039062
12.3359375,953.8740234375,30.641868591308594
12.3515625,953.8938598632812,30.63636016845703
12.3671875,953.8939819335938,30.63636016845703
12.3828125,953.8909912109375,30.630844116210938
12.3984375,953.8760986328125,30.61944580078125
12.4140625,953.8994140625,30.626792907714844
12.4296875,953.8858642578125,30.61944580078125
12.4453125,953.875,30.6025390625
12.4609375,953.8845825195312,30.609527587890625
12.4765625,953.875732421875,30.609527587890625
12.4921875,953.8739624023438,30.59923553466797
12.5078125,953.877685546875,30.593719482421875
12.5234375,953.8771362304688,30.58416748046875
12.5390625,953.8809204101562,30.57903289794922
12.5546875,953.886474609375,30.586746215820312
12.5703125,953.8717041015625,30.566162109375
12.5859375,953.8809204101562,30.559547424316406
12.6015625,953.8815307617188,30.56946563720703
12.6171875,953.8884887695312,30.556983947753906
12.6328125,953.885986328125,30.541175842285156
12.6484375,953.8909912109375,30.531982421875
12.6640625,953.8878173828125,30.51654815673828
12.6796875,953.8790893554688,30.521331787109375
12.6953125,953.8782348632812,30.502220153808594
12.7109375,953.8920288085938,30.4967041015625
12.7265625,953.8914794921875,30.49266815185547
12.7421875,953.8754272460938,30.47613525390625
12.7578125,953.8923950195312,30.453712463378906
12.7734375,953.8698120117188,30.452606201171875
12.7890625,953.8817138671875,30.438644409179688
12.8046875,953.87255859375,30.433509826660156
12.8203125,953.8792114257812,30.414024353027344
12.8359375,953.8832397460938,30.402267456054688
12.8515625,953.8850708007812,30.392715454101562
12.8671875,953.8787231445312,30.37139892578125
12.8828125,953.8772583007812,30.37139892578125
12.8984375,953.8820190429688,30.347518920898438
12.9140625,953.8665161132812,30.362205505371094
12.9296875,953.8624877929688,30.35669708251953
12.9453125,953.8846435546875,30.349349975585938
12.9609375,953.8828125,30.349349975585938
12.9765625,953.870849609375,30.33832550048828
12.9921875,953.8787231445312,30.347877502441406
13.0078125,953.8736572265625,30.327301025390625
13.0234375,953.86328125,30.312240600585938
13.0390625,953.86474609375,30.294601440429688
13.0546875,953.8666381835938,30.277320861816406
13.0703125,953.8767700195312,30.26850128173828
13.0859375,953.8604736328125,30.262252807617188
13.1015625,953.885498046875,30.258575439453125
13.1171875,953.8653564453125,30.2490234375
13.1328125,953.8698120117188,30.244613647460938
13.1484375,953.866455078125,30.239479064941406
13.1640625,953.8659057617188,30.238731384277344
13.1796875,953.8610229492188,30.233963012695312
13.1953125,953.8569946289062,30.240936279296875
13.2109375,953.8739013671875,30.241310119628906
13.2265625,953.8577270507812,30.236167907714844
13.2421875,953.8739624023438,30.24388885498047
13.2578125,953.8836669921875,30.22881317138672
13.2734375,953.8696899414062,30.217056274414062
13.2890625,953.85888671875,30.217056274414062
13.3046875,953.8739013671875,30.2144775390625
13.3203125,953.8682861328125,30.217788696289062
13.3359375,953.8638305664062,30.200889587402344
13.3515625,953.869873046875,30.209335327148438
13.3671875,953.8658447265625,30.201622009277344
13.3828125,953.8621826171875,30.188392639160156
13.3984375,953.8751831054688,30.20861053466797
13.4140625,953.8544921875,30.188392639160156
13.4296875,953.8650512695312,30.197586059570312
13.4453125,953.8677368164062,30.190223693847656
13.4609375,953.8700561523438,30.200889587402344
13.4765625,953.8650512695312,30.191696166992188
13.4921875,953.8588256835938,30.19610595703125
13.5078125,953.8592529296875,30.187660217285156
13.5234375,953.8846435546875,30.19207000732422
13.5390625,953.8641967773438,30.17333221435547
13.5546875,953.85693359375,30.191329956054688
13.5703125,953.8611450195312,30.19097137451172
13.5859375,953.8850708007812,30.182151794433594
13.6015625,953.8602294921875,30.17919921875
13.6171875,953.8772583007812,30.17699432373047
13.6328125,953.8674926757812,30.172584533691406
13.6484375,953.8641357421875,30.170021057128906
13.6640625,953.8720703125,30.180679321289062
13.6796875,953.863037109375,30.172958374023438
13.6953125,953.8563232421875,30.16082763671875
13.7109375,953.8497314453125,30.16082763671875
13.7265625,953.842529296875,30.15972900390625
13.7421875,953.8448486328125,30.149810791015625
13.7578125,953.8654174804688,30.151641845703125
13.7734375,953.8572387695312,30.16266632080078
13.7890625,953.853515625,30.17333221435547
13.8046875,953.8766479492188,30.165969848632812
13.8203125,953.8663940429688,30.15899658203125
13.8359375,953.8579711914062,30.16266632080078
13.8515625,953.889892578125,30.15789794921875
13.8671875,953.8662109375,30.16010284423828
13.8828125,953.8610229492188,30.15789794921875
13.8984375,953.8536376953125,30.163406372070312
13.9140625,953.8560180664062,30.139511108398438
13.9296875,953.8577880859375,30.136947631835938
13.9453125,953.8587036132812,30.148330688476562
13.9609375,953.84375,30.149078369140625
13.9765625,953.887451171875,30.146499633789062
13.9921875,953.854248046875,30.129234313964844
14.0078125,953.8466186523438,30.129234313964844
14.0234375,953.8663330078125,30.148330688476562
14.0390625,953.8527221679688,30.13988494873047
14.0546875,953.8501586914062,30.129234313964844
14.0703125,953.8610229492188,30.121139526367188
14.0859375,953.861328125,30.12628173828125
14.1015625,953.8433227539062,30.119308471679688
14.1171875,953.8599853515625,30.108642578125
14.1328125,953.8403930664062,30.118942260742188
14.1484375,953.8407592773438,30.121139526367188
14.1640625,953.8643798828125,30.110122680664062
14.1796875,953.8460083007812,30.108642578125
14.1953125,953.8589477539062,30.100570678710938
14.2109375,953.8246459960938,30.100570678710938
14.2265625,953.8377685546875,30.09137725830078
14.2421875,953.8380737304688,30.096519470214844
14.2578125,953.8516845703125,30.08734130859375
14.2734375,953.8681030273438,30.09064483642578
14.2890625,953.8463745117188,30.08879852294922
14.3046875,953.8539428710938,30.079978942871094
14.3203125,953.8375854492188,30.081825256347656
14.3359375,953.8521118164062,30.076316833496094
14.3515625,953.85693359375,30.081825256347656
14.3671875,953.8377075195312,30.075942993164062
14.3828125,953.864013671875,30.057571411132812
14.3984375,953.8275756835938,30.066749572753906
14.4140625,953.818359375,30.079978942871094
14.4296875,953.833984375,30.05683135986328
14.4453125,953.8436279296875,30.058677673339844
14.4609375,953.8508911132812,30.058677673339844
14.4765625,953.8366088867188,30.057571411132812
14.4921875,953.8449096679688,30.064186096191406
14.5078125,953.8281860351562,30.05683135986328
14.5234375,953.8729248046875,30.0726318359375
14.5390625,953.8494262695312,30.063812255859375
14.5546875,953.85693359375,30.048385620117188
14.5703125,953.8499145507812,30.05389404296875
14.5859375,953.853515625,30.05683135986328
14.6015625,953.8317260742188,30.05536651611328
14.6171875,953.8505859375,30.05242156982422
14.6328125,953.8240356445312,30.050216674804688
14.6484375,953.8184814453125,30.057571411132812
14.6640625,953.8717651367188,30.05792999267578
14.6796875,953.85693359375,30.051315307617188
14.6953125,953.8341064453125,30.05095672607422
14.7109375,953.8501586914062,30.057571411132812
14.7265625,953.85693359375,30.05462646484375
14.7421875,953.8457641601562,30.05462646484375
14.7578125,953.8248291015625,30.05095672607422
14.7734375,953.8555908203125,30.061981201171875
14.7890625,953.8501586914062,30.061981201171875
14.8046875,953.8543701171875,30.065292358398438
14.8203125,953.8557739257812,30.043601989746094
14.8359375,953.8494262695312,30.051315307617188
14.8515625,953.8556518554688,30.05792999267578
14.8671875,953.8717651367188,30.063446044921875
14.8828125,953.8741455078125,30.064186096191406
14.8984375,953.8485717773438,30.051315307617188
14.9140625,953.8323364257812,30.057571411132812
14.9296875,953.834716796875,30.049110412597656
14.9453125,953.8440551757812,30.05609893798828
14.9609375,953.8650512695312,30.060134887695312
14.9765625,953.8511352539062,30.07006072998047
14.9921875,953.8443603515625,30.067123413085938
15.0078125,953.8356323242188,30.058303833007812
15.0234375,953.8497314453125,30.066024780273438
15.0390625,953.8571166992188,30.057571411132812
15.0546875,953.8699951171875,30.074111938476562
15.0703125,953.8722534179688,30.07080078125
15.0859375,953.8731079101562,30.081825256347656
15.1015625,953.8502807617188,30.076316833496094
15.1171875,953.8724975585938,30.079978942871094
15.1328125,953.8530883789062,30.079254150390625
15.1484375,953.8297729492188,30.081825256347656
15.1640625,953.8419189453125,30.081825256347656
15.1796875,953.81982421875,30.094314575195312
15.1953125,953.8544921875,30.096519470214844
15.2109375,953.8475341796875,30.096519470214844
15.2265625,953.8516845703125,30.094314575195312
15.2421875,953.8468017578125,30.096519470214844
15.2578125,953.85888671875,30.111953735351562
15.2734375,953.8616943359375,30.10387420654297
15.2890625,953.85546875,30.119308471679688
15.3046875,953.844482421875,30.112693786621094
15.3203125,953.8563232421875,30.1060791015625
15.3359375,953.8370971679688,30.119667053222656
15.3515625,953.8677978515625,30.113426208496094
15.3671875,953.8402099609375,30.120773315429688
15.3828125,953.8624877929688,30.10828399658203
15.3984375,953.8427124023438,30.118942260742188
15.4140625,953.85693359375,30.12151336669922
15.4296875,953.8655395507812,30.129234313964844
15.4453125,953.86279296875,30.148330688476562
15.4609375,953.8568725585938,30.14061737060547
15.4765625,953.866943359375,30.141357421875
15.4921875,953.8610229492188,30.14502716064453
15.5078125,953.8505859375,30.16082763671875
15.5234375,953.866455078125,30.152381896972656
15.5390625,953.8572998046875,30.148704528808594
15.5546875,953.8497924804688,30.16266632080078
15.5703125,953.8373413085938,30.156417846679688
15.5859375,953.8707885742188,30.15899658203125
15.6015625,953.8525390625,30.154220581054688
15.6171875,953.8527221679688,30.16082763671875
15.6328125,953.8580932617188,30.164512634277344
15.6484375,953.8501586914062,30.169647216796875
15.6640625,953.8363037109375,30.172584533691406
15.6796875,953.856201171875,30.1773681640625
15.6953125,953.8598022460938,30.17699432373047
15.7109375,953.869873046875,30.16266632080078
15.7265625,953.8905029296875,30.1773681640625
15.7421875,953.8836669921875,30.182510375976562
15.7578125,953.8853759765625,30.188392639160156
15.7734375,953.8638305664062,30.186561584472656
15.7890625,953.8493041992188,30.19683837890625
15.8046875,953.885498046875,30.191329956054688
15.8203125,953.868896484375,30.205299377441406
15.8359375,953.8882446289062,30.206031799316406
15.8515625,953.8948974609375,30.220733642578125
15.8671875,953.8670043945312,30.21337890625
15.8828125,953.8663330078125,30.218528747558594
15.8984375,953.851318359375,30.227706909179688
15.9140625,953.8677368164062,30.241683959960938
15.9296875,953.8733520507812,30.235794067382812
15.9453125,953.870361328125,30.258949279785156
15.9609375,953.900146484375,30.270706176757812
15.9765625,953.9090576171875,30.2850341796875
15.9921875,953.9577026367188,30.289443969726562
16.0078125,953.950927734375,30.312973022460938
16.0234375,953.9281616210938,30.31810760498047
16.0390625,953.9185791015625,30.330978393554688
16.0546875,953.972412109375,30.33795166015625
16.0703125,953.9246826171875,30.348617553710938
16.0859375,953.9090576171875,30.362205505371094
16.1015625,953.891845703125,30.360748291015625
16.1171875,953.9108276367188,30.37543487548828
16.1328125,953.9164428710938,30.379844665527344
16.1484375,953.9276123046875,30.382797241210938
16.1640625,953.8973999023438,30.40814971923828
16.1796875,953.930419921875,30.41071319580078
16.1953125,953.9068603515625,30.419906616210938
16.2109375,953.931640625,30.435714721679688
16.2265625,953.9403686523438,30.450775146484375
16.2421875,953.947265625,30.467681884765625
16.2578125,953.9537353515625,30.466583251953125
16.2734375,953.9703979492188,30.483474731445312
16.2890625,953.9732055664062,30.49560546875
16.3046875,953.9110107421875,30.49634552001953
16.3203125,953.8872680664062,30.521331787109375
16.3359375,953.8778076171875,30.503692626953125
16.3515625,953.8849487304688,30.519500732421875
16.3671875,953.8805541992188,30.507728576660156
16.3828125,953.8876953125,30.517654418945312
16.3984375,953.8875732421875,30.517654418945312
16.4140625,953.8714599609375,30.523910522460938
16.4296875,953.875,30.531982421875
16.4453125,953.875732421875,30.525009155273438
16.4609375,953.8810424804688,30.519500732421875
16.4765625,953.8937377929688,30.525009155273438
16.4921875,953.8798828125,30.515823364257812
16.5078125,953.8759765625,30.501487731933594
16.5234375,953.8692016601562,30.508102416992188
16.5390625,953.8883666992188,30.49707794189453
16.5546875,953.8783569335938,30.49560546875
16.5703125,953.8781127929688,30.490463256835938
16.5859375,953.8717041015625,30.487525939941406
16.6015625,953.8748779296875,30.472824096679688
16.6171875,953.8765258789062,30.465835571289062
16.6328125,953.8931884765625,30.454452514648438
16.6484375,953.866943359375,30.43791961669922
16.6640625,953.8628540039062,30.433509826660156
16.6796875,953.8839721679688,30.4224853515625
16.6953125,953.8709106445312,30.419906616210938
16.7109375,953.866455078125,30.401168823242188
16.7265625,953.871826171875,30.38720703125
16.7421875,953.8680419921875,30.39051055908203
16.7578125,953.8683471679688,30.379844665527344
16.7734375,953.857177734375,30.37322998046875
16.7890625,953.8732299804688,30.362953186035156
16.8046875,953.8536376953125,30.368087768554688
16.8203125,953.87451171875,30.3544921875
16.8359375,953.8564453125,30.349349975585938
16.8515625,953.8697509765625,30.348617553710938
16.8671875,953.8635864257812,30.344207763671875
16.8828125,953.8762817382812,30.331336975097656
16.8984375,953.8649291992188,30.33502197265625
16.9140625,953.8652954101562,30.30046844482422
16.9296875,953.8689575195312,30.289443969726562
16.9453125,953.8552856445312,30.291290283203125
16.9609375,953.8759155273438,30.273284912109375
16.9765625,953.8722534179688,30.273284912109375
16.9921875,953.8597412109375,30.26446533203125
17.0078125,953.8635864257812,30.26409149169922
17.0234375,953.8600463867188,30.26556396484375
17.0390625,953.8571166992188,30.255645751953125
17.0546875,953.8543701171875,30.239479064941406
17.0703125,953.8646850585938,30.238006591796875
17.0859375,953.8555908203125,30.234695434570312
17.1015625,953.852294921875,30.238731384277344
17.1171875,953.8449096679688,30.234695434570312
17.1328125,953.8654174804688,30.218154907226562
17.1484375,953.8505859375,30.220733642578125
17.1640625,953.8402099609375,30.217056274414062
17.1796875,953.85888671875,30.2144775390625
17.1953125,953.8508911132812,30.21668243408203
17.2109375,953.861328125,30.210067749023438
17.2265625,953.8516235351562,30.207862854003906
17.2421875,953.8699951171875,30.191696166992188
17.2578125,953.8569946289062,30.206031799316406
17.2734375,953.8500366210938,30.190223693847656
17.2890625,953.8628540039062,30.204559326171875
17.3046875,953.8624877929688,30.189125061035156
17.3203125,953.8561401367188,30.19683837890625
17.3359375,953.853271484375,30.183982849121094
17.3515625,953.8472290039062,30.187286376953125
17.3671875,953.8577880859375,30.19207000732422
17.3828125,953.8455810546875,30.180679321289062
17.3984375,953.8552856445312,30.167816162109375
17.4140625,953.8588256835938,30.171859741210938
17.4296875,953.8544311523438,30.171485900878906
17.4453125,953.850830078125,30.17516326904297
17.4609375,953.8421630859375,30.165611267089844
17.4765625,953.857421875,30.16082763671875
17.4921875,953.8407592773438,30.154220581054688
17.5078125,953.850341796875,30.156051635742188
17.5234375,953.844482421875,30.148330688476562
17.5390625,953.84375,30.1431884765625
17.5546875,953.8407592773438,30.132896423339844
17.5703125,953.8553466796875,30.136947631835938
17.5859375,953.8396606445312,30.141357421875
17.6015625,953.8447265625,30.116004943847656
17.6171875,953.829833984375,30.116004943847656
17.6328125,953.8279418945312,30.12151336669922
17.6484375,953.82373046875,30.100929260253906
17.6640625,953.8360595703125,30.114158630371094
17.6796875,953.8343505859375,30.113426208496094
17.6953125,953.8240966796875,30.102401733398438
17.7109375,953.8284912109375,30.096519470214844
17.7265625,953.8361206054688,30.095787048339844
17.7421875,953.845703125,30.093582153320312
17.7578125,953.8311767578125,30.09064483642578
17.7734375,953.8206787109375,30.085494995117188
17.7890625,953.833251953125,30.079254150390625
17.8046875,953.8297729492188,30.081825256347656
17.8203125,953.8329467773438,30.072265625
17.8359375,953.8361206054688,30.07190704345703
17.8515625,953.8223876953125,30.0704345703125
17.8671875,953.8204345703125,30.068222045898438
17.8828125,953.8232421875,30.0704345703125
17.8984375,953.831787109375,30.067855834960938
17.9140625,953.8507080078125,30.061981201171875
17.9296875,953.8322143554688,30.064186096191406
17.9453125,953.8496704101562,30.05792999267578
17.9609375,953.834716796875,30.045074462890625
17.9765625,953.8323364257812,30.049484252929688
17.9921875,953.8500366210938,30.048385620117188
18.0078125,953.8416137695312,30.051315307617188
18.0234375,953.8311767578125,30.049484252929688
18.0390625,953.832763671875,30.050216674804688
18.0546875,953.8310546875,30.05242156982422
18.0703125,953.8491821289062,30.045074462890625
18.0859375,953.8538208007812,30.027061462402344
18.1015625,953.834716796875,30.045074462890625
18.1171875,953.8310546875,30.040664672851562
18.1328125,953.8462524414062,30.028533935546875
18.1484375,953.8510131835938,30.049484252929688
18.1640625,953.8297729492188,30.03919219970703
18.1796875,953.83349609375,30.03221893310547
18.1953125,953.8297729492188,30.03221893310547
18.2109375,953.8214721679688,30.03919219970703
18.2265625,953.8251342773438,30.01751708984375
18.2421875,953.8223266601562,30.037353515625
18.2578125,953.8123779296875,30.025230407714844
18.2734375,953.8273315429688,30.01751708984375
18.2890625,953.8265380859375,30.02044677734375
18.3046875,953.829833984375,30.024124145507812
18.3203125,953.8128051757812,30.013473510742188
18.3359375,953.8130493164062,30.012374877929688
18.3515625,953.8117065429688,30.013832092285156
18.3671875,953.8064575195312,30.012733459472656
18.3828125,953.8147583007812,30.012733459472656
18.3984375,953.7955932617188,30.006118774414062
18.4140625,953.8098754882812,30.00135040283203
18.4296875,953.8201904296875,29.988479614257812
18.4453125,953.8040161132812,30.00060272216797
18.4609375,953.8135986328125,29.992156982421875
18.4765625,953.8097534179688,29.991783142089844
18.4921875,953.8186645507812,29.993255615234375
18.5078125,953.790771484375,29.988121032714844
18.5234375,953.8021850585938,30.001708984375
18.5390625,953.7885131835938,29.996566772460938
18.5546875,953.8245239257812,29.995468139648438
18.5703125,953.7962036132812,29.997299194335938
18.5859375,953.821533203125,29.98371124267578
18.6015625,953.8130493164062,30.0020751953125
18.6171875,953.8220825195312,29.99803924560547
18.6328125,953.8389892578125,30.009063720703125
18.6484375,953.8424682617188,30.00135040283203
18.6640625,953.8405151367188,29.98480987548828
18.6796875,953.8358154296875,29.9998779296875
18.6953125,953.8529663085938,30.012374877929688
18.7109375,953.830810546875,30.014205932617188
18.7265625,953.8303833007812,30.01971435546875
18.7421875,953.8387451171875,30.03515625
18.7578125,953.7973022460938,30.039566040039062
18.7734375,953.8461303710938,30.05426788330078
18.7890625,953.8128662109375,30.048385620117188
18.8046875,953.8690185546875,30.0697021484375
18.8203125,953.8519897460938,30.07115936279297
18.8359375,953.84326171875,30.083663940429688
18.8515625,953.8385620117188,30.09320831298828
18.8671875,953.8460693359375,30.100570678710938
18.8828125,953.8151245117188,30.10974884033203
18.8984375,953.8578491210938,30.141357421875
18.9140625,953.859130859375,30.145401000976562
18.9296875,953.826171875,30.153114318847656
18.9453125,953.857421875,30.171859741210938
18.9609375,953.8622436523438,30.180679321289062
18.9765625,953.8600463867188,30.19573974609375
18.9921875,953.8239135742188,30.217056274414062
19.0078125,953.8577270507812,30.23065948486328
19.0234375,953.8619995117188,30.233596801757812
19.0390625,953.8653564453125,30.24571990966797
19.0546875,953.8510131835938,30.261886596679688
19.0703125,953.8621826171875,30.261154174804688
19.0859375,953.8549194335938,30.28467559814453
19.1015625,953.8704223632812,30.293853759765625
19.1171875,953.8701171875,30.33208465576172
19.1328125,953.8387451171875,30.342361450195312
19.1484375,953.8743286132812,30.359642028808594
19.1640625,953.8557739257812,30.368087768554688
19.1796875,953.8469848632812,30.386459350585938
19.1953125,953.8643798828125,30.385360717773438
19.2109375,953.8576049804688,30.415122985839844
19.2265625,953.8677368164062,30.419906616210938
19.2421875,953.8533325195312,30.429458618164062
19.2578125,953.83154296875,30.450401306152344
19.2734375,953.8868408203125,30.466583251953125
19.2890625,953.8567504882812,30.491195678710938
19.3046875,953.864013671875,30.498550415039062
19.3203125,953.8516235351562,30.515090942382812
19.3359375,953.8513793945312,30.531982421875
19.3515625,953.8949584960938,30.53418731689453
19.3671875,953.8731079101562,30.544479370117188
19.3828125,953.872314453125,30.5643310546875
19.3984375,953.8807373046875,30.573150634765625
19.4140625,953.8643798828125,30.58013153076172
19.4296875,953.8609008789062,30.58233642578125
19.4453125,953.8765258789062,30.60108184814453
19.4609375,953.86474609375,30.62017822265625
19.4765625,953.8558959960938,30.627899169921875
19.4921875,953.8912353515625,30.624961853027344
19.5078125,953.866455078125,30.63671875
19.5234375,953.8820190429688,30.660614013671875
19.5390625,953.8521118164062,30.660614013671875
19.5546875,953.8455200195312,30.678985595703125
19.5703125,953.8473510742188,30.685226440429688
19.5859375,953.8432006835938,30.694412231445312
19.6015625,953.8740234375,30.69293975830078
19.6171875,953.8325805664062,30.700302124023438
19.6328125,953.8494262695312,30.712051391601562
19.6484375,953.8541870117188,30.72344970703125
19.6640625,953.8565673828125,30.739242553710938
19.6796875,953.876708984375,30.750640869140625
19.6953125,953.8849487304688,30.76093292236328
19.7109375,953.8800048828125,30.747329711914062
19.7265625,953.8845825195312,30.763137817382812
19.7421875,953.8737182617188,30.772315979003906
19.7578125,953.85302734375,30.7789306640625
19.7734375,953.8704223632812,30.800979614257812
19.7890625,953.8649291992188,30.791427612304688
19.8046875,953.8423461914062,30.80834197998047
19.8203125,953.8680419921875,30.81458282470703
19.8359375,953.8656005859375,30.82781219482422
19.8515625,953.8513793945312,30.82781219482422
19.8671875,953.8610229492188,30.838462829589844
19.8828125,953.878173828125,30.84618377685547
19.8984375,953.9099731445312,30.853164672851562
19.9140625,953.865234375,30.86456298828125
19.9296875,953.87060546875,30.870437622070312
19.9453125,953.8829956054688,30.8822021484375
19.9609375,953.8675537109375,30.893959045410156
19.9765625,953.8890380859375,30.893585205078125
19.9921875,953.870361328125,30.906814575195312
20.0078125,953.8430786132812,30.895790100097656
20.0234375,953.8754272460938,30.897994995117188
20.0390625,953.87451171875,30.914535522460938
20.0546875,953.8832397460938,30.91417694091797
20.0703125,953.8820190429688,30.927764892578125
20.0859375,953.8887939453125,30.911598205566406
20.1015625,953.870361328125,30.9193115234375
20.1171875,953.8819580078125,30.913070678710938
20.1328125,953.885498046875,30.912330627441406
20.1484375,953.88427734375,30.910491943359375
20.1640625,953.8805541992188,30.931442260742188
20.1796875,953.8826293945312,30.91417694091797
20.1953125,953.8963623046875,30.897262573242188
20.2109375,953.8792114257812,30.906814575195312
20.2265625,953.8860473632812,30.904983520507812
20.2421875,953.883544921875,30.89653778076172
20.2578125,953.8850708007812,30.887344360351562
20.2734375,953.883544921875,30.891021728515625
20.2890625,953.88037109375,30.881103515625
20.3046875,953.8859252929688,30.868606567382812
20.3203125,953.8948364257812,30.860511779785156
20.3359375,953.8652954101562,30.86602783203125
20.3515625,953.8748779296875,30.850234985351562
20.3671875,953.8709106445312,30.84545135498047
20.3828125,953.8931884765625,30.839210510253906
20.3984375,953.8728637695312,30.838104248046875
20.4140625,953.8876342773438,30.82781219482422
20.4296875,953.8836669921875,30.818618774414062
20.4453125,953.8792114257812,30.8123779296875
20.4609375,953.889892578125,30.789230346679688
20.4765625,953.8834228515625,30.786651611328125
20.4921875,953.8831787109375,30.788124084472656
20.5078125,953.887451171875,30.763870239257812
20.5234375,953.8671875,30.748062133789062
20.5390625,953.8859252929688,30.752471923828125
20.5546875,953.878662109375,30.73888397216797
20.5703125,953.8837280273438,30.729690551757812
20.5859375,953.8840942382812,30.711326599121094
20.6015625,953.8828735351562,30.696624755859375
20.6171875,953.8778076171875,30.698097229003906
20.6328125,953.884521484375,30.68486785888672
20.6484375,953.8831787109375,30.66979217529297
20.6640625,953.8715209960938,30.681556701660156
20.6796875,953.8792724609375,30.64958953857422
20.6953125,953.876708984375,30.639297485351562
20.7109375,953.8882446289062,30.627899169921875
20.7265625,953.8984985351562,30.63636016845703
20.7421875,953.887939453125,30.607322692871094
20.7578125,953.8909912109375,30.594467163085938
20.7734375,953.8850708007812,30.587852478027344
20.7890625,953.8801879882812,30.574981689453125
20.8046875,953.8950805664062,30.555877685546875
20.8203125,953.8817749023438,30.54962158203125
20.8359375,953.8919067382812,30.538238525390625
20.8515625,953.8842163085938,30.5301513671875
20.8671875,953.8792114257812,30.520233154296875
20.8828125,953.8895874023438,30.519500732421875
20.8984375,953.8805541992188,30.520233154296875
20.9140625,953.8907470703125,30.491195678710938
20.9296875,953.8778076171875,30.466583251953125
20.9453125,953.8759155273438,30.452606201171875
20.9609375,953.8899536132812,30.42652130126953
20.9765625,953.8873901367188,30.419906616210938
20.9921875,953.8969116210938,30.402267456054688
21.0078125,953.8760986328125,30.392715454101562
21.0234375,953.8810424804688,30.392715454101562
21.0390625,953.884033203125,30.366615295410156
21.0546875,953.8814697265625,30.363311767578125
21.0703125,953.8734130859375,30.361846923828125
21.0859375,953.8781127929688,30.35302734375
21.1015625,953.880126953125,30.35155487060547
21.1171875,953.8943481445312,30.3548583984375
21.1328125,953.8641967773438,30.346038818359375
21.1484375,953.8717041015625,30.327674865722656
21.1640625,953.8920288085938,30.33795166015625
21.1796875,953.8977661132812,30.322158813476562
21.1953125,953.8742065429688,30.311134338378906
21.2109375,953.880126953125,30.293853759765625
21.2265625,953.8712768554688,30.296432495117188
21.2421875,953.8888549804688,30.292022705078125
21.2578125,953.8901977539062,30.279891967773438
21.2734375,953.869873046875,30.269973754882812
21.2890625,953.852783203125,30.26739501953125
21.3046875,953.86865234375,30.269973754882812
21.3203125,953.876708984375,30.253807067871094
21.3359375,953.8924560546875,30.240936279296875
21.3515625,953.8899536132812,30.25196075439453
21.3671875,953.8701171875,30.241683959960938
21.3828125,953.8900756835938,30.239105224609375
21.3984375,953.874267578125,30.240936279296875
21.4140625,953.8834228515625,30.243141174316406
21.4296875,953.89013671875,30.239105224609375
21.4453125,953.8803100585938,30.23065948486328
21.4609375,953.88232421875,30.226608276367188
21.4765625,953.8843383789062,30.222564697265625
21.4921875,953.8720092773438,30.2119140625
21.5078125,953.8798828125,30.222938537597656
21.5234375,953.8720703125,30.21485137939453
21.5390625,953.87255859375,30.217788696289062
21.5546875,953.8715209960938,30.197586059570312
21.5703125,953.89404296875,30.205657958984375
21.5859375,953.8804321289062,30.206031799316406
21.6015625,953.8798828125,30.200889587402344
21.6171875,953.8650512695312,30.19463348388672
21.6328125,953.8663330078125,30.197586059570312
21.6484375,953.8868408203125,30.200889587402344
21.6640625,953.8681030273438,30.19280242919922
21.6796875,953.8577270507812,30.19207000732422
21.6953125,953.8784790039062,30.19500732421875
21.7109375,953.8614501953125,30.17516326904297
21.7265625,953.8685913085938,30.187286376953125
21.7421875,953.8667602539062,30.17884063720703
21.7578125,953.8837890625,30.1773681640625
21.7734375,953.85498046875,30.17333221435547
21.7890625,953.8510131835938,30.167816162109375
21.8046875,953.8617553710938,30.170753479003906
21.8203125,953.8668823242188,30.15752410888672
21.8359375,953.8800048828125,30.16082763671875
21.8515625,953.861083984375,30.14502716064453
21.8671875,953.8595581054688,30.14208984375
21.8828125,953.8544921875,30.1431884765625
21.8984375,953.8641357421875,30.154586791992188
21.9140625,953.8748168945312,30.14061737060547
21.9296875,953.8812866210938,30.14061737060547
21.9453125,953.8513793945312,30.127029418945312
21.9609375,953.9025268554688,30.1431884765625
21.9765625,953.8934326171875,30.129234313964844
21.9921875,953.8729248046875,30.120040893554688
22.0078125,953.9013671875,30.129234313964844
22.0234375,953.9099731445312,30.12518310546875
22.0390625,953.9047241210938,30.129234313964844
22.0546875,953.9099731445312,30.133644104003906
22.0703125,953.892578125,30.1431884765625
22.0859375,953.938232421875,30.150177001953125
22.1015625,953.919189453125,30.154586791992188
22.1171875,953.8974609375,30.153488159179688
22.1328125,953.9052124023438,30.164871215820312
22.1484375,953.9290161132812,30.168174743652344
22.1640625,953.9048461914062,30.17884063720703
22.1796875,953.9076538085938,30.19280242919922
22.1953125,953.9151611328125,30.197586059570312
22.2109375,953.9238891601562,30.217056274414062
22.2265625,953.9114379882812,30.224777221679688
22.2421875,953.8722534179688,30.23065948486328
22.2578125,953.8680419921875,30.245346069335938
22.2734375,953.9065551757812,30.252708435058594
22.2890625,953.9072265625,30.258216857910156
22.3046875,953.9006958007812,30.28173065185547
22.3203125,953.91015625,30.297531127929688
22.3359375,953.9027099609375,30.322158813476562
22.3515625,953.8992919921875,30.33318328857422
22.3671875,953.8829956054688,30.35338592529297
22.3828125,953.8849487304688,30.35669708251953
22.3984375,953.9080200195312,30.37213134765625
22.4140625,953.8850708007812,30.38610076904297
22.4296875,953.9055786132812,30.39051055908203
22.4453125,953.9060668945312,30.40594482421875
22.4609375,953.8776245117188,30.42652130126953
22.4765625,953.8826904296875,30.42578887939453
22.4921875,953.9016723632812,30.453712463378906
22.5078125,953.8740234375,30.463272094726562
22.5234375,953.9049072265625,30.474655151367188
22.5390625,953.8809204101562,30.492294311523438
22.5546875,953.9149169921875,30.504791259765625
22.5703125,953.8881225585938,30.505523681640625
22.5859375,953.8893432617188,30.516921997070312
22.6015625,953.8963623046875,30.517654418945312
22.6171875,953.88037109375,30.538597106933594
22.6328125,953.8890380859375,30.541175842285156
22.6484375,953.8988037109375,30.559188842773438
22.6640625,953.8815307617188,30.568740844726562
22.6796875,953.8668823242188,30.58344268798828
22.6953125,953.9085083007812,30.58710479736328
22.7109375,953.8956298828125,30.59667205810547
22.7265625,953.9276123046875,30.611358642578125
22.7421875,953.8998413085938,30.622756958007812
22.7578125,953.899169921875,30.628997802734375
22.7734375,953.8699951171875,30.639297485351562
22.7890625,953.8781127929688,30.659866333007812
22.8046875,953.8915405273438,30.6705322265625
22.8203125,953.91162109375,30.68743133544922
22.8359375,953.8798828125,30.697349548339844
22.8515625,953.895751953125,30.68852996826172
22.8671875,953.8787231445312,30.69293975830078
22.8828125,953.890625,30.717567443847656
22.8984375,953.9103393554688,30.72197723388672
22.9140625,953.8910522460938,30.72124481201172
22.9296875,953.8760986328125,30.733375549316406
22.9453125,953.8778686523438,30.745132446289062
22.9609375,953.8772583007812,30.746231079101562
22.9765625,953.8792114257812,30.766448974609375
22.9921875,953.8716430664062,30.784088134765625
23.0078125,953.8853149414062,30.788124084472656
23.0234375,953.8761596679688,30.800247192382812
23.0390625,953.8707885742188,30.79511260986328
23.0546875,953.8618774414062,30.803932189941406
23.0703125,953.8681030273438,30.80834197998047
23.0859375,953.8762817382812,30.81458282470703
23.1015625,953.8656005859375,30.82781219482422
23.1171875,953.8865966796875,30.83405303955078
23.1328125,953.8627319335938,30.832595825195312
23.1484375,953.8733520507812,30.841773986816406
23.1640625,953.8700561523438,30.84986114501953
23.1796875,953.8786010742188,30.86125946044922
23.1953125,953.8767700195312,30.86456298828125
23.2109375,953.880126953125,30.86125946044922
23.2265625,953.8750610351562,30.880355834960938
23.2421875,953.8793334960938,30.873016357421875
23.2578125,953.8982543945312,30.876693725585938
23.2734375,953.8675537109375,30.895790100097656
23.2890625,953.8837890625,30.908660888671875
23.3046875,953.8701171875,30.913429260253906
23.3203125,953.8826293945312,30.908660888671875
23.3359375,953.8701171875,30.912330627441406
23.3515625,953.8734741210938,30.92115020751953
23.3671875,953.8671875,30.921524047851562
23.3828125,953.8828735351562,30.93437957763672
23.3984375,953.8715209960938,30.927764892578125
23.4140625,953.8709106445312,30.93732452392578
23.4296875,953.8843383789062,30.908660888671875
23.4453125,953.8736572265625,30.93768310546875
23.4609375,953.8927612304688,30.926658630371094
23.4765625,953.8671875,30.925559997558594
23.4921875,953.8717651367188,30.9527587890625
23.5078125,953.8870239257812,30.93402099609375
23.5234375,953.8565673828125,30.93695068359375
23.5390625,953.8759765625,30.929969787597656
23.5546875,953.8776245117188,30.93988800048828
23.5703125,953.8773803710938,30.945404052734375
23.5859375,953.8797607421875,30.93878936767578
23.6015625,953.884521484375,30.93511962890625
23.6171875,953.8817749023438,30.948348999023438
23.6328125,953.8861694335938,30.930343627929688
23.6484375,953.891357421875,30.930343627929688
23.6640625,953.8878784179688,30.929611206054688
23.6796875,953.8901977539062,30.92224884033203
23.6953125,953.8744506835938,30.9189453125
23.7109375,953.8807373046875,30.912330627441406
23.7265625,953.8836669921875,30.92115020751953
23.7421875,953.8779296875,30.897994995117188
23.7578125,953.8935546875,30.90240478515625
23.7734375,953.8934326171875,30.897994995117188
23.7890625,953.8935546875,30.889175415039062
23.8046875,953.8814086914062,30.872283935546875
23.8203125,953.8761596679688,30.868606567382812
23.8359375,953.8709106445312,30.857208251953125
23.8515625,953.8895874023438,30.84618377685547
23.8671875,953.8872680664062,30.84986114501953
23.8828125,953.8828125,30.850234985351562
23.8984375,953.8792724609375,30.841415405273438
23.9140625,953.8963012695312,30.83405303955078
23.9296875,953.877685546875,30.83405303955078
23.9453125,953.8848876953125,30.83405303955078
23.9609375,953.8890991210938,30.820465087890625
23.9765625,953.8859252929688,30.822296142578125
23.9921875,953.8795776367188,30.81458282470703
24.0078125,953.8912963867188,30.788497924804688
24.0234375,953.8833618164062,30.788124084472656
24.0390625,953.888671875,30.7760009765625
24.0546875,953.8672485351562,30.764968872070312
24.0703125,953.8947143554688,30.746604919433594
24.0859375,953.8833618164062,30.74585723876953
24.1015625,953.8773193359375,30.74144744873047
24.1171875,953.88818359375,30.72124481201172
24.1328125,953.8934326171875,30.694786071777344
24.1484375,953.880615234375,30.709854125976562
24.1640625,953.8761596679688,30.698097229003906
24.1796875,953.8809814453125,30.683021545410156
24.1953125,953.880615234375,30.67420196533203
24.2109375,953.8790893554688,30.65068817138672
24.2265625,953.8828735351562,30.642974853515625
24.2421875,953.8801879882812,30.643333435058594
24.2578125,953.876708984375,30.630477905273438
24.2734375,953.8814086914062,30.613563537597656
24.2890625,953.8778686523438,30.61431121826172
24.3046875,953.876220703125,30.6007080078125
24.3203125,953.8892211914062,30.60291290283203
24.3359375,953.8864135742188,30.58159637451172
24.3515625,953.8795776367188,30.569839477539062
24.3671875,953.885498046875,30.5635986328125
24.3828125,953.8837280273438,30.558082580566406
24.3984375,953.893310546875,30.558815002441406
24.4140625,953.8700561523438,30.55182647705078
24.4296875,953.882568359375,30.536392211914062
24.4453125,953.8780517578125,30.527572631835938
24.4609375,953.8753662109375,30.523910522460938
24.4765625,953.8809814453125,30.499282836914062
24.4921875,953.8743286132812,30.51030731201172
24.5078125,953.8904418945312,30.499282836914062
24.5234375,953.8690185546875,30.4937744140625
24.5390625,953.868408203125,30.482742309570312
24.5546875,953.891845703125,30.472091674804688
24.5703125,953.866943359375,30.465103149414062
24.5859375,953.8829345703125,30.42652130126953
24.6015625,953.8712768554688,30.445632934570312
24.6171875,953.862548828125,30.44195556640625
24.6328125,953.8734130859375,30.42652130126953
24.6484375,953.8712768554688,30.419174194335938
24.6640625,953.87060546875,30.40814971923828
24.6796875,953.8743286132812,30.40740966796875
24.6953125,953.8742065429688,30.38720703125
24.7109375,953.8787841796875,30.397483825683594
24.7265625,953.868408203125,30.39307403564453
24.7421875,953.8602294921875,30.385360717773438
24.7578125,953.8516845703125,30.382797241210938
24.7734375,953.8639526367188,30.383529663085938
24.7890625,953.8873291015625,30.375808715820312
24.8046875,953.8638916015625,30.373977661132812
24.8203125,953.8809814453125,30.379844665527344
24.8359375,953.87451171875,30.379844665527344
24.8515625,953.8828125,30.36846160888672
24.8671875,953.8733520507812,30.362953186035156
24.8828125,953.8865356445312,30.375076293945312
24.8984375,953.8734130859375,30.357437133789062
24.9140625,953.885986328125,30.348617553710938
24.9296875,953.8635864257812,30.35302734375
24.9453125,953.8831787109375,30.350448608398438
24.9609375,953.8685913085938,30.344207763671875
24.9765625,953.884033203125,30.350448608398438
24.9921875,953.861328125,30.33649444580078
25.0078125,953.8845825195312,30.33318328857422
25.0234375,953.878173828125,30.342361450195312
25.0390625,953.8809204101562,30.325096130371094
25.0546875,953.8773803710938,30.329505920410156
25.0703125,953.8839111328125,30.327301025390625
25.0859375,953.86865234375,30.311866760253906
25.1015625,953.880859375,30.322158813476562
25.1171875,953.8742065429688,30.30046844482422
25.1328125,953.8748779296875,30.308563232421875
25.1484375,953.8948974609375,30.305984497070312
25.1640625,953.9124755859375,30.305984497070312
25.1796875,953.8754272460938,30.29680633544922
25.1953125,953.8745727539062,30.293121337890625
25.2109375,953.8951416015625,30.297531127929688
25.2265625,953.8633422851562,30.28173065185547
25.2421875,953.8677368164062,30.290191650390625
25.2578125,953.8960571289062,30.287612915039062
25.2734375,953.8945922851562,30.269973754882812
25.2890625,953.8917236328125,30.279525756835938
25.3046875,953.8800659179688,30.273284912109375
25.3203125,953.8722534179688,30.2850341796875
25.3359375,953.8931884765625,30.275482177734375
25.3515625,953.8695068359375,30.2850341796875
25.3671875,953.8943481445312,30.28173065185547
25.3828125,953.8772583007812,30.274757385253906
25.3984375,953.893310546875,30.271804809570312
25.4140625,953.869140625,30.262985229492188
25.4296875,953.8742065429688,30.268142700195312
25.4453125,953.8717041015625,30.26409149169922
25.4609375,953.868408203125,30.272552490234375
25.4765625,953.8721923828125,30.26409149169922
25.4921875,953.8713989257812,30.26739501953125
25.5078125,953.8704223632812,30.273284912109375
25.5234375,953.8722534179688,30.269973754882812
25.5390625,953.8689575195312,30.269241333007812
25.5546875,953.8622436523438,30.273284912109375
25.5703125,953.87646484375,30.272178649902344
25.5859375,953.8721923828125,30.277694702148438
25.6015625,953.8924560546875,30.259323120117188
25.6171875,953.852294921875,30.26850128173828
25.6328125,953.8831787109375,30.287612915039062
25.6484375,953.8736572265625,30.269973754882812
25.6640625,953.8563842773438,30.279891967773438
25.6796875,953.8543701171875,30.255645751953125
25.6953125,953.8621826171875,30.28173065185547
25.7109375,953.8670654296875,30.275482177734375
25.7265625,953.8646850585938,30.283203125
25.7421875,953.8703002929688,30.283203125
25.7578125,953.8773803710938,30.278060913085938
25.7734375,953.8613891601562,30.26666259765625
25.7890625,953.8800048828125,30.262252807617188
25.8046875,953.865234375,30.255645751953125
25.8203125,953.8675537109375,30.286514282226562
25.8359375,953.87841796875,30.2850341796875
25.8515625,953.8775634765625,30.269973754882812
25.8671875,953.8719482421875,30.274009704589844
25.8828125,953.865234375,30.28173065185547
25.8984375,953.85693359375,30.262252807617188
25.9140625,953.8622436523438,30.292022705078125
25.9296875,953.8741455078125,30.276214599609375
25.9453125,953.8868408203125,30.279525756835938
25.9609375,953.84716796875,30.276214599609375
25.9765625,953.8755493164062,30.274757385253906
25.9921875,953.84375,30.272178649902344
26.0078125,953.8762817382812,30.279891967773438
26.0234375,953.8657836914062,30.269973754882812
26.0390625,953.8635864257812,30.2850341796875
26.0546875,953.8775634765625,30.279891967773438
26.0703125,953.8639526367188,30.279525756835938
26.0859375,953.8728637695312,30.26556396484375
26.1015625,953.8672485351562,30.283203125
26.1171875,953.876220703125,30.2843017578125
26.1328125,953.870361328125,30.272552490234375
26.1484375,953.8644409179688,30.26409149169922
26.1640625,953.8635864257812,30.2850341796875
26.1796875,953.8549194335938,30.275482177734375
26.1953125,953.866455078125,30.2850341796875
26.2109375,953.8794555664062,30.273284912109375
26.2265625,953.8674926757812,30.271804809570312
26.2421875,953.8720703125,30.275482177734375
26.2578125,953.893310546875,30.286514282226562
26.2734375,953.8903198242188,30.288345336914062
26.2890625,953.8946533203125,30.283203125
26.3046875,953.8942260742188,30.298263549804688
26.3203125,953.880126953125,30.29974365234375
26.3359375,953.876708984375,30.295700073242188
26.3515625,953.8887939453125,30.286880493164062
26.3671875,953.8766479492188,30.30084228515625
26.3828125,953.8839721679688,30.307456970214844
26.3984375,953.8756103515625,30.304153442382812
26.4140625,953.8771362304688,30.304153442382812
26.4296875,953.8944091796875,30.3177490234375
26.4453125,953.8814697265625,30.312240600585938
26.4609375,953.880859375,30.309288024902344
26.4765625,953.8956298828125,30.3173828125
26.4921875,953.8837890625,30.330978393554688
26.5078125,953.8809204101562,30.330978393554688
26.5234375,953.8887329101562,30.331336975097656
26.5390625,953.889404296875,30.33685302734375
26.5546875,953.8786010742188,30.33318328857422
26.5703125,953.89794921875,30.364410400390625
26.5859375,953.9010620117188,30.3548583984375
26.6015625,953.8934936523438,30.3548583984375
26.6171875,953.8767700195312,30.3548583984375
26.6328125,953.8720092773438,30.35302734375
26.6484375,953.8771362304688,30.36736297607422
26.6640625,953.8870239257812,30.375076293945312
26.6796875,953.892578125,30.375808715820312
26.6953125,953.8795166015625,30.385726928710938
26.7109375,953.8895263671875,30.402267456054688
26.7265625,953.8772583007812,30.392715454101562
26.7421875,953.884033203125,30.402999877929688
26.7578125,953.8892822265625,30.39307403564453
26.7734375,953.8840942382812,30.40594482421875
26.7890625,953.8794555664062,30.40814971923828
26.8046875,953.8856811523438,30.40630340576172
26.8203125,953.8807373046875,30.40630340576172
26.8359375,953.8909301757812,30.40594482421875
26.8515625,953.8818359375,30.415122985839844
26.8671875,953.9060668945312,30.414024353027344
26.8828125,953.87841796875,30.42431640625
26.8984375,953.8759155273438,30.4224853515625
26.9140625,953.8840942382812,30.429458618164062
26.9296875,953.8795166015625,30.419174194335938
26.9453125,953.8789672851562,30.436073303222656
26.9609375,953.8854370117188,30.42578887939453
26.9765625,953.864013671875,30.419906616210938
26.9921875,953.8706665039062,30.419906616210938
27.0078125,953.8909912109375,30.4224853515625
27.0234375,953.8859252929688,30.421737670898438
27.0390625,953.8571166992188,30.438644409179688
27.0546875,953.8773193359375,30.438278198242188
27.0703125,953.879638671875,30.433509826660156
27.0859375,953.8726196289062,30.412918090820312
27.1015625,953.880126953125,30.430557250976562
27.1171875,953.8734741210938,30.438644409179688
27.1328125,953.8809204101562,30.432762145996094
27.1484375,953.8624267578125,30.433509826660156
27.1640625,953.8690185546875,30.436813354492188
27.1796875,953.8926391601562,30.432762145996094
27.1953125,953.8707885742188,30.434234619140625
27.2109375,953.8643798828125,30.419906616210938
27.2265625,953.8599853515625,30.419906616210938
27.2421875,953.8580932617188,30.42652130126953
27.2578125,953.879638671875,30.402999877929688
27.2734375,953.8516845703125,30.392715454101562
27.2890625,953.8697509765625,30.382049560546875
27.3046875,953.8759155273438,30.37213134765625
27.3203125,953.8616943359375,30.37139892578125
27.3359375,953.86474609375,30.363311767578125
27.3515625,953.8650512695312,30.363311767578125
27.3671875,953.8555297851562,30.367721557617188
27.3828125,953.8583374023438,30.348617553710938
27.3984375,953.8533935546875,30.348617553710938
27.4140625,953.859375,30.339797973632812
27.4296875,953.8746948242188,30.33391571044922
27.4453125,953.8591918945312,30.325096130371094
27.4609375,953.8731689453125,30.32141876220703
27.4765625,953.8519897460938,30.31444549560547
27.4921875,953.84765625,30.312973022460938
27.5078125,953.8617553710938,30.31444549560547
27.5234375,953.8440551757812,30.30194091796875
27.5390625,953.864990234375,30.305984497070312
27.5546875,953.8599243164062,30.2850341796875
27.5703125,953.8578491210938,30.292022705078125
27.5859375,953.8585815429688,30.28173065185547
27.6015625,953.8544921875,30.275482177734375
27.6171875,953.85693359375,30.283203125
27.6328125,953.8427124023438,30.258216857910156
27.6484375,953.8546142578125,30.28357696533203
27.6640625,953.878662109375,30.26666259765625
27.6796875,953.8585205078125,30.283203125
27.6953125,953.8619384765625,30.26556396484375
27.7109375,953.8552856445312,30.261886596679688
27.7265625,953.8651123046875,30.26483154296875
27.7421875,953.8653564453125,30.25012969970703
27.7578125,953.8538208007812,30.252334594726562
27.7734375,953.8784790039062,30.256370544433594
27.7890625,953.8514404296875,30.253433227539062
27.8046875,953.87451171875,30.249755859375
27.8203125,953.865234375,30.255645751953125
27.8359375,953.8675537109375,30.255645751953125
27.8515625,953.8746948242188,30.24829864501953
27.8671875,953.8697509765625,30.25012969970703
27.8828125,953.8603515625,30.24571990966797
27.8984375,953.858154296875,30.243141174316406
27.9140625,953.8530883789062,30.242782592773438
27.9296875,953.8692016601562,30.253807067871094
27.9453125,953.8589477539062,30.226974487304688
27.9609375,953.880859375,30.255645751953125
27.9765625,953.8746948242188,30.252708435058594
27.9921875,953.8672485351562,30.24755096435547
28.0078125,953.8607788085938,30.239479064941406
28.0234375,953.8575439453125,30.240203857421875
28.0390625,953.8731689453125,30.243515014648438
28.0546875,953.8741455078125,30.244613647460938
28.0703125,953.853271484375,30.255645751953125
28.0859375,953.8704223632812,30.243141174316406
28.1015625,953.8663330078125,30.238731384277344
28.1171875,953.8688354492188,30.22918701171875
28.1328125,953.860107421875,30.23249053955078
28.1484375,953.865234375,30.22845458984375
28.1640625,953.8720092773438,30.233596801757812
28.1796875,953.8426513671875,30.245346069335938
28.1953125,953.8695068359375,30.225143432617188
28.2109375,953.864501953125,30.236900329589844
28.2265625,953.8555297851562,30.242042541503906
28.2421875,953.8505859375,30.223670959472656
28.2578125,953.8511352539062,30.236167907714844
28.2734375,953.8607788085938,30.236167907714844
28.2890625,953.8727416992188,30.22881317138672
28.3046875,953.8493041992188,30.236900329589844
28.3203125,953.8572998046875,30.222564697265625
28.3359375,953.8468627929688,30.236167907714844
28.3515625,953.8524169921875,30.22955322265625
28.3671875,953.8457641601562,30.222564697265625
28.3828125,953.8713989257812,30.225143432617188
28.3984375,953.8627319335938,30.222564697265625
28.4140625,953.8546752929688,30.222564697265625
28.4296875,953.8558349609375,30.234695434570312
28.4453125,953.8499145507812,30.236167907714844
28.4609375,953.8512573242188,30.226608276367188
28.4765625,953.8389892578125,30.236167907714844
28.4921875,953.862548828125,30.238006591796875
28.5078125,953.8615112304688,30.23432159423828
28.5234375,953.855224609375,30.23249053955078
28.5390625,953.8519897460938,30.22845458984375
28.5546875,953.852294921875,30.236167907714844
28.5703125,953.862548828125,30.219635009765625
28.5859375,953.8741455078125,30.23249053955078
28.6015625,953.8418579101562,30.219261169433594
28.6171875,953.8639526367188,30.2144775390625
28.6328125,953.8502807617188,30.216323852539062
28.6484375,953.860595703125,30.226974487304688
28.6640625,953.8563232421875,30.236167907714844
28.6796875,953.8482055664062,30.22845458984375
28.6953125,953.8618774414062,30.22918701171875
28.7109375,953.8619384765625,30.219635009765625
28.7265625,953.8609008789062,30.23249053955078
28.7421875,953.8424682617188,30.232864379882812
28.7578125,953.8587036132812,30.232864379882812
28.7734375,953.8521118164062,30.241310119628906
28.7890625,953.8630981445312,30.217056274414062
28.8046875,953.8480834960938,30.22918701171875
28.8203125,953.8488159179688,30.221839904785156
28.8359375,953.8743286132812,30.206764221191406
28.8515625,953.8579711914062,30.217056274414062
28.8671875,953.8619384765625,30.215225219726562
28.8828125,953.8539428710938,30.221092224121094
28.8984375,953.8712768554688,30.221092224121094
28.9140625,953.8419799804688,30.217056274414062
28.9296875,953.8480834960938,30.2144775390625
28.9453125,953.8502807617188,30.21337890625
28.9609375,953.8394165039062,30.221092224121094
28.9765625,953.8599853515625,30.209335327148438
28.9921875,953.8515625,30.205299377441406
29.0078125,953.8541870117188,30.197586059570312
29.0234375,953.8557739257812,30.191696166992188
29.0390625,953.8588256835938,30.206031799316406
29.0546875,953.854248046875,30.190223693847656
29.0703125,953.8639526367188,30.20861053466797
29.0859375,953.9358520507812,30.21044158935547
29.1015625,953.9450073242188,30.182876586914062
29.1171875,953.915283203125,30.19500732421875
29.1328125,953.8878173828125,30.186561584472656
29.1484375,953.93359375,30.182510375976562
29.1640625,953.9009399414062,30.191696166992188
29.1796875,953.9083862304688,30.191696166992188
29.1953125,953.92333984375,30.187660217285156
29.2109375,953.9055786132812,30.179946899414062
29.2265625,953.9347534179688,30.19794464111328
29.2421875,953.9180297851562,30.186561584472656
29.2578125,953.970703125,30.19207000732422
29.2734375,954.0040283203125,30.186187744140625
29.2890625,953.9497680664062,30.1781005859375
29.3046875,953.9076538085938,30.182876586914062
29.3203125,953.8985595703125,30.19904327392578
29.3359375,953.9180908203125,30.187660217285156
29.3515625,953.9528198242188,30.19097137451172
29.3671875,953.9579467773438,30.18140411376953
29.3828125,953.94677734375,30.187660217285156
29.3984375,953.9354248046875,30.186920166015625
29.4140625,953.9443359375,30.19280242919922
29.4296875,953.9163208007812,30.19207000732422
29.4453125,953.93896484375,30.19610595703125
29.4609375,953.9046630859375,30.19500732421875
29.4765625,953.9284057617188,30.17919921875
29.4921875,953.9370727539062,30.188392639160156
29.5078125,953.9241943359375,30.188392639160156
29.5234375,953.8984985351562,30.19904327392578
29.5390625,953.9366455078125,30.191696166992188
29.5546875,954.0040283203125,30.19280242919922
29.5703125,953.9431762695312,30.19683837890625
29.5859375,953.885498046875,30.206031799316406
29.6015625,953.9307861328125,30.205657958984375
29.6171875,953.9425659179688,30.19353485107422
29.6328125,953.9360961914062,30.210067749023438
29.6484375,953.9251098632812,30.19721221923828
29.6640625,953.9065551757812,30.208969116210938
29.6796875,953.9125366210938,30.226608276367188
29.6953125,953.9728393554688,30.201995849609375
29.7109375,953.9171752929688,30.205299377441406
29.7265625,953.9396362304688,30.216323852539062
29.7421875,953.92578125,30.216323852539062
29.7578125,953.9371948242188,30.206031799316406
29.7734375,953.8900756835938,30.226608276367188
29.7890625,953.8898315429688,30.217788696289062
29.8046875,953.8781127929688,30.2119140625
29.8203125,953.8775634765625,30.201995849609375
29.8359375,953.8604736328125,30.220733642578125
29.8515625,953.84375,30.225502014160156
29.8671875,953.8716430664062,30.226974487304688
29.8828125,953.853271484375,30.217056274414062
29.8984375,953.8577270507812,30.210067749023438
29.9140625,953.8588256835938,30.21485137939453
29.9296875,953.8408203125,30.210067749023438
29.9453125,953.8301391601562,30.218887329101562
29.9609375,953.841796875,30.217788696289062
29.9765625,953.8494262695312,30.215225219726562
29.9921875,953.8282470703125,30.2144775390625
30.0078125,953.8317260742188,30.203453063964844
30.0234375,953.8246459960938,30.207862854003906
30.0390625,953.8257446289062,30.217788696289062
30.0546875,953.817138671875,30.188392639160156
30.0703125,953.8208618164062,30.200889587402344
30.0859375,953.832763671875,30.188392639160156
30.1015625,953.8076171875,30.190597534179688
30.1171875,953.807861328125,30.17957305908203
30.1328125,953.8175659179688,30.183982849121094
30.1484375,953.8090209960938,30.17626953125
30.1640625,953.8172607421875,30.186187744140625
