# Time (seconds),Pressure,Temp
0.0078125,954.1038818359375,28.884201049804688
0.0234375,953.8748168945312,28.8739013671875
0.0390625,953.8637084960938,28.883094787597656
0.0546875,953.858642578125,28.880157470703125
0.0703125,953.8715209960938,28.882720947265625
0.0859375,953.87109375,28.8731689453125
0.1015625,953.8576049804688,28.879058837890625
0.1171875,953.855224609375,28.881988525390625
0.1328125,953.87109375,28.875381469726562
0.1484375,953.8793334960938,28.881263732910156
0.1640625,953.8644409179688,28.88970947265625
0.1796875,953.871826171875,28.8739013671875
0.1953125,953.8577270507812,28.8720703125
0.2109375,953.8748168945312,28.877578735351562
0.2265625,953.8867797851562,28.879791259765625
0.2421875,953.8744506835938,28.89118194580078
0.2578125,953.8881225585938,28.89191436767578
0.2734375,953.8565673828125,28.883827209472656
0.2890625,953.8873901367188,28.886032104492188
0.3046875,953.8804321289062,28.881263732910156
0.3203125,953.8800048828125,28.87610626220703
0.3359375,953.8865966796875,28.886032104492188
0.3515625,953.8619384765625,28.86913299560547
0.3671875,953.8697509765625,28.883827209472656
0.3828125,953.8646850585938,28.884201049804688
0.3984375,953.8587036132812,28.877578735351562
0.4140625,953.8551635742188,28.88861083984375
0.4296875,953.8753051757812,28.879791259765625
0.4453125,953.8553466796875,28.879058837890625
0.4609375,953.855224609375,28.879417419433594
0.4765625,953.8767700195312,28.881263732910156
0.4921875,953.8716430664062,28.879058837890625
0.5078125,953.8713989257812,28.883094787597656
0.5234375,953.8801879882812,28.868392944335938
0.5390625,953.8690185546875,28.883094787597656
0.5546875,953.874755859375,28.87500762939453
0.5703125,953.8668823242188,28.883468627929688
0.5859375,953.8658447265625,28.875747680664062
0.6015625,953.8865966796875,28.86986541748047
0.6171875,953.8543701171875,28.881622314453125
0.6328125,953.8644409179688,28.868759155273438
0.6484375,953.8613891601562,28.87169647216797
0.6640625,953.8700561523438,28.859214782714844
0.6796875,953.8526611328125,28.8702392578125
0.6953125,953.885986328125,28.863624572753906
0.7109375,953.8536987304688,28.86803436279297
0.7265625,953.861328125,28.85736846923828
0.7421875,953.8530883789062,28.859214782714844
0.7578125,953.8418579101562,28.87059783935547
0.7734375,953.8460693359375,28.865455627441406
0.7890625,953.87841796875,28.85552978515625
0.8046875,953.8630981445312,28.868392944335938
0.8203125,953.8661499023438,28.8702392578125
0.8359375,953.869873046875,28.85552978515625
0.8515625,953.8541259765625,28.85333251953125
0.8671875,953.8461303710938,28.860313415527344
0.8828125,953.87841796875,28.860313415527344
0.8984375,953.8999633789062,28.85590362548828
0.9140625,953.9090576171875,28.848922729492188
0.9296875,953.8713989257812,28.85222625732422
0.9453125,953.8716430664062,28.85149383544922
0.9609375,953.8842163085938,28.85222625732422
0.9765625,953.8770751953125,28.85663604736328
0.9921875,953.899658203125,28.859573364257812
1.0078125,953.9065551757812,28.8702392578125
1.0234375,953.8890380859375,28.85663604736328
1.0390625,953.899658203125,28.862518310546875
1.0546875,953.9097290039062,28.85663604736328
1.0703125,953.9713134765625,28.868392944335938
1.0859375,954.0017700195312,28.865455627441406
1.1015625,953.966796875,28.866561889648438
1.1171875,953.9913940429688,28.876853942871094
1.1328125,953.9291381835938,28.894851684570312
1.1484375,953.9338989257812,28.882362365722656
1.1640625,953.9249267578125,28.894851684570312
1.1796875,953.9649658203125,28.90331268310547
1.1953125,953.9508666992188,28.896697998046875
1.2109375,953.9478149414062,28.90587615966797
1.2265625,953.9510498046875,28.931228637695312
1.2421875,953.9727783203125,28.938949584960938
1.2578125,953.990234375,28.940048217773438
1.2734375,953.9737548828125,28.955123901367188
1.2890625,953.9799194335938,28.951446533203125
1.3046875,953.9514770507812,28.96247100830078
1.3203125,953.9985961914062,28.966148376464844
1.3359375,953.9613037109375,28.985252380371094
1.3515625,953.99365234375,28.980484008789062
1.3671875,954.005126953125,29.000328063964844
1.3828125,953.9879760742188,29.003990173339844
1.3984375,954.0289916992188,29.02972412109375
1.4140625,953.9741821289062,29.039642333984375
1.4296875,954.0701904296875,29.05029296875
1.4453125,953.9696655273438,29.056182861328125
1.4609375,953.9462280273438,29.07013702392578
1.4765625,953.9274291992188,29.06500244140625
1.4921875,954.0230102539062,29.095497131347656
1.5078125,953.9800415039062,29.103958129882812
1.5234375,953.958251953125,29.126007080078125
1.5390625,953.9813232421875,29.148788452148438
1.5546875,953.9991455078125,29.145103454589844
1.5703125,953.9647216796875,29.17193603515625
1.5859375,954.0103759765625,29.17156219482422
1.6015625,954.019287109375,29.1895751953125
1.6171875,953.9786376953125,29.199867248535156
1.6328125,953.9593505859375,29.20648193359375
1.6484375,953.9898071289062,29.2237548828125
1.6640625,954.0538330078125,29.24139404296875
1.6796875,953.983154296875,29.246902465820312
1.6953125,953.9652099609375,29.271888732910156
1.7109375,953.9790649414062,29.29137420654297
1.7265625,954.0556640625,29.29503631591797
1.7421875,954.0028076171875,29.31598663330078
1.7578125,953.9888305664062,29.321495056152344
1.7734375,953.9887084960938,29.343185424804688
1.7890625,953.9616088867188,29.356414794921875
1.8046875,953.9874877929688,29.371475219726562
1.8203125,954.0355834960938,29.390220642089844
1.8359375,953.9776611328125,29.39904022216797
1.8515625,953.9802856445312,29.406387329101562
1.8671875,954.0963745117188,29.42292022705078
1.8828125,953.9755249023438,29.4383544921875
1.8984375,954.0093383789062,29.447547912597656
1.9140625,954.0018310546875,29.465919494628906
1.9296875,954.0670166015625,29.47217559814453
1.9453125,953.9881591796875,29.479522705078125
1.9609375,954.0952758789062,29.495323181152344
1.9765625,953.9844970703125,29.501197814941406
1.9921875,954.09326171875,29.511863708496094
2.0078125,954.028564453125,29.535743713378906
2.0234375,953.9735717773438,29.539779663085938
2.0390625,954.0211791992188,29.55779266357422
2.0546875,953.9542846679688,29.582046508789062
2.0703125,954.0767822265625,29.589035034179688
2.0859375,953.999755859375,29.597854614257812
2.1015625,953.9797973632812,29.605567932128906
2.1171875,953.9894409179688,29.61695098876953
2.1328125,954.0873413085938,29.621360778808594
2.1484375,954.030517578125,29.64966583251953
2.1640625,954.0333251953125,29.64672088623047
2.1796875,954.0831909179688,29.66583251953125
2.1953125,954.0988159179688,29.678329467773438
2.2109375,954.0726318359375,29.697799682617188
2.2265625,953.9986572265625,29.713241577148438
2.2421875,954.1130981445312,29.732711791992188
2.2578125,954.0296020507812,29.744110107421875
2.2734375,954.1155395507812,29.757339477539062
2.2890625,954.0767822265625,29.782691955566406
2.3046875,954.1331176757812,29.801063537597656
2.3203125,954.0614624023438,29.80584716796875
2.3359375,954.0421752929688,29.821273803710938
2.3515625,954.0634765625,29.84369659423828
2.3671875,954.1099243164062,29.84516143798828
2.3828125,954.0795288085938,29.87897491455078
2.3984375,954.0166015625,29.882644653320312
2.4140625,954.0474243164062,29.891830444335938
2.4296875,954.0023193359375,29.902130126953125
2.4453125,954.15576171875,29.91240692138672
2.4609375,954.2427368164062,29.9285888671875
2.4765625,954.1273193359375,29.939971923828125
2.4921875,954.16357421875,29.969375610351562
2.5078125,954.0918579101562,29.955047607421875
2.5234375,954.1083984375,29.975250244140625
2.5390625,954.0930786132812,29.993255615234375
2.5546875,954.0506591796875,30.00501251220703
2.5703125,954.0739135742188,30.013832092285156
2.5859375,954.1686401367188,30.030372619628906
2.6015625,954.1008911132812,30.047279357910156
2.6171875,954.0673828125,30.067855834960938
2.6328125,954.14404296875,30.076316833496094
2.6484375,954.0433959960938,30.074111938476562
2.6640625,954.0980834960938,30.1075439453125
2.6796875,954.1331176757812,30.105712890625
2.6953125,954.0661010742188,30.12628173828125
2.7109375,954.0913696289062,30.129234313964844
2.7265625,954.1646118164062,30.152740478515625
2.7421875,954.1309814453125,30.165969848632812
2.7578125,954.0899047851562,30.183250427246094
2.7734375,954.110107421875,30.186187744140625
2.7890625,954.0889892578125,30.198318481445312
2.8046875,954.151611328125,30.2137451171875
2.8203125,953.9512329101562,30.220733642578125
2.8359375,953.9381713867188,30.217056274414062
2.8515625,953.962890625,30.22808074951172
2.8671875,953.9376220703125,30.25012969970703
2.8828125,953.9398803710938,30.240203857421875
2.8984375,953.9634399414062,30.2490234375
2.9140625,953.9534912109375,30.236900329589844
2.9296875,953.9385986328125,30.24829864501953
2.9453125,953.9414672851562,30.2479248046875
2.9609375,953.9588012695312,30.23065948486328
2.9765625,953.9654541015625,30.226974487304688
2.9921875,953.9393310546875,30.222564697265625
3.0078125,953.9574584960938,30.2144775390625
3.0234375,953.9482421875,30.212646484375
3.0390625,953.9373779296875,30.200515747070312
3.0546875,953.94873046875,30.186187744140625
3.0703125,953.929443359375,30.170021057128906
3.0859375,953.9420776367188,30.166343688964844
3.1015625,953.9447631835938,30.156417846679688
3.1171875,953.9454956054688,30.148330688476562
3.1328125,953.9494018554688,30.12628173828125
3.1484375,953.9521484375,30.120773315429688
3.1640625,953.9448852539062,30.09137725830078
3.1796875,953.9432373046875,30.083663940429688
3.1953125,953.921630859375,30.074844360351562
3.2109375,953.9500732421875,30.062713623046875
3.2265625,953.9470825195312,30.061981201171875
3.2421875,953.9331665039062,30.03919219970703
3.2578125,953.9249267578125,30.01971435546875
3.2734375,953.9348754882812,29.993988037109375
3.2890625,953.918701171875,29.997299194335938
3.3046875,953.9559936523438,29.988121032714844
3.3203125,953.9437255859375,29.972686767578125
3.3359375,953.9296875,29.950637817382812
3.3515625,953.9251098632812,29.93335723876953
3.3671875,953.9210205078125,29.91057586669922
3.3828125,953.9390258789062,29.91498565673828
3.3984375,953.9269409179688,29.89404296875
3.4140625,953.9278564453125,29.885223388671875
3.4296875,953.9437255859375,29.87640380859375
3.4453125,953.9398193359375,29.870155334472656
3.4609375,953.9415893554688,29.84039306640625
3.4765625,953.936279296875,29.84222412109375
3.4921875,953.9323120117188,29.837814331054688
3.5078125,953.9318237304688,29.82495880126953
3.5234375,953.9330444335938,29.816864013671875
3.5390625,953.9298095703125,29.80621337890625
3.5546875,953.947265625,29.79334259033203
3.5703125,953.9459228515625,29.758811950683594
3.5859375,953.9240112304688,29.725364685058594
3.6015625,953.93505859375,29.725364685058594
3.6171875,953.9320068359375,29.71875
3.6328125,953.9361572265625,29.711402893066406
3.6484375,953.9534301757812,29.709556579589844
3.6640625,953.9496459960938,29.690086364746094
3.6796875,953.9459228515625,29.690460205078125
3.6953125,953.9357299804688,29.691192626953125
3.7109375,953.9387817382812,29.672821044921875
3.7265625,953.9442138671875,29.662155151367188
3.7421875,953.9330444335938,29.64966583251953
3.7578125,953.921630859375,29.654075622558594
3.7734375,953.9321899414062,29.64415740966797
3.7890625,953.9473266601562,29.638275146484375
3.8046875,953.9376831054688,29.616592407226562
3.8203125,953.9439697265625,29.616226196289062
3.8359375,953.9439086914062,29.60887908935547
3.8515625,953.9431762695312,29.59380340576172
3.8671875,953.93505859375,29.608505249023438
3.8828125,953.9437866210938,29.61474609375
3.8984375,953.9384155273438,29.601516723632812
3.9140625,953.9269409179688,29.598587036132812
3.9296875,953.9296875,29.578369140625
3.9453125,953.9275512695312,29.564407348632812
3.9609375,953.9423217773438,29.571754455566406
3.9765625,953.9395141601562,29.564407348632812
3.9921875,953.9303588867188,29.56072998046875
4.0078125,953.9384155273438,29.562576293945312
4.0234375,953.942138671875,29.535743713378906
4.0390625,953.9467163085938,29.519577026367188
4.0546875,953.9342651367188,29.533538818359375
4.0703125,953.9405517578125,29.52692413330078
4.0859375,953.944091796875,29.509658813476562
4.1015625,953.9368286132812,29.509658813476562
4.1171875,953.9368286132812,29.5059814453125
4.1328125,953.91748046875,29.499359130859375
4.1484375,953.9323120117188,29.493850708007812
4.1640625,953.9479370117188,29.485031127929688
4.1796875,953.9345092773438,29.48906707763672
4.1953125,953.93310546875,29.49127197265625
4.2109375,953.9189453125,29.475479125976562
4.2265625,953.9520874023438,29.461509704589844
4.2421875,953.9381103515625,29.472900390625
4.2578125,953.9458618164062,29.466659545898438
4.2734375,953.9398193359375,29.465919494628906
4.2890625,953.9379272460938,29.469223022460938
4.3046875,953.9293823242188,29.465187072753906
4.3203125,953.9379272460938,29.461509704589844
4.3359375,953.9446411132812,29.45599365234375
4.3515625,953.9435424804688,29.45195770263672
4.3671875,953.9282836914062,29.45453643798828
4.3828125,953.9434814453125,29.450851440429688
4.3984375,953.9586791992188,29.449378967285156
4.4140625,953.9274291992188,29.448654174804688
4.4296875,953.9434204101562,29.450851440429688
4.4453125,953.9436645507812,29.444610595703125
4.4609375,953.9359130859375,29.449020385742188
4.4765625,953.9398193359375,29.447174072265625
4.4921875,953.9360961914062,29.432846069335938
4.5078125,953.9346923828125,29.442764282226562
4.5234375,953.9375,29.4383544921875
4.5390625,953.9340209960938,29.428802490234375
4.5546875,953.93310546875,29.428077697753906
4.5703125,953.9288330078125,29.415206909179688
4.5859375,953.9330444335938,29.413375854492188
4.6015625,953.9400024414062,29.42292022705078
4.6171875,953.9193725585938,29.424026489257812
4.6328125,953.9249267578125,29.41998291015625
4.6484375,953.911865234375,29.40271759033203
4.6640625,953.9227905273438,29.404556274414062
4.6796875,953.9067993164062,29.41484832763672
4.6953125,953.9185791015625,29.411537170410156
4.7109375,953.915283203125,29.4019775390625
4.7265625,953.9083251953125,29.39904022216797
4.7421875,953.9224243164062,29.400146484375
4.7578125,953.906982421875,29.411537170410156
4.7734375,953.9122924804688,29.392425537109375
4.7890625,953.9091186523438,29.395362854003906
4.8046875,953.9064331054688,29.39904022216797
4.8203125,953.9069213867188,29.388748168945312
4.8359375,953.916015625,29.374786376953125
4.8515625,953.9146118164062,29.369644165039062
4.8671875,953.8985595703125,29.3677978515625
4.8828125,953.9127197265625,29.365966796875
4.8984375,953.903564453125,29.360824584960938
4.9140625,953.9090576171875,29.362289428710938
4.9296875,953.9032592773438,29.343185424804688
4.9453125,953.932373046875,29.343185424804688
4.9609375,953.9258422851562,29.34429168701172
4.9765625,953.9013671875,29.34722900390625
4.9921875,953.917236328125,29.343185424804688
5.0078125,953.9072265625,29.336196899414062
5.0234375,953.9322509765625,29.34429168701172
5.0390625,953.9013671875,29.342086791992188
5.0546875,953.9172973632812,29.341339111328125
5.0703125,953.901123046875,29.34429168701172
5.0859375,953.9013671875,29.33216094970703
5.1015625,953.9534301757812,29.324447631835938
5.1171875,953.946044921875,29.322967529296875
5.1328125,953.9841918945312,29.327011108398438
5.1484375,953.9690551757812,29.321495056152344
5.1640625,953.968505859375,29.317459106445312
5.1796875,953.9752197265625,29.324806213378906
5.1953125,954.0034790039062,29.322967529296875
5.2109375,953.9830322265625,29.322601318359375
5.2265625,954.0170288085938,29.328857421875
5.2421875,954.0008544921875,29.316726684570312
5.2578125,954.0217895507812,29.322967529296875
5.2734375,954.0062866210938,29.327377319335938
5.2890625,954.0377197265625,29.3314208984375
5.3046875,954.0452880859375,29.338409423828125
5.3203125,954.0662841796875,29.340240478515625
5.3359375,953.99365234375,29.34832763671875
5.3515625,954.0697631835938,29.35126495361328
5.3671875,954.0263671875,29.358978271484375
5.3828125,954.0271606445312,29.365966796875
5.3984375,954.0200805664062,29.365966796875
5.4140625,954.0720825195312,29.38066864013672
5.4296875,954.0592041015625,29.386184692382812
5.4453125,954.0352172851562,29.406387329101562
5.4609375,954.0455932617188,29.413375854492188
5.4765625,954.1192016601562,29.41851043701172
5.4921875,954.1483154296875,29.443511962890625
5.5078125,954.1024169921875,29.461151123046875
5.5234375,954.0988159179688,29.47473907470703
5.5390625,954.08935546875,29.496055603027344
5.5546875,954.0974731445312,29.49053955078125
5.5703125,954.0939331054688,29.52765655517578
5.5859375,954.1387939453125,29.546768188476562
5.6015625,954.1336669921875,29.55779266357422
5.6171875,954.0863037109375,29.57469940185547
5.6328125,954.1668701171875,29.591598510742188
5.6484375,954.0413208007812,29.59637451171875
5.6640625,954.0196533203125,29.61438751220703
5.6796875,954.052490234375,29.640106201171875
5.6953125,954.0687866210938,29.658485412597656
5.7109375,954.1369018554688,29.68384552001953
5.7265625,954.0719604492188,29.680892944335938
5.7421875,954.0830078125,29.710304260253906
5.7578125,954.0482788085938,29.73601531982422
5.7734375,954.0740966796875,29.74999237060547
5.7890625,954.0581665039062,29.77570343017578
5.8046875,954.071533203125,29.797027587890625
5.8203125,954.0216674804688,29.817596435546875
5.8359375,954.0578002929688,29.85948944091797
5.8515625,954.0260009765625,29.85692596435547
5.8671875,954.035888671875,29.873825073242188
5.8828125,954.0346069335938,29.899551391601562
5.8984375,954.0987548828125,29.91057586669922
5.9140625,954.0042114257812,29.935928344726562
5.9296875,954.0210571289062,29.94402313232422
5.9453125,954.0750732421875,29.969009399414062
5.9609375,954.0626220703125,29.978927612304688
5.9765625,954.0689697265625,30.0020751953125
5.9921875,954.0706787109375,30.025962829589844
6.0078125,954.1016235351562,30.048011779785156
6.0234375,954.0955200195312,30.05426788330078
6.0390625,954.0118408203125,30.074844360351562
6.0546875,954.027099609375,30.097991943359375
6.0703125,954.0532836914062,30.101669311523438
6.0859375,954.0852661132812,30.12445068359375
6.1015625,954.0321044921875,30.144668579101562
6.1171875,954.0866088867188,30.16010284423828
6.1328125,954.0259399414062,30.188018798828125
6.1484375,954.0747680664062,30.187660217285156
6.1640625,954.081298828125,30.21044158935547
6.1796875,954.0567016601562,30.21485137939453
6.1953125,954.071533203125,30.226608276367188
6.2109375,954.0726318359375,30.249755859375
6.2265625,954.0707397460938,30.255645751953125
6.2421875,954.0294189453125,30.258949279785156
6.2578125,953.9921875,30.261154174804688
6.2734375,954.0604248046875,30.290191650390625
6.2890625,953.9910888671875,30.2850341796875
6.3046875,954.0263671875,30.315902709960938
6.3203125,954.1018676757812,30.328033447265625
6.3359375,954.0731201171875,30.33538818359375
6.3515625,954.0673217773438,30.344207763671875
6.3671875,954.0472412109375,30.358543395996094
6.3828125,954.0265502929688,30.37139892578125
6.3984375,954.0595092773438,30.375808715820312
6.4140625,954.0449829101562,30.381317138671875
6.4296875,953.976318359375,30.383155822753906
6.4453125,954.0654296875,30.39124298095703
6.4609375,954.0142822265625,30.409988403320312
6.4765625,954.022705078125,30.419906616210938
6.4921875,953.9896850585938,30.436813354492188
6.5078125,954.0289916992188,30.436813354492188
6.5234375,953.9691772460938,30.453712463378906
6.5390625,954.0431518554688,30.453712463378906
6.5546875,954.0001220703125,30.466583251953125
6.5703125,953.9942626953125,30.481643676757812
6.5859375,953.9921875,30.489364624023438
6.6015625,953.977294921875,30.491195678710938
6.6171875,953.9751586914062,30.51177978515625
6.6328125,953.9766845703125,30.506629943847656
6.6484375,953.9796752929688,30.520957946777344
6.6640625,953.9500732421875,30.531982421875
6.6796875,953.9678955078125,30.531982421875
6.6953125,953.9666748046875,30.5301513671875
6.7109375,953.9610595703125,30.537872314453125
6.7265625,953.9732666015625,30.54888916015625
6.7421875,953.9515991210938,30.536392211914062
6.7578125,953.9503784179688,30.538238525390625
6.7734375,953.960693359375,30.55182647705078
6.7890625,953.944091796875,30.54888916015625
6.8046875,953.9515991210938,30.536392211914062
6.8203125,953.9503784179688,30.531982421875
6.8359375,953.9570922851562,30.525741577148438
6.8515625,953.9492797851562,30.521705627441406
6.8671875,953.9560546875,30.51030731201172
6.8828125,953.9548950195312,30.506629943847656
6.8984375,953.95458984375,30.51068115234375
6.9140625,953.964599609375,30.49707794189453
6.9296875,953.9476318359375,30.47833251953125
6.9453125,953.9517822265625,30.489364624023438
6.9609375,953.9468383789062,30.483474731445312
6.9765625,953.9678955078125,30.47723388671875
6.9921875,953.9515991210938,30.448570251464844
7.0078125,953.9613647460938,30.44268798828125
7.0234375,953.9536743164062,30.419906616210938
7.0390625,953.9615478515625,30.420639038085938
7.0546875,953.943115234375,30.415122985839844
7.0703125,953.9556274414062,30.385360717773438
7.0859375,953.9669799804688,30.382797241210938
7.1015625,953.9506225585938,30.364051818847656
7.1171875,953.9553833007812,30.357437133789062
7.1328125,953.9576416015625,30.350448608398438
7.1484375,953.9688720703125,30.330978393554688
7.1640625,953.9640502929688,30.319580078125
7.1796875,953.9659423828125,30.312973022460938
7.1953125,953.962890625,30.2850341796875
7.2109375,953.950439453125,30.258216857910156
7.2265625,953.9568481445312,30.24571990966797
7.2421875,953.9376220703125,30.253807067871094
7.2578125,953.9473876953125,30.22955322265625
7.2734375,953.9551391601562,30.217056274414062
7.2890625,953.9384155273438,30.19610595703125
7.3046875,953.9417114257812,30.186920166015625
7.3203125,953.9545288085938,30.16266632080078
7.3359375,953.9347534179688,30.155319213867188
7.3515625,953.9334106445312,30.137306213378906
7.3671875,953.9395141601562,30.116363525390625
7.3828125,953.9588012695312,30.10387420654297
7.3984375,953.9517211914062,30.081825256347656
7.4140625,953.951904296875,30.067855834960938
7.4296875,953.9385986328125,30.060508728027344
7.4453125,953.9371948242188,30.028533935546875
7.4609375,953.9352416992188,30.01751708984375
7.4765625,953.9503173828125,29.991783142089844
7.4921875,953.9345703125,29.988121032714844
7.5078125,953.9258422851562,29.974891662597656
7.5234375,953.92578125,29.972312927246094
7.5390625,953.9434204101562,29.98113250732422
7.5546875,953.9310913085938,29.94843292236328
7.5703125,953.9411010742188,29.944381713867188
7.5859375,953.9389038085938,29.935928344726562
7.6015625,953.9458618164062,29.926010131835938
7.6171875,953.9370727539062,29.91315460205078
7.6328125,953.936279296875,29.910202026367188
7.6484375,953.9359741210938,29.902488708496094
7.6640625,953.922607421875,29.902862548828125
7.6796875,953.9288330078125,29.890731811523438
7.6953125,953.9220581054688,29.884490966796875
7.7109375,953.9323120117188,29.87640380859375
7.7265625,953.9428100585938,29.87933349609375
7.7421875,953.9420166015625,29.882644653320312
7.7578125,953.9237060546875,29.874923706054688
7.7734375,953.9295654296875,29.85948944091797
7.7890625,953.9183959960938,29.8580322265625
7.8046875,953.9308471679688,29.851417541503906
7.8203125,953.9361572265625,29.84222412109375
7.8359375,953.9292602539062,29.82862091064453
7.8515625,953.9321899414062,29.82421112060547
7.8671875,953.9263305664062,29.813186645507812
7.8828125,953.9395751953125,29.82678985595703
7.8984375,953.9493408203125,29.813186645507812
7.9140625,953.9336547851562,29.815391540527344
7.9296875,953.9260864257812,29.799224853515625
7.9453125,953.9190673828125,29.795188903808594
7.9609375,953.9240112304688,29.78968048095703
7.9765625,953.9312133789062,29.78893280029297
7.9921875,953.9174194335938,29.7882080078125
8.0078125,953.9341430664062,29.79334259033203
8.0234375,953.931640625,29.781959533691406
8.0390625,953.9263916015625,29.781219482421875
8.0546875,953.930419921875,29.774246215820312
8.0703125,953.9297485351562,29.750717163085938
8.0859375,953.9303588867188,29.746681213378906
8.1015625,953.9288330078125,29.741531372070312
8.1171875,953.9282836914062,29.73712158203125
8.1328125,953.9320678710938,29.73565673828125
8.1484375,953.918701171875,29.73565673828125
8.1640625,953.9319458007812,29.728668212890625
8.1796875,953.9210205078125,29.7169189453125
8.1953125,953.9227905273438,29.71875
8.2109375,953.9230346679688,29.705894470214844
8.2265625,953.9259033203125,29.689353942871094
8.2421875,953.9368286132812,29.709556579589844
8.2578125,953.919189453125,29.688613891601562
8.2734375,953.9271850585938,29.694122314453125
8.2890625,953.9301147460938,29.692291259765625
8.3046875,953.9244995117188,29.694122314453125
8.3203125,953.9360961914062,29.694122314453125
8.3359375,953.9246826171875,29.694122314453125
8.3515625,953.9246826171875,29.695968627929688
8.3671875,953.9345703125,29.695968627929688
8.3828125,953.9364013671875,29.678329467773438
8.3984375,953.9357299804688,29.661048889160156
8.4140625,953.9112548828125,29.673179626464844
8.4296875,953.93701171875,29.66656494140625
8.4453125,953.9292602539062,29.643409729003906
8.4609375,953.9125366210938,29.654075622558594
8.4765625,953.9046630859375,29.6463623046875
8.4921875,953.9140625,29.65222930908203
8.5078125,953.907470703125,29.64781951904297
8.5234375,953.9201049804688,29.641952514648438
8.5390625,953.925537109375,29.640106201171875
8.5546875,953.9307861328125,29.638999938964844
8.5703125,953.9192504882812,29.641952514648438
8.5859375,953.9261474609375,29.63128662109375
8.6015625,953.9215698242188,29.643783569335938
8.6171875,953.9197387695312,29.62834930419922
8.6328125,953.9200439453125,29.63092803955078
8.6484375,953.9400634765625,29.624671936035156
8.6640625,953.9322509765625,29.616226196289062
8.6796875,953.921142578125,29.625045776367188
8.6953125,953.975830078125,29.618423461914062
8.7109375,953.9818725585938,29.620262145996094
8.7265625,953.9490966796875,29.62651824951172
8.7421875,953.9826049804688,29.634963989257812
8.7578125,953.9331665039062,29.61585235595703
8.7734375,953.9821166992188,29.634963989257812
8.7890625,953.9547729492188,29.62908172607422
8.8046875,953.9356689453125,29.643409729003906
8.8203125,953.9627685546875,29.6463623046875
8.8359375,954.0054321289062,29.66400146484375
8.8515625,953.9839477539062,29.672821044921875
8.8671875,954.0081176757812,29.695968627929688
8.8828125,953.9638061523438,29.693389892578125
8.8984375,954.0167846679688,29.695968627929688
8.9140625,954.0296020507812,29.705520629882812
8.9296875,954.0256958007812,29.7169189453125
8.9453125,954.0089111328125,29.729774475097656
8.9609375,953.9772338867188,29.733810424804688
8.9765625,954.0134887695312,29.744476318359375
8.9921875,954.00146484375,29.761016845703125
9.0078125,953.9893798828125,29.777549743652344
9.0234375,954.0675048828125,29.80804443359375
9.0390625,953.9785766601562,29.82421112060547
9.0546875,954.0386352539062,29.845535278320312
9.0703125,954.0784301757812,29.84369659423828
9.0859375,953.9976196289062,29.870887756347656
9.1015625,953.9811401367188,29.8951416015625
9.1171875,954.0455932617188,29.888526916503906
9.1328125,954.0319213867188,29.920127868652344
9.1484375,954.0308227539062,29.943275451660156
9.1640625,954.0899047851562,29.958351135253906
9.1796875,954.0405883789062,29.98150634765625
9.1953125,954.0728759765625,29.98296356201172
9.2109375,954.028076171875,30.023399353027344
9.2265625,953.9962768554688,30.042495727539062
9.2421875,954.0065307617188,30.05609893798828
9.2578125,953.9965209960938,30.0726318359375
9.2734375,954.0299072265625,30.096519470214844
9.2890625,953.96044921875,30.116004943847656
9.3046875,954.015625,30.12445068359375
9.3203125,954.010498046875,30.148330688476562
9.3359375,954.0415649414062,30.170753479003906
9.3515625,954.0689086914062,30.188392639160156
9.3671875,954.0042724609375,30.191696166992188
9.3828125,953.9956665039062,30.217056274414062
9.3984375,954.0034790039062,30.238006591796875
9.4140625,954.0534057617188,30.25012969970703
9.4296875,953.9559936523438,30.269973754882812
9.4453125,954.0464477539062,30.2850341796875
9.4609375,954.0641479492188,30.322158813476562
9.4765625,954.0880126953125,30.328033447265625
9.4921875,954.0181274414062,30.33391571044922
9.5078125,953.952392578125,30.360000610351562
9.5234375,953.98193359375,30.36956787109375
9.5390625,954.0277099609375,30.380218505859375
9.5546875,954.0155029296875,30.398956298828125
9.5703125,953.9946899414062,30.419906616210938
9.5859375,954.0427856445312,30.4224853515625
9.6015625,954.0071411132812,30.450401306152344
9.6171875,953.9920043945312,30.471351623535156
9.6328125,953.9827270507812,30.4967041015625
9.6484375,954.0193481445312,30.499282836914062
9.6640625,953.9951171875,30.515090942382812
9.6796875,953.9732666015625,30.536766052246094
9.6953125,954.0005493164062,30.535293579101562
9.7109375,953.9771728515625,30.576828002929688
9.7265625,953.9364624023438,30.577926635742188
9.7421875,953.9556274414062,30.58233642578125
9.7578125,953.9860229492188,30.613563537597656
9.7734375,953.95263671875,30.63636016845703
9.7890625,953.953125,30.64002227783203
9.8046875,954.0006713867188,30.65656280517578
9.8203125,954.0028686523438,30.667953491210938
9.8359375,954.0016479492188,30.6712646484375
9.8515625,953.9417114257812,30.702865600585938
9.8671875,954.0177001953125,30.694046020507812
9.8828125,954.0609741210938,30.718299865722656
9.8984375,953.9684448242188,30.734474182128906
9.9140625,953.9705810546875,30.750640869140625
9.9296875,953.9716796875,30.754318237304688
9.9453125,953.9708251953125,30.783340454101562
9.9609375,954.01904296875,30.79364013671875
9.9765625,954.00341796875,30.800247192382812
9.9921875,953.9616088867188,30.817886352539062
10.0078125,954.0010986328125,30.83039093017578
10.0234375,953.9663696289062,30.842872619628906
10.0390625,953.980224609375,30.853897094726562
10.0546875,953.959716796875,30.86382293701172
10.0703125,953.9607543945312,30.876693725585938
10.0859375,953.9768676757812,30.88587188720703
10.1015625,953.9635009765625,30.89653778076172
10.1171875,954.0094604492188,30.906814575195312
10.1328125,953.9405517578125,30.91417694091797
10.1484375,953.9442138671875,30.909393310546875
10.1640625,953.919189453125,30.93437957763672
10.1796875,953.9749145507812,30.93695068359375
10.1953125,953.951904296875,30.929611206054688
10.2109375,953.942138671875,30.931442260742188
10.2265625,953.95849609375,30.93768310546875
10.2421875,953.9334106445312,30.95386505126953
10.2578125,953.9535522460938,30.963043212890625
10.2734375,953.9281616210938,30.97113037109375
10.2890625,953.963623046875,30.978851318359375
10.3046875,953.9476928710938,30.97333526611328
10.3203125,953.9864501953125,30.976638793945312
10.3359375,953.937255859375,30.993179321289062
10.3515625,953.9712524414062,30.9906005859375
10.3671875,953.9489135742188,30.993911743164062
10.3828125,953.9425659179688,30.996856689453125
10.3984375,953.9440307617188,31.00237274169922
10.4140625,953.9559936523438,31.013755798339844
10.4296875,953.9253540039062,31.00237274169922
10.4453125,953.9385986328125,31.00823974609375
10.4609375,953.9422607421875,31.010086059570312
10.4765625,953.959716796875,31.011192321777344
10.4921875,953.950927734375,31.017433166503906
10.5078125,953.9532470703125,31.009719848632812
10.5234375,953.95849609375,31.00714111328125
10.5390625,953.9593505859375,31.00823974609375
10.5546875,953.9470825195312,31.015228271484375
10.5703125,953.9327392578125,31.00640869140625
10.5859375,953.9490966796875,31.010086059570312
10.6015625,953.92919921875,31.00823974609375
10.6171875,953.9266357421875,31.003829956054688
10.6328125,953.93701171875,31.00420379638672
10.6484375,953.9495849609375,30.999420166015625
10.6640625,953.9365234375,30.992080688476562
10.6796875,953.9578857421875,30.979576110839844
10.6953125,953.9470825195312,30.975540161132812
10.7109375,953.9479370117188,30.979949951171875
10.7265625,953.9632568359375,30.976638793945312
10.7421875,953.9420166015625,30.95752716064453
10.7578125,953.9371948242188,30.94945526123047
10.7734375,953.9536743164062,30.957168579101562
10.7890625,953.9609985351562,30.93695068359375
10.8046875,953.9578857421875,30.928863525390625
10.8203125,953.9420776367188,30.914535522460938
10.8359375,953.9412841796875,30.911598205566406
10.8515625,953.9462890625,30.893959045410156
10.8671875,953.9559936523438,30.88587188720703
10.8828125,953.9378662109375,30.874114990234375
10.8984375,953.9540405273438,30.858680725097656
10.9140625,953.9673461914062,30.853538513183594
10.9296875,953.9669189453125,30.839935302734375
10.9453125,953.9583129882812,30.82781219482422
10.9609375,953.9411010742188,30.81531524658203
10.9765625,953.9601440429688,30.803932189941406
10.9921875,953.966796875,30.789230346679688
11.0078125,953.9534301757812,30.764968872070312
11.0234375,953.9509887695312,30.750640869140625
11.0390625,953.9644165039062,30.74402618408203
11.0546875,953.9559936523438,30.72124481201172
11.0703125,953.9471435546875,30.70433807373047
11.0859375,953.9598388671875,30.685226440429688
11.1015625,953.9651489257812,30.683021545410156
11.1171875,953.9649047851562,30.656204223632812
11.1328125,953.9622192382812,30.642974853515625
11.1484375,953.9537353515625,30.61761474609375
11.1640625,953.9482421875,30.592620849609375
11.1796875,953.94873046875,30.58344268798828
11.1953125,953.955078125,30.568008422851562
11.2109375,953.9474487304688,30.54705810546875
11.2265625,953.9783325195312,30.541175842285156
11.2421875,953.9508666992188,30.521331787109375
11.2578125,953.9559936523438,30.515090942382812
11.2734375,953.9553833007812,30.490463256835938
11.2890625,953.9666748046875,30.47723388671875
11.3046875,953.9588623046875,30.463272094726562
11.3203125,953.9639892578125,30.438644409179688
11.3359375,953.9556884765625,30.401535034179688
11.3515625,953.9548950195312,30.402267456054688
11.3671875,953.9669189453125,30.39051055908203
11.3828125,953.946044921875,30.373977661132812
11.3984375,953.9658203125,30.37139892578125
11.4140625,953.96630859375,30.365516662597656
11.4296875,953.9501953125,30.357437133789062
11.4453125,953.9493408203125,30.35669708251953
11.4609375,953.9677124023438,30.35302734375
11.4765625,953.95068359375,30.344207763671875
11.4921875,953.94921875,30.331336975097656
11.5078125,953.94140625,30.323989868164062
11.5234375,953.9549560546875,30.3177490234375
11.5390625,953.9651489257812,30.32068634033203
11.5546875,953.9559326171875,30.312240600585938
11.5703125,953.964599609375,30.292022705078125
11.5859375,953.9453125,30.295700073242188
11.6015625,953.9581298828125,30.288711547851562
11.6171875,953.9580078125,30.269241333007812
11.6328125,953.9554443359375,30.26556396484375
11.6484375,953.96044921875,30.28357696533203
11.6640625,953.9366455078125,30.258216857910156
11.6796875,953.955078125,30.259681701660156
11.6953125,953.9660034179688,30.256370544433594
11.7109375,953.9423217773438,30.25012969970703
11.7265625,953.938720703125,30.25196075439453
11.7421875,953.9400634765625,30.24829864501953
11.7578125,953.9468383789062,30.243141174316406
11.7734375,953.9625854492188,30.233596801757812
11.7890625,953.9490356445312,30.236167907714844
11.8046875,953.9468383789062,30.219261169433594
11.8203125,953.9278564453125,30.233596801757812
11.8359375,953.938232421875,30.215225219726562
11.8515625,953.959716796875,30.21411895751953
11.8671875,953.9392700195312,30.222564697265625
11.8828125,953.9389038085938,30.217788696289062
11.8984375,953.935546875,30.207138061523438
11.9140625,953.9290161132812,30.198318481445312
11.9296875,953.9359741210938,30.200889587402344
11.9453125,953.9362182617188,30.205299377441406
11.9609375,953.9563598632812,30.19573974609375
11.9765625,953.9415893554688,30.206764221191406
11.9921875,953.9428100585938,30.20861053466797
12.0078125,953.932861328125,30.190223693847656
12.0234375,953.9476318359375,30.186561584472656
12.0390625,953.9473266601562,30.200889587402344
12.0546875,953.9481811523438,30.185813903808594
12.0703125,953.935302734375,30.19683837890625
12.0859375,953.9244384765625,30.204925537109375
12.1015625,953.9551391601562,30.1781005859375
12.1171875,953.9417724609375,30.187660217285156
12.1328125,953.942626953125,30.17516326904297
12.1484375,953.9461669921875,30.17443084716797
12.1640625,953.946044921875,30.171859741210938
12.1796875,953.9381103515625,30.170021057128906
12.1953125,953.9641723632812,30.157150268554688
12.2109375,953.9359741210938,30.164138793945312
12.2265625,953.9510498046875,30.16046142578125
12.2421875,953.9692993164062,30.148330688476562
12.2578125,953.9429321289062,30.136207580566406
12.2734375,953.9501342773438,30.12335205078125
12.2890625,953.952392578125,30.109390258789062
12.3046875,953.9378662109375,30.096519470214844
12.3203125,953.9228515625,30.081825256347656
12.3359375,953.9422607421875,30.076316833496094
12.3515625,953.9627075195312,30.05536651611328
12.3671875,953.9318237304688,30.05572509765625
12.3828125,953.9188232421875,30.048385620117188
12.3984375,953.9712524414062,30.051315307617188
12.4140625,953.9805297851562,30.048385620117188
12.4296875,953.9551391601562,30.03919219970703
12.4453125,953.9446411132812,30.031471252441406
12.4609375,953.9887084960938,30.031471252441406
12.4765625,953.9331665039062,30.037353515625
12.4921875,953.97021484375,30.022293090820312
12.5078125,953.9430541992188,30.027809143066406
12.5234375,953.9691772460938,30.03221893310547
12.5390625,953.9361572265625,30.0355224609375
12.5546875,954.0166015625,30.043243408203125
12.5703125,953.9492797851562,30.03919219970703
12.5859375,953.9966430664062,30.041763305664062
12.6015625,953.9622192382812,30.03845977783203
12.6171875,953.9947509765625,30.044342041015625
12.6328125,953.9523315429688,30.048751831054688
12.6484375,954.0029296875,30.05426788330078
12.6640625,953.972412109375,30.058677673339844
12.6796875,953.9585571289062,30.067855834960938
12.6953125,954.0293579101562,30.0704345703125
12.7109375,953.9644165039062,30.081825256347656
12.7265625,953.9775390625,30.09137725830078
12.7421875,953.987548828125,30.08954620361328
12.7578125,953.9610595703125,30.1075439453125
12.7734375,953.9436645507812,30.119308471679688
12.7890625,953.9537963867188,30.136207580566406
12.8046875,953.9524536132812,30.13988494873047
12.8203125,953.9833374023438,30.15752410888672
12.8359375,953.970703125,30.167816162109375
12.8515625,953.9508666992188,30.1781005859375
12.8671875,954.0200805664062,30.187660217285156
12.8828125,954.0125732421875,30.21044158935547
12.8984375,954.01904296875,30.210067749023438
12.9140625,953.9926147460938,30.226974487304688
12.9296875,953.9512939453125,30.238731384277344
12.9453125,953.9786987304688,30.251235961914062
12.9609375,953.9872436523438,30.272552490234375
12.9765625,954.0126342773438,30.290191650390625
12.9921875,953.9451293945312,30.307456970214844
13.0078125,954.028076171875,30.328033447265625
13.0234375,953.9774780273438,30.34972381591797
13.0390625,953.9981079101562,30.359642028808594
13.0546875,953.9716796875,30.378013610839844
13.0703125,953.9801635742188,30.379119873046875
13.0859375,953.972412109375,30.38720703125
13.1015625,953.982177734375,30.419174194335938
13.1171875,953.9679565429688,30.419906616210938
13.1328125,953.989013671875,30.450775146484375
13.1484375,953.96875,30.465835571289062
13.1640625,953.9619140625,30.45812225341797
13.1796875,953.9832763671875,30.49193572998047
13.1953125,953.9740600585938,30.49560546875
13.2109375,954.009033203125,30.506629943847656
13.2265625,953.9468383789062,30.517654418945312
13.2421875,954.0004272460938,30.534561157226562
13.2578125,953.9429321289062,30.54888916015625
13.2734375,954.0017700195312,30.554405212402344
13.2890625,953.9347534179688,30.58489990234375
13.3046875,953.9850463867188,30.58380126953125
13.3203125,953.9652099609375,30.59850311279297
13.3359375,953.9833984375,30.61431121826172
13.3515625,953.955078125,30.61834716796875
13.3671875,953.9872436523438,30.640396118164062
13.3828125,953.9810180664062,30.644805908203125
13.3984375,953.9741821289062,30.667587280273438
13.4140625,953.991455078125,30.678985595703125
13.4296875,954.0146484375,30.694412231445312
13.4453125,954.0078735351562,30.71057891845703
13.4609375,953.9891967773438,30.716835021972656
13.4765625,954.0065307617188,30.726760864257812
13.4921875,953.9805908203125,30.744400024414062
13.5078125,953.9895629882812,30.75872802734375
13.5234375,954.0131225585938,30.763137817382812
13.5390625,953.9669189453125,30.783340454101562
13.5546875,953.9921875,30.77857208251953
13.5703125,954.00732421875,30.80834197998047
13.5859375,953.9701538085938,30.821571350097656
13.6015625,953.9744873046875,30.840667724609375
13.6171875,953.974609375,30.835899353027344
13.6328125,953.9651489257812,30.856475830078125
13.6484375,954.0137939453125,30.874114990234375
13.6640625,953.9719848632812,30.8822021484375
13.6796875,954.0020141601562,30.903152465820312
13.6953125,953.9790649414062,30.911598205566406
13.7109375,954.0431518554688,30.926658630371094
13.7265625,953.9962158203125,30.93402099609375
13.7421875,954.00537109375,30.945404052734375
13.7578125,954.0040283203125,30.943939208984375
13.7734375,954.0433959960938,30.96709442138672
13.7890625,954.0003051757812,30.975540161132812
13.8046875,953.9939575195312,30.989501953125
13.8203125,953.9797973632812,30.999420166015625
13.8359375,954.0118408203125,31.020370483398438
13.8515625,953.9464111328125,31.015228271484375
13.8671875,953.9536743164062,31.030288696289062
13.8828125,954.0161743164062,31.04131317138672
13.8984375,954.0302734375,31.052337646484375
13.9140625,954.034423828125,31.064834594726562
13.9296875,953.9806518554688,31.088363647460938
13.9453125,953.9872436523438,31.07769775390625
13.9609375,954.0010986328125,31.11224365234375
13.9765625,953.9393310546875,31.109664916992188
13.9921875,953.9844970703125,31.130615234375
14.0078125,953.9627075195312,31.14642333984375
14.0234375,953.9797973632812,31.132461547851562
14.0390625,953.96044921875,31.150100708007812
14.0546875,953.9640502929688,31.14569091796875
14.0703125,953.995849609375,31.16736602783203
14.0859375,953.9609375,31.172882080078125
14.1015625,953.991455078125,31.186477661132812
14.1171875,954.01904296875,31.204116821289062
14.1328125,953.986083984375,31.221755981445312
14.1484375,953.978271484375,31.225425720214844
14.1640625,953.9553833007812,31.22101593017578
14.1796875,953.9884033203125,31.23534393310547
14.1953125,953.9515380859375,31.247848510742188
14.2109375,953.9898071289062,31.259597778320312
14.2265625,953.9701538085938,31.260345458984375
14.2421875,953.95703125,31.268417358398438
14.2578125,953.9852905273438,31.264381408691406
14.2734375,953.9694213867188,31.281646728515625
14.2890625,953.9805908203125,31.279083251953125
14.3046875,953.9529418945312,31.282394409179688
14.3203125,953.9694213867188,31.294876098632812
14.3359375,953.9545288085938,31.298927307128906
14.3515625,953.9470825195312,31.30223846435547
14.3671875,953.9539794921875,31.316925048828125
14.3828125,953.9555053710938,31.310684204101562
14.3984375,953.968017578125,31.311416625976562
14.4140625,953.9561767578125,31.313621520996094
14.4296875,953.94677734375,31.298927307128906
14.4453125,953.9470825195312,31.318405151367188
14.4609375,953.9341430664062,31.316925048828125
14.4765625,953.9459228515625,31.30774688720703
14.4921875,953.9443359375,31.3062744140625
14.5078125,953.9442749023438,31.311416625976562
14.5234375,953.9483642578125,31.298927307128906
14.5390625,953.9668579101562,31.307373046875
14.5546875,953.9461669921875,31.283493041992188
14.5703125,953.9390258789062,31.279083251953125
14.5859375,953.9546508789062,31.270263671875
14.6015625,953.9490356445312,31.259597778320312
14.6171875,953.945068359375,31.247848510742188
14.6328125,953.9420776367188,31.2357177734375
14.6484375,953.950439453125,31.2364501953125
14.6640625,953.9505004882812,31.228370666503906
14.6796875,953.9497680664062,31.214767456054688
14.6953125,953.9495239257812,31.1986083984375
14.7109375,953.9580078125,31.18132781982422
14.7265625,953.9390258789062,31.193092346191406
14.7421875,953.956298828125,31.155242919921875
14.7578125,953.9412231445312,31.141639709472656
14.7734375,953.9398803710938,31.136123657226562
14.7890625,953.9495239257812,31.138328552246094
14.8046875,953.950927734375,31.134666442871094
14.8203125,953.9487915039062,31.119964599609375
14.8359375,953.9448852539062,31.090927124023438
14.8515625,953.934814453125,31.085784912109375
14.8671875,953.9498901367188,31.088363647460938
14.8828125,953.9453735351562,31.068519592285156
14.8984375,953.951171875,31.049407958984375
14.9140625,953.9576416015625,31.04206085205078
14.9296875,953.95263671875,31.02184295654297
14.9453125,953.951904296875,31.027725219726562
14.9609375,953.9489135742188,31.014854431152344
14.9765625,953.965576171875,31.014495849609375
14.9921875,953.9506225585938,30.996490478515625
15.0078125,953.9583129882812,30.979576110839844
15.0234375,953.9393310546875,30.967819213867188
15.0390625,953.9554443359375,30.958999633789062
15.0546875,953.9611206054688,30.949081420898438
15.0703125,953.9559936523438,30.93511962890625
15.0859375,953.9540405273438,30.931442260742188
15.1015625,953.9453735351562,30.93437957763672
15.1171875,953.958740234375,30.913429260253906
15.1328125,953.9376220703125,30.906814575195312
15.1484375,953.9572143554688,30.889175415039062
15.1640625,953.9524536132812,30.872283935546875
15.1796875,953.9484252929688,30.84912872314453
15.1953125,953.9515380859375,30.83405303955078
15.2109375,953.9620361328125,30.80834197998047
15.2265625,953.9552001953125,30.805389404296875
15.2421875,953.9549560546875,30.802085876464844
15.2578125,953.969482421875,30.780410766601562
15.2734375,953.9674072265625,30.771957397460938
15.2890625,953.958740234375,30.763137817382812
15.3046875,953.9508666992188,30.754318237304688
15.3203125,953.96484375,30.763870239257812
15.3359375,953.9729614257812,30.738143920898438
15.3515625,953.9554443359375,30.735580444335938
15.3671875,953.9599609375,30.731529235839844
15.3828125,953.9547729492188,30.714263916015625
15.3984375,953.953125,30.717193603515625
15.4140625,953.9683227539062,30.712425231933594
15.4296875,953.960693359375,30.698455810546875
15.4453125,953.9664916992188,30.705810546875
15.4609375,953.9743041992188,30.69000244140625
15.4765625,953.965576171875,30.69073486328125
15.4921875,953.9579467773438,30.680084228515625
15.5078125,953.9635009765625,30.6705322265625
15.5234375,953.9534912109375,30.670166015625
15.5390625,953.94873046875,30.667587280273438
15.5546875,953.9634399414062,30.661346435546875
15.5703125,953.9627685546875,30.658035278320312
15.5859375,953.9624633789062,30.644073486328125
15.6015625,953.9537963867188,30.63745880126953
15.6171875,953.9603881835938,30.630477905273438
15.6328125,953.9668579101562,30.6370849609375
15.6484375,953.9603881835938,30.630104064941406
15.6640625,953.9668579101562,30.623130798339844
15.6796875,953.9661254882812,30.607322692871094
15.6953125,953.9771118164062,30.59850311279297
15.7109375,953.9762573242188,30.59850311279297
15.7265625,953.9762573242188,30.58086395263672
15.7421875,953.9559936523438,30.593719482421875
15.7578125,953.9733276367188,30.593360900878906
15.7734375,953.9584350585938,30.587478637695312
15.7890625,953.9554443359375,30.573516845703125
15.8046875,953.9768676757812,30.56580352783203
15.8203125,953.9635009765625,30.561752319335938
15.8359375,953.9498291015625,30.54741668701172
15.8515625,953.9616088867188,30.555877685546875
15.8671875,953.9534912109375,30.554405212402344
15.8828125,953.9718627929688,30.527572631835938
15.8984375,953.9620971679688,30.539344787597656
15.9140625,953.9679565429688,30.531982421875
15.9296875,953.9559326171875,30.517654418945312
15.9453125,953.9676513671875,30.51103973388672
15.9609375,953.9789428710938,30.519500732421875
15.9765625,954.0018310546875,30.51288604736328
15.9921875,954.0173950195312,30.504791259765625
16.0078125,954.0022583007812,30.484954833984375
16.0234375,953.9943237304688,30.486427307128906
16.0390625,954.0200805664062,30.472824096679688
16.0546875,953.9913330078125,30.465103149414062
16.0703125,954.0592041015625,30.45996856689453
16.0859375,954.1275024414062,30.447463989257812
16.1015625,954.1028442382812,30.434967041015625
16.1171875,954.0933227539062,30.42652130126953
16.1328125,954.0530395507812,30.419906616210938
16.1484375,954.0667114257812,30.395278930664062
16.1640625,954.0809936523438,30.382049560546875
16.1796875,954.0587768554688,30.364051818847656
16.1953125,954.0891723632812,30.364051818847656
16.2109375,954.080810546875,30.35596466064453
16.2265625,954.1236572265625,30.362205505371094
16.2421875,954.1786499023438,30.366256713867188
16.2578125,954.1133422851562,30.348251342773438
16.2734375,954.1683349609375,30.366615295410156
16.2890625,954.1199951171875,30.349349975585938
16.3046875,954.1571044921875,30.35413360595703
16.3203125,954.1480102539062,30.3548583984375
16.3359375,954.173828125,30.37213134765625
16.3515625,954.2626953125,30.366989135742188
16.3671875,954.0590209960938,30.362579345703125
16.3828125,954.0270385742188,30.374710083007812
16.3984375,954.2103881835938,30.37543487548828
16.4140625,954.234375,30.382797241210938
16.4296875,954.1531982421875,30.394920349121094
16.4453125,954.1412963867188,30.40484619140625
16.4609375,954.1996459960938,30.415122985839844
16.4765625,954.1552124023438,30.402999877929688
16.4921875,954.1821899414062,30.4224853515625
16.5078125,954.2372436523438,30.42578887939453
16.5234375,954.272216796875,30.45738983154297
16.5390625,954.3280029296875,30.451873779296875
16.5546875,954.2987060546875,30.474655151367188
16.5703125,954.3021850585938,30.47870635986328
16.5859375,954.2470703125,30.506271362304688
16.6015625,954.183349609375,30.5301513671875
16.6171875,954.1505126953125,30.54779052734375
16.6328125,954.3046875,30.54705810546875
16.6484375,954.2639770507812,30.577926635742188
16.6640625,954.3225708007812,30.597396850585938
16.6796875,954.32568359375,30.61431121826172
16.6953125,954.2993774414062,30.6378173828125
16.7109375,954.2938232421875,30.667587280273438
16.7265625,954.2377319335938,30.678985595703125
16.7421875,954.2716674804688,30.700302124023438
16.7578125,954.2361450195312,30.72344970703125
16.7734375,954.26708984375,30.748062133789062
16.7890625,954.243896484375,30.768280029296875
16.8046875,954.2715454101562,30.7760009765625
16.8203125,954.2932739257812,30.802085876464844
16.8359375,954.2838745117188,30.83184814453125
16.8515625,954.2886352539062,30.834800720214844
16.8671875,954.1993408203125,30.853897094726562
16.8828125,954.2394409179688,30.868606567382812
16.8984375,954.3221435546875,30.891021728515625
16.9140625,954.3189697265625,30.913070678710938
16.9296875,954.345703125,30.914901733398438
16.9453125,954.2496948242188,30.93768310546875
16.9609375,954.3170776367188,30.946144104003906
16.9765625,954.3071899414062,30.975540161132812
16.9921875,954.3321533203125,30.992080688476562
17.0078125,954.3265991210938,31.00347137451172
17.0234375,954.3868408203125,31.011192321777344
17.0390625,954.3350830078125,31.030288696289062
17.0546875,954.2659301757812,31.039108276367188
17.0703125,954.3493041992188,31.046829223632812
17.0859375,954.1923217773438,31.067771911621094
17.1015625,954.18115234375,31.09166717529297
17.1171875,954.313232421875,31.11261749267578
17.1328125,954.2584838867188,31.104156494140625
17.1484375,954.2852172851562,31.134666442871094
17.1640625,954.2213134765625,31.130615234375
17.1796875,954.1993408203125,31.150100708007812
17.1953125,954.1989135742188,31.1640625
17.2109375,954.1071166992188,31.170669555664062
17.2265625,954.1429443359375,31.177658081054688
17.2421875,954.1956787109375,31.194198608398438
17.2578125,954.196044921875,31.205581665039062
17.2734375,954.2013549804688,31.221389770507812
17.2890625,954.2137451171875,31.23719024658203
17.3046875,954.0377807617188,31.2357177734375
17.3203125,954.1463623046875,31.247848510742188
17.3359375,954.13623046875,31.257766723632812
17.3515625,954.0601196289062,31.278343200683594
17.3671875,954.0717163085938,31.281646728515625
17.3828125,954.218505859375,31.29084014892578
17.3984375,954.0771484375,31.298553466796875
17.4140625,954.1293334960938,31.3055419921875
17.4296875,954.149169921875,31.32318115234375
17.4453125,954.1546020507812,31.33861541748047
17.4609375,954.1309814453125,31.337875366210938
17.4765625,954.06396484375,31.333465576171875
17.4921875,954.0988159179688,31.349273681640625
17.5078125,954.0973510742188,31.35698699951172
17.5234375,954.1614379882812,31.35881805419922
17.5390625,954.2130126953125,31.368743896484375
17.5546875,954.15966796875,31.366912841796875
17.5703125,954.1983642578125,31.386383056640625
17.5859375,954.0609741210938,31.364334106445312
17.6015625,954.0528564453125,31.355880737304688
17.6171875,954.0316772460938,31.371688842773438
17.6328125,954.0064086914062,31.36029052734375
17.6484375,953.9501953125,31.363601684570312
17.6640625,953.9852294921875,31.364334106445312
17.6796875,953.9554443359375,31.36102294921875
17.6953125,953.9730224609375,31.370590209960938
17.7109375,953.954833984375,31.364334106445312
17.7265625,953.9369506835938,31.353683471679688
17.7421875,953.962158203125,31.327224731445312
17.7578125,953.939208984375,31.32794952392578
17.7734375,953.95654296875,31.328697204589844
17.7890625,953.9453125,31.327590942382812
17.8046875,953.9434204101562,31.317672729492188
17.8203125,953.9375610351562,31.3055419921875
17.8359375,953.9459838867188,31.291213989257812
17.8515625,953.943359375,31.268417358398438
17.8671875,953.9506225585938,31.263275146484375
17.8828125,953.9370727539062,31.246742248535156
17.8984375,953.948486328125,31.233139038085938
17.9140625,953.9376220703125,31.22101593017578
17.9296875,953.9459228515625,31.205947875976562
17.9453125,953.9331665039062,31.192352294921875
17.9609375,953.9573974609375,31.16222381591797
17.9765625,953.9533081054688,31.14569091796875
17.9921875,953.942626953125,31.144210815429688
18.0078125,953.950927734375,31.12694549560547
18.0234375,953.9526977539062,31.115921020507812
18.0390625,953.9498901367188,31.091293334960938
18.0546875,953.9730834960938,31.047569274902344
18.0703125,953.9544067382812,31.04206085205078
18.0859375,953.9503784179688,31.02184295654297
18.1015625,953.9525756835938,31.014129638671875
18.1171875,953.9600830078125,31.002731323242188
18.1328125,953.9493408203125,30.98839569091797
18.1484375,953.9724731445312,30.958274841308594
18.1640625,953.937255859375,30.93878936767578
18.1796875,953.967529296875,30.928504943847656
18.1953125,953.9420166015625,30.925201416015625
18.2109375,953.9476928710938,30.893585205078125
18.2265625,953.9678955078125,30.870437622070312
18.2421875,953.9362182617188,30.86125946044922
18.2578125,953.9598999023438,30.8494873046875
18.2734375,953.9664916992188,30.83405303955078
18.2890625,953.957763671875,30.82598114013672
18.3046875,953.9437866210938,30.80834197998047
18.3203125,953.945068359375,30.79436492919922
18.3359375,953.9514770507812,30.785919189453125
18.3515625,953.9679565429688,30.764968872070312
18.3671875,953.9581298828125,30.773788452148438
18.3828125,953.9666748046875,30.747329711914062
18.3984375,953.9701538085938,30.733375549316406
18.4140625,953.9400634765625,30.734100341796875
18.4296875,953.9580078125,30.714263916015625
18.4453125,953.9602661132812,30.702865600585938
18.4609375,953.951904296875,30.697349548339844
18.4765625,953.939453125,30.683021545410156
18.4921875,953.949951171875,30.674942016601562
18.5078125,953.937255859375,30.678611755371094
18.5234375,953.9537353515625,30.66979217529297
18.5390625,953.9414672851562,30.656204223632812
18.5546875,953.9622192382812,30.656936645507812
18.5703125,953.9521484375,30.645904541015625
18.5859375,953.955810546875,30.624229431152344
18.6015625,953.9542846679688,30.62017822265625
18.6171875,953.958740234375,30.61431121826172
18.6328125,953.9473266601562,30.628639221191406
18.6484375,953.9505004882812,30.59850311279297
18.6640625,953.9462890625,30.589309692382812
18.6796875,953.9556274414062,30.588577270507812
18.6953125,953.9483642578125,30.579757690429688
18.7109375,953.9498901367188,30.587478637695312
18.7265625,953.952392578125,30.570213317871094
18.7421875,953.9537353515625,30.568740844726562
18.7578125,953.9464111328125,30.556610107421875
18.7734375,953.9446411132812,30.556610107421875
18.7890625,953.952392578125,30.55182647705078
18.8046875,953.9518432617188,30.54558563232422
18.8203125,953.9512329101562,30.537139892578125
18.8359375,953.950439453125,30.538238525390625
18.8515625,953.9577026367188,30.531982421875
18.8671875,953.9498901367188,30.529052734375
18.8828125,953.956787109375,30.518394470214844
18.8984375,953.9485473632812,30.516921997070312
18.9140625,953.9484252929688,30.51544952392578
18.9296875,953.9381713867188,30.517654418945312
18.9453125,953.948486328125,30.506629943847656
18.9609375,953.9474487304688,30.503318786621094
18.9765625,953.9398803710938,30.506629943847656
18.9921875,953.9576416015625,30.51068115234375
19.0078125,953.9548950195312,30.499282836914062
19.0234375,953.9456176757812,30.49266815185547
19.0390625,953.938232421875,30.498550415039062
19.0546875,953.9244995117188,30.482017517089844
19.0703125,953.9450073242188,30.486427307128906
19.0859375,953.9381713867188,30.483848571777344
19.1015625,953.9546508789062,30.486427307128906
19.1171875,953.9364013671875,30.474655151367188
19.1328125,953.9442749023438,30.462905883789062
19.1484375,953.943115234375,30.481643676757812
19.1640625,953.9371948242188,30.469512939453125
19.1796875,953.9556884765625,30.462905883789062
19.1953125,953.9353637695312,30.45996856689453
19.2109375,953.9457397460938,30.4588623046875
19.2265625,953.9539794921875,30.449676513671875
19.2421875,953.9417724609375,30.453353881835938
19.2578125,953.9522705078125,30.44268798828125
19.2734375,953.9398803710938,30.447463989257812
19.2890625,953.9415893554688,30.44489288330078
19.3046875,953.9412841796875,30.429458618164062
19.3203125,953.9439697265625,30.434967041015625
19.3359375,953.9474487304688,30.438644409179688
19.3515625,953.9334716796875,30.42578887939453
19.3671875,953.9495239257812,30.432762145996094
19.3828125,953.947265625,30.42652130126953
19.3984375,953.9310913085938,30.4254150390625
19.4140625,953.96630859375,30.409988403320312
19.4296875,953.9378662109375,30.425048828125
19.4453125,953.9405517578125,30.419906616210938
19.4609375,953.9286499023438,30.415122985839844
19.4765625,953.9454345703125,30.40888214111328
19.4921875,953.9573974609375,30.415122985839844
19.5078125,953.9652099609375,30.40888214111328
19.5234375,953.93896484375,30.415122985839844
19.5390625,953.948486328125,30.419906616210938
19.5546875,953.9430541992188,30.413291931152344
19.5703125,953.930908203125,30.409988403320312
19.5859375,953.95458984375,30.402999877929688
19.6015625,953.948486328125,30.40814971923828
19.6171875,953.95263671875,30.40814971923828
19.6328125,953.9478759765625,30.40484619140625
19.6484375,953.95703125,30.40740966796875
19.6640625,953.9405517578125,30.402267456054688
19.6796875,953.9334716796875,30.419906616210938
19.6953125,953.9638671875,30.419906616210938
19.7109375,953.9710693359375,30.412185668945312
19.7265625,953.951171875,30.40888214111328
19.7421875,953.9376831054688,30.415870666503906
19.7578125,953.9384155273438,30.421737670898438
19.7734375,953.958740234375,30.415122985839844
19.7890625,953.9383544921875,30.410354614257812
19.8046875,953.9378662109375,30.40740966796875
19.8203125,953.9573364257812,30.418807983398438
19.8359375,953.9328002929688,30.414024353027344
19.8515625,953.9381713867188,30.404098510742188
19.8671875,953.9485473632812,30.395278930664062
19.8828125,953.9352416992188,30.397483825683594
19.8984375,953.96826171875,30.38720703125
19.9140625,953.9552612304688,30.38720703125
19.9296875,953.935546875,30.37213134765625
19.9453125,953.9490356445312,30.375076293945312
19.9609375,953.9672241210938,30.363677978515625
19.9765625,953.951171875,30.36956787109375
19.9921875,953.9607543945312,30.36736297607422
20.0078125,953.9329223632812,30.366615295410156
20.0234375,953.9657592773438,30.361106872558594
20.0390625,953.975341796875,30.366615295410156
20.0546875,953.9663696289062,30.362205505371094
20.0703125,953.9713134765625,30.35669708251953
20.0859375,953.9563598632812,30.347518920898438
20.1015625,953.9776611328125,30.363311767578125
20.1171875,954.0491943359375,30.35413360595703
20.1328125,953.954345703125,30.3526611328125
20.1484375,953.9782104492188,30.359268188476562
20.1640625,953.9805908203125,30.358543395996094
20.1796875,953.9769287109375,30.362205505371094
20.1953125,954.01904296875,30.363677978515625
20.2109375,953.952392578125,30.362205505371094
20.2265625,954.0556030273438,30.368087768554688
20.2421875,954.0257568359375,30.37213134765625
20.2578125,953.9813232421875,30.367721557617188
20.2734375,954.0303955078125,30.360374450683594
20.2890625,953.9520263671875,30.36919403076172
20.3046875,954.0980834960938,30.382049560546875
20.3203125,954.0928955078125,30.37213134765625
20.3359375,954.0062866210938,30.38610076904297
20.3515625,954.035888671875,30.364784240722656
20.3671875,954.0492553710938,30.382049560546875
20.3828125,953.9918823242188,30.392715454101562
20.3984375,954.0184936523438,30.402267456054688
20.4140625,954.0291137695312,30.402999877929688
20.4296875,954.0064697265625,30.402267456054688
20.4453125,954.0745239257812,30.402999877929688
20.4609375,954.1074829101562,30.421737670898438
20.4765625,953.9808349609375,30.415496826171875
20.4921875,954.092529296875,30.433509826660156
20.5078125,953.9771728515625,30.42652130126953
20.5234375,954.0404663085938,30.43791961669922
20.5390625,954.0505981445312,30.452606201171875
20.5546875,954.0489501953125,30.45849609375
20.5703125,954.00537109375,30.453712463378906
20.5859375,954.0145263671875,30.46179962158203
20.6015625,954.1539916992188,30.467681884765625
20.6171875,954.0595092773438,30.474655151367188
20.6328125,954.0297241210938,30.489364624023438
20.6484375,954.12255859375,30.489364624023438
20.6640625,954.0825805664062,30.501861572265625
20.6796875,954.1309204101562,30.504791259765625
20.6953125,954.0410766601562,30.518020629882812
20.7109375,954.0525512695312,30.50847625732422
20.7265625,954.1011352539062,30.529052734375
20.7421875,954.1337280273438,30.525009155273438
20.7578125,954.2049560546875,30.527572631835938
20.7734375,954.1107788085938,30.53418731689453
20.7890625,954.0601196289062,30.539344787597656
20.8046875,954.0474243164062,30.537139892578125
20.8203125,954.113037109375,30.56580352783203
20.8359375,954.1158447265625,30.570571899414062
20.8515625,954.1150512695312,30.566162109375
20.8671875,954.0960693359375,30.58159637451172
20.8828125,954.1174926757812,30.58380126953125
20.8984375,954.073974609375,30.58344268798828
20.9140625,954.0721435546875,30.590057373046875
20.9296875,954.100341796875,30.59850311279297
20.9453125,954.07958984375,30.609527587890625
20.9609375,954.1410522460938,30.61944580078125
20.9765625,954.1242065429688,30.63671875
20.9921875,954.1365966796875,30.644073486328125
21.0078125,954.0865478515625,30.659507751464844
21.0234375,954.1658325195312,30.67530059814453
21.0390625,953.985595703125,30.685226440429688
21.0546875,954.1742553710938,30.699928283691406
21.0703125,954.0520629882812,30.713531494140625
21.0859375,954.0259399414062,30.719039916992188
21.1015625,954.0067138671875,30.73961639404297
21.1171875,954.015380859375,30.756149291992188
21.1328125,954.0881958007812,30.763137817382812
21.1484375,954.0481567382812,30.77562713623047
21.1640625,953.9520263671875,30.79436492919922
21.1796875,953.9758911132812,30.81200408935547
21.1953125,954.0057373046875,30.82598114013672
21.2109375,953.9892578125,30.83148956298828
21.2265625,953.9419555664062,30.838104248046875
21.2421875,953.9730834960938,30.8494873046875
21.2578125,953.970703125,30.86125946044922
21.2734375,953.9497680664062,30.868606567382812
21.2890625,953.9391479492188,30.86125946044922
21.3046875,953.9317626953125,30.874847412109375
21.3203125,953.9517211914062,30.884765625
21.3359375,953.9627685546875,30.891380310058594
21.3515625,953.9545288085938,30.895790100097656
21.3671875,953.9262084960938,30.891380310058594
21.3828125,953.93359375,30.890655517578125
21.3984375,953.9609985351562,30.893959045410156
21.4140625,953.944580078125,30.890281677246094
21.4296875,953.938232421875,30.8829345703125
21.4453125,953.9524536132812,30.889175415039062
21.4609375,953.960205078125,30.884765625
21.4765625,953.95263671875,30.86566925048828
21.4921875,953.9358520507812,30.859054565429688
21.5078125,953.9352416992188,30.86125946044922
21.5234375,953.9448852539062,30.85169219970703
21.5390625,953.9315185546875,30.837364196777344
21.5546875,953.948486328125,30.824874877929688
21.5703125,953.9317626953125,30.821929931640625
21.5859375,953.928466796875,30.81385040283203
21.6015625,953.947998046875,30.79180145263672
21.6171875,953.9536743164062,30.79180145263672
21.6328125,953.9578857421875,30.766448974609375
21.6484375,953.93310546875,30.769012451171875
21.6640625,953.9435424804688,30.752113342285156
21.6796875,953.943115234375,30.746231079101562
21.6953125,953.9341430664062,30.746231079101562
21.7109375,953.927001953125,30.72124481201172
21.7265625,953.9389038085938,30.717567443847656
21.7421875,953.9468383789062,30.70874786376953
21.7578125,953.9364013671875,30.712783813476562
21.7734375,953.9307861328125,30.68707275390625
21.7890625,953.9240112304688,30.68669891357422
21.8046875,953.9503173828125,30.676406860351562
21.8203125,953.9415283203125,30.667953491210938
21.8359375,953.9454956054688,30.663177490234375
21.8515625,953.9367065429688,30.660972595214844
21.8671875,953.931640625,30.646278381347656
21.8828125,953.9200439453125,30.64002227783203
21.8984375,953.9164428710938,30.632675170898438
21.9140625,953.9288940429688,30.61944580078125
21.9296875,953.9215698242188,30.61944580078125
21.9453125,953.913818359375,30.60033416748047
21.9609375,953.9094848632812,30.58306884765625
21.9765625,953.9048461914062,30.58710479736328
21.9921875,953.9194946289062,30.576080322265625
22.0078125,953.9189453125,30.571670532226562
22.0234375,953.9210205078125,30.568740844726562
22.0390625,953.9063110351562,30.558082580566406
22.0546875,953.914794921875,30.544479370117188
22.0703125,953.9290161132812,30.53418731689453
22.0859375,953.9203491210938,30.524642944335938
22.1015625,953.9193725585938,30.52611541748047
22.1171875,953.9266967773438,30.524642944335938
22.1328125,953.9264526367188,30.518394470214844
22.1484375,953.9258422851562,30.51141357421875
22.1640625,953.90966796875,30.500015258789062
22.1796875,953.9246826171875,30.490463256835938
22.1953125,953.9279174804688,30.49193572998047
22.2109375,953.9339599609375,30.481643676757812
22.2265625,953.9234008789062,30.47650146484375
22.2421875,953.9228515625,30.474655151367188
22.2578125,953.9000854492188,30.467681884765625
22.2734375,953.9214477539062,30.467681884765625
22.2890625,953.9052734375,30.46253204345703
22.3046875,953.9255981445312,30.466583251953125
22.3203125,953.92138671875,30.455917358398438
22.3359375,953.9280395507812,30.45555877685547
22.3515625,953.9202880859375,30.44305419921875
22.3671875,953.9113159179688,30.44489288330078
22.3828125,953.93115234375,30.445632934570312
22.3984375,953.94140625,30.44048309326172
22.4140625,953.9301147460938,30.453712463378906
22.4296875,953.9398193359375,30.43791961669922
22.4453125,953.9358520507812,30.428726196289062
22.4609375,953.9319458007812,30.421737670898438
22.4765625,953.9336547851562,30.419906616210938
22.4921875,953.931640625,30.436813354492188
22.5078125,953.9328002929688,30.415870666503906
22.5234375,953.9276123046875,30.4224853515625
22.5390625,953.9391479492188,30.419906616210938
22.5546875,953.931640625,30.419906616210938
22.5703125,953.9459838867188,30.412559509277344
22.5859375,953.9381103515625,30.433509826660156
22.6015625,953.932373046875,30.419906616210938
22.6171875,953.9166870117188,30.419906616210938
22.6328125,953.9459838867188,30.415122985839844
22.6484375,953.9310913085938,30.40814971923828
22.6640625,953.930419921875,30.413291931152344
22.6796875,953.916015625,30.415870666503906
22.6953125,953.9168701171875,30.40484619140625
22.7109375,953.9301147460938,30.402999877929688
22.7265625,953.9150390625,30.396385192871094
22.7421875,953.9292602539062,30.38720703125
22.7578125,953.9205932617188,30.394920349121094
22.7734375,953.92138671875,30.38720703125
22.7890625,953.9133911132812,30.393447875976562
22.8046875,953.9284057617188,30.37213134765625
22.8203125,953.941162109375,30.381690979003906
22.8359375,953.92724609375,30.385360717773438
22.8515625,953.9623413085938,30.378013610839844
22.8671875,953.9364624023438,30.384628295898438
22.8828125,953.9503173828125,30.37139892578125
22.8984375,953.9591064453125,30.373977661132812
22.9140625,953.9671020507812,30.365158081054688
22.9296875,954.0128784179688,30.368820190429688
22.9453125,954.1577758789062,30.35669708251953
22.9609375,954.0430297851562,30.343467712402344
22.9765625,954.3380737304688,30.35228729248047
22.9921875,954.2362060546875,30.339797973632812
23.0078125,954.368896484375,30.344207763671875
23.0234375,954.2139892578125,30.33208465576172
23.0390625,954.2671508789062,30.32141876220703
23.0546875,954.2081298828125,30.312240600585938
23.0703125,954.1098022460938,30.30046844482422
23.0859375,954.1719360351562,30.312973022460938
23.1015625,954.2072143554688,30.30377960205078
23.1171875,954.208740234375,30.305984497070312
23.1328125,954.4037475585938,30.292022705078125
23.1484375,954.2601318359375,30.29680633544922
23.1640625,954.1326904296875,30.2843017578125
23.1796875,954.1769409179688,30.288711547851562
23.1953125,954.1778564453125,30.283203125
23.2109375,954.3614501953125,30.278060913085938
23.2265625,954.3119506835938,30.255645751953125
23.2421875,954.2803955078125,30.268142700195312
23.2578125,954.168701171875,30.250503540039062
23.2734375,954.200439453125,30.25086212158203
23.2890625,954.1497192382812,30.260780334472656
23.3046875,954.2779541015625,30.254165649414062
23.3203125,954.19482421875,30.252708435058594
23.3359375,954.2568359375,30.24939727783203
23.3515625,954.19140625,30.245346069335938
23.3671875,954.1700439453125,30.258216857910156
23.3828125,954.2035522460938,30.258216857910156
23.3984375,954.2741088867188,30.24829864501953
23.4140625,954.3012084960938,30.256011962890625
23.4296875,954.2679443359375,30.26519012451172
23.4453125,954.2276611328125,30.262252807617188
23.4609375,954.2595825195312,30.255645751953125
23.4765625,954.1065673828125,30.251602172851562
23.4921875,954.2794799804688,30.272178649902344
23.5078125,954.2791137695312,30.269973754882812
23.5234375,954.3314819335938,30.2850341796875
23.5390625,954.38427734375,30.292022705078125
23.5546875,954.2984008789062,30.30267333984375
23.5703125,954.2373046875,30.308929443359375
23.5859375,954.2833862304688,30.305984497070312
23.6015625,954.3720092773438,30.3177490234375
23.6171875,954.453857421875,30.312240600585938
23.6328125,954.2656860351562,30.328033447265625
23.6484375,954.243408203125,30.332809448242188
23.6640625,954.2719116210938,30.346038818359375
23.6796875,954.3067016601562,30.35779571533203
23.6953125,954.2738647460938,30.37213134765625
23.7109375,954.0601196289062,30.36992645263672
23.7265625,954.1412353515625,30.365890502929688
23.7421875,954.3887329101562,30.382049560546875
23.7578125,954.2774658203125,30.396759033203125
23.7734375,954.27294921875,30.419906616210938
23.7890625,954.3284301757812,30.40814971923828
23.8046875,954.2621459960938,30.438644409179688
23.8203125,954.3069458007812,30.453353881835938
23.8359375,954.2887573242188,30.45996856689453
23.8515625,954.313232421875,30.466941833496094
23.8671875,954.1646118164062,30.482742309570312
23.8828125,954.3728637695312,30.4967041015625
23.8984375,954.2947998046875,30.520957946777344
23.9140625,954.2040405273438,30.552200317382812
23.9296875,954.1671142578125,30.571311950683594
23.9453125,954.3362426757812,30.60291290283203
23.9609375,954.2252807617188,30.61614227294922
23.9765625,954.2874755859375,30.62017822265625
23.9921875,954.2520751953125,30.63745880126953
24.0078125,954.2113647460938,30.65068817138672
24.0234375,954.322021484375,30.679710388183594
24.0390625,954.2919921875,30.683761596679688
24.0546875,954.3772583007812,30.68963623046875
24.0703125,954.2810668945312,30.696624755859375
24.0859375,954.3140258789062,30.717193603515625
24.1015625,954.2371826171875,30.7425537109375
24.1171875,954.2553100585938,30.750640869140625
24.1328125,954.2064819335938,30.750640869140625
24.1484375,954.2459716796875,30.780410766601562
24.1640625,954.2578125,30.77562713623047
24.1796875,954.1838989257812,30.791427612304688
24.1953125,954.2791748046875,30.81090545654297
24.2109375,954.3092041015625,30.82781219482422
24.2265625,954.2864379882812,30.834426879882812
24.2421875,954.2626342773438,30.842514038085938
24.2578125,954.2896728515625,30.856101989746094
24.2734375,954.228271484375,30.875946044921875
24.2890625,954.2894287109375,30.870437622070312
24.3046875,954.2291259765625,30.893585205078125
24.3203125,954.2869262695312,30.906814575195312
24.3359375,954.2523803710938,30.89910125732422
24.3515625,954.2695922851562,30.913429260253906
24.3671875,954.1635131835938,30.930709838867188
24.3828125,954.1860961914062,30.931068420410156
24.3984375,954.2703857421875,30.93878936767578
24.4140625,954.1612548828125,30.942840576171875
24.4296875,954.2631225585938,30.97260284423828
24.4453125,954.1675415039062,30.97113037109375
24.4609375,954.0993041992188,30.979576110839844
24.4765625,954.19091796875,30.98729705810547
24.4921875,954.1253662109375,30.99024200439453
24.5078125,954.0592651367188,30.996490478515625
24.5234375,954.0664672851562,31.010086059570312
24.5390625,954.0475463867188,31.00640869140625
24.5546875,954.0238647460938,31.01044464111328
24.5703125,953.9746704101562,31.00567626953125
24.5859375,953.9288330078125,31.010086059570312
24.6015625,953.96630859375,31.008987426757812
24.6171875,953.9451904296875,31.00603485107422
24.6328125,953.9503784179688,31.011917114257812
24.6484375,953.9454956054688,31.00237274169922
24.6640625,953.9506225585938,30.995758056640625
24.6796875,953.9553833007812,30.99024200439453
24.6953125,953.9577026367188,30.979576110839844
24.7109375,953.9375610351562,30.979576110839844
24.7265625,953.9464721679688,30.965621948242188
24.7421875,953.9630737304688,30.95569610595703
24.7578125,953.959716796875,30.946144104003906
24.7734375,953.93896484375,30.950912475585938
24.7890625,953.9436645507812,30.933273315429688
24.8046875,953.9450073242188,30.912704467773438
24.8203125,953.9405517578125,30.911598205566406
24.8359375,953.94091796875,30.908660888671875
24.8515625,953.935302734375,30.872283935546875
24.8671875,953.9317016601562,30.86566925048828
24.8828125,953.9453735351562,30.86125946044922
24.8984375,953.9448852539062,30.850234985351562
24.9140625,953.950439453125,30.84618377685547
24.9296875,953.9512329101562,30.824134826660156
24.9453125,953.9168701171875,30.818992614746094
24.9609375,953.93115234375,30.81090545654297
24.9765625,953.922607421875,30.782608032226562
24.9921875,953.9448852539062,30.780776977539062
25.0078125,953.9447631835938,30.750640869140625
25.0234375,953.9345703125,30.74585723876953
25.0390625,953.9412841796875,30.735939025878906
25.0546875,953.9403076171875,30.72711944580078
25.0703125,953.9459228515625,30.70801544189453
25.0859375,953.936279296875,30.698455810546875
25.1015625,953.9514770507812,30.680816650390625
25.1171875,953.934814453125,30.68596649169922
25.1328125,953.947265625,30.66943359375
25.1484375,953.9337158203125,30.65068817138672
25.1640625,953.9270629882812,30.659866333007812
25.1796875,953.9405517578125,30.65399932861328
25.1953125,953.9393310546875,30.632675170898438
25.2109375,953.9378662109375,30.630844116210938
25.2265625,953.935302734375,30.615768432617188
25.2421875,953.943359375,30.60474395751953
25.2578125,953.93505859375,30.58710479736328
25.2734375,953.9237060546875,30.58233642578125
25.2890625,953.9196166992188,30.58269500732422
25.3046875,953.9459838867188,30.593360900878906
25.3203125,953.9381103515625,30.576828002929688
25.3359375,953.9322509765625,30.56580352783203
25.3515625,953.9353637695312,30.573875427246094
25.3671875,953.9242553710938,30.556236267089844
25.3828125,953.9302368164062,30.54852294921875
25.3984375,953.9295043945312,30.54595947265625
25.4140625,953.9286499023438,30.544113159179688
25.4296875,953.9332885742188,30.534934997558594
25.4453125,953.9281005859375,30.5301513671875
25.4609375,953.9115600585938,30.525741577148438
25.4765625,953.9266357421875,30.520957946777344
25.4921875,953.930908203125,30.51654815673828
25.5078125,953.9268798828125,30.521331787109375
25.5234375,953.9476928710938,30.504791259765625
25.5390625,953.9174194335938,30.507003784179688
25.5546875,953.9373168945312,30.498550415039062
25.5703125,953.92333984375,30.498550415039062
25.5859375,953.925048828125,30.491195678710938
25.6015625,953.9280395507812,30.482017517089844
25.6171875,953.927001953125,30.473922729492188
25.6328125,953.9262084960938,30.466583251953125
25.6484375,953.92138671875,30.453712463378906
25.6640625,953.9110717773438,30.471351623535156
25.6796875,953.928955078125,30.4588623046875
25.6953125,953.927734375,30.474655151367188
25.7109375,953.9221801757812,30.45665740966797
25.7265625,953.9334716796875,30.44268798828125
25.7421875,953.9260864257812,30.438644409179688
25.7578125,953.9334716796875,30.42652130126953
25.7734375,953.916748046875,30.436813354492188
25.7890625,953.9297485351562,30.419906616210938
25.8046875,953.917236328125,30.42652130126953
25.8203125,953.9322509765625,30.419906616210938
25.8359375,953.9166870117188,30.421737670898438
25.8515625,953.91748046875,30.418807983398438
25.8671875,953.9285888671875,30.396759033203125
25.8828125,953.9376831054688,30.400436401367188
25.8984375,953.9440307617188,30.39051055908203
25.9140625,953.946044921875,30.392715454101562
25.9296875,953.937255859375,30.393447875976562
25.9453125,953.9810180664062,30.380592346191406
25.9609375,953.9396362304688,30.385360717773438
25.9765625,953.9735717773438,30.380950927734375
25.9921875,954.0042724609375,30.37139892578125
26.0078125,953.98779296875,30.38610076904297
26.0234375,954.08544921875,30.37322998046875
26.0390625,954.0806274414062,30.366615295410156
26.0546875,954.0721435546875,30.37322998046875
26.0703125,954.0555419921875,30.366256713867188
26.0859375,954.1964111328125,30.349349975585938
26.1015625,954.2366333007812,30.341262817382812
26.1171875,954.1724243164062,30.35413360595703
26.1328125,954.298583984375,30.344207763671875
26.1484375,954.0633544921875,30.35338592529297
26.1640625,954.1962890625,30.350448608398438
26.1796875,954.1661376953125,30.348617553710938
26.1953125,954.3273315429688,30.33795166015625
26.2109375,954.2492065429688,30.33649444580078
26.2265625,954.1821899414062,30.351181030273438
26.2421875,954.147705078125,30.3548583984375
26.2578125,954.183349609375,30.362205505371094
26.2734375,954.2277221679688,30.37360382080078
26.2890625,954.2001342773438,30.37177276611328
26.3046875,954.1646728515625,30.37433624267578
26.3203125,954.2671508789062,30.37030029296875
26.3359375,954.2093505859375,30.39051055908203
26.3515625,954.1856689453125,30.415122985839844
26.3671875,954.2716674804688,30.433509826660156
26.3828125,954.1242065429688,30.436813354492188
26.3984375,954.2716064453125,30.447463989257812
26.4140625,954.1735229492188,30.465835571289062
26.4296875,954.1644287109375,30.48017120361328
26.4453125,954.1957397460938,30.485679626464844
26.4609375,954.3104248046875,30.498550415039062
26.4765625,954.0900268554688,30.506629943847656
26.4921875,954.0985717773438,30.5301513671875
26.5078125,954.14990234375,30.533462524414062
26.5234375,954.0905151367188,30.54852294921875
26.5390625,954.0472412109375,30.551467895507812
26.5546875,954.1018676757812,30.58159637451172
26.5703125,954.11083984375,30.5999755859375
26.5859375,954.0463256835938,30.59923553466797
26.6015625,954.1262817382812,30.627166748046875
26.6171875,954.2056884765625,30.63671875
26.6328125,954.1365966796875,30.656936645507812
26.6484375,954.1768798828125,30.679710388183594
26.6640625,954.2029418945312,30.677146911621094
26.6796875,954.1483154296875,30.70433807373047
26.6953125,954.2269897460938,30.70874786376953
26.7109375,954.165283203125,30.728965759277344
26.7265625,954.305908203125,30.74144744873047
26.7421875,954.1959838867188,30.75542449951172
26.7578125,954.2201538085938,30.763137817382812
26.7734375,954.2381591796875,30.783340454101562
26.7890625,954.1176147460938,30.801353454589844
26.8046875,954.3292236328125,30.824874877929688
26.8203125,954.203125,30.84545135498047
26.8359375,954.2481689453125,30.86456298828125
26.8515625,954.2637329101562,30.889175415039062
26.8671875,954.3707885742188,30.908660888671875
26.8828125,954.3553466796875,30.907920837402344
26.8984375,954.301513671875,30.928863525390625
26.9140625,954.283935546875,30.930343627929688
26.9296875,954.271484375,30.957168579101562
26.9453125,954.2293701171875,30.963043212890625
26.9609375,954.364990234375,30.975540161132812
26.9765625,954.2927856445312,30.99097442626953
26.9921875,954.3737182617188,31.009719848632812
27.0078125,954.3421630859375,31.017433166503906
27.0234375,954.2915649414062,31.020370483398438
27.0390625,954.3987426757812,31.035072326660156
27.0546875,954.4498901367188,31.04206085205078
27.0703125,954.3405151367188,31.069618225097656
27.0859375,954.3779296875,31.07402801513672
27.1015625,954.2678833007812,31.084312438964844
27.1171875,954.380615234375,31.09423065185547
27.1328125,954.3110961914062,31.11627960205078
27.1484375,954.1506958007812,31.11224365234375
27.1640625,954.178466796875,31.123268127441406
27.1796875,954.2129516601562,31.137603759765625
27.1953125,954.1641845703125,31.142379760742188
27.2109375,954.1114501953125,31.151199340820312
27.2265625,954.0526123046875,31.159278869628906
27.2421875,954.0623168945312,31.154869079589844
27.2578125,954.1533203125,31.169944763183594
27.2734375,954.1727294921875,31.18463134765625
27.2890625,954.1306762695312,31.191993713378906
27.3046875,954.1600341796875,31.205581665039062
27.3203125,954.1685791015625,31.201171875
27.3359375,954.2440185546875,31.207427978515625
27.3515625,954.2422485351562,31.204849243164062
27.3671875,954.2963256835938,31.229103088378906
27.3828125,954.2891845703125,31.230209350585938
27.3984375,954.1465454101562,31.23388671875
27.4140625,954.135498046875,31.226898193359375
27.4296875,954.2626953125,31.22101593017578
27.4453125,954.2686767578125,31.244163513183594
27.4609375,954.4203491210938,31.25041961669922
27.4765625,954.229736328125,31.24932098388672
27.4921875,954.2188720703125,31.262550354003906
27.5078125,954.1802368164062,31.27393341064453
27.5234375,954.0755004882812,31.27393341064453
27.5390625,954.016357421875,31.283126831054688
27.5546875,953.9945678710938,31.283493041992188
27.5703125,953.9802856445312,31.297828674316406
27.5859375,954.0455932617188,31.311782836914062
27.6015625,954.0559692382812,31.312156677246094
27.6171875,954.02734375,31.314361572265625
27.6328125,954.043701171875,31.316566467285156
27.6484375,954.045654296875,31.334938049316406
27.6640625,954.0810546875,31.32428741455078
27.6796875,954.0734252929688,31.337875366210938
27.6953125,954.0299072265625,31.345230102539062
27.7109375,954.0078735351562,31.365074157714844
27.7265625,954.0164794921875,31.355880737304688
27.7421875,954.0818481445312,31.365432739257812
27.7578125,954.0397338867188,31.37389373779297
27.7734375,954.0333862304688,31.383445739746094
27.7890625,954.0446166992188,31.39556884765625
27.8046875,954.0739135742188,31.402191162109375
27.8203125,953.9842529296875,31.40807342529297
27.8359375,953.9447631835938,31.4132080078125
27.8515625,953.9536743164062,31.40807342529297
27.8671875,953.9447631835938,31.40917205810547
27.8828125,953.929443359375,31.40990447998047
27.8984375,953.9462280273438,31.40990447998047
27.9140625,953.9366455078125,31.402191162109375
27.9296875,953.9435424804688,31.401458740234375
27.9453125,953.9476928710938,31.39337158203125
27.9609375,953.9337768554688,31.401458740234375
27.9765625,953.944091796875,31.380508422851562
27.9921875,953.937255859375,31.382339477539062
28.0078125,953.9434814453125,31.386383056640625
28.0234375,953.94921875,31.366912841796875
28.0390625,953.9448852539062,31.35956573486328
28.0546875,953.9393310546875,31.345230102539062
28.0703125,953.931396484375,31.353683471679688
28.0859375,953.962158203125,31.34117889404297
28.1015625,953.9609375,31.32538604736328
28.1171875,953.9299926757812,31.315826416015625
28.1328125,953.952392578125,31.30810546875
28.1484375,953.9444580078125,31.303695678710938
28.1640625,953.94287109375,31.278717041015625
28.1796875,953.955810546875,31.265853881835938
28.1953125,953.940185546875,31.263275146484375
28.2109375,953.9423828125,31.25115203857422
28.2265625,953.953125,31.237548828125
28.2421875,953.9475708007812,31.226524353027344
28.2578125,953.941162109375,31.227272033691406
28.2734375,953.9268798828125,31.20447540283203
28.2890625,953.9378051757812,31.193824768066406
28.3046875,953.9367065429688,31.18132781982422
28.3203125,953.945068359375,31.18132781982422
28.3359375,953.9462280273438,31.160751342773438
28.3515625,953.9573364257812,31.154869079589844
28.3671875,953.941162109375,31.137969970703125
28.3828125,953.9490966796875,31.130615234375
28.3984375,953.9417724609375,31.130615234375
28.4140625,953.9369506835938,31.123268127441406
28.4296875,953.9494018554688,31.10930633544922
28.4453125,953.9396362304688,31.09607696533203
28.4609375,953.9252319335938,31.093505859375
28.4765625,953.9375,31.073287963867188
28.4921875,953.9498291015625,31.064834594726562
28.5078125,953.9549560546875,31.05785369873047
28.5234375,953.9417724609375,31.030288696289062
28.5390625,953.9437255859375,31.033966064453125
28.5546875,953.9476928710938,31.03765106201172
28.5703125,953.947998046875,31.0247802734375
28.5859375,953.952880859375,31.016700744628906
28.6015625,953.9501953125,30.999420166015625
28.6171875,953.9454956054688,31.000900268554688
28.6328125,953.9540405273438,30.978851318359375
28.6484375,953.9422607421875,30.97075653076172
28.6640625,953.9414672851562,30.96709442138672
28.6796875,953.9471435546875,30.95055389404297
28.6953125,953.9591674804688,30.93695068359375
28.7109375,953.944091796875,30.93878936767578
28.7265625,953.935302734375,30.932540893554688
28.7421875,953.9425048828125,30.923355102539062
28.7578125,953.958984375,30.906814575195312
28.7734375,953.9572143554688,30.906814575195312
28.7890625,953.9572143554688,30.88587188720703
28.8046875,953.9330444335938,30.872283935546875
28.8203125,953.9454956054688,30.86125946044922
28.8359375,953.9384155273438,30.850234985351562
28.8515625,953.9295043945312,30.853164672851562
28.8671875,953.9638671875,30.836257934570312
28.8828125,953.956787109375,30.83148956298828
28.8984375,953.9485473632812,30.820465087890625
28.9140625,953.9564819335938,30.818260192871094
28.9296875,953.948486328125,30.81531524658203
28.9453125,953.9559936523438,30.786651611328125
28.9609375,953.9573364257812,30.791427612304688
28.9765625,953.9475708007812,30.7760009765625
28.9921875,953.9520874023438,30.763137817382812
29.0078125,953.9430541992188,30.764968872070312
29.0234375,953.9509887695312,30.75872802734375
29.0390625,953.9282836914062,30.755783081054688
29.0546875,953.9422607421875,30.746963500976562
29.0703125,953.9490966796875,30.749168395996094
29.0859375,953.9642944335938,30.74144744873047
29.1015625,953.9384155273438,30.734474182128906
29.1171875,953.9347534179688,30.72014617919922
29.1328125,953.957763671875,30.70874786376953
29.1484375,953.9262084960938,30.712783813476562
29.1640625,953.9319458007812,30.698455810546875
29.1796875,953.956298828125,30.694046020507812
29.1953125,953.9481201171875,30.685226440429688
29.2109375,953.9430541992188,30.680816650390625
29.2265625,953.9401245117188,30.68596649169922
29.2421875,953.9591674804688,30.6705322265625
29.2578125,953.9415893554688,30.667953491210938
29.2734375,953.9562377929688,30.663917541503906
29.2890625,953.952880859375,30.656936645507812
29.3046875,953.9892578125,30.63561248779297
29.3203125,953.9871826171875,30.639663696289062
29.3359375,953.9074096679688,30.648841857910156
29.3515625,953.9256591796875,30.649948120117188
29.3671875,953.996826171875,30.642227172851562
29.3828125,953.9309692382812,30.639297485351562
29.3984375,953.9802856445312,30.642227172851562
29.4140625,953.9752197265625,30.65399932861328
29.4296875,953.9841918945312,30.65289306640625
29.4453125,953.9840698242188,30.658767700195312
29.4609375,953.981689453125,30.6712646484375
29.4765625,953.9864501953125,30.670166015625
29.4921875,953.9194946289062,30.676406860351562
29.5078125,953.8937377929688,30.680816650390625
29.5234375,953.9766235351562,30.69293975830078
29.5390625,953.9025268554688,30.712425231933594
29.5546875,953.9708251953125,30.728965759277344
29.5703125,953.9515380859375,30.74072265625
29.5859375,953.9269409179688,30.749168395996094
29.6015625,953.971435546875,30.765342712402344
29.6171875,953.9479370117188,30.783340454101562
29.6328125,953.964111328125,30.784820556640625
29.6484375,953.931396484375,30.80834197998047
29.6640625,953.9696044921875,30.824134826660156
29.6796875,953.9239501953125,30.824134826660156
29.6953125,953.9610595703125,30.839210510253906
29.7109375,953.9672241210938,30.84618377685547
29.7265625,953.9733276367188,30.86125946044922
29.7421875,953.9676513671875,30.88146209716797
29.7578125,953.9727172851562,30.891021728515625
29.7734375,953.9652099609375,30.908660888671875
29.7890625,954.06201171875,30.923355102539062
29.8046875,953.9517211914062,30.910491943359375
29.8203125,953.9367065429688,30.95055389404297
29.8359375,953.9077758789062,30.95569610595703
29.8515625,953.9166870117188,30.99024200439453
29.8671875,953.9655151367188,30.99024200439453
29.8828125,953.9911499023438,31.003097534179688
29.8984375,954.0408935546875,31.003829956054688
29.9140625,953.9149169921875,31.018539428710938
29.9296875,953.91748046875,31.030288696289062
29.9453125,953.96826171875,31.045364379882812
29.9609375,953.9028930664062,31.064834594726562
29.9765625,953.92578125,31.09056854248047
29.9921875,953.9146118164062,31.09423065185547
30.0078125,953.99560546875,31.100486755371094
30.0234375,953.9238891601562,31.119964599609375
30.0390625,953.9783935546875,31.124740600585938
30.0546875,953.9364013671875,31.143844604492188
30.0703125,953.9794921875,31.140533447265625
30.0859375,953.9356079101562,31.154869079589844
30.1015625,953.9345703125,31.16222381591797
30.1171875,953.9019165039062,31.172508239746094
30.1328125,953.981201171875,31.1651611328125
30.1484375,953.9291381835938,31.194931030273438
30.1640625,953.944580078125,31.193824768066406
30.1796875,953.9032592773438,31.207427978515625
30.1953125,953.91357421875,31.21404266357422
30.2109375,954.0552978515625,31.23534393310547
30.2265625,953.9378051757812,31.23534393310547
30.2421875,953.9490966796875,31.257766723632812
30.2578125,953.947265625,31.270263671875
30.2734375,953.8999633789062,31.266212463378906
30.2890625,953.9738159179688,31.268417358398438
30.3046875,953.9345092773438,31.294143676757812
30.3203125,953.9573974609375,31.30223846435547
30.3359375,953.9360961914062,31.312156677246094
30.3515625,953.9149780273438,31.319503784179688
30.3671875,953.9700317382812,31.329055786132812
30.3828125,953.9351196289062,31.335670471191406
30.3984375,953.9430541992188,31.345962524414062
30.4140625,953.9141235351562,31.35956573486328
30.4296875,953.9525756835938,31.362503051757812
30.4453125,953.9283447265625,31.369842529296875
30.4609375,953.9147338867188,31.39263916015625
30.4765625,953.9802856445312,31.388587951660156
30.4921875,953.9166259765625,31.405120849609375
30.5078125,953.950439453125,31.405120849609375
30.5234375,953.9462890625,31.422401428222656
30.5390625,953.9354248046875,31.4139404296875
30.5546875,953.9400634765625,31.419097900390625
30.5703125,953.9166259765625,31.444808959960938
30.5859375,953.9347534179688,31.444808959960938
30.6015625,953.9210205078125,31.44886016845703
30.6171875,953.92138671875,31.459144592285156
30.6328125,953.9481201171875,31.46429443359375
30.6484375,953.9240112304688,31.479354858398438
30.6640625,953.89990234375,31.46723175048828
30.6796875,953.9244384765625,31.472015380859375
30.6953125,953.921875,31.487075805664062
30.7109375,953.9227905273438,31.49810028076172
30.7265625,953.9244384765625,31.505088806152344
30.7421875,953.9371948242188,31.508392333984375
30.7578125,953.9302978515625,31.51573944091797
30.7734375,953.9596557617188,31.5186767578125
30.7890625,953.9498291015625,31.511329650878906
30.8046875,953.9496459960938,31.52198028564453
30.8203125,953.9309692382812,31.512435913085938
30.8359375,953.9420166015625,31.516845703125
30.8515625,953.939453125,31.512435913085938
30.8671875,953.9437866210938,31.512435913085938
30.8828125,953.9545288085938,31.527496337890625
30.8984375,953.9464721679688,31.525665283203125
30.9140625,953.9498901367188,31.526763916015625
