# Time (seconds),Pressure,Temp
0.0078125,957.5648193359375,28.637977600097656
0.0234375,957.5486450195312,28.64093017578125
0.0390625,957.5536499023438,28.629531860351562
0.0546875,957.5602416992188,28.646072387695312
0.0703125,957.5696411132812,28.64055633544922
0.0859375,957.5531005859375,28.631736755371094
0.1015625,957.5402221679688,28.631004333496094
0.1171875,957.5394897460938,28.631736755371094
0.1328125,957.562255859375,28.64055633544922
0.1484375,957.5578002929688,28.629905700683594
0.1640625,957.5579223632812,28.637977600097656
0.1796875,957.5419921875,28.64055633544922
0.1953125,957.5411376953125,28.637977600097656
0.2109375,957.5689086914062,28.637619018554688
0.2265625,957.5574951171875,28.633941650390625
0.2421875,957.56787109375,28.630264282226562
0.2578125,957.5477905273438,28.632469177246094
0.2734375,957.5606079101562,28.62549591064453
0.2890625,957.5563354492188,28.636146545410156
0.3046875,957.5531616210938,28.632843017578125
0.3203125,957.567138671875,28.64496612548828
0.3359375,957.5499267578125,28.632843017578125
0.3515625,957.545654296875,28.6240234375
0.3671875,957.5645141601562,28.629531860351562
0.3828125,957.5584106445312,28.634315490722656
0.3984375,957.5614013671875,28.635040283203125
0.4140625,957.5614624023438,28.637977600097656
0.4296875,957.5587768554688,28.632843017578125
0.4453125,957.5492553710938,28.637977600097656
0.4609375,957.5419921875,28.62659454345703
0.4765625,957.556396484375,28.636520385742188
0.4921875,957.554443359375,28.64313507080078
0.5078125,957.5336303710938,28.64496612548828
0.5234375,957.5540161132812,28.64423370361328
0.5390625,957.5516357421875,28.637977600097656
0.5546875,957.5509643554688,28.64238739013672
0.5703125,957.5526123046875,28.64496612548828
0.5859375,957.5582885742188,28.62915802001953
0.6015625,957.5393676757812,28.630630493164062
0.6171875,957.5484008789062,28.64496612548828
0.6328125,957.5595092773438,28.62732696533203
0.6484375,957.5499877929688,28.64238739013672
0.6640625,957.5394897460938,28.64679718017578
0.6796875,957.56201171875,28.64313507080078
0.6953125,957.5413818359375,28.637977600097656
0.7109375,957.5628662109375,28.637977600097656
0.7265625,957.546875,28.64679718017578
0.7421875,957.563232421875,28.64166259765625
0.7578125,957.563232421875,28.64128875732422
0.7734375,957.557861328125,28.62732696533203
0.7890625,957.56005859375,28.64496612548828
0.8046875,957.5421752929688,28.626220703125
0.8203125,957.5576171875,28.636520385742188
0.8359375,957.5669555664062,28.64496612548828
0.8515625,957.5606689453125,28.635040283203125
0.8671875,957.5667724609375,28.637252807617188
0.8828125,957.5616455078125,28.64238739013672
0.8984375,957.5490112304688,28.634315490722656
0.9140625,957.5387573242188,28.632110595703125
0.9296875,957.5653076171875,28.639450073242188
0.9453125,957.5629272460938,28.62915802001953
0.9609375,957.5667724609375,28.64423370361328
0.9765625,957.5772705078125,28.64238739013672
0.9921875,957.5579223632812,28.637977600097656
1.0078125,957.5498046875,28.649749755859375
1.0234375,957.5431518554688,28.647544860839844
1.0390625,957.5662231445312,28.646438598632812
1.0546875,957.5684814453125,28.663711547851562
1.0703125,957.5614013671875,28.649749755859375
1.0859375,957.5634765625,28.646438598632812
1.1015625,957.5399169921875,28.647544860839844
1.1171875,957.5215454101562,28.62659454345703
1.1328125,957.5606079101562,28.653411865234375
1.1484375,957.5572509765625,28.64055633544922
1.1640625,957.5477294921875,28.64423370361328
1.1796875,957.5724487304688,28.64679718017578
1.1953125,957.5298461914062,28.647544860839844
1.2109375,957.5538330078125,28.647171020507812
1.2265625,957.5382080078125,28.64349365234375
1.2421875,957.5438232421875,28.64423370361328
1.2578125,957.5349731445312,28.638351440429688
1.2734375,957.5432739257812,28.64349365234375
1.2890625,957.546142578125,28.64496612548828
1.3046875,957.5595092773438,28.64349365234375
1.3203125,957.5664672851562,28.6614990234375
1.3359375,957.562255859375,28.660400390625
1.3515625,957.56396484375,28.646438598632812
1.3671875,957.548828125,28.64238739013672
1.3828125,957.54248046875,28.64496612548828
1.3984375,957.55224609375,28.64569854736328
1.4140625,957.5493774414062,28.646438598632812
1.4296875,957.5530395507812,28.632843017578125
1.4453125,957.5582885742188,28.650482177734375
1.4609375,957.5432739257812,28.64679718017578
1.4765625,957.5608520507812,28.637977600097656
1.4921875,957.5701293945312,28.64238739013672
1.5078125,957.5692749023438,28.64166259765625
1.5234375,957.5501098632812,28.64496612548828
1.5390625,957.5362548828125,28.650482177734375
1.5546875,957.5432739257812,28.62732696533203
1.5703125,957.5541381835938,28.63872528076172
1.5859375,957.56005859375,28.64349365234375
1.6015625,957.559326171875,28.650482177734375
1.6171875,957.5641479492188,28.64238739013672
1.6328125,957.5502319335938,28.649749755859375
1.6484375,957.5431518554688,28.635040283203125
1.6640625,957.5572509765625,28.636146545410156
1.6796875,957.5591430664062,28.649749755859375
1.6953125,957.562255859375,28.64093017578125
1.7109375,957.5578002929688,28.6258544921875
1.7265625,957.5575561523438,28.627700805664062
1.7421875,957.541015625,28.648643493652344
1.7578125,957.5634155273438,28.63872528076172
1.7734375,957.5546875,28.633209228515625
1.7890625,957.5558471679688,28.62659454345703
1.8046875,957.5665283203125,28.64093017578125
1.8203125,957.5518798828125,28.637252807617188
1.8359375,957.5587158203125,28.645339965820312
1.8515625,957.542724609375,28.64679718017578
1.8671875,957.5626220703125,28.636878967285156
1.8828125,957.540771484375,28.629905700683594
1.8984375,957.5591430664062,28.636146545410156
1.9140625,957.5513916015625,28.621810913085938
1.9296875,957.5512084960938,28.631004333496094
1.9453125,957.5508422851562,28.636146545410156
1.9609375,957.5657348632812,28.635040283203125
1.9765625,957.5310668945312,28.627700805664062
1.9921875,957.5606689453125,28.632843017578125
2.0078125,957.5546875,28.629531860351562
2.0234375,957.5519409179688,28.633941650390625
2.0390625,957.536865234375,28.62915802001953
2.0546875,957.5501098632812,28.636146545410156
2.0703125,957.5466918945312,28.630264282226562
2.0859375,957.5411987304688,28.629531860351562
2.1015625,957.5506591796875,28.62915802001953
2.1171875,957.5602416992188,28.628433227539062
2.1328125,957.5822143554688,28.634315490722656
2.1484375,957.598876953125,28.627700805664062
2.1640625,957.5975341796875,28.63872528076172
2.1796875,957.6071166992188,28.63872528076172
2.1953125,957.6154174804688,28.649749755859375
2.2109375,957.608154296875,28.64679718017578
2.2265625,957.633544921875,28.654159545898438
2.2421875,957.63427734375,28.654159545898438
2.2578125,957.6372680664062,28.66002655029297
2.2734375,957.6388549804688,28.665184020996094
2.2890625,957.6549682617188,28.665542602539062
2.3046875,957.6836547851562,28.665184020996094
2.3203125,957.6663208007812,28.670318603515625
2.3359375,957.6590576171875,28.67694091796875
2.3515625,957.6657104492188,28.68097686767578
2.3671875,957.7012329101562,28.668121337890625
2.3828125,957.6773071289062,28.687957763671875
2.3984375,957.6900634765625,28.69715118408203
2.4140625,957.689208984375,28.707809448242188
2.4296875,957.7188110351562,28.707077026367188
2.4453125,957.6937255859375,28.71221923828125
2.4609375,957.7191772460938,28.728378295898438
2.4765625,957.6761474609375,28.738677978515625
2.4921875,957.7403564453125,28.738677978515625
2.5078125,957.7028198242188,28.74859619140625
2.5234375,957.7311401367188,28.76770782470703
2.5390625,957.7247314453125,28.76770782470703
2.5546875,957.7450561523438,28.78166961669922
2.5703125,957.7005004882812,28.78607940673828
2.5859375,957.7057495117188,28.794166564941406
2.6015625,957.7423095703125,28.8004150390625
2.6171875,957.7190551757812,28.813644409179688
2.6328125,957.729248046875,28.827598571777344
2.6484375,957.73193359375,28.81988525390625
2.6640625,957.7078857421875,28.8360595703125
2.6796875,957.7221069335938,28.835693359375
2.6953125,957.713623046875,28.845237731933594
2.7109375,957.7337036132812,28.861045837402344
2.7265625,957.7626342773438,28.866561889648438
2.7421875,957.78466796875,28.875747680664062
2.7578125,957.7451171875,28.884925842285156
2.7734375,957.7328491210938,28.88823699951172
2.7890625,957.7111206054688,28.893386840820312
2.8046875,957.7164916992188,28.90955352783203
2.8203125,957.7305297851562,28.927566528320312
2.8359375,957.71630859375,28.931228637695312
2.8515625,957.7166748046875,28.937118530273438
2.8671875,957.7565307617188,28.948867797851562
2.8828125,957.7076416015625,28.95623016357422
2.8984375,957.745361328125,28.95623016357422
2.9140625,957.745361328125,28.9779052734375
2.9296875,957.7254638671875,28.973495483398438
2.9453125,957.7142944335938,28.97386932373047
2.9609375,957.7464599609375,28.97570037841797
2.9765625,957.7501831054688,28.998855590820312
2.9921875,957.74365234375,28.990402221679688
3.0078125,957.7279663085938,28.998123168945312
3.0234375,957.7142944335938,29.023475646972656
3.0390625,957.809814453125,29.016860961914062
3.0546875,957.7406005859375,29.01612091064453
3.0703125,957.7364501953125,29.038909912109375
3.0859375,957.7327270507812,29.043319702148438
3.1015625,957.7481079101562,29.03044891357422
3.1171875,957.757568359375,29.042221069335938
3.1328125,957.7556762695312,29.051040649414062
3.1484375,957.7310180664062,29.052139282226562
3.1640625,957.7632446289062,29.06757354736328
3.1796875,957.77490234375,29.069412231445312
3.1953125,957.735107421875,29.077857971191406
3.2109375,957.7264404296875,29.087051391601562
3.2265625,957.6909790039062,29.088882446289062
3.2421875,957.7514038085938,29.095497131347656
3.2578125,957.766357421875,29.094390869140625
3.2734375,957.7340698242188,29.098068237304688
3.2890625,957.7200317382812,29.1171875
3.3046875,957.7477416992188,29.10211181640625
3.3203125,957.7450561523438,29.116439819335938
3.3359375,957.7571411132812,29.128211975097656
3.3515625,957.7321166992188,29.117919921875
3.3671875,957.7262573242188,29.122695922851562
3.3828125,957.73388671875,29.13372039794922
3.3984375,957.72607421875,29.139236450195312
3.4140625,957.7367553710938,29.145103454589844
3.4296875,957.7540283203125,29.130775451660156
3.4453125,957.7251586914062,29.13628387451172
3.4609375,957.7734375,29.140335083007812
3.4765625,957.7266845703125,29.147682189941406
3.4921875,957.7447509765625,29.146949768066406
3.5078125,957.7601928710938,29.151718139648438
3.5234375,957.7589111328125,29.158706665039062
3.5390625,957.743408203125,29.157608032226562
3.5546875,957.7487182617188,29.15723419189453
3.5703125,957.7974853515625,29.151718139648438
3.5859375,957.7319946289062,29.151718139648438
3.6015625,957.738037109375,29.15392303466797
3.6171875,957.7578735351562,29.15723419189453
3.6328125,957.7272338867188,29.160537719726562
3.6484375,957.7346801757812,29.17376708984375
3.6640625,957.8087158203125,29.16973114013672
3.6796875,957.7623901367188,29.176345825195312
3.6953125,957.7536010742188,29.17046356201172
3.7109375,957.7470092773438,29.186996459960938
3.7265625,957.7564697265625,29.166793823242188
3.7421875,957.7061767578125,29.183334350585938
3.7578125,957.7249755859375,29.19140625
3.7734375,957.7329711914062,29.181854248046875
3.7890625,957.75,29.198394775390625
3.8046875,957.7294921875,29.192153930664062
3.8203125,957.7288818359375,29.192153930664062
3.8359375,957.7294311523438,29.199127197265625
3.8515625,957.7224731445312,29.213829040527344
3.8671875,957.73583984375,29.214935302734375
3.8828125,957.7573852539062,29.216033935546875
3.8984375,957.7653198242188,29.22447967529297
3.9140625,957.7749633789062,29.220443725585938
3.9296875,957.7615356445312,29.227432250976562
3.9453125,957.7252807617188,29.234771728515625
3.9609375,957.7492065429688,29.237350463867188
3.9765625,957.74951171875,29.249107360839844
3.9921875,957.7137451171875,29.239181518554688
4.0078125,957.7014770507812,29.24322509765625
4.0234375,957.69287109375,29.255348205566406
4.0390625,957.6959228515625,29.256820678710938
4.0546875,957.6793823242188,29.26233673095703
4.0703125,957.6744995117188,29.27593994140625
4.0859375,957.6818237304688,29.267852783203125
4.1015625,957.675048828125,29.27556610107422
4.1171875,957.68896484375,29.285118103027344
4.1328125,957.6600341796875,29.27739715576172
4.1484375,957.671875,29.285118103027344
4.1640625,957.67919921875,29.281448364257812
4.1796875,957.6812133789062,29.27483367919922
4.1953125,957.6788330078125,29.27483367919922
4.2109375,957.671630859375,29.266014099121094
4.2265625,957.6820068359375,29.251686096191406
4.2421875,957.6561279296875,29.250938415527344
4.2578125,957.6591186523438,29.256820678710938
4.2734375,957.6697998046875,29.253517150878906
4.2890625,957.66357421875,29.246902465820312
4.3046875,957.6754760742188,29.235877990722656
4.3203125,957.6724853515625,29.245071411132812
4.3359375,957.6573486328125,29.232940673828125
4.3515625,957.6769409179688,29.22081756591797
4.3671875,957.6763305664062,29.219345092773438
4.3828125,957.6660766601562,29.21015167236328
4.3984375,957.6741333007812,29.214202880859375
4.4140625,957.6768798828125,29.213829040527344
4.4296875,957.6858520507812,29.200225830078125
4.4453125,957.6754760742188,29.177444458007812
4.4609375,957.656005859375,29.1895751953125
4.4765625,957.6803588867188,29.177444458007812
4.4921875,957.6911010742188,29.179656982421875
4.5078125,957.671630859375,29.17156219482422
4.5234375,957.680908203125,29.159805297851562
4.5390625,957.6642456054688,29.17266845703125
4.5546875,957.6680297851562,29.164215087890625
4.5703125,957.6647338867188,29.143272399902344
4.5859375,957.6697998046875,29.147308349609375
4.6015625,957.6654663085938,29.13555908203125
4.6171875,957.661865234375,29.13445281982422
4.6328125,957.6516723632812,29.120849609375
4.6484375,957.6604614257812,29.1182861328125
4.6640625,957.6590576171875,29.110572814941406
4.6796875,957.6492919921875,29.106163024902344
4.6953125,957.653564453125,29.091461181640625
4.7109375,957.665283203125,29.095497131347656
4.7265625,957.6424560546875,29.08521270751953
4.7421875,957.6521606445312,29.070510864257812
4.7578125,957.6553955078125,29.06206512451172
4.7734375,957.650390625,29.060958862304688
4.7890625,957.6444091796875,29.046630859375
4.8046875,957.6530151367188,29.04698944091797
4.8203125,957.6566162109375,29.034500122070312
4.8359375,957.6470947265625,29.03376007080078
4.8515625,957.6552734375,29.023834228515625
4.8671875,957.6436767578125,29.021629333496094
4.8828125,957.6553955078125,29.000328063964844
4.8984375,957.6359252929688,29.004737854003906
4.9140625,957.6298217773438,28.99481201171875
4.9296875,957.6557006835938,28.99481201171875
4.9453125,957.668701171875,28.99664306640625
4.9609375,957.6653442382812,28.987098693847656
4.9765625,957.6566162109375,28.97900390625
4.9921875,957.654052734375,28.973495483398438
5.0078125,957.6559448242188,28.96063995361328
5.0234375,957.664794921875,28.954383850097656
5.0390625,957.6599731445312,28.952178955078125
5.0546875,957.6728515625,28.9444580078125
5.0703125,957.6583251953125,28.9437255859375
5.0859375,957.6583251953125,28.9415283203125
5.1015625,957.6622314453125,28.92498779296875
5.1171875,957.6612548828125,28.9407958984375
5.1328125,957.6716918945312,28.92498779296875
5.1484375,957.6612548828125,28.934181213378906
5.1640625,957.657958984375,28.92095184326172
5.1796875,957.6571655273438,28.920204162597656
5.1953125,957.6630249023438,28.91028594970703
5.2109375,957.6710205078125,28.916542053222656
5.2265625,957.677001953125,28.899261474609375
5.2421875,957.6669921875,28.893020629882812
5.2578125,957.6580200195312,28.902938842773438
5.2734375,957.6548461914062,28.88677215576172
5.2890625,957.6574096679688,28.883094787597656
5.3046875,957.6624145507812,28.886032104492188
5.3203125,957.6685791015625,28.88787841796875
5.3359375,957.6664428710938,28.879058837890625
5.3515625,957.6607666015625,28.8702392578125
5.3671875,957.652099609375,28.8739013671875
5.3828125,957.6513671875,28.86803436279297
5.3984375,957.6644897460938,28.882362365722656
5.4140625,957.6563720703125,28.87610626220703
5.4296875,957.6610717773438,28.87169647216797
5.4453125,957.6588745117188,28.861419677734375
5.4609375,957.6531982421875,28.863983154296875
5.4765625,957.6569213867188,28.85736846923828
5.4921875,957.6633911132812,28.85663604736328
5.5078125,957.6573486328125,28.845237731933594
5.5234375,957.6538696289062,28.849647521972656
5.5390625,957.6590576171875,28.85333251953125
5.5546875,957.6594848632812,28.851119995117188
5.5703125,957.6663818359375,28.85149383544922
5.5859375,957.655029296875,28.84082794189453
5.6015625,957.6696166992188,28.844879150390625
5.6171875,957.6704711914062,28.843406677246094
5.6328125,957.6744995117188,28.829444885253906
5.6484375,957.6600341796875,28.845611572265625
5.6640625,957.6699829101562,28.838623046875
5.6796875,957.660888671875,28.832382202148438
5.6953125,957.6632690429688,28.830177307128906
5.7109375,957.6547241210938,28.823562622070312
5.7265625,957.6622924804688,28.82135772705078
5.7421875,957.6621704101562,28.827598571777344
5.7578125,957.6753540039062,28.82318878173828
5.7734375,957.6622924804688,28.81732177734375
5.7890625,957.6647338867188,28.81915283203125
5.8046875,957.6649169921875,28.809959411621094
5.8203125,957.6646118164062,28.81915283203125
5.8359375,957.656005859375,28.822830200195312
5.8515625,957.6724243164062,28.81915283203125
5.8671875,957.6720581054688,28.829444885253906
5.8828125,957.6749267578125,28.815475463867188
5.8984375,957.6615600585938,28.82098388671875
5.9140625,957.6722412109375,28.821731567382812
5.9296875,957.6676635742188,28.81915283203125
5.9453125,957.6720581054688,28.823562622070312
5.9609375,957.675537109375,28.809234619140625
5.9765625,957.663330078125,28.812538146972656
5.9921875,957.6613159179688,28.806655883789062
6.0078125,957.6559448242188,28.808128356933594
6.0234375,957.6608276367188,28.806297302246094
6.0390625,957.6714477539062,28.804092407226562
6.0546875,957.6705322265625,28.806297302246094
6.0703125,957.6547241210938,28.804824829101562
6.0859375,957.6635131835938,28.789382934570312
6.1015625,957.658935546875,28.808860778808594
6.1171875,957.6669311523438,28.793067932128906
6.1328125,957.6622924804688,28.80004119873047
6.1484375,957.6528930664062,28.791221618652344
6.1640625,957.6484375,28.78534698486328
6.1796875,957.6682739257812,28.78791046142578
6.1953125,957.6558227539062,28.804824829101562
6.2109375,957.6664428710938,28.804092407226562
6.2265625,957.6676635742188,28.797836303710938
6.2421875,957.671142578125,28.794166564941406
6.2578125,957.6683959960938,28.80554962158203
6.2734375,957.66357421875,28.796005249023438
6.2890625,957.6672973632812,28.8033447265625
6.3046875,957.6603393554688,28.806297302246094
6.3203125,957.6636352539062,28.81805419921875
6.3359375,957.6541137695312,28.806297302246094
6.3515625,957.6678466796875,28.797836303710938
6.3671875,957.6521606445312,28.78791046142578
6.3828125,957.6612548828125,28.797836303710938
6.3984375,957.6717529296875,28.797836303710938
6.4140625,957.6610717773438,28.792320251464844
6.4296875,957.6593017578125,28.789382934570312
6.4453125,957.6513061523438,28.806297302246094
6.4609375,957.6565551757812,28.806297302246094
6.4765625,957.6547241210938,28.804092407226562
6.4921875,957.6633911132812,28.790863037109375
6.5078125,957.6591186523438,28.807022094726562
6.5234375,957.6697387695312,28.797836303710938
6.5390625,957.6468505859375,28.806297302246094
6.5546875,957.6607055664062,28.78791046142578
6.5703125,957.6469116210938,28.797103881835938
6.5859375,957.6526489257812,28.78791046142578
6.6015625,957.6528930664062,28.78460693359375
6.6171875,957.6686401367188,28.791221618652344
6.6328125,957.6603393554688,28.791221618652344
6.6484375,957.657958984375,28.792320251464844
6.6640625,957.6569213867188,28.788658142089844
6.6796875,957.6524047851562,28.788658142089844
6.6953125,957.6530151367188,28.78240203857422
6.7109375,957.6613159179688,28.796005249023438
6.7265625,957.6513061523438,28.772850036621094
6.7421875,957.6603393554688,28.788284301757812
6.7578125,957.6434326171875,28.791595458984375
6.7734375,957.6682739257812,28.78534698486328
6.7890625,957.6467895507812,28.773582458496094
6.8046875,957.6371459960938,28.78791046142578
6.8203125,957.6522216796875,28.76806640625
6.8359375,957.649658203125,28.78350067138672
6.8515625,957.6411743164062,28.78534698486328
6.8671875,957.6502685546875,28.768814086914062
6.8828125,957.6408081054688,28.78570556640625
6.8984375,957.6502685546875,28.772476196289062
6.9140625,957.6513671875,28.78093719482422
6.9296875,957.6432495117188,28.770645141601562
6.9453125,957.6309204101562,28.772850036621094
6.9609375,957.635986328125,28.78093719482422
6.9765625,957.6427001953125,28.76770782470703
6.9921875,957.6407470703125,28.76806640625
7.0078125,957.6622314453125,28.764404296875
7.0234375,957.6452026367188,28.758888244628906
7.0390625,957.6273803710938,28.768814086914062
7.0546875,957.6306762695312,28.775787353515625
7.0703125,957.6309204101562,28.768814086914062
7.0859375,957.6414794921875,28.759994506835938
7.1015625,957.634033203125,28.756317138671875
7.1171875,957.6444091796875,28.76806640625
7.1328125,957.6323852539062,28.758148193359375
7.1484375,957.6380004882812,28.7655029296875
7.1640625,957.6405029296875,28.76219940185547
7.1796875,957.6306762695312,28.76403045654297
7.1953125,957.6315307617188,28.761825561523438
7.2109375,957.64013671875,28.770645141601562
7.2265625,957.6286010742188,28.76586151123047
7.2421875,957.6304321289062,28.774681091308594
7.2578125,957.6248168945312,28.773582458496094
7.2734375,957.6412963867188,28.770645141601562
7.2890625,957.6505737304688,28.771743774414062
7.3046875,957.631591796875,28.76806640625
7.3203125,957.6378173828125,28.739044189453125
7.3359375,957.6272583007812,28.76586151123047
7.3515625,957.6281127929688,28.758148193359375
7.3671875,957.6231079101562,28.755943298339844
7.3828125,957.6365966796875,28.74565887451172
7.3984375,957.62841796875,28.753005981445312
7.4140625,957.6261596679688,28.755584716796875
7.4296875,957.6311645507812,28.74897003173828
7.4453125,957.6192016601562,28.759994506835938
7.4609375,957.6280517578125,28.753379821777344
7.4765625,957.6184692382812,28.762924194335938
7.4921875,957.6205444335938,28.741981506347656
7.5078125,957.6126098632812,28.771743774414062
7.5234375,957.6244506835938,28.767333984375
7.5390625,957.6085205078125,28.76329803466797
7.5546875,957.608154296875,28.751907348632812
7.5703125,957.6236572265625,28.759994506835938
7.5859375,957.62451171875,28.757041931152344
7.6015625,957.6272583007812,28.742355346679688
7.6171875,957.6215209960938,28.753738403320312
7.6328125,957.6268310546875,28.756317138671875
7.6484375,957.6241455078125,28.752273559570312
7.6640625,957.618408203125,28.74712371826172
7.6796875,957.6018676757812,28.753738403320312
7.6953125,957.6244506835938,28.753379821777344
7.7109375,957.623779296875,28.76329803466797
7.7265625,957.6033935546875,28.743812561035156
7.7421875,957.6097412109375,28.74859619140625
7.7578125,957.6049194335938,28.74859619140625
7.7734375,957.6007080078125,28.737945556640625
7.7890625,957.594970703125,28.755584716796875
7.8046875,957.61865234375,28.759994506835938
7.8203125,957.6077880859375,28.739402770996094
7.8359375,957.5997924804688,28.744918823242188
7.8515625,957.6098022460938,28.759994506835938
7.8671875,957.6107788085938,28.753379821777344
7.8828125,957.6077880859375,28.741981506347656
7.8984375,957.5935668945312,28.740875244140625
7.9140625,957.5921630859375,28.74639129638672
7.9296875,957.6016845703125,28.74712371826172
7.9453125,957.6029663085938,28.739044189453125
7.9609375,957.5919799804688,28.74712371826172
7.9765625,957.5923461914062,28.737197875976562
7.9921875,957.5977783203125,28.742355346679688
8.0078125,957.5994873046875,28.739402770996094
8.0234375,957.5980224609375,28.736099243164062
8.0390625,957.6375732421875,28.75263214111328
8.0546875,957.6190185546875,28.75263214111328
8.0703125,957.6565551757812,28.74456024169922
8.0859375,957.66943359375,28.753379821777344
8.1015625,957.7055053710938,28.757789611816406
8.1171875,957.7970581054688,28.757041931152344
8.1328125,957.7802734375,28.75080108642578
8.1484375,957.7659912109375,28.735366821289062
8.1640625,957.8901977539062,28.739402770996094
8.1796875,957.7505493164062,28.742355346679688
8.1953125,957.7127075195312,28.740875244140625
8.2109375,957.7911987304688,28.738677978515625
8.2265625,957.8898315429688,28.755584716796875
8.2421875,957.77294921875,28.753738403320312
8.2578125,957.810302734375,28.739044189453125
8.2734375,957.8267822265625,28.755943298339844
8.2890625,957.7950439453125,28.74712371826172
8.3046875,957.8109130859375,28.740875244140625
8.3203125,957.7531127929688,28.75080108642578
8.3359375,957.8052978515625,28.744918823242188
8.3515625,957.7456665039062,28.74897003173828
8.3671875,957.8235473632812,28.742355346679688
8.3828125,957.81640625,28.739776611328125
8.3984375,957.702392578125,28.734634399414062
8.4140625,957.7560424804688,28.731689453125
8.4296875,957.8087768554688,28.72801971435547
8.4453125,957.7720336914062,28.73499298095703
8.4609375,957.843017578125,28.731689453125
8.4765625,957.7713012695312,28.719200134277344
8.4921875,957.7897338867188,28.731689453125
8.5078125,957.6538696289062,28.719932556152344
8.5234375,957.7610473632812,28.7291259765625
8.5390625,957.8633422851562,28.715896606445312
8.5546875,957.7874755859375,28.716629028320312
8.5703125,957.6463623046875,28.706329345703125
8.5859375,957.7603149414062,28.716629028320312
8.6015625,957.723876953125,28.715896606445312
8.6171875,957.6911010742188,28.71184539794922
8.6328125,957.7626953125,28.721763610839844
8.6484375,957.7726440429688,28.71479034423828
8.6640625,957.6932373046875,28.701187133789062
8.6796875,957.7586669921875,28.707077026367188
8.6953125,957.8331298828125,28.703025817871094
8.7109375,957.7463989257812,28.698989868164062
8.7265625,957.7333984375,28.701919555664062
8.7421875,957.82421875,28.69715118408203
8.7578125,957.755859375,28.69384765625
8.7734375,957.750732421875,28.69420623779297
8.7890625,957.8556518554688,28.683921813964844
8.8046875,957.7569580078125,28.688331604003906
8.8203125,957.6859130859375,28.69420623779297
8.8359375,957.7127075195312,28.67877197265625
8.8515625,957.6998291015625,28.69605255126953
8.8671875,957.6956176757812,28.69788360595703
8.8828125,957.7404174804688,28.674728393554688
8.8984375,957.7423095703125,28.689796447753906
8.9140625,957.7116088867188,28.67400360107422
8.9296875,957.7118530273438,28.687957763671875
8.9453125,957.7442626953125,28.681716918945312
8.9609375,957.7156982421875,28.67400360107422
8.9765625,957.7095336914062,28.687232971191406
8.9921875,957.7120361328125,28.67694091796875
9.0078125,957.6763916015625,28.672897338867188
9.0234375,957.8815307617188,28.685760498046875
9.0390625,957.7892456054688,28.67694091796875
9.0546875,957.7699584960938,28.665542602539062
9.0703125,957.6907348632812,28.67620849609375
9.0859375,957.8134155273438,28.67803955078125
9.1015625,957.6384887695312,28.67803955078125
9.1171875,957.7444458007812,28.670318603515625
9.1328125,957.739501953125,28.666641235351562
9.1484375,957.7576293945312,28.667015075683594
9.1640625,957.7832641601562,28.666641235351562
9.1796875,957.75341796875,28.668121337890625
9.1953125,957.8607788085938,28.666641235351562
9.2109375,957.7975463867188,28.67803955078125
9.2265625,957.7754516601562,28.66002655029297
9.2421875,957.6961669921875,28.657821655273438
9.2578125,957.7512817382812,28.66187286376953
9.2734375,957.6957397460938,28.66443634033203
9.2890625,957.7252197265625,28.66002655029297
9.3046875,957.6990966796875,28.652313232421875
9.3203125,957.7896118164062,28.650482177734375
9.3359375,957.7709350585938,28.665184020996094
9.3515625,957.767578125,28.668846130371094
9.3671875,957.7297973632812,28.6614990234375
9.3828125,957.9708862304688,28.664810180664062
9.3984375,957.8735961914062,28.6611328125
9.4140625,957.8594970703125,28.66002655029297
9.4296875,957.811767578125,28.66187286376953
9.4453125,957.8304443359375,28.646438598632812
9.4609375,957.8568725585938,28.66002655029297
9.4765625,957.8754272460938,28.6593017578125
9.4921875,957.8450317382812,28.650482177734375
9.5078125,957.8114013671875,28.654159545898438
9.5234375,957.7986450195312,28.64496612548828
9.5390625,957.8948974609375,28.64569854736328
9.5546875,957.8251953125,28.634315490722656
9.5703125,957.80029296875,28.64055633544922
9.5859375,957.9439086914062,28.64238739013672
9.6015625,957.7933959960938,28.646072387695312
9.6171875,958.0790405273438,28.626953125
9.6328125,958.0026245117188,28.639450073242188
9.6484375,958.0389404296875,28.632843017578125
9.6640625,958.2052001953125,28.633209228515625
9.6796875,958.0764770507812,28.62549591064453
9.6953125,958.1961669921875,28.63872528076172
9.7109375,958.0341796875,28.633209228515625
9.7265625,958.1259765625,28.628433227539062
9.7421875,957.9801635742188,28.62474822998047
9.7578125,958.2639770507812,28.619979858398438
9.7734375,958.3069458007812,28.621444702148438
9.7890625,958.0413818359375,28.621810913085938
9.8046875,958.1487426757812,28.619239807128906
9.8203125,958.009033203125,28.62915802001953
9.8359375,957.864013671875,28.630264282226562
9.8515625,958.0078125,28.622543334960938
9.8671875,957.6990356445312,28.62291717529297
9.8828125,957.7437133789062,28.6258544921875
9.8984375,957.6862182617188,28.626220703125
9.9140625,957.851318359375,28.62549591064453
9.9296875,957.7833251953125,28.632469177246094
9.9453125,957.7935791015625,28.634315490722656
9.9609375,957.8056640625,28.617774963378906
9.9765625,957.766357421875,28.629531860351562
9.9921875,957.7335815429688,28.633941650390625
10.0078125,957.7501220703125,28.614830017089844
10.0234375,957.7297973632812,28.626220703125
10.0390625,957.6743774414062,28.621810913085938
10.0546875,957.758544921875,28.621444702148438
10.0703125,957.7548828125,28.626220703125
10.0859375,957.7767944335938,28.614830017089844
10.1015625,957.7363891601562,28.618881225585938
10.1171875,957.8231201171875,28.60931396484375
10.1328125,957.7191162109375,28.616676330566406
10.1484375,957.7586669921875,28.61042022705078
10.1640625,957.7156982421875,28.599395751953125
10.1796875,957.7032470703125,28.601600646972656
10.1953125,957.7892456054688,28.60454559326172
10.2109375,957.7918701171875,28.60344696044922
10.2265625,957.7680053710938,28.600868225097656
10.2421875,957.8260498046875,28.600868225097656
10.2578125,957.6986694335938,28.603805541992188
10.2734375,957.7430419921875,28.603073120117188
10.2890625,957.9353637695312,28.601600646972656
10.3046875,957.6969604492188,28.614830017089844
10.3203125,957.7059326171875,28.600494384765625
10.3359375,957.7706909179688,28.60748291015625
10.3515625,957.7100830078125,28.60858154296875
10.3671875,957.6976318359375,28.603073120117188
10.3828125,957.7286376953125,28.586532592773438
10.3984375,957.7090454101562,28.5887451171875
10.4140625,957.6688842773438,28.600868225097656
10.4296875,957.695068359375,28.5916748046875
10.4453125,957.7060546875,28.583961486816406
10.4609375,957.7010498046875,28.590576171875
10.4765625,957.7410888671875,28.592422485351562
10.4921875,957.6513061523438,28.581024169921875
10.5078125,957.6954345703125,28.578819274902344
10.5234375,957.6613159179688,28.581024169921875
10.5390625,957.7514038085938,28.5880126953125
10.5546875,957.64794921875,28.581024169921875
10.5703125,957.7102661132812,28.57330322265625
10.5859375,957.7054443359375,28.579551696777344
10.6015625,957.772705078125,28.558242797851562
10.6171875,957.7069091796875,28.57110595703125
10.6328125,957.7213134765625,28.563758850097656
10.6484375,957.706298828125,28.566696166992188
10.6640625,957.6588745117188,28.564483642578125
10.6796875,957.652099609375,28.566696166992188
10.6953125,957.683349609375,28.563758850097656
10.7109375,957.6728515625,28.552734375
10.7265625,957.6640625,28.551254272460938
10.7421875,957.7127685546875,28.55419158935547
10.7578125,957.6766967773438,28.564483642578125
10.7734375,957.7069091796875,28.550155639648438
10.7890625,957.7156982421875,28.545745849609375
10.8046875,957.6783447265625,28.541709899902344
10.8203125,957.6641235351562,28.543540954589844
10.8359375,957.6273193359375,28.542434692382812
10.8515625,957.7052612304688,28.549423217773438
10.8671875,957.6499633789062,28.53986358642578
10.8828125,957.65625,28.543914794921875
10.8984375,957.6632080078125,28.531784057617188
10.9140625,957.6172485351562,28.526275634765625
10.9296875,957.6209106445312,28.531417846679688
10.9453125,957.6822509765625,28.525169372558594
10.9609375,957.71435546875,28.516708374023438
10.9765625,957.6621704101562,28.525527954101562
10.9921875,957.6458129882812,28.528480529785156
11.0078125,957.6544189453125,28.524070739746094
11.0234375,957.6498413085938,28.52332305908203
11.0390625,957.6409301757812,28.528106689453125
11.0546875,957.6270751953125,28.52222442626953
11.0703125,957.6419067382812,28.526275634765625
11.0859375,957.6358642578125,28.516708374023438
11.1015625,957.6329956054688,28.50568389892578
11.1171875,957.640380859375,28.52332305908203
11.1328125,957.6337280273438,28.531784057617188
11.1484375,957.645263671875,28.51634979248047
11.1640625,957.6246948242188,28.526275634765625
11.1796875,957.631591796875,28.52332305908203
11.1953125,957.6295776367188,28.52332305908203
11.2109375,957.6266479492188,28.526275634765625
11.2265625,957.6417846679688,28.51781463623047
11.2421875,957.6295776367188,28.52332305908203
11.2578125,957.6253662109375,28.514877319335938
11.2734375,957.628662109375,28.52332305908203
11.2890625,957.6259765625,28.531417846679688
11.3046875,957.6273803710938,28.52332305908203
11.3203125,957.637939453125,28.516708374023438
11.3359375,957.6246948242188,28.527374267578125
11.3515625,957.6083984375,28.51966094970703
11.3671875,957.61669921875,28.527374267578125
11.3828125,957.6174926757812,28.524429321289062
11.3984375,957.6207885742188,28.51966094970703
11.4140625,957.6209106445312,28.526275634765625
11.4296875,957.61669921875,28.51966094970703
11.4453125,957.6160888671875,28.526275634765625
11.4609375,957.6065673828125,28.526634216308594
11.4765625,957.607177734375,28.531417846679688
11.4921875,957.6071166992188,28.528839111328125
11.5078125,957.6027221679688,28.52149200439453
11.5234375,957.61328125,28.51525115966797
11.5390625,957.6061401367188,28.51966094970703
11.5546875,957.6058959960938,28.524429321289062
11.5703125,957.60107421875,28.514877319335938
11.5859375,957.6049194335938,28.524070739746094
11.6015625,957.5896606445312,28.52075958251953
11.6171875,957.5960083007812,28.525169372558594
11.6328125,957.60888671875,28.529937744140625
11.6484375,957.5747680664062,28.533615112304688
11.6640625,957.6127319335938,28.514877319335938
11.6796875,957.5947265625,28.514877319335938
11.6953125,957.607177734375,28.531784057617188
11.7109375,957.60888671875,28.52332305908203
11.7265625,957.5872192382812,28.531417846679688
11.7421875,957.6052856445312,28.531784057617188
11.7578125,957.6052856445312,28.53472137451172
11.7734375,957.5901489257812,28.529579162597656
11.7890625,957.5802001953125,28.545013427734375
11.8046875,957.5983276367188,28.531417846679688
11.8203125,957.6148071289062,28.540237426757812
11.8359375,957.6074829101562,28.530685424804688
11.8515625,957.6016845703125,28.53289031982422
11.8671875,957.596435546875,28.52332305908203
11.8828125,957.5955810546875,28.531417846679688
11.8984375,957.5880126953125,28.531417846679688
11.9140625,957.5899047851562,28.53545379638672
11.9296875,957.5830078125,28.533248901367188
11.9453125,957.6067504882812,28.530685424804688
11.9609375,957.5879516601562,28.531417846679688
11.9765625,957.5969848632812,28.543167114257812
11.9921875,957.6029663085938,28.525169372558594
12.0078125,957.5892944335938,28.543914794921875
12.0234375,957.59765625,28.531417846679688
12.0390625,957.5850830078125,28.526275634765625
12.0546875,957.5785522460938,28.513778686523438
12.0703125,957.5845336914062,28.542068481445312
12.0859375,957.58740234375,28.52332305908203
12.1015625,957.5831298828125,28.531417846679688
12.1171875,957.5880126953125,28.52332305908203
12.1328125,957.5704956054688,28.545745849609375
12.1484375,957.5894165039062,28.53655242919922
12.1640625,957.5765991210938,28.53509521484375
12.1796875,957.5890502929688,28.543167114257812
12.1953125,957.5975341796875,28.527374267578125
12.2109375,957.5894165039062,28.541336059570312
12.2265625,957.594970703125,28.542068481445312
12.2421875,957.5831909179688,28.542434692382812
12.2578125,957.580810546875,28.53472137451172
12.2734375,957.5930786132812,28.525169372558594
12.2890625,957.5725708007812,28.542068481445312
12.3046875,957.583740234375,28.545013427734375
12.3203125,957.58935546875,28.53509521484375
12.3359375,957.6021118164062,28.545013427734375
12.3515625,957.5863647460938,28.542434692382812
12.3671875,957.5849609375,28.542068481445312
12.3828125,957.5802001953125,28.53509521484375
12.3984375,957.5747680664062,28.546119689941406
12.4140625,957.5728149414062,28.546119689941406
12.4296875,957.5758666992188,28.54096221923828
12.4453125,957.5799560546875,28.531417846679688
12.4609375,957.5916748046875,28.545013427734375
12.4765625,957.573974609375,28.542068481445312
12.4921875,957.5695190429688,28.542434692382812
12.5078125,957.5802001953125,28.53472137451172
12.5234375,957.5859985351562,28.546119689941406
12.5390625,957.5829467773438,28.542434692382812
12.5546875,957.5867919921875,28.53986358642578
12.5703125,957.5960693359375,28.548324584960938
12.5859375,957.5980834960938,28.545013427734375
12.6015625,957.5899658203125,28.550155639648438
12.6171875,957.5875854492188,28.533615112304688
12.6328125,957.5668334960938,28.545013427734375
12.6484375,957.573974609375,28.546478271484375
12.6640625,957.5872192382812,28.545013427734375
12.6796875,957.5846557617188,28.560073852539062
12.6953125,957.5623168945312,28.549423217773438
12.7109375,957.5779418945312,28.54096221923828
12.7265625,957.5859985351562,28.529579162597656
12.7421875,957.5926513671875,28.53509521484375
12.7578125,957.5711669921875,28.542068481445312
12.7734375,957.5843505859375,28.541709899902344
12.7890625,957.5783081054688,28.549423217773438
12.8046875,957.5791015625,28.543540954589844
12.8203125,957.5767211914062,28.532516479492188
12.8359375,957.5709228515625,28.53472137451172
12.8515625,957.5669555664062,28.53986358642578
12.8671875,957.5798950195312,28.549423217773438
12.8828125,957.5791015625,28.545013427734375
12.8984375,957.5679321289062,28.543167114257812
12.9140625,957.5844116210938,28.558242797851562
12.9296875,957.5781860351562,28.546844482421875
12.9453125,957.5770874023438,28.550155639648438
12.9609375,957.5726928710938,28.541709899902344
12.9765625,957.5628051757812,28.549423217773438
12.9921875,957.5684204101562,28.551254272460938
13.0078125,957.5614624023438,28.53802490234375
13.0234375,957.5779418945312,28.558242797851562
13.0390625,957.5692749023438,28.550155639648438
13.0546875,957.5684814453125,28.548324584960938
13.0703125,957.5760498046875,28.55677032470703
13.0859375,957.5911254882812,28.549057006835938
13.1015625,957.568359375,28.55493927001953
13.1171875,957.5587768554688,28.549423217773438
13.1328125,957.5773315429688,28.549423217773438
13.1484375,957.576171875,28.549423217773438
13.1640625,957.5748901367188,28.5556640625
13.1796875,957.5708618164062,28.551254272460938
13.1953125,957.5882568359375,28.556396484375
13.2109375,957.5756225585938,28.55750274658203
13.2265625,957.5912475585938,28.55493927001953
13.2421875,957.5587768554688,28.564483642578125
13.2578125,957.5698852539062,28.558975219726562
13.2734375,957.5466918945312,28.551254272460938
13.2890625,957.556640625,28.549423217773438
13.3046875,957.5844116210938,28.551254272460938
13.3203125,957.5555419921875,28.546119689941406
13.3359375,957.563232421875,28.551986694335938
13.3515625,957.5686645507812,28.558242797851562
13.3671875,957.5758666992188,28.551986694335938
13.3828125,957.5460815429688,28.560806274414062
13.3984375,957.5760498046875,28.564483642578125
13.4140625,957.5728759765625,28.560073852539062
13.4296875,957.57421875,28.5538330078125
13.4453125,957.5689086914062,28.55493927001953
13.4609375,957.5689697265625,28.563758850097656
13.4765625,957.5650634765625,28.564483642578125
13.4921875,957.5628051757812,28.568893432617188
13.5078125,957.5703735351562,28.579551696777344
13.5234375,957.5594482421875,28.564483642578125
13.5390625,957.5628051757812,28.56816864013672
13.5546875,957.5601196289062,28.563758850097656
13.5703125,957.5668334960938,28.559349060058594
13.5859375,957.580078125,28.564483642578125
13.6015625,957.5633544921875,28.558975219726562
13.6171875,957.5615234375,28.56816864013672
13.6328125,957.5614013671875,28.560073852539062
13.6484375,957.5784301757812,28.560073852539062
13.6640625,957.5802001953125,28.5556640625
13.6796875,957.5743408203125,28.55750274658203
13.6953125,957.5572509765625,28.558975219726562
13.7109375,957.5586547851562,28.563758850097656
13.7265625,957.5650634765625,28.576614379882812
13.7421875,957.5662841796875,28.564483642578125
13.7578125,957.5657348632812,28.566322326660156
13.7734375,957.5707397460938,28.566696166992188
13.7890625,957.5474853515625,28.564483642578125
13.8046875,957.5628051757812,28.560073852539062
13.8203125,957.5695190429688,28.56926727294922
13.8359375,957.5656127929688,28.563758850097656
13.8515625,957.5728149414062,28.56816864013672
13.8671875,957.5553588867188,28.550155639648438
13.8828125,957.5648803710938,28.565589904785156
13.8984375,957.5640258789062,28.560073852539062
13.9140625,957.5606079101562,28.560073852539062
13.9296875,957.5575561523438,28.56816864013672
13.9453125,957.5614013671875,28.559349060058594
13.9609375,957.5616455078125,28.563758850097656
13.9765625,957.557861328125,28.566696166992188
13.9921875,957.5545654296875,28.563758850097656
14.0078125,957.5626831054688,28.56816864013672
14.0234375,957.5571899414062,28.566322326660156
14.0390625,957.5653076171875,28.560073852539062
14.0546875,957.5623168945312,28.57330322265625
14.0703125,957.5899047851562,28.565589904785156
14.0859375,957.5997924804688,28.56926727294922
14.1015625,957.6061401367188,28.564483642578125
14.1171875,957.6074829101562,28.57367706298828
14.1328125,957.6058959960938,28.581024169921875
14.1484375,957.6126098632812,28.576988220214844
14.1640625,957.6217651367188,28.57330322265625
14.1796875,957.626220703125,28.57330322265625
14.1953125,957.6256103515625,28.57440948486328
14.2109375,957.662109375,28.583229064941406
14.2265625,957.6486206054688,28.602699279785156
14.2421875,957.6797485351562,28.594627380371094
14.2578125,957.678955078125,28.602699279785156
14.2734375,957.6588745117188,28.595352172851562
14.2890625,957.6885986328125,28.597564697265625
14.3046875,957.6644287109375,28.60638427734375
14.3203125,957.6639404296875,28.62291717529297
14.3359375,957.6686401367188,28.60931396484375
14.3515625,957.6732788085938,28.62291717529297
14.3671875,957.6918334960938,28.62915802001953
14.3828125,957.665771484375,28.64128875732422
14.3984375,957.7032470703125,28.627700805664062
14.4140625,957.6672973632812,28.64128875732422
14.4296875,957.6931762695312,28.64496612548828
14.4453125,957.6785888671875,28.653411865234375
14.4609375,957.6979370117188,28.650482177734375
14.4765625,957.664794921875,28.650482177734375
14.4921875,957.6923217773438,28.66187286376953
14.5078125,957.6773071289062,28.6614990234375
14.5234375,957.7391967773438,28.6593017578125
14.5390625,957.7074584960938,28.66187286376953
14.5546875,957.7494506835938,28.6611328125
14.5703125,957.7153930664062,28.670318603515625
14.5859375,957.7365112304688,28.6622314453125
14.6015625,957.7352294921875,28.681350708007812
14.6171875,957.691162109375,28.67694091796875
14.6328125,957.7562255859375,28.68207550048828
14.6484375,957.7299194335938,28.683921813964844
14.6640625,957.7426147460938,28.67877197265625
14.6796875,957.749267578125,28.697509765625
14.6953125,957.7278442382812,28.705596923828125
14.7109375,957.718505859375,28.701560974121094
14.7265625,957.775390625,28.700820922851562
14.7421875,957.7562255859375,28.706329345703125
14.7578125,957.7567749023438,28.716629028320312
14.7734375,957.767333984375,28.7298583984375
14.7890625,957.74609375,28.722869873046875
14.8046875,957.7638549804688,28.738677978515625
14.8203125,957.7171020507812,28.72801971435547
14.8359375,957.7350463867188,28.726547241210938
14.8515625,957.7391967773438,28.745285034179688
14.8671875,957.7225341796875,28.739044189453125
14.8828125,957.7993774414062,28.752273559570312
14.8984375,957.7531127929688,28.753379821777344
14.9140625,957.7203979492188,28.76586151123047
14.9296875,957.7495727539062,28.76770782470703
14.9453125,957.7438354492188,28.7662353515625
14.9609375,957.7264404296875,28.78314208984375
14.9765625,957.7150268554688,28.797836303710938
14.9921875,957.7296752929688,28.797836303710938
15.0078125,957.7296752929688,28.804824829101562
15.0234375,957.7421875,28.821731567382812
15.0390625,957.7486572265625,28.824295043945312
15.0546875,957.75537109375,28.81732177734375
15.0703125,957.7255249023438,28.82209014892578
15.0859375,957.6986694335938,28.825393676757812
15.1015625,957.712646484375,28.840103149414062
15.1171875,957.7009887695312,28.832008361816406
15.1328125,957.760986328125,28.8360595703125
15.1484375,957.7196655273438,28.8360595703125
15.1640625,957.7542114257812,28.842300415039062
15.1796875,957.735107421875,28.833480834960938
15.1953125,957.6937255859375,28.85480499267578
15.2109375,957.7328491210938,28.848922729492188
15.2265625,957.7216186523438,28.868392944335938
15.2421875,957.74609375,28.863983154296875
15.2578125,957.7033081054688,28.86913299560547
15.2734375,957.7622680664062,28.87500762939453
15.2890625,957.7265625,28.881988525390625
15.3046875,957.7433471679688,28.881622314453125
15.3203125,957.7235717773438,28.884201049804688
15.3359375,957.7506713867188,28.898902893066406
15.3515625,957.7169799804688,28.89191436767578
15.3671875,957.7520751953125,28.894851684570312
15.3828125,957.7130126953125,28.912490844726562
15.3984375,957.7439575195312,28.91028594970703
15.4140625,957.7180786132812,28.91028594970703
15.4296875,957.72998046875,28.92572021484375
15.4453125,957.7274169921875,28.912857055664062
15.4609375,957.7350463867188,28.912132263183594
15.4765625,957.7278442382812,28.92461395263672
15.4921875,957.72607421875,28.928298950195312
15.5078125,957.7102661132812,28.933074951171875
15.5234375,957.73583984375,28.940048217773438
15.5390625,957.72998046875,28.9407958984375
15.5546875,957.7079467773438,28.937118530273438
15.5703125,957.6981811523438,28.951446533203125
15.5859375,957.7114868164062,28.947036743164062
15.6015625,957.6978759765625,28.949615478515625
15.6171875,957.6987915039062,28.955482482910156
15.6328125,957.7059326171875,28.973495483398438
15.6484375,957.6803588867188,28.955482482910156
15.6640625,957.6982421875,28.947036743164062
15.6796875,957.7091674804688,28.954757690429688
15.6953125,957.7070922851562,28.947036743164062
15.7109375,957.6901245117188,28.954383850097656
15.7265625,957.6951293945312,28.954383850097656
15.7421875,957.6903076171875,28.949974060058594
15.7578125,957.7095947265625,28.969818115234375
15.7734375,957.6965942382812,28.96026611328125
15.7890625,957.6962890625,28.954025268554688
15.8046875,957.6992797851562,28.967987060546875
15.8203125,957.6809692382812,28.99444580078125
15.8359375,957.6793823242188,28.96430206298828
15.8515625,957.6705322265625,28.967254638671875
15.8671875,957.6964111328125,28.9779052734375
15.8828125,957.6831665039062,28.97570037841797
15.8984375,957.6763305664062,28.987098693847656
15.9140625,957.6858520507812,28.990402221679688
15.9296875,957.6825561523438,28.99664306640625
15.9453125,957.6760864257812,28.988929748535156
15.9609375,957.6729736328125,28.975326538085938
15.9765625,957.6829223632812,28.988929748535156
15.9921875,957.6788330078125,28.98011016845703
16.0078125,957.6494140625,28.78791046142578
16.0234375,957.640380859375,28.78534698486328
16.0390625,957.635986328125,28.768814086914062
16.0546875,957.6116333007812,28.777259826660156
16.0703125,957.6220703125,28.78093719482422
16.0859375,957.630126953125,28.758148193359375
16.1015625,957.624267578125,28.76329803466797
16.1171875,957.6307373046875,28.76586151123047
16.1328125,957.6310424804688,28.756317138671875
16.1484375,957.6253662109375,28.768814086914062
16.1640625,957.6312866210938,28.759620666503906
16.1796875,957.6322631835938,28.758148193359375
16.1953125,957.615966796875,28.74859619140625
16.2109375,957.6090698242188,28.76770782470703
16.2265625,957.619873046875,28.7662353515625
16.2421875,957.6239624023438,28.75042724609375
16.2578125,957.62841796875,28.75006866455078
16.2734375,957.6234741210938,28.758148193359375
16.2890625,957.6303100585938,28.74859619140625
16.3046875,957.6221923828125,28.757041931152344
16.3203125,957.6217651367188,28.741981506347656
16.3359375,957.6227416992188,28.75006866455078
16.3515625,957.6300659179688,28.74712371826172
16.3671875,957.6184692382812,28.752273559570312
16.3828125,957.6267700195312,28.740875244140625
16.3984375,957.618408203125,28.739776611328125
16.4140625,957.6177978515625,28.736099243164062
16.4296875,957.60546875,28.742713928222656
16.4453125,957.6293334960938,28.73058319091797
16.4609375,957.6215209960938,28.736099243164062
16.4765625,957.6268310546875,28.745285034179688
16.4921875,957.6088256835938,28.743087768554688
16.5078125,957.6275634765625,28.739402770996094
16.5234375,957.6223754882812,28.736839294433594
16.5390625,957.612060546875,28.73058319091797
16.5546875,957.6161499023438,28.73499298095703
16.5703125,957.6255493164062,28.739402770996094
16.5859375,957.6223754882812,28.731689453125
16.6015625,957.6217041015625,28.73499298095703
16.6171875,957.599365234375,28.73133087158203
16.6328125,957.6163330078125,28.739044189453125
16.6484375,957.609375,28.73133087158203
16.6640625,957.6102905273438,28.7298583984375
16.6796875,957.620361328125,28.733535766601562
16.6953125,957.6224975585938,28.726547241210938
16.7109375,957.6074829101562,28.728378295898438
16.7265625,957.5987548828125,28.722869873046875
16.7421875,957.6041259765625,28.726173400878906
16.7578125,957.62109375,28.737571716308594
16.7734375,957.6038208007812,28.734634399414062
16.7890625,957.6052856445312,28.741981506347656
16.8046875,957.6095581054688,28.735366821289062
16.8203125,957.6007080078125,28.738677978515625
16.8359375,957.6211547851562,28.735740661621094
16.8515625,957.6089477539062,28.725074768066406
16.8671875,957.6109008789062,28.731689453125
16.8828125,957.6085815429688,28.724716186523438
16.8984375,957.5870361328125,28.738677978515625
16.9140625,957.6027221679688,28.731689453125
16.9296875,957.603271484375,28.725448608398438
16.9453125,957.6072998046875,28.731689453125
16.9609375,957.5961303710938,28.735366821289062
16.9765625,957.6012573242188,28.73499298095703
16.9921875,957.5988159179688,28.731689453125
17.0078125,957.6056518554688,28.727279663085938
17.0234375,957.589111328125,28.722869873046875
17.0390625,957.5899047851562,28.726547241210938
17.0546875,957.6057739257812,28.72801971435547
17.0703125,957.6075439453125,28.725448608398438
17.0859375,957.6056518554688,28.721763610839844
17.1015625,957.6116943359375,28.71514892578125
17.1171875,957.589599609375,28.7298583984375
17.1328125,957.5929565429688,28.722511291503906
17.1484375,957.6011352539062,28.725448608398438
17.1640625,957.5906982421875,28.719932556152344
17.1796875,957.6013793945312,28.722869873046875
17.1953125,957.5904541015625,28.722869873046875
17.2109375,957.585693359375,28.710739135742188
17.2265625,957.596923828125,28.719558715820312
17.2421875,957.5853881835938,28.72875213623047
17.2578125,957.6052856445312,28.72801971435547
17.2734375,957.5993041992188,28.708908081054688
17.2890625,957.5962524414062,28.731689453125
17.3046875,957.6038818359375,28.710006713867188
17.3203125,957.6021728515625,28.719200134277344
17.3359375,957.5853881835938,28.71294403076172
17.3515625,957.6038208007812,28.71294403076172
17.3671875,957.5894165039062,28.721763610839844
17.3828125,957.5824584960938,28.71479034423828
17.3984375,957.5860595703125,28.71258544921875
17.4140625,957.5774536132812,28.71479034423828
17.4296875,957.5848999023438,28.716629028320312
17.4453125,957.5916137695312,28.715896606445312
17.4609375,957.577880859375,28.71148681640625
17.4765625,957.5845336914062,28.710006713867188
17.4921875,957.5843505859375,28.707077026367188
17.5078125,957.5858154296875,28.708175659179688
17.5234375,957.5859985351562,28.708175659179688
17.5390625,957.5990600585938,28.719932556152344
17.5546875,957.5781860351562,28.710739135742188
17.5703125,957.594482421875,28.71221923828125
17.5859375,957.5774536132812,28.71258544921875
17.6015625,957.5792846679688,28.722869873046875
17.6171875,957.5880126953125,28.719200134277344
17.6328125,957.5853881835938,28.716629028320312
17.6484375,957.5969848632812,28.708175659179688
17.6640625,957.579345703125,28.720664978027344
17.6796875,957.5806274414062,28.710739135742188
17.6953125,957.5867919921875,28.71479034423828
17.7109375,957.5955810546875,28.710739135742188
17.7265625,957.58740234375,28.71184539794922
17.7421875,957.5797729492188,28.69715118408203
17.7578125,957.5778198242188,28.703025817871094
17.7734375,957.5723876953125,28.704872131347656
17.7890625,957.5725708007812,28.708175659179688
17.8046875,957.571044921875,28.707809448242188
17.8203125,957.5841674804688,28.701187133789062
17.8359375,957.5899658203125,28.701187133789062
17.8515625,957.6025390625,28.701187133789062
17.8671875,957.5912475585938,28.69788360595703
17.8828125,957.5831909179688,28.71258544921875
17.8984375,957.5983276367188,28.71148681640625
17.9140625,957.596435546875,28.69420623779297
17.9296875,957.598876953125,28.71258544921875
17.9453125,957.622802734375,28.708908081054688
17.9609375,957.6533203125,28.708175659179688
17.9765625,957.62646484375,28.702293395996094
17.9921875,957.6480102539062,28.708175659179688
18.0078125,957.6640625,28.71479034423828
18.0234375,957.6701049804688,28.725448608398438
18.0390625,957.6890258789062,28.719200134277344
18.0546875,957.7134399414062,28.71294403076172
18.0703125,957.6615600585938,28.722869873046875
18.0859375,957.6220703125,28.726547241210938
18.1015625,957.6754760742188,28.726547241210938
18.1171875,957.6646728515625,28.72801971435547
18.1328125,957.6975708007812,28.724342346191406
18.1484375,957.6864624023438,28.735740661621094
18.1640625,957.685302734375,28.735366821289062
18.1796875,957.6661376953125,28.73242950439453
18.1953125,957.6818237304688,28.739402770996094
18.2109375,957.7225341796875,28.739044189453125
18.2265625,957.6873779296875,28.74565887451172
18.2421875,957.6939697265625,28.756317138671875
18.2578125,957.712890625,28.753379821777344
18.2734375,957.7252197265625,28.760353088378906
18.2890625,957.690673828125,28.757415771484375
18.3046875,957.6856079101562,28.76403045654297
18.3203125,957.6994018554688,28.762924194335938
18.3359375,957.7630004882812,28.76403045654297
18.3515625,957.7041015625,28.774322509765625
18.3671875,957.7355346679688,28.7662353515625
18.3828125,957.739501953125,28.76844024658203
18.3984375,957.7296752929688,28.78093719482422
18.4140625,957.7291259765625,28.77983856201172
18.4296875,957.7069091796875,28.788658142089844
18.4453125,957.7620239257812,28.780563354492188
18.4609375,957.7308349609375,28.787551879882812
18.4765625,957.7184448242188,28.797836303710938
18.4921875,957.7385864257812,28.797103881835938
18.5078125,957.7492065429688,28.790863037109375
18.5234375,957.7318725585938,28.790863037109375
18.5390625,957.7163696289062,28.797836303710938
18.5546875,957.798095703125,28.788658142089844
18.5703125,957.707763671875,28.789382934570312
18.5859375,957.7025756835938,28.791595458984375
18.6015625,957.7963256835938,28.789382934570312
18.6171875,957.761474609375,28.792320251464844
18.6328125,957.7051391601562,28.804824829101562
18.6484375,957.7254638671875,28.80298614501953
18.6640625,957.7032470703125,28.80004119873047
18.6796875,957.7315673828125,28.794166564941406
18.6953125,957.724365234375,28.808128356933594
18.7109375,957.7329711914062,28.806297302246094
18.7265625,957.7249755859375,28.804824829101562
18.7421875,957.7224731445312,28.804824829101562
18.7578125,957.716552734375,28.82098388671875
18.7734375,957.6942749023438,28.808128356933594
18.7890625,957.7120971679688,28.82098388671875
18.8046875,957.6984252929688,28.816574096679688
18.8203125,957.7379760742188,28.815475463867188
18.8359375,957.7283325195312,28.81952667236328
18.8515625,957.7127075195312,28.825767517089844
18.8671875,957.7305297851562,28.8360595703125
18.8828125,957.7030029296875,28.844879150390625
18.8984375,957.71875,28.847816467285156
18.9140625,957.73388671875,28.847816467285156
18.9296875,957.7041015625,28.8375244140625
18.9453125,957.73828125,28.842300415039062
18.9609375,957.707763671875,28.844879150390625
18.9765625,957.7205200195312,28.8367919921875
18.9921875,957.7012329101562,28.85295867919922
19.0078125,957.7153930664062,28.848922729492188
19.0234375,957.689453125,28.85663604736328
19.0390625,957.741943359375,28.861045837402344
19.0546875,957.6970825195312,28.85590362548828
19.0703125,957.7626953125,28.863983154296875
19.0859375,957.7015380859375,28.863983154296875
19.1015625,957.6676635742188,28.865455627441406
19.1171875,957.6939697265625,28.865455627441406
19.1328125,957.6761474609375,28.87244415283203
19.1484375,957.6768798828125,28.876853942871094
19.1640625,957.670654296875,28.881988525390625
19.1796875,957.70458984375,28.867286682128906
19.1953125,957.703125,28.878311157226562
19.2109375,957.7083129882812,28.87169647216797
19.2265625,957.6875,28.875747680664062
19.2421875,957.7123413085938,28.876480102539062
19.2578125,957.697998046875,28.874649047851562
19.2734375,957.6954956054688,28.876853942871094
19.2890625,957.692138671875,28.880157470703125
19.3046875,957.6925659179688,28.89264678955078
19.3203125,957.682373046875,28.883827209472656
19.3359375,957.6951904296875,28.883827209472656
19.3515625,957.7173461914062,28.892288208007812
19.3671875,957.6978149414062,28.88677215576172
19.3828125,957.6788330078125,28.875747680664062
19.3984375,957.6777954101562,28.884201049804688
19.4140625,957.723876953125,28.884201049804688
19.4296875,957.6666259765625,28.89044189453125
19.4453125,957.710205078125,28.898529052734375
19.4609375,957.6889038085938,28.884201049804688
19.4765625,957.6982421875,28.894851684570312
19.4921875,957.689208984375,28.896697998046875
19.5078125,957.6995239257812,28.884201049804688
19.5234375,957.6987915039062,28.899261474609375
19.5390625,957.6895751953125,28.899261474609375
19.5546875,957.7283935546875,28.90955352783203
19.5703125,957.6906127929688,28.90331268310547
19.5859375,957.663818359375,28.90882110595703
19.6015625,957.6912231445312,28.90587615966797
19.6171875,957.6908569335938,28.912490844726562
19.6328125,957.6844482421875,28.899261474609375
19.6484375,957.6895751953125,28.90514373779297
19.6640625,957.6937255859375,28.901107788085938
19.6796875,957.710693359375,28.90955352783203
19.6953125,957.7025756835938,28.915435791015625
19.7109375,957.7007446289062,28.899261474609375
19.7265625,957.6895751953125,28.904037475585938
19.7421875,957.7102661132812,28.904769897460938
19.7578125,957.66748046875,28.920204162597656
19.7734375,957.688720703125,28.90955352783203
19.7890625,957.6852416992188,28.901466369628906
19.8046875,957.694580078125,28.896697998046875
19.8203125,957.6798095703125,28.90331268310547
19.8359375,957.6727294921875,28.928298950195312
19.8515625,957.6775512695312,28.909927368164062
19.8671875,957.6858520507812,28.90587615966797
19.8828125,957.6705322265625,28.90955352783203
19.8984375,957.696533203125,28.90697479248047
19.9140625,957.6737060546875,28.917999267578125
19.9296875,957.6759643554688,28.92572021484375
19.9453125,957.6737060546875,28.90955352783203
19.9609375,957.6739501953125,28.92461395263672
19.9765625,957.6759643554688,28.92095184326172
19.9921875,957.696533203125,28.914337158203125
20.0078125,957.681640625,28.92278289794922
20.0234375,957.6722412109375,28.917266845703125
20.0390625,957.6806640625,28.912857055664062
20.0546875,957.6712036132812,28.912857055664062
20.0703125,957.6694946289062,28.917266845703125
20.0859375,957.6716918945312,28.91028594970703
20.1015625,957.6697998046875,28.930130004882812
20.1171875,957.6729736328125,28.916168212890625
20.1328125,957.6686401367188,28.914337158203125
20.1484375,957.6630859375,28.92646026611328
20.1640625,957.6470336914062,28.916900634765625
20.1796875,957.6557006835938,28.90514373779297
20.1953125,957.6680908203125,28.91028594970703
20.2109375,957.6549682617188,28.912490844726562
20.2265625,957.6599731445312,28.90955352783203
20.2421875,957.656005859375,28.903671264648438
20.2578125,957.6387939453125,28.9066162109375
20.2734375,957.6444091796875,28.912490844726562
20.2890625,957.6396484375,28.9073486328125
20.3046875,957.6594848632812,28.90587615966797
20.3203125,957.6491088867188,28.91138458251953
20.3359375,957.6395263671875,28.90587615966797
20.3515625,957.62890625,28.904037475585938
20.3671875,957.6543579101562,28.9080810546875
20.3828125,957.6392822265625,28.90955352783203
20.3984375,957.6470947265625,28.90955352783203
20.4140625,957.6459350585938,28.894851684570312
20.4296875,957.6409301757812,28.900733947753906
20.4453125,957.651611328125,28.899261474609375
20.4609375,957.641357421875,28.90514373779297
20.4765625,957.6287841796875,28.896697998046875
20.4921875,957.6505737304688,28.89191436767578
20.5078125,957.636474609375,28.894851684570312
20.5234375,957.6432495117188,28.881988525390625
20.5390625,957.6396484375,28.875747680664062
20.5546875,957.6360473632812,28.8720703125
20.5703125,957.6427001953125,28.876853942871094
20.5859375,957.6414794921875,28.882720947265625
20.6015625,957.6396484375,28.877578735351562
20.6171875,957.63623046875,28.8702392578125
20.6328125,957.6407470703125,28.871337890625
20.6484375,957.6290893554688,28.876853942871094
20.6640625,957.6396484375,28.8739013671875
20.6796875,957.6311645507812,28.865081787109375
20.6953125,957.6337890625,28.863983154296875
20.7109375,957.64013671875,28.8702392578125
20.7265625,957.6378784179688,28.865455627441406
20.7421875,957.6231079101562,28.869491577148438
20.7578125,957.6354370117188,28.8702392578125
20.7734375,957.6306762695312,28.860313415527344
20.7890625,957.6332397460938,28.85405731201172
20.8046875,957.6290893554688,28.8702392578125
20.8203125,957.6401977539062,28.866928100585938
20.8359375,957.6351318359375,28.864723205566406
20.8515625,957.6348876953125,28.868759155273438
20.8671875,957.6431274414062,28.85295867919922
20.8828125,957.6254272460938,28.85333251953125
20.8984375,957.6171875,28.85149383544922
20.9140625,957.6336669921875,28.85663604736328
20.9296875,957.6156005859375,28.847816467285156
20.9453125,957.6409912109375,28.844879150390625
20.9609375,957.6151123046875,28.84082794189453
20.9765625,957.632568359375,28.85149383544922
20.9921875,957.6287841796875,28.860313415527344
21.0078125,957.6344604492188,28.848922729492188
21.0234375,957.628662109375,28.845985412597656
21.0390625,957.619873046875,28.849647521972656
21.0546875,957.61669921875,28.85222625732422
21.0703125,957.6253662109375,28.847816467285156
21.0859375,957.6284790039062,28.85590362548828
21.1015625,957.6047973632812,28.8360595703125
21.1171875,957.6248779296875,28.840103149414062
21.1328125,957.611083984375,28.850753784179688
21.1484375,957.6109008789062,28.848190307617188
21.1640625,957.6279296875,28.851119995117188
21.1796875,957.633544921875,28.835693359375
21.1953125,957.626708984375,28.833114624023438
21.2109375,957.6258544921875,28.83972930908203
21.2265625,957.6050415039062,28.81988525390625
21.2421875,957.61083984375,28.830177307128906
21.2578125,957.625,28.841575622558594
21.2734375,957.6224975585938,28.840469360351562
21.2890625,957.6044921875,28.82318878173828
21.3046875,957.608154296875,28.830551147460938
21.3203125,957.602294921875,28.826499938964844
21.3359375,957.6151123046875,28.838623046875
21.3515625,957.6162109375,28.8360595703125
21.3671875,957.6189575195312,28.834213256835938
21.3828125,957.6158447265625,28.824661254882812
21.3984375,957.6017456054688,28.81915283203125
21.4140625,957.6077270507812,28.826499938964844
21.4296875,957.5912475585938,28.80224609375
21.4453125,957.5994873046875,28.815475463867188
21.4609375,957.6038208007812,28.828346252441406
21.4765625,957.6159057617188,28.811805725097656
21.4921875,957.5938720703125,28.81732177734375
21.5078125,957.5950317382812,28.824661254882812
21.5234375,957.602294921875,28.821731567382812
21.5390625,957.5955200195312,28.815475463867188
21.5546875,957.6168823242188,28.814743041992188
21.5703125,957.5845947265625,28.821731567382812
21.5859375,957.6091918945312,28.825393676757812
21.6015625,957.5887451171875,28.808128356933594
21.6171875,957.6119995117188,28.81732177734375
21.6328125,957.5919799804688,28.823562622070312
21.6484375,957.6016235351562,28.823562622070312
21.6640625,957.5908203125,28.81805419921875
21.6796875,957.5951538085938,28.81915283203125
21.6953125,957.6029663085938,28.808128356933594
21.7109375,957.5935668945312,28.815475463867188
21.7265625,957.5877075195312,28.821731567382812
21.7421875,957.6014404296875,28.815475463867188
21.7578125,957.5949096679688,28.81915283203125
21.7734375,957.604736328125,28.808128356933594
21.7890625,957.5899658203125,28.8033447265625
21.8046875,957.603271484375,28.808502197265625
21.8203125,957.6060791015625,28.80004119873047
21.8359375,957.6028442382812,28.797836303710938
21.8515625,957.5932006835938,28.808860778808594
21.8671875,957.5870971679688,28.80224609375
21.8828125,957.5863647460938,28.810707092285156
21.8984375,957.5913696289062,28.804824829101562
21.9140625,957.5932006835938,28.792320251464844
21.9296875,957.6116333007812,28.804824829101562
21.9453125,957.5907592773438,28.794166564941406
21.9609375,957.5879516601562,28.804092407226562
21.9765625,957.5906982421875,28.8004150390625
21.9921875,957.58740234375,28.81694793701172
22.0078125,957.5908203125,28.804824829101562
22.0234375,957.586669921875,28.789382934570312
22.0390625,957.5923461914062,28.796005249023438
22.0546875,957.5863037109375,28.78791046142578
22.0703125,957.5950317382812,28.788658142089844
22.0859375,957.5850830078125,28.78791046142578
22.1015625,957.5801391601562,28.787185668945312
22.1171875,957.5789794921875,28.796005249023438
22.1328125,957.5809936523438,28.78460693359375
22.1484375,957.587646484375,28.77983856201172
22.1640625,957.59130859375,28.772850036621094
22.1796875,957.5728149414062,28.792320251464844
22.1953125,957.5764770507812,28.789382934570312
22.2109375,957.5863037109375,28.791221618652344
22.2265625,957.5989379882812,28.78460693359375
22.2421875,957.5894165039062,28.789756774902344
22.2578125,957.5869140625,28.796730041503906
22.2734375,957.5894165039062,28.78791046142578
22.2890625,957.5855102539062,28.790115356445312
22.3046875,957.5875854492188,28.778732299804688
22.3203125,957.5841064453125,28.789756774902344
22.3359375,957.5923461914062,28.78534698486328
22.3515625,957.5848388671875,28.780563354492188
22.3671875,957.5842895507812,28.78240203857422
22.3828125,957.591552734375,28.78093719482422
22.3984375,957.583740234375,28.78350067138672
22.4140625,957.5982055664062,28.780563354492188
22.4296875,957.6080932617188,28.797103881835938
22.4453125,957.6484985351562,28.78791046142578
22.4609375,957.6671752929688,28.78460693359375
22.4765625,957.6716918945312,28.788658142089844
22.4921875,957.6588745117188,28.789382934570312
22.5078125,957.7286987304688,28.78534698486328
22.5234375,957.68896484375,28.807022094726562
22.5390625,957.6786499023438,28.80113983154297
22.5546875,957.7066040039062,28.804092407226562
22.5703125,957.7254638671875,28.807022094726562
22.5859375,957.7328491210938,28.8033447265625
22.6015625,957.74560546875,28.808128356933594
22.6171875,957.7759399414062,28.808128356933594
22.6328125,957.7621459960938,28.81842041015625
22.6484375,957.7685546875,28.81915283203125
22.6640625,957.779296875,28.826499938964844
22.6796875,957.7818603515625,28.840469360351562
22.6953125,957.8040161132812,28.847816467285156
22.7109375,957.7779541015625,28.866561889648438
22.7265625,957.779296875,28.863983154296875
22.7421875,957.7628784179688,28.87244415283203
22.7578125,957.828125,28.881263732910156
22.7734375,957.8361206054688,28.892288208007812
22.7890625,957.7807006835938,28.884201049804688
22.8046875,957.814453125,28.912490844726562
22.8203125,957.7749633789062,28.916542053222656
22.8359375,957.7723388671875,28.916900634765625
22.8515625,957.8391723632812,28.9415283203125
22.8671875,957.8403930664062,28.949615478515625
22.8828125,957.878662109375,28.96026611328125
22.8984375,957.8422241210938,28.973495483398438
22.9140625,957.79296875,28.991134643554688
22.9296875,957.8102416992188,28.99737548828125
22.9453125,957.7786254882812,29.007675170898438
22.9609375,957.8898315429688,29.03376007080078
22.9765625,957.8286743164062,29.044052124023438
22.9921875,957.8041381835938,29.05066680908203
23.0078125,957.857177734375,29.06719970703125
23.0234375,957.7874145507812,29.08521270751953
23.0390625,957.7868041992188,29.074546813964844
23.0546875,957.7922973632812,29.098068237304688
23.0703125,957.7933959960938,29.141067504882812
23.0859375,957.8006591796875,29.15209197998047
23.1015625,957.8304443359375,29.15723419189453
23.1171875,957.760498046875,29.15723419189453
23.1328125,957.8463745117188,29.160537719726562
23.1484375,957.787109375,29.174514770507812
23.1640625,957.7908935546875,29.178176879882812
23.1796875,957.7835693359375,29.192153930664062
23.1953125,957.8319091796875,29.212722778320312
23.2109375,957.8441162109375,29.22081756591797
23.2265625,957.7978515625,29.228530883789062
23.2421875,957.8809204101562,29.250938415527344
23.2578125,957.8527221679688,29.254623413085938
23.2734375,957.8697509765625,29.27629852294922
23.2890625,957.8147583007812,29.27483367919922
23.3046875,957.8694458007812,29.286590576171875
23.3203125,957.8908081054688,29.309738159179688
23.3359375,957.8556518554688,29.318557739257812
23.3515625,957.8881225585938,29.322967529296875
23.3671875,957.8175659179688,29.324806213378906
23.3828125,957.9066162109375,29.33216094970703
23.3984375,957.8250732421875,29.353836059570312
23.4140625,957.8367919921875,29.3677978515625
23.4296875,957.8775024414062,29.386184692382812
23.4453125,957.890625,29.411537170410156
23.4609375,957.9039916992188,29.411163330078125
23.4765625,957.8842163085938,29.427330017089844
23.4921875,957.8154296875,29.432846069335938
23.5078125,957.8248901367188,29.443138122558594
23.5234375,957.8969116210938,29.45453643798828
23.5390625,957.8331298828125,29.465919494628906
23.5546875,957.8121948242188,29.480995178222656
23.5703125,957.7916259765625,29.48981475830078
23.5859375,957.7936401367188,29.48944091796875
23.6015625,957.7656860351562,29.5059814453125
23.6171875,957.7928466796875,29.52398681640625
23.6328125,957.7988891601562,29.52251434326172
23.6484375,957.7778930664062,29.52581787109375
23.6640625,957.7543334960938,29.529502868652344
23.6796875,957.8363647460938,29.546768188476562
23.6953125,957.8011474609375,29.552276611328125
23.7109375,957.8087768554688,29.55779266357422
23.7265625,957.7658081054688,29.555213928222656
23.7421875,957.7650756835938,29.554115295410156
23.7578125,957.7858276367188,29.55596160888672
23.7734375,957.7902221679688,29.566238403320312
23.7890625,957.8097534179688,29.562576293945312
23.8046875,957.8020629882812,29.55852508544922
23.8203125,957.8237915039062,29.571754455566406
23.8359375,957.8435668945312,29.56037139892578
23.8515625,957.831787109375,29.569549560546875
23.8671875,957.809326171875,29.55889892578125
23.8828125,957.8292236328125,29.564407348632812
23.8984375,957.8790893554688,29.562576293945312
23.9140625,957.8050537109375,29.571395874023438
23.9296875,957.7940673828125,29.572494506835938
23.9453125,957.8048095703125,29.546035766601562
23.9609375,957.7927856445312,29.553382873535156
23.9765625,957.8673095703125,29.539779663085938
23.9921875,957.8064575195312,29.534271240234375
24.0078125,957.827392578125,29.551551818847656
24.0234375,957.7991943359375,29.52068328857422
24.0390625,957.7789916992188,29.521408081054688
24.0546875,957.7819213867188,29.512588500976562
24.0703125,957.848388671875,29.519577026367188
24.0859375,957.8008422851562,29.50670623779297
24.1015625,957.8281860351562,29.499359130859375
24.1171875,957.7857666015625,29.485031127929688
24.1328125,957.8367919921875,29.48981475830078
24.1484375,957.8002319335938,29.480247497558594
24.1640625,957.8070068359375,29.47583770751953
24.1796875,957.8446655273438,29.478790283203125
24.1953125,957.8355102539062,29.47400665283203
24.2109375,957.8349609375,29.47142791748047
24.2265625,957.7770385742188,29.47400665283203
24.2421875,957.810546875,29.47217559814453
24.2578125,957.7758178710938,29.466293334960938
24.2734375,957.7711791992188,29.47142791748047
24.2890625,957.7960815429688,29.464454650878906
24.3046875,957.8340454101562,29.468490600585938
24.3203125,957.760498046875,29.4710693359375
24.3359375,957.8126831054688,29.472900390625
24.3515625,957.8212280273438,29.466293334960938
24.3671875,957.8331298828125,29.468490600585938
24.3828125,957.7862548828125,29.4736328125
24.3984375,957.7628784179688,29.47400665283203
24.4140625,957.7623291015625,29.477310180664062
24.4296875,957.7972412109375,29.480247497558594
24.4453125,957.7855834960938,29.47142791748047
24.4609375,957.7537231445312,29.466659545898438
24.4765625,957.7843017578125,29.462249755859375
24.4921875,957.85107421875,29.463356018066406
24.5078125,957.7857055664062,29.45563507080078
24.5234375,957.7658081054688,29.449752807617188
24.5390625,957.7682495117188,29.443138122558594
24.5546875,957.7539672851562,29.443138122558594
24.5703125,957.7485961914062,29.43614959716797
24.5859375,957.7352905273438,29.443138122558594
24.6015625,957.752685546875,29.443138122558594
24.6171875,957.7615966796875,29.440933227539062
24.6328125,957.7523803710938,29.432846069335938
24.6484375,957.7474975585938,29.426971435546875
24.6640625,957.7421875,29.415206909179688
24.6796875,957.7988891601562,29.41594696044922
24.6953125,957.7255859375,29.413375854492188
24.7109375,957.7098999023438,29.3994140625
24.7265625,957.7900390625,29.41484832763672
24.7421875,957.762939453125,29.42182159423828
24.7578125,957.7196044921875,29.40345001220703
24.7734375,957.7470092773438,29.39904022216797
24.7890625,957.7471923828125,29.390953063964844
24.8046875,957.7701416015625,29.39720916748047
24.8203125,957.8148803710938,29.395736694335938
24.8359375,957.7521362304688,29.390594482421875
24.8515625,957.7164916992188,29.375160217285156
24.8671875,957.7394409179688,29.3677978515625
24.8828125,957.7970581054688,29.38250732421875
24.8984375,957.780029296875,29.38433837890625
24.9140625,957.7974853515625,29.372207641601562
24.9296875,957.7903442382812,29.3670654296875
24.9453125,957.773193359375,29.371475219726562
24.9609375,957.8052368164062,29.38250732421875
24.9765625,957.78125,29.386917114257812
24.9921875,957.8192138671875,29.378097534179688
25.0078125,957.7408447265625,29.386917114257812
25.0234375,957.74951171875,29.396102905273438
25.0390625,957.7521362304688,29.41667938232422
25.0546875,957.7928466796875,29.404922485351562
25.0703125,957.7381591796875,29.415573120117188
25.0859375,957.6968383789062,29.406387329101562
25.1015625,957.6889038085938,29.429176330566406
25.1171875,957.6970825195312,29.43946075439453
25.1328125,957.6766967773438,29.429176330566406
25.1484375,957.7012329101562,29.4365234375
25.1640625,957.6787109375,29.447547912597656
25.1796875,957.682861328125,29.45526123046875
25.1953125,957.6876831054688,29.446075439453125
25.2109375,957.6790161132812,29.45269012451172
25.2265625,957.6834106445312,29.457473754882812
25.2421875,957.6802368164062,29.451583862304688
25.2578125,957.6778564453125,29.45453643798828
25.2734375,957.6644897460938,29.447547912597656
25.2890625,957.6756591796875,29.444244384765625
25.3046875,957.6652221679688,29.450851440429688
25.3203125,957.667724609375,29.450851440429688
25.3359375,957.6688842773438,29.447547912597656
25.3515625,957.663818359375,29.443511962890625
25.3671875,957.662109375,29.425498962402344
25.3828125,957.6598510742188,29.440200805664062
25.3984375,957.6791381835938,29.435791015625
25.4140625,957.6608276367188,29.413002014160156
25.4296875,957.66748046875,29.431015014648438
25.4453125,957.6799926757812,29.422195434570312
25.4609375,957.6694946289062,29.42035675048828
25.4765625,957.655029296875,29.413742065429688
25.4921875,957.6591796875,29.40087127685547
25.5078125,957.6610107421875,29.392051696777344
25.5234375,957.6552734375,29.392051696777344
25.5390625,957.6600341796875,29.36890411376953
25.5546875,957.6637573242188,29.368545532226562
25.5703125,957.6547241210938,29.365966796875
25.5859375,957.6616821289062,29.358978271484375
25.6015625,957.64599609375,29.343185424804688
25.6171875,957.650390625,29.342445373535156
25.6328125,957.652099609375,29.33216094970703
25.6484375,957.659423828125,29.299819946289062
25.6640625,957.6491088867188,29.280349731445312
25.6796875,957.6489868164062,29.284011840820312
25.6953125,957.664794921875,29.264915466308594
25.7109375,957.6688232421875,29.250938415527344
25.7265625,957.6769409179688,29.25865936279297
25.7421875,957.6748046875,29.234405517578125
25.7578125,957.6675415039062,29.24322509765625
25.7734375,957.6719970703125,29.228164672851562
25.7890625,957.665771484375,29.2230224609375
25.8046875,957.6605224609375,29.214935302734375
25.8203125,957.6727905273438,29.214561462402344
25.8359375,957.6727294921875,29.214935302734375
25.8515625,957.6775512695312,29.20611572265625
25.8671875,957.6796875,29.203536987304688
25.8828125,957.6806030273438,29.19104766845703
25.8984375,957.6704711914062,29.193252563476562
25.9140625,957.6879272460938,29.1884765625
25.9296875,957.6724853515625,29.186996459960938
25.9453125,957.6730346679688,29.179283142089844
25.9609375,957.6710815429688,29.176345825195312
25.9765625,957.6826171875,29.174514770507812
25.9921875,957.6824951171875,29.17046356201172
26.0078125,957.6939697265625,29.162384033203125
26.0234375,957.696044921875,29.164947509765625
26.0390625,957.6851196289062,29.164947509765625
26.0546875,957.683349609375,29.1561279296875
26.0703125,957.6871948242188,29.154296875
26.0859375,957.6840209960938,29.142539978027344
26.1015625,957.6781005859375,29.1553955078125
26.1171875,957.682373046875,29.143646240234375
26.1328125,957.6870727539062,29.148788452148438
26.1484375,957.6864624023438,29.147308349609375
26.1640625,957.6785888671875,29.148788452148438
26.1796875,957.669189453125,29.13555908203125
26.1953125,957.6749877929688,29.130043029785156
26.2109375,957.6821899414062,29.126007080078125
26.2265625,957.6984252929688,29.126739501953125
26.2421875,957.6813354492188,29.1190185546875
26.2578125,957.6859130859375,29.1190185546875
26.2734375,957.6806030273438,29.12305450439453
26.2890625,957.6838989257812,29.121597290039062
26.3046875,957.6890258789062,29.109100341796875
26.3203125,957.6848754882812,29.10541534423828
26.3359375,957.6845092773438,29.10541534423828
26.3515625,957.6749877929688,29.110572814941406
26.3671875,957.675537109375,29.112777709960938
26.3828125,957.6876220703125,29.10285186767578
26.3984375,957.6931762695312,29.077857971191406
26.4140625,957.6806030273438,29.10028076171875
26.4296875,957.6864013671875,29.09734344482422
26.4453125,957.6669311523438,29.09917449951172
26.4609375,957.6797485351562,29.106887817382812
26.4765625,957.6710205078125,29.08336639404297
26.4921875,957.677001953125,29.087051391601562
26.5078125,957.6630249023438,29.077857971191406
26.5234375,957.6549682617188,29.079330444335938
26.5390625,957.6675415039062,29.06610107421875
26.5546875,957.662109375,29.071983337402344
26.5703125,957.6615600585938,29.062789916992188
26.5859375,957.6749877929688,29.06683349609375
26.6015625,957.655029296875,29.058753967285156
26.6171875,957.6661376953125,29.062789916992188
26.6328125,957.659423828125,29.057655334472656
26.6484375,957.669677734375,29.059860229492188
26.6640625,957.654296875,29.044784545898438
26.6796875,957.6588745117188,29.046630859375
26.6953125,957.6608276367188,29.039268493652344
26.7109375,957.6582641601562,29.037063598632812
26.7265625,957.6574096679688,29.03229522705078
26.7421875,957.6552124023438,29.036705017089844
26.7578125,957.6551513671875,29.03376007080078
26.7734375,957.6416015625,29.028244018554688
26.7890625,957.6500854492188,29.02788543701172
26.8046875,957.6636352539062,29.0113525390625
26.8203125,957.6495361328125,29.015762329101562
26.8359375,957.6488037109375,29.01538848876953
26.8515625,957.6547241210938,29.006942749023438
26.8671875,957.6490478515625,29.007675170898438
26.8828125,957.6444091796875,29.003990173339844
26.8984375,957.6691284179688,28.992233276367188
26.9140625,957.6506958007812,28.987098693847656
26.9296875,957.6506958007812,28.975326538085938
26.9453125,957.6489868164062,28.988929748535156
26.9609375,957.647216796875,28.987098693847656
26.9765625,957.650146484375,28.983413696289062
26.9921875,957.6467895507812,28.983413696289062
27.0078125,957.6431884765625,28.9779052734375
27.0234375,957.6563720703125,28.987457275390625
27.0390625,957.6417846679688,28.97643280029297
27.0546875,957.6490478515625,28.969459533691406
27.0703125,957.6513061523438,28.972396850585938
27.0859375,957.64453125,28.97386932373047
27.1015625,957.645751953125,28.96430206298828
27.1171875,957.6478881835938,28.972396850585938
27.1328125,957.64453125,28.96430206298828
27.1484375,957.6437377929688,28.968353271484375
27.1640625,957.6452026367188,28.965774536132812
27.1796875,957.6580200195312,28.971290588378906
27.1953125,957.6455078125,28.95623016357422
27.2109375,957.6428833007812,28.95989227294922
27.2265625,957.6444091796875,28.963577270507812
27.2421875,957.6650390625,28.956954956054688
27.2578125,957.6369018554688,28.966148376464844
27.2734375,957.6605224609375,28.96430206298828
27.2890625,957.6573486328125,28.966148376464844
27.3046875,957.651611328125,28.949974060058594
27.3203125,957.6482543945312,28.952178955078125
27.3359375,957.6566772460938,28.943359375
27.3515625,957.645751953125,28.9415283203125
27.3671875,957.6484985351562,28.96099853515625
27.3828125,957.6469116210938,28.952178955078125
27.3984375,957.6639404296875,28.943359375
27.4140625,957.6475830078125,28.949974060058594
27.4296875,957.6434326171875,28.943359375
27.4453125,957.6630249023438,28.95879364013672
27.4609375,957.6692504882812,28.955482482910156
27.4765625,957.6499633789062,28.94556427001953
27.4921875,957.654296875,28.952178955078125
27.5078125,957.6507568359375,28.948867797851562
27.5234375,957.6492919921875,28.948867797851562
27.5390625,957.6367797851562,28.949615478515625
27.5546875,957.6564331054688,28.947036743164062
27.5703125,957.6431274414062,28.949615478515625
27.5859375,957.6487426757812,28.950714111328125
27.6015625,957.6392822265625,28.94300079345703
27.6171875,957.6481323242188,28.945205688476562
27.6328125,957.6541748046875,28.9444580078125
27.6484375,957.6427612304688,28.946304321289062
27.6640625,957.6358642578125,28.9444580078125
27.6796875,957.638671875,28.955856323242188
