# Time (seconds),Pressure,Temp
0.0078125,952.7359008789062,26.523483276367188
0.0234375,952.75927734375,26.531944274902344
0.0390625,952.7553100585938,26.515037536621094
0.0546875,952.744140625,26.505844116210938
0.0703125,952.752685546875,26.520919799804688
0.0859375,952.7440185546875,26.52899932861328
0.1015625,952.7550048828125,26.517616271972656
0.1171875,952.7431030273438,26.509521484375
0.1328125,952.7422485351562,26.521652221679688
0.1484375,952.7656860351562,26.537818908691406
0.1640625,952.7403564453125,26.52643585205078
0.1796875,952.7667236328125,26.535614013671875
0.1953125,952.749755859375,26.529739379882812
0.2109375,952.7640380859375,26.529739379882812
0.2265625,952.7706298828125,26.537460327148438
0.2421875,952.7523193359375,26.534507751464844
0.2578125,952.7465209960938,26.53009796142578
0.2734375,952.7425537109375,26.534881591796875
0.2890625,952.7716674804688,26.53966522216797
0.3046875,952.7500610351562,26.535614013671875
0.3203125,952.749755859375,26.53009796142578
0.3359375,952.744873046875,26.535980224609375
0.3515625,952.740234375,26.530845642089844
0.3671875,952.748046875,26.534507751464844
0.3828125,952.7603759765625,26.53009796142578
0.3984375,952.7544555664062,26.52385711669922
0.4140625,952.7544555664062,26.533782958984375
0.4296875,952.761474609375,26.535980224609375
0.4453125,952.7587280273438,26.53009796142578
0.4609375,952.7628784179688,26.535980224609375
0.4765625,952.7694091796875,26.52568817138672
0.4921875,952.7606201171875,26.53009796142578
0.5078125,952.7670288085938,26.532302856445312
0.5234375,952.745849609375,26.522750854492188
0.5390625,952.7501831054688,26.529373168945312
0.5546875,952.7550659179688,26.538917541503906
0.5703125,952.7589721679688,26.531204223632812
0.5859375,952.749267578125,26.52532958984375
0.6015625,952.748046875,26.534149169921875
0.6171875,952.7297973632812,26.535614013671875
0.6328125,952.72998046875,26.53966522216797
0.6484375,952.7734375,26.5426025390625
0.6640625,952.7593383789062,26.54517364501953
0.6796875,952.765625,26.54149627685547
0.6953125,952.7610473632812,26.535255432128906
0.7109375,952.7615966796875,26.54773712158203
0.7265625,952.7467041015625,26.541122436523438
0.7421875,952.74609375,26.54332733154297
0.7578125,952.7498168945312,26.54517364501953
0.7734375,952.7523803710938,26.535980224609375
0.7890625,952.7545166015625,26.537460327148438
0.8046875,952.7534790039062,26.549583435058594
0.8203125,952.7445068359375,26.53966522216797
0.8359375,952.7548828125,26.539291381835938
0.8515625,952.7494506835938,26.551788330078125
0.8671875,952.7548828125,26.54517364501953
0.8828125,952.7470703125,26.535614013671875
0.8984375,952.7682495117188,26.5426025390625
0.9140625,952.7778930664062,26.54517364501953
0.9296875,952.787109375,26.539291381835938
0.9453125,952.7894897460938,26.53966522216797
0.9609375,952.77880859375,26.548843383789062
0.9765625,952.8012084960938,26.549209594726562
0.9921875,952.8126220703125,26.535980224609375
1.0078125,952.8268432617188,26.551788330078125
1.0234375,952.8362426757812,26.54590606689453
1.0390625,952.8307495117188,26.55730438232422
1.0546875,952.822998046875,26.54443359375
1.0703125,952.810302734375,26.554351806640625
1.0859375,952.8526611328125,26.56024169921875
1.1015625,952.8203125,26.553619384765625
1.1171875,952.827392578125,26.549583435058594
1.1328125,952.8090209960938,26.563919067382812
1.1484375,952.8236694335938,26.555099487304688
1.1640625,952.8114013671875,26.556556701660156
1.1796875,952.8079223632812,26.54517364501953
1.1953125,952.8109741210938,26.551422119140625
1.2109375,952.8235473632812,26.549209594726562
1.2265625,952.822265625,26.54517364501953
1.2421875,952.845703125,26.56317138671875
1.2578125,952.8109741210938,26.54773712158203
1.2734375,952.8172607421875,26.549583435058594
1.2890625,952.829345703125,26.54443359375
1.3046875,952.815673828125,26.548843383789062
1.3203125,952.819091796875,26.539291381835938
1.3359375,952.8278198242188,26.536354064941406
1.3515625,952.8458862304688,26.532302856445312
1.3671875,952.8217163085938,26.530845642089844
1.3828125,952.8173217773438,26.537818908691406
1.3984375,952.844970703125,26.537086486816406
1.4140625,952.8078002929688,26.529373168945312
1.4296875,952.8077392578125,26.53966522216797
1.4453125,952.8087158203125,26.52568817138672
1.4609375,952.8449096679688,26.520919799804688
1.4765625,952.8324584960938,26.52385711669922
1.4921875,952.8106689453125,26.52385711669922
1.5078125,952.8285522460938,26.515411376953125
1.5234375,952.8116455078125,26.52385711669922
1.5390625,952.8154296875,26.52532958984375
1.5546875,952.813232421875,26.517242431640625
1.5703125,952.8446655273438,26.531570434570312
1.5859375,952.8335571289062,26.515037536621094
1.6015625,952.8158569335938,26.505844116210938
1.6171875,952.8190307617188,26.503280639648438
1.6328125,952.8474731445312,26.509521484375
1.6484375,952.8792114257812,26.505111694335938
1.6640625,952.8052368164062,26.505844116210938
1.6796875,952.8190307617188,26.511001586914062
1.6953125,952.8494262695312,26.521278381347656
1.7109375,952.8206176757812,26.513931274414062
1.7265625,952.84375,26.513931274414062
1.7421875,952.8139038085938,26.501075744628906
1.7578125,952.8197631835938,26.509521484375
1.7734375,952.8164672851562,26.50548553466797
1.7890625,952.8239135742188,26.494461059570312
1.8046875,952.8388671875,26.505844116210938
1.8203125,952.81005859375,26.495567321777344
1.8359375,952.844970703125,26.495567321777344
1.8515625,952.815673828125,26.509521484375
1.8671875,952.8451538085938,26.50732421875
1.8828125,952.8084106445312,26.504013061523438
1.8984375,952.7991943359375,26.499229431152344
1.9140625,952.83935546875,26.498504638671875
1.9296875,952.8242797851562,26.499977111816406
1.9453125,952.8280029296875,26.49188232421875
1.9609375,952.8494262695312,26.49078369140625
1.9765625,952.8307495117188,26.494461059570312
1.9921875,952.84130859375,26.503280639648438
2.0078125,952.845703125,26.505111694335938
2.0234375,952.8255004882812,26.499229431152344
2.0390625,952.8070068359375,26.477554321289062
2.0546875,952.8079223632812,26.488204956054688
2.0703125,952.814453125,26.49005126953125
2.0859375,952.8031616210938,26.49005126953125
2.1015625,952.8097534179688,26.467636108398438
2.1171875,952.8391723632812,26.485641479492188
2.1328125,952.827880859375,26.476455688476562
2.1484375,952.8203125,26.49078369140625
2.1640625,952.8038330078125,26.484169006347656
2.1796875,952.81396484375,26.475723266601562
2.1953125,952.82568359375,26.47534942626953
2.2109375,952.8148803710938,26.488204956054688
2.2265625,952.798828125,26.480133056640625
2.2421875,952.8165283203125,26.487472534179688
2.2578125,952.8148803710938,26.484169006347656
2.2734375,952.8013916015625,26.47167205810547
2.2890625,952.839599609375,26.495567321777344
2.3046875,952.8359985351562,26.48674774169922
2.3203125,952.8087768554688,26.463592529296875
2.3359375,952.7993774414062,26.479385375976562
2.3515625,952.810546875,26.47167205810547
2.3671875,952.7977905273438,26.466529846191406
2.3828125,952.7924194335938,26.47534942626953
2.3984375,952.7872924804688,26.467262268066406
2.4140625,952.8038330078125,26.476455688476562
2.4296875,952.8035888671875,26.47314453125
2.4453125,952.817626953125,26.468360900878906
2.4609375,952.809326171875,26.467636108398438
2.4765625,952.8129272460938,26.47314453125
2.4921875,952.7877807617188,26.467636108398438
2.5078125,952.8451538085938,26.459182739257812
2.5234375,952.7941284179688,26.47167205810547
2.5390625,952.8120727539062,26.465423583984375
2.5546875,952.8091430664062,26.476455688476562
2.5703125,952.8448486328125,26.4720458984375
2.5859375,952.882080078125,26.464698791503906
2.6015625,952.8436279296875,26.480491638183594
2.6171875,952.8344116210938,26.47314453125
2.6328125,952.8158569335938,26.467636108398438
2.6484375,952.796142578125,26.465797424316406
2.6640625,952.8025512695312,26.465797424316406
2.6796875,952.8126831054688,26.460647583007812
2.6953125,952.8038330078125,26.468360900878906
2.7109375,952.7890625,26.459182739257812
2.7265625,952.7882080078125,26.465797424316406
2.7421875,952.7990112304688,26.468360900878906
2.7578125,952.7998046875,26.468360900878906
2.7734375,952.7848510742188,26.47461700439453
2.7890625,952.78662109375,26.480491638183594
2.8046875,952.7980346679688,26.47718048095703
2.8203125,952.802490234375,26.476455688476562
2.8359375,952.8005981445312,26.472412109375
2.8515625,952.7972412109375,26.461746215820312
2.8671875,952.780029296875,26.465423583984375
2.8828125,952.7797241210938,26.463592529296875
2.8984375,952.784423828125,26.463592529296875
2.9140625,952.786865234375,26.47020721435547
2.9296875,952.786865234375,26.465797424316406
2.9453125,952.794189453125,26.47314453125
2.9609375,952.796142578125,26.47020721435547
2.9765625,952.786865234375,26.45440673828125
2.9921875,952.7799072265625,26.47351837158203
3.0078125,952.7871704101562,26.459182739257812
3.0234375,952.783935546875,26.463592529296875
3.0390625,952.7742919921875,26.461746215820312
3.0546875,952.7871704101562,26.45733642578125
3.0703125,952.7789916992188,26.45844268798828
3.0859375,952.7724609375,26.461013793945312
3.1015625,952.7793579101562,26.45623779296875
3.1171875,952.78662109375,26.459182739257812
3.1328125,952.7977294921875,26.459182739257812
3.1484375,952.7922973632812,26.45623779296875
3.1640625,952.7854614257812,26.459915161132812
3.1796875,952.7756958007812,26.47020721435547
3.1953125,952.7855834960938,26.47020721435547
3.2109375,952.786865234375,26.461013793945312
3.2265625,952.7841186523438,26.463592529296875
3.2421875,952.781982421875,26.47020721435547
3.2578125,952.7766723632812,26.459915161132812
3.2734375,952.7642822265625,26.459182739257812
3.2890625,952.7922973632812,26.47020721435547
3.3046875,952.7927856445312,26.467636108398438
3.3203125,952.7782592773438,26.47351837158203
3.3359375,952.7930908203125,26.481964111328125
3.3515625,952.7844848632812,26.465797424316406
3.3671875,952.7763061523438,26.47020721435547
3.3828125,952.7879638671875,26.468360900878906
3.3984375,952.7770385742188,26.480133056640625
3.4140625,952.7717895507812,26.461746215820312
3.4296875,952.7758178710938,26.479759216308594
3.4453125,952.7818603515625,26.468360900878906
3.4609375,952.7758178710938,26.464324951171875
3.4765625,952.7796630859375,26.484901428222656
3.4921875,952.79248046875,26.47020721435547
3.5078125,952.7879638671875,26.466156005859375
3.5234375,952.7852172851562,26.484901428222656
3.5390625,952.7894897460938,26.468734741210938
3.5546875,952.7765502929688,26.480491638183594
3.5703125,952.7705078125,26.488204956054688
3.5859375,952.7874145507812,26.476821899414062
3.6015625,952.7701416015625,26.484901428222656
3.6171875,952.787109375,26.47314453125
3.6328125,952.788330078125,26.480491638183594
3.6484375,952.787841796875,26.480133056640625
3.6640625,952.7921142578125,26.48784637451172
3.6796875,952.8035888671875,26.50695037841797
3.6953125,952.7911376953125,26.487472534179688
3.7109375,952.8095092773438,26.47167205810547
3.7265625,952.77685546875,26.483062744140625
3.7421875,952.7869262695312,26.49188232421875
3.7578125,952.7824096679688,26.485641479492188
3.7734375,952.8087158203125,26.504013061523438
3.7890625,952.7835693359375,26.48857879638672
3.8046875,952.7999877929688,26.480133056640625
3.8203125,952.787841796875,26.487472534179688
3.8359375,952.781982421875,26.488204956054688
3.8515625,952.7892456054688,26.488204956054688
3.8671875,952.7958374023438,26.497398376464844
3.8828125,952.7896118164062,26.487472534179688
3.8984375,952.78857421875,26.48784637451172
3.9140625,952.781982421875,26.495567321777344
3.9296875,952.7821655273438,26.503280639648438
3.9453125,952.7991333007812,26.488204956054688
3.9609375,952.797607421875,26.502182006835938
3.9765625,952.7899780273438,26.496292114257812
3.9921875,952.7947998046875,26.49261474609375
4.0078125,952.8106079101562,26.499229431152344
4.0234375,952.8142700195312,26.501075744628906
4.0390625,952.814453125,26.504013061523438
4.0546875,952.8176879882812,26.505844116210938
4.0703125,952.8285522460938,26.502182006835938
4.0859375,952.8366088867188,26.487472534179688
4.1015625,952.8172607421875,26.500701904296875
4.1171875,952.8126220703125,26.495567321777344
4.1328125,952.8090209960938,26.505844116210938
4.1484375,952.8161010742188,26.505844116210938
4.1640625,952.8267822265625,26.499229431152344
4.1796875,952.8345336914062,26.515037536621094
4.1953125,952.8409423828125,26.50695037841797
4.2109375,952.8078002929688,26.505844116210938
4.2265625,952.8161010742188,26.52385711669922
4.2421875,952.8387451171875,26.5076904296875
4.2578125,952.8162841796875,26.516868591308594
4.2734375,952.8471069335938,26.512832641601562
4.2890625,952.821533203125,26.516868591308594
4.3046875,952.8363037109375,26.515037536621094
4.3203125,952.82177734375,26.509521484375
4.3359375,952.84326171875,26.509521484375
4.3515625,952.8068237304688,26.519447326660156
4.3671875,952.8473510742188,26.505844116210938
4.3828125,952.8399658203125,26.500335693359375
4.3984375,952.813720703125,26.511001586914062
4.4140625,952.8494262695312,26.511001586914062
4.4296875,952.8273315429688,26.505111694335938
4.4453125,952.84765625,26.497398376464844
4.4609375,952.8164672851562,26.502540588378906
4.4765625,952.82958984375,26.504013061523438
4.4921875,952.8128662109375,26.503280639648438
4.5078125,952.8235473632812,26.495567321777344
4.5234375,952.822265625,26.503280639648438
4.5390625,952.845703125,26.495567321777344
4.5546875,952.8389892578125,26.502182006835938
4.5703125,952.8366088867188,26.488204956054688
4.5859375,952.8477783203125,26.488204956054688
4.6015625,952.814453125,26.504013061523438
4.6171875,952.8146362304688,26.48784637451172
4.6328125,952.8441772460938,26.48784637451172
4.6484375,952.8184204101562,26.495567321777344
4.6640625,952.8479614257812,26.48931121826172
4.6796875,952.8282470703125,26.4742431640625
4.6953125,952.843505859375,26.488204956054688
4.7109375,952.8514404296875,26.47277069091797
4.7265625,952.8486328125,26.48931121826172
4.7421875,952.8090209960938,26.479385375976562
4.7578125,952.83740234375,26.47314453125
4.7734375,952.8170166015625,26.481231689453125
4.7890625,952.8549194335938,26.480133056640625
4.8046875,952.8165283203125,26.468360900878906
4.8203125,952.8243408203125,26.476821899414062
4.8359375,952.8400268554688,26.480133056640625
4.8515625,952.8482666015625,26.469833374023438
4.8671875,952.8441772460938,26.476821899414062
4.8828125,952.8311767578125,26.47167205810547
4.8984375,952.847412109375,26.47020721435547
4.9140625,952.813720703125,26.468360900878906
4.9296875,952.8153076171875,26.45660400390625
4.9453125,952.8260498046875,26.481231689453125
4.9609375,952.8178100585938,26.459182739257812
4.9765625,952.8192749023438,26.464698791503906
4.9921875,952.8388061523438,26.468734741210938
5.0078125,952.818359375,26.47020721435547
5.0234375,952.8381958007812,26.47277069091797
5.0390625,952.8116455078125,26.459182739257812
5.0546875,952.850830078125,26.459182739257812
5.0703125,952.8455200195312,26.45550537109375
5.0859375,952.8499755859375,26.459182739257812
5.1015625,952.8126220703125,26.463592529296875
5.1171875,952.8435668945312,26.465797424316406
5.1328125,952.8515625,26.465423583984375
5.1484375,952.8449096679688,26.45330047607422
5.1640625,952.842529296875,26.468360900878906
5.1796875,952.862548828125,26.459182739257812
5.1953125,952.8766479492188,26.45733642578125
5.2109375,952.8555297851562,26.450721740722656
5.2265625,952.8758544921875,26.459182739257812
5.2421875,952.8622436523438,26.463592529296875
5.2578125,952.9284057617188,26.444854736328125
5.2734375,952.8602294921875,26.450721740722656
5.2890625,952.8518676757812,26.450721740722656
5.3046875,952.8745727539062,26.435287475585938
5.3203125,952.8455200195312,26.445587158203125
5.3359375,952.8901977539062,26.44190216064453
5.3515625,952.8677368164062,26.442649841308594
5.3671875,952.884521484375,26.449996948242188
5.3828125,952.8457641601562,26.442649841308594
5.3984375,952.875,26.449264526367188
5.4140625,952.9235229492188,26.441177368164062
5.4296875,952.8449096679688,26.43824005126953
5.4453125,952.8739624023438,26.447418212890625
5.4609375,952.8402099609375,26.444854736328125
5.4765625,952.8781127929688,26.43824005126953
5.4921875,952.9057006835938,26.43824005126953
5.5078125,952.8859252929688,26.449996948242188
5.5234375,952.878662109375,26.448890686035156
5.5390625,952.9091186523438,26.44190216064453
5.5546875,952.8970336914062,26.43639373779297
5.5703125,952.8737182617188,26.429046630859375
5.5859375,952.9154663085938,26.429779052734375
5.6015625,952.888671875,26.442649841308594
5.6171875,952.9478759765625,26.447418212890625
5.6328125,952.8544921875,26.447418212890625
5.6484375,952.822265625,26.43383026123047
5.6640625,952.8358154296875,26.430877685546875
5.6796875,952.8068237304688,26.43824005126953
5.6953125,952.8159790039062,26.447418212890625
5.7109375,952.8323974609375,26.427215576171875
5.7265625,952.8130493164062,26.433456420898438
5.7421875,952.8130493164062,26.432723999023438
5.7578125,952.8118286132812,26.429046630859375
5.7734375,952.8060913085938,26.429046630859375
5.7890625,952.8060913085938,26.443008422851562
5.8046875,952.817626953125,26.429420471191406
5.8203125,952.7971801757812,26.430877685546875
5.8359375,952.8074951171875,26.445587158203125
5.8515625,952.8155517578125,26.444854736328125
5.8671875,952.7866821289062,26.427215576171875
5.8828125,952.8004760742188,26.427215576171875
5.8984375,952.7998046875,26.433456420898438
5.9140625,952.8094482421875,26.4378662109375
5.9296875,952.802734375,26.426467895507812
5.9453125,952.8082885742188,26.44190216064453
5.9609375,952.8049926757812,26.427215576171875
5.9765625,952.8087768554688,26.44007110595703
5.9921875,952.80419921875,26.425369262695312
6.0078125,952.7955322265625,26.429046630859375
6.0234375,952.792236328125,26.427215576171875
6.0390625,952.7986450195312,26.44190216064453
6.0546875,952.7984008789062,26.44190216064453
6.0703125,952.7984008789062,26.431625366210938
6.0859375,952.7931518554688,26.441177368164062
6.1015625,952.7977294921875,26.426467895507812
6.1171875,952.7896728515625,26.44007110595703
6.1328125,952.7940673828125,26.427215576171875
6.1484375,952.7825317382812,26.428314208984375
6.1640625,952.7916870117188,26.448158264160156
6.1796875,952.7978515625,26.433456420898438
6.1953125,952.7897338867188,26.447418212890625
6.2109375,952.7833251953125,26.442649841308594
6.2265625,952.7817993164062,26.442649841308594
6.2421875,952.7942504882812,26.449996948242188
6.2578125,952.7914428710938,26.443008422851562
6.2734375,952.7775268554688,26.44190216064453
6.2890625,952.7930297851562,26.448890686035156
6.3046875,952.8009033203125,26.445953369140625
6.3203125,952.7915649414062,26.449996948242188
6.3359375,952.7919921875,26.449623107910156
6.3515625,952.8123168945312,26.44190216064453
6.3671875,952.7852172851562,26.459182739257812
6.3828125,952.7875366210938,26.444854736328125
6.3984375,952.7885131835938,26.45587921142578
6.4140625,952.7913818359375,26.449264526367188
6.4296875,952.7745971679688,26.43824005126953
6.4453125,952.7830810546875,26.447418212890625
6.4609375,952.7916870117188,26.445587158203125
6.4765625,952.783203125,26.443008422851562
6.4921875,952.7841186523438,26.459182739257812
6.5078125,952.7869262695312,26.448890686035156
6.5234375,952.7847290039062,26.444854736328125
6.5390625,952.774169921875,26.459182739257812
6.5546875,952.7815551757812,26.465797424316406
6.5703125,952.7935791015625,26.450363159179688
6.5859375,952.7914428710938,26.465423583984375
6.6015625,952.783935546875,26.459182739257812
6.6171875,952.7922973632812,26.45330047607422
6.6328125,952.7869873046875,26.465797424316406
6.6484375,952.7864379882812,26.462120056152344
6.6640625,952.7860107421875,26.461746215820312
6.6796875,952.7841796875,26.472412109375
6.6953125,952.7732543945312,26.45844268798828
6.7109375,952.7779541015625,26.449264526367188
6.7265625,952.7877197265625,26.465797424316406
6.7421875,952.7703857421875,26.465797424316406
6.7578125,952.7799072265625,26.47351837158203
6.7734375,952.7889404296875,26.465797424316406
6.7890625,952.7763061523438,26.466529846191406
6.8046875,952.7984008789062,26.47020721435547
6.8203125,952.7879638671875,26.465797424316406
6.8359375,952.7763061523438,26.47167205810547
6.8515625,952.771484375,26.472412109375
6.8671875,952.7840576171875,26.463592529296875
6.8828125,952.7903442382812,26.47351837158203
6.8984375,952.794921875,26.459182739257812
6.9140625,952.7869262695312,26.47351837158203
6.9296875,952.7770385742188,26.463592529296875
6.9453125,952.7760620117188,26.47277069091797
6.9609375,952.8157348632812,26.479759216308594
6.9765625,952.849365234375,26.4749755859375
6.9921875,952.8716430664062,26.463592529296875
7.0078125,952.9069213867188,26.468734741210938
7.0234375,952.9935913085938,26.476455688476562
7.0390625,952.909912109375,26.485641479492188
7.0546875,952.9246826171875,26.485641479492188
7.0703125,953.0030517578125,26.479385375976562
7.0859375,952.9802856445312,26.480491638183594
7.1015625,953.0657348632812,26.487472534179688
7.1171875,953.216552734375,26.485641479492188
7.1328125,953.0502319335938,26.496292114257812
7.1484375,952.9950561523438,26.48784637451172
7.1640625,952.973876953125,26.488204956054688
7.1796875,953.0158081054688,26.487472534179688
7.1953125,953.0145263671875,26.477554321289062
7.2109375,953.085205078125,26.49261474609375
7.2265625,953.0933227539062,26.480133056640625
7.2421875,952.9827270507812,26.49372100830078
7.2578125,953.0503540039062,26.495567321777344
7.2734375,953.1688842773438,26.499229431152344
7.2890625,953.0263671875,26.505111694335938
7.3046875,953.0951538085938,26.49372100830078
7.3203125,953.0383911132812,26.502182006835938
7.3359375,953.13671875,26.505844116210938
7.3515625,952.98583984375,26.503280639648438
7.3671875,953.0100708007812,26.501808166503906
7.3828125,953.0584106445312,26.50548553466797
7.3984375,953.1172485351562,26.515037536621094
7.4140625,953.064453125,26.513206481933594
7.4296875,953.1258544921875,26.50879669189453
7.4453125,953.0853881835938,26.512832641601562
7.4609375,953.0486450195312,26.505844116210938
7.4765625,952.9708251953125,26.518341064453125
7.4921875,953.08740234375,26.52532958984375
7.5078125,953.1544799804688,26.52385711669922
7.5234375,953.0867919921875,26.520919799804688
7.5390625,953.0942993164062,26.52606201171875
7.5546875,953.107421875,26.538192749023438
7.5703125,953.0606689453125,26.517616271972656
7.5859375,953.0240478515625,26.517242431640625
7.6015625,953.1214599609375,26.52789306640625
7.6171875,953.0914916992188,26.517616271972656
7.6328125,953.1697998046875,26.513206481933594
7.6484375,952.9889526367188,26.520919799804688
7.6640625,953.06982421875,26.520919799804688
7.6796875,953.0279541015625,26.533782958984375
7.6953125,953.0125732421875,26.518341064453125
7.7109375,953.0569458007812,26.521278381347656
7.7265625,953.1343383789062,26.519447326660156
7.7421875,953.0667114257812,26.51245880126953
7.7578125,953.1502075195312,26.521652221679688
7.7734375,953.0280151367188,26.52385711669922
7.7890625,953.0084838867188,26.520919799804688
7.8046875,953.0195922851562,26.517974853515625
7.8203125,953.0491943359375,26.52606201171875
7.8359375,953.0882568359375,26.52202606201172
7.8515625,952.96826171875,26.54149627685547
7.8671875,953.140625,26.53966522216797
7.8828125,953.0758666992188,26.52458953857422
7.8984375,953.0121459960938,26.52568817138672
7.9140625,953.0104370117188,26.516868591308594
7.9296875,953.032958984375,26.537818908691406
7.9453125,953.0081176757812,26.52423095703125
7.9609375,953.0162963867188,26.531944274902344
7.9765625,953.1580810546875,26.534507751464844
7.9921875,953.017333984375,26.538192749023438
8.0078125,953.0541381835938,26.532302856445312
8.0234375,953.01953125,26.530845642089844
8.0390625,953.0151977539062,26.53009796142578
8.0546875,953.0556640625,26.537818908691406
8.0703125,953.0809936523438,26.534149169921875
8.0859375,952.9826049804688,26.534149169921875
8.1015625,953.029296875,26.550315856933594
8.1171875,953.0200805664062,26.551048278808594
8.1328125,953.0184326171875,26.537460327148438
8.1484375,953.0236206054688,26.52458953857422
8.1640625,953.0670776367188,26.537460327148438
8.1796875,953.0636596679688,26.530845642089844
8.1953125,953.0343017578125,26.541122436523438
8.2109375,953.1362915039062,26.534881591796875
8.2265625,953.086669921875,26.553619384765625
8.2421875,953.0198974609375,26.54517364501953
8.2578125,953.0076293945312,26.5426025390625
8.2734375,953.0288696289062,26.551422119140625
8.2890625,953.0160522460938,26.55950927734375
8.3046875,953.102294921875,26.558029174804688
8.3203125,953.0424194335938,26.554351806640625
8.3359375,953.0791015625,26.548843383789062
8.3515625,953.1495971679688,26.54517364501953
8.3671875,953.0219116210938,26.553619384765625
8.3828125,953.0664672851562,26.548843383789062
8.3984375,953.0952758789062,26.568687438964844
8.4140625,953.0392456054688,26.556556701660156
8.4296875,953.0166015625,26.567581176757812
8.4453125,953.0248413085938,26.554351806640625
8.4609375,953.0755004882812,26.55950927734375
8.4765625,953.1069946289062,26.56096649169922
8.4921875,952.991943359375,26.55840301513672
8.5078125,953.0155029296875,26.566848754882812
8.5234375,952.966796875,26.572738647460938
8.5390625,953.0653686523438,26.570159912109375
8.5546875,952.969482421875,26.56024169921875
8.5703125,953.048583984375,26.567581176757812
8.5859375,952.9691772460938,26.567581176757812
8.6015625,952.9356689453125,26.568328857421875
8.6171875,952.9657592773438,26.5797119140625
8.6328125,952.885498046875,26.575302124023438
8.6484375,952.913818359375,26.581558227539062
8.6640625,952.8504638671875,26.5797119140625
8.6796875,952.8992919921875,26.588172912597656
8.6953125,952.8876342773438,26.585220336914062
8.7109375,952.8567504882812,26.583389282226562
8.7265625,952.8805541992188,26.588531494140625
8.7421875,952.8594970703125,26.585220336914062
8.7578125,952.857421875,26.594039916992188
8.7734375,952.8511352539062,26.585220336914062
8.7890625,952.85498046875,26.601760864257812
8.8046875,952.8602905273438,26.59882354736328
8.8203125,952.8294067382812,26.588531494140625
8.8359375,952.8560180664062,26.585220336914062
8.8515625,952.8532104492188,26.594039916992188
8.8671875,952.8505249023438,26.590377807617188
8.8828125,952.8561401367188,26.582290649414062
8.8984375,952.849365234375,26.59735107421875
8.9140625,952.8359375,26.590736389160156
8.9296875,952.8292846679688,26.600296020507812
8.9453125,952.8403930664062,26.605438232421875
8.9609375,952.8338012695312,26.608749389648438
8.9765625,952.8274536132812,26.592208862304688
8.9921875,952.8198852539062,26.611679077148438
9.0078125,952.8242797851562,26.588897705078125
9.0234375,952.8541870117188,26.599929809570312
9.0390625,952.8301391601562,26.594039916992188
9.0546875,952.817626953125,26.58301544189453
9.0703125,952.8153686523438,26.588531494140625
9.0859375,952.8195190429688,26.59735107421875
9.1015625,952.8204345703125,26.59882354736328
9.1171875,952.81396484375,26.590377807617188
9.1328125,952.8125,26.592208862304688
9.1484375,952.82763671875,26.59552001953125
9.1640625,952.8214111328125,26.591476440429688
9.1796875,952.8131713867188,26.589271545410156
9.1953125,952.8099975585938,26.587425231933594
9.2109375,952.81640625,26.590736389160156
9.2265625,952.8131103515625,26.60065460205078
9.2421875,952.8147583007812,26.588531494140625
9.2578125,952.8135986328125,26.589271545410156
9.2734375,952.819580078125,26.565750122070312
9.2890625,952.8279418945312,26.57604217529297
9.3046875,952.8302001953125,26.585220336914062
9.3203125,952.8084106445312,26.581558227539062
9.3359375,952.8187866210938,26.574569702148438
9.3515625,952.8223266601562,26.586700439453125
9.3671875,952.8282470703125,26.589630126953125
9.3828125,952.824951171875,26.5797119140625
9.3984375,952.794677734375,26.5789794921875
9.4140625,952.8108520507812,26.575302124023438
9.4296875,952.8038940429688,26.570533752441406
9.4453125,952.811767578125,26.582290649414062
9.4609375,952.8194580078125,26.574569702148438
9.4765625,952.8025512695312,26.590377807617188
9.4921875,952.7957763671875,26.577880859375
9.5078125,952.7957763671875,26.5782470703125
9.5234375,952.8165893554688,26.585220336914062
9.5390625,952.8018798828125,26.574569702148438
9.5546875,952.7971801757812,26.594039916992188
9.5703125,952.801513671875,26.570159912109375
9.5859375,952.8158569335938,26.566848754882812
9.6015625,952.805419921875,26.571990966796875
9.6171875,952.8095092773438,26.567581176757812
9.6328125,952.8018798828125,26.570159912109375
9.6484375,952.7967529296875,26.571632385253906
9.6640625,952.7969360351562,26.573097229003906
9.6796875,952.8035888671875,26.570159912109375
9.6953125,952.7949829101562,26.570159912109375
9.7109375,952.8038940429688,26.55840301513672
9.7265625,952.801513671875,26.566482543945312
9.7421875,952.808349609375,26.570159912109375
9.7578125,952.7979736328125,26.564651489257812
9.7734375,952.8021850585938,26.568328857421875
9.7890625,952.7833862304688,26.566848754882812
9.8046875,952.8035888671875,26.564651489257812
9.8203125,952.7949829101562,26.555099487304688
9.8359375,952.7880249023438,26.568328857421875
9.8515625,952.8067016601562,26.56281280517578
9.8671875,952.8109741210938,26.567581176757812
9.8828125,952.8179321289062,26.557662963867188
9.8984375,952.8200073242188,26.556556701660156
9.9140625,952.8479614257812,26.563919067382812
9.9296875,952.8565673828125,26.563919067382812
9.9453125,952.8552856445312,26.56281280517578
9.9609375,952.8504638671875,26.55730438232422
9.9765625,952.8790893554688,26.565750122070312
9.9921875,952.9188232421875,26.570159912109375
10.0078125,952.9043579101562,26.55730438232422
10.0234375,952.8917236328125,26.56207275390625
10.0390625,952.9346923828125,26.573837280273438
10.0546875,953.0714721679688,26.568687438964844
10.0703125,952.98193359375,26.567581176757812
10.0859375,952.9417724609375,26.556930541992188
10.1015625,952.97412109375,26.56281280517578
10.1171875,953.0338745117188,26.56134033203125
10.1328125,953.0211791992188,26.568687438964844
10.1484375,953.14453125,26.565017700195312
10.1640625,952.9599609375,26.567955017089844
10.1796875,952.9406127929688,26.570159912109375
10.1953125,953.0543823242188,26.557662963867188
10.2109375,953.0555419921875,26.551422119140625
10.2265625,952.993896484375,26.54663848876953
10.2421875,953.0657348632812,26.573837280273438
10.2578125,953.0122680664062,26.549583435058594
10.2734375,953.0887451171875,26.56134033203125
10.2890625,953.0486450195312,26.56134033203125
10.3046875,953.0492553710938,26.54517364501953
10.3203125,952.9747314453125,26.550689697265625
10.3359375,952.9752807617188,26.564651489257812
10.3515625,953.0454711914062,26.564651489257812
10.3671875,953.0950317382812,26.573097229003906
10.3828125,953.1119995117188,26.572364807128906
10.3984375,953.00146484375,26.56281280517578
10.4140625,953.058349609375,26.55840301513672
10.4296875,953.03466796875,26.57935333251953
10.4453125,953.1490478515625,26.567581176757812
10.4609375,953.0744018554688,26.57494354248047
10.4765625,952.9813232421875,26.5782470703125
10.4921875,953.0856323242188,26.572738647460938
10.5078125,953.0899047851562,26.582290649414062
10.5234375,953.0036010742188,26.585220336914062
10.5390625,952.9907836914062,26.587066650390625
10.5546875,953.0111694335938,26.571990966796875
10.5703125,953.1292114257812,26.587066650390625
10.5859375,953.0805053710938,26.572738647460938
10.6015625,952.9918823242188,26.57604217529297
10.6171875,953.0818481445312,26.57860565185547
10.6328125,953.0067749023438,26.572738647460938
10.6484375,952.9697265625,26.57494354248047
10.6640625,953.0028686523438,26.584121704101562
10.6796875,953.0240478515625,26.5782470703125
10.6953125,952.995361328125,26.57604217529297
10.7109375,953.0872192382812,26.58118438720703
10.7265625,953.1027221679688,26.580078125
10.7421875,952.9854736328125,26.585220336914062
10.7578125,952.9458618164062,26.568687438964844
10.7734375,953.052490234375,26.5797119140625
10.7890625,953.021240234375,26.572738647460938
10.8046875,952.99365234375,26.566848754882812
10.8203125,953.0880737304688,26.570892333984375
10.8359375,953.0592041015625,26.576400756835938
10.8515625,952.9981689453125,26.567581176757812
10.8671875,952.9489135742188,26.570159912109375
10.8828125,953.049560546875,26.570159912109375
10.8984375,953.0011596679688,26.564651489257812
10.9140625,953.0919799804688,26.576400756835938
10.9296875,953.0059814453125,26.582290649414062
10.9453125,953.0580444335938,26.5782470703125
10.9609375,953.0121459960938,26.571990966796875
10.9765625,952.9630126953125,26.567581176757812
10.9921875,953.0391235351562,26.572738647460938
11.0078125,952.98583984375,26.582290649414062
11.0234375,953.102783203125,26.565750122070312
11.0390625,952.9989624023438,26.570892333984375
11.0546875,953.04248046875,26.571990966796875
11.0703125,953.0556640625,26.573097229003906
11.0859375,953.0217895507812,26.585220336914062
11.1015625,953.0408935546875,26.575302124023438
11.1171875,952.9622192382812,26.567955017089844
11.1328125,953.0570678710938,26.56281280517578
11.1484375,953.0249633789062,26.56096649169922
11.1640625,952.9423217773438,26.568328857421875
11.1796875,952.9913940429688,26.57604217529297
11.1953125,952.980224609375,26.566482543945312
11.2109375,953.0008544921875,26.574569702148438
11.2265625,953.0087280273438,26.585220336914062
11.2421875,952.9649658203125,26.572738647460938
11.2578125,952.9631958007812,26.5782470703125
11.2734375,952.9385986328125,26.56024169921875
11.2890625,952.9349975585938,26.570892333984375
11.3046875,953.0119018554688,26.568687438964844
11.3203125,952.98193359375,26.568687438964844
11.3359375,953.0010986328125,26.568687438964844
11.3515625,952.9591674804688,26.571632385253906
11.3671875,953.0204467773438,26.587066650390625
11.3828125,953.0040283203125,26.57935333251953
11.3984375,952.9512329101562,26.571258544921875
11.4140625,952.9737548828125,26.568328857421875
11.4296875,953.0338745117188,26.570892333984375
11.4453125,952.9737548828125,26.566848754882812
11.4609375,952.9757690429688,26.574569702148438
11.4765625,952.9651489257812,26.574569702148438
11.4921875,953.048828125,26.571990966796875
11.5078125,952.9517822265625,26.5797119140625
11.5234375,953.106689453125,26.571990966796875
11.5390625,953.001953125,26.589630126953125
11.5546875,952.9200439453125,26.587066650390625
11.5703125,952.940673828125,26.585220336914062
11.5859375,953.0570068359375,26.585220336914062
11.6015625,952.9345092773438,26.570892333984375
11.6171875,952.9588012695312,26.571990966796875
11.6328125,952.96484375,26.58301544189453
11.6484375,953.016845703125,26.584121704101562
11.6640625,952.997802734375,26.577880859375
11.6796875,952.9552612304688,26.590736389160156
11.6953125,953.0252685546875,26.592208862304688
11.7109375,953.0457763671875,26.585220336914062
11.7265625,953.0062255859375,26.586326599121094
11.7421875,952.983642578125,26.590003967285156
11.7578125,953.0980834960938,26.588531494140625
11.7734375,953.1212768554688,26.60065460205078
11.7890625,952.9395751953125,26.594039916992188
11.8046875,952.988037109375,26.592941284179688
11.8203125,952.9395141601562,26.592208862304688
11.8359375,952.9065551757812,26.59514617919922
11.8515625,952.8834838867188,26.602500915527344
11.8671875,952.864501953125,26.61719512939453
11.8828125,952.8576049804688,26.60065460205078
11.8984375,952.870849609375,26.611679077148438
11.9140625,952.8594360351562,26.61646270751953
11.9296875,952.8599243164062,26.61022186279297
11.9453125,952.853271484375,26.611679077148438
11.9609375,952.853515625,26.620872497558594
11.9765625,952.8675537109375,26.6142578125
11.9921875,952.8501586914062,26.620872497558594
12.0078125,952.8603515625,26.61573028564453
12.0234375,952.8419189453125,26.620872497558594
12.0390625,952.8316040039062,26.619766235351562
12.0546875,952.8231811523438,26.621604919433594
12.0703125,952.8538818359375,26.609848022460938
12.0859375,952.8359985351562,26.61646270751953
12.1015625,952.8240356445312,26.622703552246094
12.1171875,952.8258666992188,26.620872497558594
12.1328125,952.8304443359375,26.628219604492188
12.1484375,952.8228149414062,26.620872497558594
12.1640625,952.8251342773438,26.643653869628906
12.1796875,952.827880859375,26.6124267578125
12.1953125,952.822998046875,26.61646270751953
12.2109375,952.8348388671875,26.624176025390625
12.2265625,952.8338012695312,26.61719512939453
12.2421875,952.8271484375,26.6124267578125
12.2578125,952.8200073242188,26.623451232910156
12.2734375,952.822998046875,26.627113342285156
12.2890625,952.8281860351562,26.642547607421875
12.3046875,952.8248901367188,26.620872497558594
12.3203125,952.8173217773438,26.611679077148438
12.3359375,952.8158569335938,26.625656127929688
12.3515625,952.8280029296875,26.613525390625
12.3671875,952.81787109375,26.61573028564453
12.3828125,952.8221435546875,26.6124267578125
12.3984375,952.81591796875,26.61573028564453
12.4140625,952.8125610351562,26.611679077148438
12.4296875,952.8086547851562,26.610946655273438
12.4453125,952.818115234375,26.601402282714844
12.4609375,952.798095703125,26.620140075683594
12.4765625,952.8167114257812,26.61205291748047
12.4921875,952.81591796875,26.609848022460938
12.5078125,952.8097534179688,26.6160888671875
12.5234375,952.799560546875,26.611679077148438
12.5390625,952.8141479492188,26.61573028564453
12.5546875,952.8108520507812,26.6124267578125
12.5703125,952.8128662109375,26.6124267578125
12.5859375,952.7996826171875,26.611679077148438
12.6015625,952.8181762695312,26.611679077148438
12.6171875,952.8051147460938,26.605438232421875
12.6328125,952.8134765625,26.605438232421875
12.6484375,952.8181762695312,26.607269287109375
12.6640625,952.8076171875,26.620872497558594
12.6796875,952.8029174804688,26.605064392089844
12.6953125,952.8134155273438,26.59735107421875
12.7109375,952.7964477539062,26.594039916992188
12.7265625,952.8110961914062,26.585220336914062
12.7421875,952.797607421875,26.59771728515625
12.7578125,952.7928466796875,26.60065460205078
12.7734375,952.8098754882812,26.5789794921875
12.7890625,952.7910766601562,26.602500915527344
12.8046875,952.7921752929688,26.602859497070312
12.8203125,952.798828125,26.590736389160156
12.8359375,952.7994384765625,26.590736389160156
12.8515625,952.8041381835938,26.59844970703125
12.8671875,952.8038330078125,26.594039916992188
12.8828125,952.7824096679688,26.600296020507812
12.8984375,952.7913818359375,26.585220336914062
12.9140625,952.7940673828125,26.5797119140625
12.9296875,952.7935791015625,26.585220336914062
12.9453125,952.8048095703125,26.592208862304688
12.9609375,952.7953491210938,26.58045196533203
12.9765625,952.8038330078125,26.582290649414062
12.9921875,952.8021850585938,26.592208862304688
13.0078125,952.783935546875,26.587799072265625
13.0234375,952.8014526367188,26.587066650390625
13.0390625,952.7918701171875,26.58301544189453
13.0546875,952.8082885742188,26.588897705078125
13.0703125,952.7885131835938,26.576400756835938
13.0859375,952.7955932617188,26.5771484375
13.1015625,952.7866821289062,26.56281280517578
13.1171875,952.7942504882812,26.577880859375
13.1328125,952.7908935546875,26.585220336914062
13.1484375,952.7994384765625,26.577880859375
13.1640625,952.7963256835938,26.582290649414062
13.1796875,952.7980346679688,26.5797119140625
13.1953125,952.8019409179688,26.583389282226562
13.2109375,952.899658203125,26.589630126953125
13.2265625,952.8302612304688,26.586700439453125
13.2421875,952.830078125,26.581558227539062
13.2578125,952.9838256835938,26.574569702148438
13.2734375,952.9310913085938,26.573097229003906
13.2890625,952.9362182617188,26.585220336914062
13.3046875,953.0355224609375,26.570892333984375
13.3203125,953.0466918945312,26.582290649414062
13.3359375,953.0525512695312,26.5771484375
13.3515625,953.1166381835938,26.58045196533203
13.3671875,953.0745849609375,26.571990966796875
13.3828125,952.9564819335938,26.566482543945312
13.3984375,953.0377807617188,26.574569702148438
13.4140625,953.0338745117188,26.57860565185547
13.4296875,952.9835205078125,26.57860565185547
13.4453125,953.0336303710938,26.572738647460938
13.4609375,953.0731811523438,26.582290649414062
13.4765625,953.0902099609375,26.574569702148438
13.4921875,953.1593627929688,26.57494354248047
13.5078125,953.0560913085938,26.582290649414062
13.5234375,953.1177368164062,26.58301544189453
13.5390625,953.0204467773438,26.585220336914062
13.5546875,953.11328125,26.585220336914062
13.5703125,953.016357421875,26.5797119140625
13.5859375,953.1323852539062,26.57860565185547
13.6015625,952.9931030273438,26.577880859375
13.6171875,953.0348510742188,26.570892333984375
13.6328125,952.9982299804688,26.585220336914062
13.6484375,952.9931030273438,26.5797119140625
13.6640625,953.1287841796875,26.5797119140625
13.6796875,953.0529174804688,26.585968017578125
13.6953125,953.0361328125,26.589630126953125
13.7109375,953.0503540039062,26.585220336914062
13.7265625,953.10546875,26.589630126953125
13.7421875,952.9690551757812,26.588531494140625
13.7578125,953.134521484375,26.5797119140625
13.7734375,953.1240234375,26.583389282226562
13.7890625,953.0294189453125,26.577880859375
13.8046875,953.0389404296875,26.591476440429688
13.8203125,953.0079956054688,26.59735107421875
13.8359375,953.0206909179688,26.608749389648438
13.8515625,953.0856323242188,26.59735107421875
13.8671875,953.1180419921875,26.590736389160156
13.8828125,953.0187377929688,26.594039916992188
13.8984375,953.0316162109375,26.601760864257812
13.9140625,953.0240478515625,26.608016967773438
13.9296875,953.0419311523438,26.605438232421875
13.9453125,953.0781860351562,26.587066650390625
13.9609375,953.0028686523438,26.594039916992188
13.9765625,953.0376586914062,26.601028442382812
13.9921875,952.9146118164062,26.606170654296875
14.0078125,953.0250854492188,26.605438232421875
14.0234375,953.0047607421875,26.601402282714844
14.0390625,953.0778198242188,26.599197387695312
14.0546875,953.0536499023438,26.59588623046875
14.0703125,953.1119384765625,26.59478759765625
14.0859375,953.0568237304688,26.602127075195312
14.1015625,952.9852294921875,26.59882354736328
14.1171875,953.05419921875,26.594039916992188
14.1328125,953.072265625,26.59844970703125
14.1484375,953.1133422851562,26.590736389160156
14.1640625,953.0181884765625,26.611679077148438
14.1796875,952.9610595703125,26.59809112548828
14.1953125,953.0863037109375,26.602127075195312
14.2109375,952.9876098632812,26.590736389160156
14.2265625,953.0336303710938,26.608749389648438
14.2421875,952.9666748046875,26.607643127441406
14.2578125,952.9666137695312,26.594039916992188
14.2734375,953.1272583007812,26.590377807617188
14.2890625,953.0611572265625,26.60065460205078
14.3046875,953.041748046875,26.611679077148438
14.3203125,953.0609130859375,26.609848022460938
14.3359375,953.0894165039062,26.594039916992188
14.3515625,953.0274658203125,26.605438232421875
14.3671875,953.0316162109375,26.6124267578125
14.3828125,953.0590209960938,26.602500915527344
14.3984375,953.0288696289062,26.609848022460938
14.4140625,953.0714721679688,26.608749389648438
14.4296875,953.0474243164062,26.594039916992188
14.4453125,953.009521484375,26.605438232421875
14.4609375,953.0076293945312,26.611679077148438
14.4765625,953.1146850585938,26.620140075683594
14.4921875,953.1465454101562,26.621604919433594
14.5078125,953.0523071289062,26.620872497558594
14.5234375,952.9996948242188,26.590736389160156
14.5390625,953.0330810546875,26.614990234375
14.5546875,952.981689453125,26.621604919433594
14.5703125,953.1593017578125,26.61646270751953
14.5859375,953.1306762695312,26.61573028564453
14.6015625,953.041015625,26.61205291748047
14.6171875,953.111083984375,26.611679077148438
14.6328125,953.2849731445312,26.610580444335938
14.6484375,953.1276245117188,26.611679077148438
14.6640625,953.0322265625,26.620872497558594
14.6796875,953.1066284179688,26.6124267578125
14.6953125,953.161865234375,26.628219604492188
14.7109375,953.0601196289062,26.63006591796875
14.7265625,953.177490234375,26.61646270751953
14.7421875,953.0697631835938,26.620140075683594
14.7578125,953.1817626953125,26.620872497558594
14.7734375,953.0474853515625,26.619766235351562
14.7890625,953.107177734375,26.61646270751953
14.8046875,953.0225830078125,26.623451232910156
14.8203125,953.14990234375,26.626388549804688
14.8359375,953.0037231445312,26.624908447265625
14.8515625,953.0119018554688,26.624176025390625
14.8671875,953.0728759765625,26.635208129882812
14.8828125,953.0895385742188,26.620872497558594
14.8984375,952.9966430664062,26.63006591796875
14.9140625,952.9401245117188,26.640716552734375
14.9296875,952.9137573242188,26.637405395507812
14.9453125,952.927734375,26.637405395507812
14.9609375,952.8589477539062,26.642189025878906
14.9765625,952.8649291992188,26.640716552734375
14.9921875,952.8341674804688,26.628219604492188
15.0078125,952.8538818359375,26.63189697265625
15.0234375,952.8327026367188,26.63189697265625
15.0390625,952.8602294921875,26.638137817382812
15.0546875,952.86083984375,26.64806365966797
15.0703125,952.8342895507812,26.64990997314453
15.0859375,952.8650512695312,26.65247344970703
15.1015625,952.84130859375,26.65100860595703
15.1171875,952.8346557617188,26.64990997314453
15.1328125,952.8256225585938,26.64659881591797
15.1484375,952.8480224609375,26.64806365966797
15.1640625,952.8402709960938,26.640716552734375
15.1796875,952.8323974609375,26.641448974609375
15.1953125,952.8247680664062,26.654319763183594
15.2109375,952.8373413085938,26.662391662597656
15.2265625,952.832763671875,26.644752502441406
15.2421875,952.8251342773438,26.64990997314453
15.2578125,952.838623046875,26.646224975585938
15.2734375,952.8377685546875,26.643295288085938
15.2890625,952.8273315429688,26.64659881591797
15.3046875,952.8270874023438,26.641815185546875
15.3203125,952.8360595703125,26.642189025878906
15.3359375,952.8284301757812,26.645126342773438
15.3515625,952.8214721679688,26.64550018310547
15.3671875,952.8214721679688,26.63116455078125
15.3828125,952.8290405273438,26.64806365966797
15.3984375,952.8342895507812,26.641815185546875
15.4140625,952.8247680664062,26.642547607421875
15.4296875,952.8284301757812,26.641815185546875
15.4453125,952.8181762695312,26.643653869628906
15.4609375,952.824951171875,26.62895965576172
15.4765625,952.8198852539062,26.639984130859375
15.4921875,952.8209228515625,26.635208129882812
15.5078125,952.809814453125,26.63006591796875
15.5234375,952.812255859375,26.625656127929688
15.5390625,952.8280029296875,26.634475708007812
15.5546875,952.818115234375,26.619766235351562
15.5703125,952.8023071289062,26.61719512939453
15.5859375,952.8116455078125,26.625656127929688
15.6015625,952.8154296875,26.620872497558594
15.6171875,952.8017578125,26.6160888671875
15.6328125,952.8013916015625,26.611679077148438
15.6484375,952.7913208007812,26.622703552246094
15.6640625,952.8295288085938,26.620872497558594
15.6796875,952.8119506835938,26.6124267578125
15.6953125,952.80029296875,26.6142578125
15.7109375,952.7969970703125,26.6124267578125
15.7265625,952.8141479492188,26.620872497558594
15.7421875,952.8017578125,26.611679077148438
15.7578125,952.8051147460938,26.611679077148438
15.7734375,952.7978515625,26.607643127441406
15.7890625,952.8094482421875,26.607643127441406
15.8046875,952.8004760742188,26.623451232910156
15.8203125,952.8008422851562,26.61646270751953
15.8359375,952.7947387695312,26.610580444335938
15.8515625,952.80078125,26.59661865234375
15.8671875,952.800048828125,26.611679077148438
15.8828125,952.8080444335938,26.6124267578125
15.8984375,952.793701171875,26.605438232421875
15.9140625,952.7901611328125,26.603607177734375
15.9296875,952.79052734375,26.603233337402344
15.9453125,952.8048095703125,26.614990234375
15.9609375,952.8011474609375,26.611679077148438
15.9765625,952.790771484375,26.6124267578125
15.9921875,952.7787475585938,26.610580444335938
16.0078125,952.7941284179688,26.59514617919922
16.0234375,952.7914428710938,26.59735107421875
16.0390625,952.7875366210938,26.608749389648438
16.0546875,952.7933349609375,26.611679077148438
16.0703125,952.7853393554688,26.614990234375
16.0859375,952.791015625,26.59441375732422
16.1015625,952.7889404296875,26.603607177734375
16.1171875,952.78515625,26.607269287109375
16.1328125,952.8004760742188,26.60065460205078
16.1484375,952.7925415039062,26.607269287109375
16.1640625,952.790283203125,26.604339599609375
16.1796875,952.7899780273438,26.6124267578125
16.1953125,952.793701171875,26.609115600585938
16.2109375,952.7964477539062,26.611679077148438
16.2265625,952.7949829101562,26.6124267578125
16.2421875,952.8637084960938,26.603607177734375
16.2578125,952.9400024414062,26.620140075683594
16.2734375,952.9199829101562,26.61646270751953
16.2890625,952.9376220703125,26.620140075683594
16.3046875,953.0341796875,26.59771728515625
16.3203125,952.970458984375,26.603965759277344
16.3359375,953.0989379882812,26.611679077148438
16.3515625,953.020263671875,26.59844970703125
16.3671875,953.0219116210938,26.590736389160156
16.3828125,953.1227416992188,26.603965759277344
16.3984375,953.0469360351562,26.605064392089844
16.4140625,953.0757446289062,26.61463165283203
16.4296875,953.1035766601562,26.600296020507812
16.4453125,953.0525512695312,26.602500915527344
16.4609375,953.0396728515625,26.601028442382812
16.4765625,953.1859130859375,26.607269287109375
16.4921875,953.10888671875,26.601760864257812
16.5078125,953.0653076171875,26.60065460205078
16.5234375,952.9730834960938,26.590736389160156
16.5390625,953.1060180664062,26.620872497558594
16.5546875,953.1221923828125,26.605438232421875
16.5703125,953.0435791015625,26.611679077148438
16.5859375,953.0369262695312,26.6124267578125
16.6015625,953.1409301757812,26.605438232421875
16.6171875,953.087158203125,26.617935180664062
16.6328125,953.0280151367188,26.61719512939453
16.6484375,953.1314086914062,26.607643127441406
16.6640625,953.08984375,26.61646270751953
16.6796875,953.0308227539062,26.622703552246094
16.6953125,953.1563720703125,26.620872497558594
16.7109375,953.0486450195312,26.620140075683594
16.7265625,953.0031127929688,26.61646270751953
16.7421875,953.197021484375,26.620872497558594
16.7578125,953.0576171875,26.622703552246094
16.7734375,953.0117797851562,26.611679077148438
16.7890625,953.0036010742188,26.63006591796875
16.8046875,953.0488891601562,26.624176025390625
16.8203125,952.9940185546875,26.639984130859375
16.8359375,953.093505859375,26.634475708007812
16.8515625,953.0099487304688,26.63006591796875
16.8671875,953.065673828125,26.63079833984375
16.8828125,953.1303100585938,26.625656127929688
16.8984375,953.0694580078125,26.639244079589844
16.9140625,952.9727172851562,26.628219604492188
16.9296875,953.1060791015625,26.64659881591797
16.9453125,953.0123901367188,26.65100860595703
16.9609375,953.0151977539062,26.64659881591797
16.9765625,953.0147705078125,26.638885498046875
16.9921875,953.0868530273438,26.64550018310547
17.0078125,953.1604614257812,26.627487182617188
17.0234375,953.0206298828125,26.63189697265625
17.0390625,953.1364135742188,26.639984130859375
17.0546875,953.150390625,26.63189697265625
17.0703125,953.0897216796875,26.639617919921875
17.0859375,952.9763793945312,26.646224975585938
17.1015625,953.0762329101562,26.6484375
17.1171875,953.020263671875,26.638885498046875
17.1328125,953.0594482421875,26.63299560546875
17.1484375,953.0211791992188,26.639984130859375
17.1640625,953.1198120117188,26.658355712890625
17.1796875,953.0314331054688,26.646224975585938
17.1953125,952.970458984375,26.65174102783203
17.2109375,953.0170288085938,26.657623291015625
17.2265625,953.0368041992188,26.655418395996094
17.2421875,953.0831909179688,26.64806365966797
17.2578125,953.1666259765625,26.661293029785156
17.2734375,953.185302734375,26.65174102783203
17.2890625,953.0432739257812,26.658355712890625
17.3046875,953.036865234375,26.662765502929688
17.3203125,953.0635986328125,26.64733123779297
17.3359375,953.069091796875,26.658355712890625
17.3515625,953.0709228515625,26.653213500976562
17.3671875,953.0584106445312,26.66754913330078
17.3828125,953.1058349609375,26.646224975585938
17.3984375,953.0845947265625,26.66497039794922
17.4140625,953.0117797851562,26.662033081054688
17.4296875,953.0377807617188,26.664596557617188
17.4453125,953.2484130859375,26.662391662597656
17.4609375,953.0897216796875,26.68775177001953
17.4765625,953.0278930664062,26.681503295898438
17.4921875,953.1340942382812,26.68077850341797
17.5078125,953.0635986328125,26.68077850341797
17.5234375,953.056396484375,26.662391662597656
17.5390625,952.9947509765625,26.66607666015625
17.5546875,952.9939575195312,26.664596557617188
17.5703125,953.1319580078125,26.671585083007812
17.5859375,953.14453125,26.662391662597656
17.6015625,953.1016845703125,26.655044555664062
17.6171875,952.9844970703125,26.66864776611328
17.6328125,953.0299682617188,26.673416137695312
17.6484375,953.110595703125,26.68444061279297
17.6640625,953.0208129882812,26.669754028320312
17.6796875,953.0703125,26.671585083007812
17.6953125,952.9503173828125,26.68775177001953
17.7109375,953.0230102539062,26.688125610351562
17.7265625,953.0284423828125,26.68775177001953
17.7421875,953.0623779296875,26.68077850341797
17.7578125,953.0432739257812,26.68077850341797
17.7734375,953.0283203125,26.673416137695312
17.7890625,952.9934692382812,26.676368713378906
17.8046875,953.09716796875,26.691429138183594
17.8203125,953.0514526367188,26.691055297851562
17.8359375,953.0250854492188,26.695106506347656
17.8515625,953.0625610351562,26.697669982910156
17.8671875,953.1351928710938,26.68701934814453
17.8828125,953.0408325195312,26.6866455078125
17.8984375,953.1256713867188,26.70062255859375
17.9140625,953.002685546875,26.68701934814453
17.9296875,953.0307006835938,26.70062255859375
17.9453125,952.9949951171875,26.710174560546875
17.9609375,952.9881591796875,26.696945190429688
17.9765625,953.0490112304688,26.708335876464844
17.9921875,952.9611206054688,26.70135498046875
18.0078125,953.0195922851562,26.696571350097656
18.0234375,952.971923828125,26.710899353027344
18.0390625,953.0480346679688,26.70062255859375
18.0546875,952.9172973632812,26.70135498046875
18.0703125,952.8683471679688,26.697669982910156
18.0859375,952.8560180664062,26.70062255859375
18.1015625,952.8670654296875,26.72156524658203
18.1171875,952.8661499023438,26.716781616210938
18.1328125,952.8399658203125,26.716781616210938
18.1484375,952.8411254882812,26.710174560546875
18.1640625,952.8363647460938,26.70062255859375
18.1796875,952.8461303710938,26.707595825195312
18.1953125,952.8361206054688,26.716781616210938
18.2109375,952.8399658203125,26.724502563476562
18.2265625,952.8372192382812,26.716415405273438
18.2421875,952.8477172851562,26.713104248046875
18.2578125,952.8419799804688,26.70318603515625
18.2734375,952.833251953125,26.716781616210938
18.2890625,952.8578491210938,26.7193603515625
18.3046875,952.8402099609375,26.70318603515625
18.3203125,952.8344116210938,26.72119140625
18.3359375,952.8260498046875,26.72046661376953
18.3515625,952.812255859375,26.714950561523438
18.3671875,952.8242797851562,26.713104248046875
18.3828125,952.8336791992188,26.70062255859375
18.3984375,952.8175048828125,26.7208251953125
18.4140625,952.8290405273438,26.712005615234375
18.4296875,952.81982421875,26.716781616210938
18.4453125,952.8196411132812,26.70318603515625
18.4609375,952.8189697265625,26.71715545654297
18.4765625,952.8323364257812,26.70392608642578
18.4921875,952.8357543945312,26.717514038085938
18.5078125,952.8036499023438,26.717514038085938
18.5234375,952.8262939453125,26.70318603515625
18.5390625,952.8165283203125,26.711647033691406
18.5546875,952.83349609375,26.70245361328125
18.5703125,952.822998046875,26.70648956298828
18.5859375,952.823486328125,26.697669982910156
18.6015625,952.819580078125,26.70062255859375
18.6171875,952.8186645507812,26.70062255859375
18.6328125,952.8013305664062,26.696571350097656
18.6484375,952.8128662109375,26.696571350097656
18.6640625,952.822998046875,26.693634033203125
18.6796875,952.8131713867188,26.690322875976562
18.6953125,952.796142578125,26.70062255859375
18.7109375,952.8228759765625,26.691802978515625
18.7265625,952.8189697265625,26.693634033203125
18.7421875,952.8089599609375,26.70465850830078
18.7578125,952.78857421875,26.689224243164062
18.7734375,952.8079223632812,26.70062255859375
18.7890625,952.8019409179688,26.70062255859375
18.8046875,952.8168334960938,26.689956665039062
18.8203125,952.8145751953125,26.689224243164062
18.8359375,952.8055419921875,26.691429138183594
18.8515625,952.7986450195312,26.68701934814453
18.8671875,952.8053588867188,26.689956665039062
18.8828125,952.8056030273438,26.6837158203125
18.8984375,952.8200073242188,26.696571350097656
18.9140625,952.8128662109375,26.68775177001953
18.9296875,952.8018798828125,26.691802978515625
18.9453125,952.8004760742188,26.68077850341797
18.9609375,952.8059692382812,26.67011260986328
18.9765625,952.8150634765625,26.694007873535156
18.9921875,952.8150634765625,26.691055297851562
19.0078125,952.7913818359375,26.685546875
19.0234375,952.8009643554688,26.663864135742188
19.0390625,952.8197631835938,26.676368713378906
19.0546875,952.7971801757812,26.673416137695312
19.0703125,952.8052368164062,26.680404663085938
19.0859375,952.805908203125,26.673416137695312
19.1015625,952.796875,26.673416137695312
19.1171875,952.796875,26.680404663085938
19.1328125,952.7974853515625,26.664596557617188
19.1484375,952.7989501953125,26.68444061279297
19.1640625,952.7979736328125,26.673416137695312
19.1796875,952.8057861328125,26.664596557617188
19.1953125,952.7894287109375,26.657981872558594
19.2109375,952.7952880859375,26.66754913330078
19.2265625,952.7890625,26.673416137695312
19.2421875,952.8070068359375,26.681137084960938
19.2578125,952.7975463867188,26.673416137695312
19.2734375,952.7915649414062,26.655044555664062
19.2890625,952.7950439453125,26.672683715820312
19.3046875,952.8087158203125,26.676368713378906
19.3203125,952.8084716796875,26.671585083007812
19.3359375,952.8080444335938,26.673416137695312
19.3515625,952.8590698242188,26.68701934814453
19.3671875,952.8507690429688,26.67011260986328
19.3828125,952.8563232421875,26.671958923339844
19.3984375,953.1033325195312,26.673416137695312
19.4140625,952.9319458007812,26.68077850341797
19.4296875,952.9954223632812,26.6837158203125
19.4453125,952.9096069335938,26.673416137695312
19.4609375,953.043701171875,26.674896240234375
19.4765625,953.008544921875,26.673416137695312
19.4921875,952.979736328125,26.673416137695312
19.5078125,953.0693359375,26.664596557617188
19.5234375,953.1348266601562,26.655418395996094
19.5390625,953.0951538085938,26.650634765625
19.5546875,953.1795043945312,26.66864776611328
19.5703125,953.0665283203125,26.664596557617188
19.5859375,953.0296630859375,26.673416137695312
19.6015625,953.0616455078125,26.671585083007812
19.6171875,953.1409912109375,26.66570281982422
19.6328125,953.0303955078125,26.68701934814453
19.6484375,953.1328735351562,26.673416137695312
19.6640625,953.0921020507812,26.675621032714844
19.6796875,953.1777954101562,26.68775177001953
19.6953125,952.973388671875,26.671585083007812
19.7109375,953.0316162109375,26.673416137695312
19.7265625,953.1321411132812,26.681503295898438
19.7421875,953.05224609375,26.68077850341797
19.7578125,953.0455932617188,26.67011260986328
19.7734375,953.1814575195312,26.689224243164062
19.7890625,953.1217651367188,26.677467346191406
19.8046875,953.0531005859375,26.68628692626953
19.8203125,953.1094970703125,26.68701934814453
19.8359375,953.003173828125,26.676368713378906
19.8515625,953.0589599609375,26.681503295898438
19.8671875,953.10546875,26.68701934814453
19.8828125,952.9859008789062,26.680404663085938
19.8984375,953.0305786132812,26.693260192871094
19.9140625,952.979248046875,26.697669982910156
19.9296875,953.1041259765625,26.693634033203125
19.9453125,953.1005859375,26.691055297851562
19.9609375,953.0286254882812,26.70539093017578
19.9765625,952.9828491210938,26.694007873535156
19.9921875,953.0355834960938,26.709442138671875
20.0078125,953.1488037109375,26.70207977294922
20.0234375,953.049560546875,26.70062255859375
20.0390625,953.0093383789062,26.70318603515625
20.0546875,953.0413208007812,26.710174560546875
20.0703125,953.0330200195312,26.70062255859375
20.0859375,953.0242919921875,26.70465850830078
20.1015625,953.0426635742188,26.70465850830078
20.1171875,953.1041870117188,26.713104248046875
20.1328125,953.0446166992188,26.712745666503906
20.1484375,953.1588134765625,26.717514038085938
20.1640625,953.1310424804688,26.706130981445312
20.1796875,953.0248413085938,26.71788787841797
20.1953125,953.0337524414062,26.71788787841797
20.2109375,953.1371459960938,26.712005615234375
20.2265625,953.0177001953125,26.72046661376953
20.2421875,953.2413940429688,26.730010986328125
20.2578125,953.0463256835938,26.72303009033203
20.2734375,952.9535522460938,26.729644775390625
20.2890625,953.2123413085938,26.730010986328125
20.3046875,953.2190551757812,26.723403930664062
20.3203125,953.0928955078125,26.73625946044922
20.3359375,953.216064453125,26.73552703857422
20.3515625,953.0874633789062,26.73590087890625
20.3671875,953.0217895507812,26.725234985351562
20.3828125,952.9376831054688,26.740310668945312
20.3984375,953.0335693359375,26.727081298828125
20.4140625,953.0831298828125,26.73846435546875
20.4296875,953.1002807617188,26.759048461914062
20.4453125,953.1357421875,26.760154724121094
20.4609375,953.0547485351562,26.7572021484375
20.4765625,953.001708984375,26.746925354003906
20.4921875,953.0354614257812,26.742515563964844
20.5078125,952.9555053710938,26.74066925048828
20.5234375,953.0223388671875,26.7572021484375
20.5390625,952.9796752929688,26.75830841064453
20.5546875,953.0568237304688,26.748756408691406
20.5703125,953.0278930664062,26.747650146484375
20.5859375,953.0762329101562,26.760154724121094
20.6015625,953.1055297851562,26.752059936523438
20.6171875,953.00732421875,26.75574493408203
20.6328125,953.1176147460938,26.752792358398438
20.6484375,953.095703125,26.749130249023438
20.6640625,953.0332641601562,26.752792358398438
20.6796875,953.1692504882812,26.765663146972656
20.6953125,953.0575561523438,26.752059936523438
20.7109375,953.0646362304688,26.757949829101562
20.7265625,953.105224609375,26.758682250976562
20.7421875,953.0736694335938,26.751693725585938
20.7578125,953.0556030273438,26.757949829101562
20.7734375,952.9677734375,26.745079040527344
20.7890625,953.0921020507812,26.75574493408203
20.8046875,953.2215576171875,26.759048461914062
20.8203125,953.0509643554688,26.75830841064453
20.8359375,953.1058959960938,26.759048461914062
20.8515625,952.9445190429688,26.77191162109375
20.8671875,953.042724609375,26.762718200683594
20.8828125,953.0101318359375,26.764190673828125
20.8984375,953.0921630859375,26.77374267578125
20.9140625,953.0595703125,26.77374267578125
20.9296875,953.0685424804688,26.77484130859375
20.9453125,953.0394287109375,26.768600463867188
20.9609375,953.057861328125,26.781097412109375
20.9765625,953.2037353515625,26.781829833984375
20.9921875,953.0233154296875,26.77374267578125
21.0078125,953.0530395507812,26.77484130859375
21.0234375,953.033935546875,26.776687622070312
21.0390625,953.1119384765625,26.781455993652344
21.0546875,953.1134643554688,26.779998779296875
21.0703125,953.103271484375,26.788070678710938
21.0859375,953.1632080078125,26.779624938964844
21.1015625,953.1019897460938,26.776687622070312
21.1171875,953.0538940429688,26.781829833984375
21.1328125,953.0221557617188,26.780357360839844
21.1484375,953.06201171875,26.79027557373047
21.1640625,953.1173706054688,26.793228149414062
21.1796875,953.0687866210938,26.7906494140625
21.1953125,952.9776611328125,26.79027557373047
21.2109375,953.117919921875,26.788818359375
21.2265625,953.03662109375,26.79027557373047
21.2421875,953.0755004882812,26.787338256835938
21.2578125,953.1427612304688,26.793960571289062
21.2734375,953.1923828125,26.788818359375
21.2890625,953.0426635742188,26.788818359375
21.3046875,953.0982055664062,26.796531677246094
21.3203125,953.0642700195312,26.798370361328125
21.3359375,953.0392456054688,26.78661346435547
21.3515625,953.068115234375,26.795791625976562
21.3671875,952.9607543945312,26.799468994140625
21.3828125,952.8834838867188,26.799468994140625
21.3984375,952.8810424804688,26.798370361328125
21.4140625,952.8588256835938,26.79468536376953
21.4296875,952.8423461914062,26.793228149414062
21.4453125,952.8422241210938,26.788818359375
21.4609375,952.8536987304688,26.799468994140625
21.4765625,952.8583374023438,26.80608367919922
21.4921875,952.8477172851562,26.788818359375
21.5078125,952.841796875,26.80425262451172
21.5234375,952.8409423828125,26.80425262451172
21.5390625,952.8486328125,26.799468994140625
21.5546875,952.8482055664062,26.80425262451172
21.5703125,952.8402709960938,26.80608367919922
21.5859375,952.8279418945312,26.81011962890625
21.6015625,952.8480224609375,26.80608367919922
21.6171875,952.8255004882812,26.802406311035156
21.6328125,952.8419189453125,26.800567626953125
21.6484375,952.833984375,26.7913818359375
21.6640625,952.8331298828125,26.80535125732422
21.6796875,952.8302001953125,26.796531677246094
21.6953125,952.8262939453125,26.79468536376953
21.7109375,952.8285522460938,26.795791625976562
21.7265625,952.8292846679688,26.79027557373047
21.7421875,952.8192138671875,26.798736572265625
21.7578125,952.817626953125,26.799468994140625
21.7734375,952.8363037109375,26.782203674316406
21.7890625,952.817138671875,26.780357360839844
21.8046875,952.8211669921875,26.784767150878906
21.8203125,952.8173828125,26.78661346435547
21.8359375,952.8169555664062,26.784767150878906
21.8515625,952.8192138671875,26.785865783691406
21.8671875,952.8240966796875,26.784767150878906
21.8828125,952.8139038085938,26.78661346435547
21.8984375,952.8080444335938,26.78917694091797
21.9140625,952.8184814453125,26.777793884277344
21.9296875,952.798828125,26.788070678710938
21.9453125,952.8219604492188,26.77521514892578
21.9609375,952.7996826171875,26.776687622070312
21.9765625,952.8016967773438,26.783660888671875
21.9921875,952.8107299804688,26.77521514892578
22.0078125,952.8110961914062,26.785507202148438
22.0234375,952.8175048828125,26.77374267578125
22.0390625,952.7911987304688,26.7913818359375
22.0546875,952.7965698242188,26.785507202148438
22.0703125,952.8049926757812,26.77007293701172
22.0859375,952.8106079101562,26.77594757080078
22.1015625,952.8070068359375,26.767868041992188
22.1171875,952.8025512695312,26.782928466796875
22.1328125,952.8112182617188,26.77374267578125
22.1484375,952.8014526367188,26.767868041992188
22.1640625,952.8049926757812,26.77227783203125
22.1796875,952.7994384765625,26.77374267578125
22.1953125,952.8067626953125,26.759048461914062
22.2109375,952.8052978515625,26.763458251953125
22.2265625,952.7830200195312,26.756103515625
22.2421875,952.7984008789062,26.77191162109375
22.2578125,952.7982788085938,26.77080535888672
22.2734375,952.81787109375,26.761985778808594
22.2890625,952.8038940429688,26.75537109375
22.3046875,952.79296875,26.7542724609375
22.3203125,952.8048095703125,26.75537109375
22.3359375,952.8115234375,26.752792358398438
22.3515625,952.7974853515625,26.748382568359375
22.3671875,952.8042602539062,26.767127990722656
22.3828125,952.7899780273438,26.760879516601562
22.3984375,952.7994995117188,26.748756408691406
22.4140625,952.7922973632812,26.743972778320312
22.4296875,952.7966918945312,26.743972778320312
22.4453125,952.7894897460938,26.73552703857422
22.4609375,952.79638671875,26.74066925048828
22.4765625,952.7760009765625,26.75574493408203
22.4921875,952.7835083007812,26.748382568359375
22.5078125,952.792236328125,26.752792358398438
22.5234375,952.7802124023438,26.752059936523438
22.5390625,952.8034057617188,26.748382568359375
22.5546875,952.7910766601562,26.750587463378906
22.5703125,952.796142578125,26.752059936523438
22.5859375,952.795654296875,26.743972778320312
22.6015625,952.841552734375,26.752792358398438
22.6171875,952.8452758789062,26.7564697265625
22.6328125,952.8516235351562,26.744720458984375
22.6484375,952.897705078125,26.73699951171875
22.6640625,952.8348388671875,26.747650146484375
22.6796875,952.9244384765625,26.746925354003906
22.6953125,952.9607543945312,26.746925354003906
22.7109375,952.9654541015625,26.74066925048828
22.7265625,952.9672241210938,26.748382568359375
22.7421875,952.9411010742188,26.752059936523438
22.7578125,953.0120849609375,26.75574493408203
22.7734375,952.913818359375,26.73735809326172
22.7890625,952.9531860351562,26.73699951171875
22.8046875,952.9710693359375,26.747650146484375
22.8203125,952.9141845703125,26.752059936523438
22.8359375,952.9749755859375,26.73663330078125
22.8515625,953.005126953125,26.73735809326172
22.8671875,952.996826171875,26.73663330078125
22.8828125,952.9166870117188,26.732589721679688
22.8984375,952.9288940429688,26.7564697265625
22.9140625,953.0053100585938,26.746925354003906
22.9296875,952.9691162109375,26.73883056640625
22.9453125,952.9235229492188,26.760154724121094
22.9609375,952.9339599609375,26.752792358398438
22.9765625,952.9857788085938,26.743972778320312
22.9921875,953.0506591796875,26.752059936523438
23.0078125,953.0096435546875,26.760154724121094
23.0234375,953.0194091796875,26.752792358398438
23.0390625,952.9666137695312,26.75574493408203
23.0546875,952.972412109375,26.740310668945312
23.0703125,952.9212036132812,26.75830841064453
23.0859375,953.03662109375,26.742515563964844
23.1015625,953.021240234375,26.7542724609375
23.1171875,952.9937133789062,26.748756408691406
23.1328125,952.9907836914062,26.763458251953125
23.1484375,952.9701538085938,26.7542724609375
23.1640625,953.00146484375,26.752059936523438
23.1796875,952.9953002929688,26.752059936523438
23.1953125,952.9445190429688,26.754638671875
23.2109375,952.9913330078125,26.752059936523438
23.2265625,952.94873046875,26.75133514404297
23.2421875,952.9612426757812,26.7564697265625
23.2578125,953.0123901367188,26.760879516601562
23.2734375,952.9650268554688,26.75537109375
23.2890625,952.981201171875,26.75830841064453
23.3046875,952.9816284179688,26.761253356933594
23.3203125,952.96875,26.764564514160156
23.3359375,952.9708862304688,26.7542724609375
23.3515625,953.1096801757812,26.75830841064453
23.3671875,952.9863891601562,26.758682250976562
23.3828125,953.003173828125,26.759048461914062
23.3984375,953.1035766601562,26.765663146972656
23.4140625,953.0349731445312,26.760879516601562
23.4296875,952.9645385742188,26.7535400390625
23.4453125,952.984130859375,26.777420043945312
23.4609375,952.9840698242188,26.764190673828125
23.4765625,952.9767456054688,26.7542724609375
23.4921875,952.9848022460938,26.763458251953125
23.5078125,952.9970092773438,26.767127990722656
23.5234375,952.968017578125,26.77484130859375
23.5390625,953.0118408203125,26.76897430419922
23.5546875,952.962890625,26.77484130859375
23.5703125,952.9646606445312,26.77374267578125
23.5859375,952.9574584960938,26.76897430419922
23.6015625,952.9443359375,26.767868041992188
23.6171875,953.1139526367188,26.781097412109375
23.6328125,952.9772338867188,26.766021728515625
23.6484375,952.9966430664062,26.77374267578125
23.6640625,952.9365234375,26.782928466796875
23.6796875,953.1273803710938,26.764564514160156
23.6953125,953.0706787109375,26.77117919921875
23.7109375,953.1203002929688,26.77227783203125
23.7265625,952.9775390625,26.780357360839844
23.7421875,952.969970703125,26.79468536376953
23.7578125,953.0430908203125,26.785507202148438
23.7734375,952.9669189453125,26.782928466796875
23.7890625,952.9906005859375,26.77410888671875
23.8046875,952.9849243164062,26.781097412109375
23.8203125,952.9886474609375,26.781829833984375
23.8359375,953.0436401367188,26.782203674316406
23.8515625,952.9684448242188,26.779624938964844
23.8671875,952.9908447265625,26.777793884277344
23.8828125,952.9439697265625,26.784767150878906
23.8984375,952.9381713867188,26.796531677246094
23.9140625,952.938720703125,26.784034729003906
23.9296875,952.96435546875,26.784034729003906
23.9453125,952.901611328125,26.788070678710938
23.9609375,952.97021484375,26.79027557373047
23.9765625,952.9267578125,26.78917694091797
23.9921875,953.0598754882812,26.7899169921875
24.0078125,952.9458618164062,26.788818359375
24.0234375,952.9146728515625,26.793228149414062
24.0390625,952.9342651367188,26.782203674316406
24.0546875,953.0239868164062,26.79248046875
24.0703125,952.9915161132812,26.7913818359375
24.0859375,952.9054565429688,26.784034729003906
24.1015625,952.98583984375,26.79027557373047
24.1171875,953.013427734375,26.795059204101562
24.1328125,952.912841796875,26.796531677246094
24.1484375,952.962646484375,26.793228149414062
24.1640625,952.9605102539062,26.80902099609375
24.1796875,952.97998046875,26.785140991210938
24.1953125,952.9166870117188,26.80425262451172
24.2109375,952.8851318359375,26.80791473388672
24.2265625,952.9822998046875,26.795791625976562
24.2421875,952.9840698242188,26.804977416992188
24.2578125,952.950927734375,26.802047729492188
24.2734375,952.976318359375,26.810867309570312
24.2890625,952.93359375,26.802406311035156
24.3046875,953.0176391601562,26.80608367919922
24.3203125,952.9121704101562,26.802406311035156
24.3359375,952.9082641601562,26.80535125732422
24.3515625,952.9886474609375,26.80866241455078
24.3671875,952.9219970703125,26.80535125732422
24.3828125,952.9360961914062,26.802780151367188
24.3984375,952.8527221679688,26.821144104003906
24.4140625,952.8832397460938,26.793960571289062
24.4296875,952.8553466796875,26.800941467285156
24.4453125,952.8483276367188,26.80718994140625
24.4609375,952.862060546875,26.802047729492188
24.4765625,952.8532104492188,26.799095153808594
24.4921875,952.8439331054688,26.80718994140625
24.5078125,952.8776245117188,26.80976104736328
24.5234375,952.844970703125,26.815635681152344
24.5390625,952.8444213867188,26.820045471191406
24.5546875,952.8328857421875,26.821144104003906
24.5703125,952.8426513671875,26.818206787109375
24.5859375,952.8434448242188,26.80718994140625
24.6015625,952.8435668945312,26.818206787109375
24.6171875,952.8423461914062,26.820045471191406
24.6328125,952.8341064453125,26.8240966796875
24.6484375,952.8338623046875,26.813430786132812
24.6640625,952.8262329101562,26.833648681640625
24.6796875,952.8372192382812,26.819686889648438
24.6953125,952.8286743164062,26.825927734375
24.7109375,952.8513793945312,26.82299041748047
24.7265625,952.8224487304688,26.816375732421875
24.7421875,952.82177734375,26.82555389404297
24.7578125,952.8226928710938,26.82299041748047
24.7734375,952.8427734375,26.82299041748047
24.7890625,952.8158569335938,26.812698364257812
24.8046875,952.8404541015625,26.82666015625
24.8203125,952.8353881835938,26.815635681152344
24.8359375,952.8211669921875,26.815635681152344
24.8515625,952.8246459960938,26.814903259277344
24.8671875,952.8341674804688,26.815635681152344
24.8828125,952.8282470703125,26.8248291015625
24.8984375,952.8345947265625,26.816375732421875
24.9140625,952.8145751953125,26.800201416015625
24.9296875,952.8206787109375,26.818580627441406
24.9453125,952.8428955078125,26.812698364257812
24.9609375,952.8219604492188,26.80866241455078
24.9765625,952.8186645507812,26.812698364257812
24.9921875,952.8219604492188,26.814529418945312
25.0078125,952.8341064453125,26.80791473388672
25.0234375,952.8148803710938,26.80718994140625
25.0390625,952.81005859375,26.80718994140625
25.0546875,952.8465576171875,26.81011962890625
25.0703125,952.8331298828125,26.80718994140625
25.0859375,952.8214111328125,26.798736572265625
25.1015625,952.8265380859375,26.804977416992188
25.1171875,952.8260498046875,26.793228149414062
25.1328125,952.8290405273438,26.798736572265625
25.1484375,952.82958984375,26.799468994140625
25.1640625,952.8182373046875,26.798736572265625
25.1796875,952.8260498046875,26.798736572265625
25.1953125,952.8260498046875,26.7913818359375
25.2109375,952.8013916015625,26.796531677246094
25.2265625,952.8287353515625,26.793960571289062
25.2421875,952.8176879882812,26.800941467285156
25.2578125,952.8154296875,26.79468536376953
25.2734375,952.811767578125,26.784034729003906
25.2890625,952.8018798828125,26.7899169921875
25.3046875,952.81201171875,26.785865783691406
25.3203125,952.8115234375,26.795791625976562
25.3359375,952.7933349609375,26.78955078125
25.3515625,952.8023071289062,26.79248046875
25.3671875,952.8014526367188,26.7913818359375
25.3828125,952.7930297851562,26.79027557373047
25.3984375,952.800048828125,26.793960571289062
25.4140625,952.7962036132812,26.78917694091797
25.4296875,952.7975463867188,26.777793884277344
25.4453125,952.7916259765625,26.79027557373047
25.4609375,952.7969970703125,26.785865783691406
25.4765625,952.7936401367188,26.78661346435547
25.4921875,952.79248046875,26.780357360839844
25.5078125,952.8026123046875,26.784408569335938
25.5234375,952.8096923828125,26.78771209716797
25.5390625,952.796142578125,26.783660888671875
25.5546875,952.7927856445312,26.781455993652344
25.5703125,952.7830200195312,26.787338256835938
25.5859375,952.7836303710938,26.781097412109375
25.6015625,952.7830200195312,26.764564514160156
25.6171875,952.7903442382812,26.785507202148438
25.6328125,952.7804565429688,26.79468536376953
25.6484375,952.7921142578125,26.77153778076172
25.6640625,952.7904663085938,26.7899169921875
25.6796875,952.7809448242188,26.78917694091797
25.6953125,952.7754516601562,26.77410888671875
25.7109375,952.7841186523438,26.77521514892578
25.7265625,952.790771484375,26.776687622070312
25.7421875,952.78857421875,26.767501831054688
25.7578125,952.7905883789062,26.777793884277344
25.7734375,952.7957763671875,26.784034729003906
25.7890625,952.8029174804688,26.781455993652344
25.8046875,952.7830200195312,26.785507202148438
25.8203125,952.786376953125,26.787338256835938
25.8359375,952.7925415039062,26.781455993652344
25.8515625,952.7955322265625,26.781097412109375
25.8671875,952.8117065429688,26.783660888671875
25.8828125,952.8047485351562,26.784034729003906
25.8984375,952.8078002929688,26.786239624023438
25.9140625,952.79248046875,26.783660888671875
25.9296875,952.7952270507812,26.767501831054688
25.9453125,952.7876586914062,26.77374267578125
25.9609375,952.8282470703125,26.77374267578125
25.9765625,952.8008422851562,26.784408569335938
25.9921875,952.8508911132812,26.785507202148438
26.0078125,952.8331298828125,26.7899169921875
26.0234375,952.8711547851562,26.77410888671875
26.0390625,952.8384399414062,26.787338256835938
26.0546875,952.8153076171875,26.781829833984375
26.0703125,952.8219604492188,26.784034729003906
26.0859375,952.8245239257812,26.7913818359375
26.1015625,952.8408203125,26.782928466796875
26.1171875,952.8363647460938,26.776687622070312
26.1328125,952.7975463867188,26.77484130859375
26.1484375,952.8153076171875,26.778892517089844
26.1640625,952.8246459960938,26.781455993652344
26.1796875,952.838623046875,26.783660888671875
26.1953125,952.7892456054688,26.784034729003906
26.2109375,952.7916870117188,26.776687622070312
26.2265625,952.8172607421875,26.787338256835938
26.2421875,952.8344116210938,26.782928466796875
26.2578125,952.8530883789062,26.783660888671875
26.2734375,952.8358154296875,26.77410888671875
26.2890625,952.8157348632812,26.77374267578125
26.3046875,952.8157348632812,26.794326782226562
26.3203125,952.8512573242188,26.77410888671875
26.3359375,952.8390502929688,26.784408569335938
26.3515625,952.8270263671875,26.766021728515625
26.3671875,952.8323364257812,26.781455993652344
26.3828125,952.861328125,26.775588989257812
26.3984375,952.8302612304688,26.787338256835938
26.4140625,953.0197143554688,26.77594757080078
26.4296875,953.171630859375,26.78917694091797
26.4453125,953.1024169921875,26.785507202148438
26.4609375,953.0106201171875,26.781455993652344
26.4765625,952.9952392578125,26.77227783203125
26.4921875,953.1490478515625,26.781097412109375
26.5078125,953.1596069335938,26.77374267578125
26.5234375,953.1074829101562,26.783660888671875
26.5390625,953.0492553710938,26.781829833984375
26.5546875,953.0293579101562,26.777793884277344
26.5703125,953.1197509765625,26.77374267578125
26.5859375,953.22216796875,26.781097412109375
26.6015625,953.0740356445312,26.777793884277344
26.6171875,953.017578125,26.777793884277344
26.6328125,953.091064453125,26.776687622070312
26.6484375,953.0347290039062,26.796890258789062
26.6640625,953.1151123046875,26.799095153808594
26.6796875,953.2443237304688,26.79468536376953
26.6953125,953.1566772460938,26.799468994140625
26.7109375,953.2265625,26.79212188720703
26.7265625,953.224609375,26.788818359375
26.7421875,953.1220703125,26.788818359375
26.7578125,953.0838012695312,26.788818359375
26.7734375,953.068359375,26.80718994140625
26.7890625,953.1483154296875,26.795791625976562
26.8046875,953.0676879882812,26.795791625976562
26.8203125,953.0922241210938,26.795059204101562
26.8359375,953.1012573242188,26.798370361328125
26.8515625,952.9830932617188,26.804977416992188
26.8671875,952.9378051757812,26.80866241455078
26.8828125,953.0869140625,26.818580627441406
26.8984375,953.0914916992188,26.80791473388672
26.9140625,953.034912109375,26.80976104736328
26.9296875,953.0321044921875,26.8248291015625
26.9453125,953.0234375,26.819686889648438
26.9609375,953.0533447265625,26.82555389404297
26.9765625,952.9864501953125,26.82740020751953
26.9921875,953.044677734375,26.82630157470703
27.0078125,953.1228637695312,26.836219787597656
27.0234375,953.1459350585938,26.82630157470703
27.0390625,953.0337524414062,26.833274841308594
27.0546875,953.0391845703125,26.837326049804688
27.0703125,952.9822387695312,26.836219787597656
27.0859375,952.994140625,26.834373474121094
27.1015625,953.0393676757812,26.836219787597656
27.1171875,953.059814453125,26.834373474121094
27.1328125,952.9556884765625,26.836219787597656
27.1484375,953.02880859375,26.839889526367188
27.1640625,952.908935546875,26.82996368408203
27.1796875,952.9552612304688,26.832168579101562
27.1953125,952.9619140625,26.836219787597656
27.2109375,952.9481201171875,26.832168579101562
27.2265625,953.0408935546875,26.834373474121094
27.2421875,952.9299926757812,26.833274841308594
27.2578125,952.9961547851562,26.82996368408203
27.2734375,952.9181518554688,26.847976684570312
27.2890625,952.8482055664062,26.840255737304688
27.3046875,952.8253173828125,26.846145629882812
27.3203125,952.8528442382812,26.84356689453125
27.3359375,952.8609008789062,26.852012634277344
27.3515625,952.8605346679688,26.855323791503906
27.3671875,952.9266357421875,26.846145629882812
27.3828125,952.8934936523438,26.846145629882812
27.3984375,952.876708984375,26.84394073486328
27.4140625,952.9135131835938,26.839889526367188
27.4296875,952.8533325195312,26.84429931640625
27.4453125,952.8843383789062,26.86083221435547
27.4609375,952.8530883789062,26.854591369628906
27.4765625,952.8416748046875,26.855697631835938
27.4921875,952.8460083007812,26.849807739257812
27.5078125,952.8377075195312,26.839157104492188
27.5234375,952.8377685546875,26.846878051757812
27.5390625,952.8403930664062,26.856063842773438
27.5546875,952.8346557617188,26.854217529296875
27.5703125,952.8320922851562,26.84539794921875
27.5859375,952.82763671875,26.846878051757812
27.6015625,952.83740234375,26.84650421142578
27.6171875,952.8450317382812,26.851654052734375
27.6328125,952.8246459960938,26.834747314453125
27.6484375,952.8283081054688,26.849075317382812
27.6640625,952.8214111328125,26.84394073486328
27.6796875,952.8370971679688,26.84283447265625
27.6953125,952.8256225585938,26.84246826171875
27.7109375,952.824951171875,26.849807739257812
27.7265625,952.8203125,26.84136199951172
27.7421875,952.8236694335938,26.84394073486328
27.7578125,952.82568359375,26.832916259765625
27.7734375,952.8126220703125,26.834373474121094
27.7890625,952.8128662109375,26.84246826171875
27.8046875,952.8064575195312,26.833648681640625
27.8203125,952.8169555664062,26.833648681640625
27.8359375,952.8067626953125,26.834373474121094
27.8515625,952.8092041015625,26.836219787597656
27.8671875,952.8016357421875,26.830711364746094
27.8828125,952.8302612304688,26.833648681640625
27.8984375,952.8049926757812,26.837326049804688
27.9140625,952.8041381835938,26.833648681640625
27.9296875,952.815673828125,26.833648681640625
27.9453125,952.802001953125,26.834373474121094
27.9609375,952.8062133789062,26.833648681640625
27.9765625,952.8013916015625,26.82189178466797
27.9921875,952.8145141601562,26.835479736328125
28.0078125,952.8129272460938,26.82886505126953
28.0234375,952.802734375,26.82740020751953
28.0390625,952.794189453125,26.814170837402344
28.0546875,952.8125610351562,26.813072204589844
28.0703125,952.803466796875,26.8251953125
28.0859375,952.8023071289062,26.82189178466797
28.1015625,952.799560546875,26.819686889648438
28.1171875,952.79638671875,26.8248291015625
28.1328125,952.7998046875,26.820045471191406
28.1484375,952.7899169921875,26.833648681640625
28.1640625,952.7971801757812,26.82299041748047
28.1796875,952.8117065429688,26.80902099609375
28.1953125,952.794677734375,26.812698364257812
28.2109375,952.798095703125,26.80902099609375
28.2265625,952.7887573242188,26.80902099609375
28.2421875,952.7857666015625,26.812698364257812
28.2578125,952.7998046875,26.800567626953125
28.2734375,952.7879638671875,26.81122589111328
28.2890625,952.7979736328125,26.80976104736328
28.3046875,952.79833984375,26.80791473388672
28.3203125,952.8017578125,26.804977416992188
28.3359375,952.7978515625,26.804977416992188
28.3515625,952.7973022460938,26.795791625976562
28.3671875,952.784423828125,26.80791473388672
28.3828125,952.7946166992188,26.804977416992188
28.3984375,952.7991333007812,26.80535125732422
28.4140625,952.7854614257812,26.802047729492188
28.4296875,952.7910766601562,26.799468994140625
28.4453125,952.7938232421875,26.816375732421875
28.4609375,952.7864379882812,26.800567626953125
28.4765625,952.7974853515625,26.801300048828125
28.4921875,952.7939453125,26.803504943847656
28.5078125,952.7852172851562,26.796531677246094
28.5234375,952.7803955078125,26.799468994140625
28.5390625,952.784912109375,26.804977416992188
28.5546875,952.7854614257812,26.80608367919922
28.5703125,952.79443359375,26.795059204101562
28.5859375,952.7903442382812,26.79468536376953
28.6015625,952.7843627929688,26.78955078125
28.6171875,952.7748413085938,26.793960571289062
28.6328125,952.7967529296875,26.798736572265625
28.6484375,952.7966918945312,26.795791625976562
28.6640625,952.784423828125,26.795791625976562
28.6796875,952.784423828125,26.798736572265625
28.6953125,952.7817993164062,26.784034729003906
28.7109375,952.77490234375,26.793960571289062
28.7265625,952.774658203125,26.798736572265625
28.7421875,952.7817993164062,26.799468994140625
28.7578125,952.7818603515625,26.79468536376953
28.7734375,952.775390625,26.804977416992188
28.7890625,952.7716064453125,26.796890258789062
28.8046875,952.7989501953125,26.80535125732422
28.8203125,952.802734375,26.79468536376953
28.8359375,952.8190307617188,26.798736572265625
28.8515625,952.846923828125,26.799468994140625
28.8671875,952.8182373046875,26.79027557373047
28.8828125,952.8364868164062,26.793960571289062
28.8984375,952.83984375,26.795791625976562
28.9140625,952.8980102539062,26.79027557373047
28.9296875,952.9285888671875,26.79027557373047
28.9453125,952.8770751953125,26.79027557373047
28.9609375,952.8424682617188,26.798736572265625
28.9765625,952.8988647460938,26.79212188720703
28.9921875,952.844482421875,26.80608367919922
29.0078125,952.9259643554688,26.795059204101562
29.0234375,952.9715576171875,26.79027557373047
29.0390625,952.9368286132812,26.795791625976562
29.0546875,953.1138305664062,26.80718994140625
29.0703125,953.0557861328125,26.795791625976562
29.0859375,953.0354614257812,26.788818359375
29.1015625,953.0330200195312,26.80425262451172
29.1171875,953.0177612304688,26.80425262451172
29.1328125,952.913818359375,26.797637939453125
29.1484375,953.0589599609375,26.80425262451172
29.1640625,953.020751953125,26.80718994140625
29.1796875,953.0228881835938,26.816734313964844
29.1953125,952.93896484375,26.80976104736328
29.2109375,952.9579467773438,26.80791473388672
29.2265625,952.9959716796875,26.817481994628906
29.2421875,952.9761352539062,26.81049346923828
29.2578125,952.93359375,26.818206787109375
29.2734375,953.0067138671875,26.82886505126953
29.2890625,952.950927734375,26.80718994140625
29.3046875,952.912841796875,26.8248291015625
29.3203125,953.00732421875,26.812698364257812
29.3359375,952.9815673828125,26.82372283935547
29.3515625,952.9713134765625,26.819686889648438
29.3671875,952.9512329101562,26.82630157470703
29.3828125,953.0015258789062,26.82630157470703
29.3984375,952.941162109375,26.825927734375
29.4140625,953.005615234375,26.8248291015625
29.4296875,953.0042724609375,26.825927734375
29.4453125,952.9769287109375,26.818206787109375
29.4609375,953.0282592773438,26.830711364746094
29.4765625,952.9844970703125,26.815635681152344
29.4921875,952.9669189453125,26.812698364257812
29.5078125,953.0729370117188,26.830711364746094
29.5234375,952.9904174804688,26.833648681640625
29.5390625,953.0344848632812,26.82813262939453
29.5546875,952.98193359375,26.834373474121094
29.5703125,952.9933471679688,26.82740020751953
29.5859375,953.0762329101562,26.835479736328125
29.6015625,953.0472412109375,26.814903259277344
29.6171875,953.0338134765625,26.80791473388672
29.6328125,952.9924926757812,26.817840576171875
29.6484375,952.9940185546875,26.82555389404297
29.6640625,953.0043334960938,26.8248291015625
29.6796875,953.0252075195312,26.815635681152344
29.6953125,953.0255737304688,26.814170837402344
29.7109375,952.9608154296875,26.81049346923828
29.7265625,953.1331787109375,26.818206787109375
29.7421875,952.94091796875,26.8251953125
29.7578125,953.0012817382812,26.819686889648438
29.7734375,952.976318359375,26.813072204589844
29.7890625,952.9984130859375,26.815635681152344
29.8046875,952.9920654296875,26.817840576171875
29.8203125,953.0220947265625,26.832916259765625
29.8359375,953.0146484375,26.8240966796875
29.8515625,953.0532836914062,26.82555389404297
29.8671875,953.0199584960938,26.822616577148438
29.8828125,952.9813232421875,26.82372283935547
29.8984375,953.022705078125,26.811599731445312
29.9140625,953.0084228515625,26.825927734375
29.9296875,953.0277099609375,26.819686889648438
29.9453125,953.0067749023438,26.8248291015625
29.9609375,952.9583129882812,26.82372283935547
29.9765625,952.9581909179688,26.814903259277344
29.9921875,952.9716796875,26.810867309570312
30.0078125,952.9366455078125,26.811599731445312
30.0234375,953.0112915039062,26.819686889648438
30.0390625,952.9757080078125,26.82666015625
30.0546875,952.9955444335938,26.814170837402344
30.0703125,952.9638061523438,26.82886505126953
30.0859375,953.0195922851562,26.820045471191406
30.1015625,952.941162109375,26.833648681640625
30.1171875,952.9579467773438,26.82299041748047
30.1328125,952.9771728515625,26.821144104003906
30.1484375,953.0224609375,26.8248291015625
30.1640625,953.0198974609375,26.833648681640625
30.1796875,953.0117797851562,26.82555389404297
30.1953125,952.9805297851562,26.8240966796875
30.2109375,953.0018310546875,26.836219787597656
30.2265625,952.9959106445312,26.82996368408203
30.2421875,953.0442504882812,26.834373474121094
30.2578125,952.9771728515625,26.834373474121094
30.2734375,953.1188354492188,26.837326049804688
30.2890625,953.0109252929688,26.850914001464844
30.3046875,952.9710693359375,26.84429931640625
30.3203125,953.0408935546875,26.832916259765625
30.3359375,953.0834350585938,26.84503936767578
30.3515625,952.9889526367188,26.82996368408203
30.3671875,952.9271850585938,26.836219787597656
30.3828125,952.950439453125,26.849075317382812
30.3984375,952.9893798828125,26.840255737304688
30.4140625,953.0374755859375,26.82886505126953
30.4296875,952.984375,26.84356689453125
30.4453125,952.9948120117188,26.829605102539062
30.4609375,952.993408203125,26.83953094482422
30.4765625,953.0069580078125,26.837326049804688
30.4921875,953.0396728515625,26.819686889648438
30.5078125,952.9398193359375,26.833648681640625
30.5234375,952.9537963867188,26.834373474121094
30.5390625,953.0131225585938,26.840255737304688
30.5546875,953.018310546875,26.833648681640625
30.5703125,952.9932861328125,26.836219787597656
30.5859375,952.9445190429688,26.836219787597656
30.6015625,953.0095825195312,26.837684631347656
30.6171875,952.995361328125,26.853858947753906
30.6328125,952.9473266601562,26.853858947753906
30.6484375,952.9927978515625,26.850914001464844
30.6640625,952.9822998046875,26.853858947753906
30.6796875,952.9557495117188,26.846145629882812
30.6953125,953.047607421875,26.84283447265625
30.7109375,952.9786376953125,26.84283447265625
30.7265625,952.9091796875,26.852012634277344
30.7421875,952.8831787109375,26.84650421142578
30.7578125,952.876708984375,26.832168579101562
30.7734375,952.8485107421875,26.853485107421875
30.7890625,952.854736328125,26.86267852783203
30.8046875,952.843017578125,26.849075317382812
30.8203125,952.8380737304688,26.852760314941406
30.8359375,952.8474731445312,26.86083221435547
30.8515625,952.8303833007812,26.86267852783203
30.8671875,952.8544311523438,26.857528686523438
30.8828125,952.8335571289062,26.86083221435547
30.8984375,952.8368530273438,26.85900115966797
30.9140625,952.8540649414062,26.852386474609375
30.9296875,952.8319091796875,26.86414337158203
30.9453125,952.836669921875,26.854591369628906
