# Time (seconds),Pressure,Temp
0.0078125,952.8980102539062,27.76190185546875
0.0234375,952.7713623046875,27.764114379882812
0.0390625,952.750732421875,27.76153564453125
0.0546875,952.7713623046875,27.772933959960938
0.0703125,952.7545776367188,27.75897216796875
0.0859375,952.7710571289062,27.763381958007812
0.1015625,952.7571411132812,27.751251220703125
0.1171875,952.7734375,27.755294799804688
0.1328125,952.773193359375,27.764114379882812
0.1484375,952.7669067382812,27.753082275390625
0.1640625,952.7472534179688,27.764480590820312
0.1796875,952.7638549804688,27.763381958007812
0.1953125,952.7595825195312,27.75859832763672
0.2109375,952.7603149414062,27.74463653564453
0.2265625,952.7643432617188,27.750885009765625
0.2421875,952.7667846679688,27.766311645507812
0.2578125,952.774169921875,27.76153564453125
0.2734375,952.7713623046875,27.75786590576172
0.2890625,952.7656860351562,27.758224487304688
0.3046875,952.7477416992188,27.75676727294922
0.3203125,952.7703857421875,27.754188537597656
0.3359375,952.7659301757812,27.751251220703125
0.3515625,952.7727661132812,27.76227569580078
0.3671875,952.7481079101562,27.75786590576172
0.3828125,952.7537231445312,27.769622802734375
0.3984375,952.766845703125,27.772933959960938
0.4140625,952.7587890625,27.769996643066406
0.4296875,952.7620239257812,27.773658752441406
0.4453125,952.7666015625,27.764114379882812
0.4609375,952.7674560546875,27.768890380859375
0.4765625,952.7684936523438,27.763381958007812
0.4921875,952.7626342773438,27.764114379882812
0.5078125,952.7662963867188,27.75933074951172
0.5234375,952.7658081054688,27.757125854492188
0.5390625,952.765625,27.76080322265625
0.5546875,952.7791137695312,27.767417907714844
0.5703125,952.7737426757812,27.765213012695312
0.5859375,952.7537841796875,27.76117706298828
0.6015625,952.75341796875,27.75859832763672
0.6171875,952.7590942382812,27.76080322265625
0.6328125,952.7713012695312,27.75786590576172
0.6484375,952.7531127929688,27.773658752441406
0.6640625,952.7582397460938,27.769996643066406
0.6796875,952.7512817382812,27.76153564453125
0.6953125,952.763671875,27.763381958007812
0.7109375,952.7584228515625,27.769996643066406
0.7265625,952.77099609375,27.771827697753906
0.7421875,952.7515258789062,27.769996643066406
0.7578125,952.7697143554688,27.7784423828125
0.7734375,952.7521362304688,27.767044067382812
0.7890625,952.757568359375,27.76300811767578
0.8046875,952.7715454101562,27.764114379882812
0.8203125,952.7638549804688,27.754920959472656
0.8359375,952.770751953125,27.769996643066406
0.8515625,952.7459106445312,27.7791748046875
0.8671875,952.7677612304688,27.769248962402344
0.8828125,952.759033203125,27.767417907714844
0.8984375,952.7582397460938,27.76483917236328
0.9140625,952.769287109375,27.768524169921875
0.9296875,952.7643432617188,27.771095275878906
0.9453125,952.7657470703125,27.767791748046875
0.9609375,952.7462768554688,27.754920959472656
0.9765625,952.770751953125,27.758224487304688
0.9921875,952.75732421875,27.754920959472656
1.0078125,952.8209838867188,27.776611328125
1.0234375,952.9629516601562,27.752357482910156
1.0390625,953.065185546875,27.757492065429688
1.0546875,953.3837280273438,27.751251220703125
1.0703125,953.5856323242188,27.76080322265625
1.0859375,953.737060546875,27.764480590820312
1.1015625,954.0128784179688,27.76300811767578
1.1171875,953.9464721679688,27.763381958007812
1.1328125,954.1973266601562,27.76153564453125
1.1484375,954.4151611328125,27.754920959472656
1.1640625,954.071044921875,27.757492065429688
1.1796875,954.2618408203125,27.754188537597656
1.1953125,954.1038818359375,27.754920959472656
1.2109375,954.2657470703125,27.751251220703125
1.2265625,954.2092895507812,27.76153564453125
1.2421875,953.8178100585938,27.768150329589844
1.2578125,954.3273315429688,27.76153564453125
1.2734375,954.3494262695312,27.767044067382812
1.2890625,953.6917114257812,27.76153564453125
1.3046875,954.35302734375,27.751251220703125
1.3203125,954.5442504882812,27.76483917236328
1.3359375,954.1491088867188,27.769996643066406
1.3515625,954.240966796875,27.77991485595703
1.3671875,954.2318725585938,27.76483917236328
1.3828125,954.6567993164062,27.771827697753906
1.3984375,954.261474609375,27.787635803222656
1.4140625,953.711669921875,27.786888122558594
1.4296875,954.02099609375,27.785430908203125
1.4453125,954.2420043945312,27.766685485839844
1.4609375,953.8273315429688,27.784324645996094
1.4765625,954.020263671875,27.7791748046875
1.4921875,954.08544921875,27.785789489746094
1.5078125,953.841796875,27.781021118164062
1.5234375,954.0115356445312,27.786888122558594
1.5390625,953.8734741210938,27.789466857910156
1.5546875,953.6730346679688,27.79828643798828
1.5703125,953.5257568359375,27.79791259765625
1.5859375,953.6619262695312,27.803802490234375
1.6015625,953.691162109375,27.810043334960938
1.6171875,953.7335815429688,27.803802490234375
1.6328125,954.0162353515625,27.810409545898438
1.6484375,953.5801391601562,27.804901123046875
1.6640625,954.1052856445312,27.804901123046875
1.6796875,953.917236328125,27.800491333007812
1.6953125,953.986083984375,27.81334686279297
1.7109375,953.643798828125,27.807479858398438
1.7265625,953.7823486328125,27.8155517578125
1.7421875,953.6564331054688,27.803070068359375
1.7578125,953.5685424804688,27.813720703125
1.7734375,954.1085205078125,27.83319091796875
1.7890625,953.8811645507812,27.820335388183594
1.8046875,953.6396484375,27.82842254638672
1.8203125,953.6978759765625,27.821807861328125
1.8359375,953.9588012695312,27.83098602294922
1.8515625,953.4817504882812,27.826950073242188
1.8671875,954.4180297851562,27.828781127929688
1.8828125,954.2062377929688,27.842384338378906
1.8984375,953.9495239257812,27.83283233642578
1.9140625,954.2168579101562,27.85047149658203
1.9296875,953.8409423828125,27.85047149658203
1.9453125,953.8684692382812,27.854507446289062
1.9609375,953.9484252929688,27.86737060546875
1.9765625,953.82177734375,27.86957550048828
1.9921875,953.7723999023438,27.875457763671875
2.0078125,954.0167236328125,27.861495971679688
2.0234375,953.6713256835938,27.86737060546875
2.0390625,953.6783447265625,27.876556396484375
2.0546875,953.5072631835938,27.878036499023438
2.0703125,953.6770629882812,27.88465118408203
2.0859375,953.6340942382812,27.890518188476562
2.1015625,953.3197631835938,27.896408081054688
2.1171875,953.5426635742188,27.90008544921875
2.1328125,953.6553955078125,27.908157348632812
2.1484375,953.5982055664062,27.90264892578125
2.1640625,953.5659790039062,27.906700134277344
2.1796875,953.1761474609375,27.89897918701172
2.1953125,953.6821899414062,27.910362243652344
2.2109375,953.4359130859375,27.912208557128906
2.2265625,953.6720581054688,27.9202880859375
2.2421875,953.1697387695312,27.924697875976562
2.2578125,953.5693359375,27.925796508789062
2.2734375,953.682373046875,27.929847717285156
2.2890625,953.4431762695312,27.920654296875
2.3046875,953.462646484375,27.93572235107422
2.3203125,953.119873046875,27.934616088867188
2.3359375,953.285888671875,27.946746826171875
2.3515625,953.2356567382812,27.950424194335938
2.3671875,953.3741455078125,27.946014404296875
2.3828125,953.1680908203125,27.958145141601562
2.3984375,953.4979248046875,27.961074829101562
2.4140625,953.2401123046875,27.967330932617188
2.4296875,953.1403198242188,27.952255249023438
2.4453125,953.2846069335938,27.964385986328125
2.4609375,953.3917236328125,27.959617614746094
2.4765625,953.4126586914062,27.963653564453125
2.4921875,953.3999633789062,27.961074829101562
2.5078125,953.2114868164062,27.961822509765625
2.5234375,953.1917724609375,27.964027404785156
2.5390625,953.66943359375,27.97541046142578
2.5546875,953.6741943359375,27.97209930419922
2.5703125,953.9874877929688,27.987533569335938
2.5859375,953.6204223632812,27.96843719482422
2.6015625,953.5026245117188,27.97467803955078
2.6171875,953.5020141601562,27.977256774902344
2.6328125,953.195068359375,27.99158477783203
2.6484375,953.3411254882812,27.986434936523438
2.6640625,953.2186279296875,27.995620727539062
2.6796875,953.546630859375,28.001869201660156
2.6953125,953.1114501953125,28.003341674804688
2.7109375,952.9913940429688,28.014739990234375
2.7265625,953.010498046875,28.004440307617188
2.7421875,952.9461669921875,28.019149780273438
2.7578125,952.892578125,28.0242919921875
2.7734375,952.8685913085938,28.00922393798828
2.7890625,952.8533935546875,28.024658203125
2.8046875,952.8734130859375,28.022811889648438
2.8203125,952.8636474609375,28.016197204589844
2.8359375,952.8624267578125,28.020980834960938
2.8515625,952.8538818359375,28.031631469726562
2.8671875,952.85498046875,28.0272216796875
2.8828125,952.8544921875,28.032737731933594
2.8984375,952.8538208007812,28.030174255371094
2.9140625,952.8416137695312,28.0272216796875
2.9296875,952.8377685546875,28.02832794189453
2.9453125,952.8444213867188,28.0272216796875
2.9609375,952.830078125,28.024658203125
2.9765625,952.8262329101562,28.015838623046875
2.9921875,952.8318481445312,28.0242919921875
3.0078125,952.8267822265625,28.019149780273438
3.0234375,952.8184814453125,28.02576446533203
3.0390625,952.8226318359375,28.029800415039062
3.0546875,952.8195190429688,28.014366149902344
3.0703125,952.8233642578125,28.00554656982422
3.0859375,952.8111572265625,28.020248413085938
3.1015625,952.8251342773438,28.001869201660156
3.1171875,952.8233642578125,27.997459411621094
3.1328125,952.8038330078125,27.991943359375
3.1484375,952.8265380859375,27.99304962158203
3.1640625,952.8212280273438,27.977981567382812
3.1796875,952.8209838867188,27.995994567871094
3.1953125,952.8233642578125,27.991943359375
3.2109375,952.8247680664062,27.982025146484375
3.2265625,952.8184204101562,27.97100067138672
3.2421875,952.7999877929688,27.977981567382812
3.2578125,952.8108520507812,27.982025146484375
3.2734375,952.814208984375,27.985702514648438
3.2890625,952.7953491210938,27.97541046142578
3.3046875,952.8134765625,27.964027404785156
3.3203125,952.7974243164062,27.97650909423828
3.3359375,952.7885131835938,27.964027404785156
3.3515625,952.8123168945312,27.957412719726562
3.3671875,952.7931518554688,27.95777130126953
3.3828125,952.7938232421875,27.948593139648438
3.3984375,952.7964477539062,27.951522827148438
3.4140625,952.818359375,27.961822509765625
3.4296875,952.802001953125,27.961822509765625
3.4453125,952.8169555664062,27.948593139648438
3.4609375,952.7857055664062,27.942337036132812
3.4765625,952.7941284179688,27.942703247070312
3.4921875,952.7947998046875,27.93315887451172
3.5078125,952.7943725585938,27.93792724609375
3.5234375,952.8049926757812,27.93792724609375
3.5390625,952.7966918945312,27.93792724609375
3.5546875,952.807373046875,27.93646240234375
3.5703125,952.7863159179688,27.942337036132812
3.5859375,952.7947387695312,27.931686401367188
3.6015625,952.794189453125,27.93609619140625
3.6171875,952.794677734375,27.926544189453125
3.6328125,952.7930908203125,27.920654296875
3.6484375,952.7871704101562,27.925796508789062
3.6640625,952.7847290039062,27.91808319091797
3.6796875,952.7928466796875,27.91808319091797
3.6953125,952.7922973632812,27.914047241210938
3.7109375,952.7919311523438,27.914047241210938
3.7265625,952.7835693359375,27.91992950439453
3.7421875,952.7985229492188,27.914772033691406
3.7578125,952.782958984375,27.91992950439453
3.7734375,952.7930297851562,27.914047241210938
3.7890625,952.79248046875,27.899337768554688
3.8046875,952.7874145507812,27.897132873535156
3.8203125,952.7931518554688,27.90264892578125
3.8359375,952.7913208007812,27.905593872070312
3.8515625,952.8017578125,27.906700134277344
3.8671875,952.7916870117188,27.90081787109375
3.8828125,952.78466796875,27.906700134277344
3.8984375,952.7833251953125,27.915145874023438
3.9140625,952.7974243164062,27.888687133789062
3.9296875,952.786376953125,27.90081787109375
3.9453125,952.7750854492188,27.891998291015625
3.9609375,952.7872924804688,27.90485382080078
3.9765625,952.7802124023438,27.896774291992188
3.9921875,952.7979736328125,27.897506713867188
4.0078125,952.8225708007812,27.876556396484375
4.0234375,952.8976440429688,27.891624450683594
4.0390625,952.9498291015625,27.894927978515625
4.0546875,953.0553588867188,27.891624450683594
4.0703125,953.0137939453125,27.872146606445312
4.0859375,953.0645751953125,27.883544921875
4.1015625,953.2067260742188,27.883544921875
4.1171875,953.5156860351562,27.8861083984375
4.1328125,953.2774658203125,27.880966186523438
4.1484375,953.6719970703125,27.876556396484375
4.1640625,953.46484375,27.879493713378906
4.1796875,953.4925537109375,27.879493713378906
4.1953125,953.5362548828125,27.880599975585938
4.2109375,953.777099609375,27.883544921875
4.2265625,954.0020141601562,27.880599975585938
4.2421875,953.7955932617188,27.872146606445312
4.2578125,953.5527954101562,27.86773681640625
4.2734375,953.8660888671875,27.86516571044922
4.2890625,953.482177734375,27.873985290527344
4.3046875,953.8368530273438,27.879493713378906
4.3203125,954.2327880859375,27.86370086669922
4.3359375,953.7908935546875,27.875831604003906
4.3515625,953.8089599609375,27.8861083984375
4.3671875,953.7728881835938,27.8861083984375
4.3828125,953.5140991210938,27.873252868652344
4.3984375,954.1049194335938,27.88427734375
4.4140625,953.7290649414062,27.88207244873047
4.4296875,954.1744995117188,27.888687133789062
4.4453125,953.9296875,27.894927978515625
4.4609375,953.7528076171875,27.889419555664062
4.4765625,953.8448486328125,27.880599975585938
4.4921875,954.0123901367188,27.887954711914062
4.5078125,954.1893310546875,27.885009765625
4.5234375,953.5223999023438,27.892364501953125
4.5390625,953.7620849609375,27.898605346679688
4.5546875,953.6175537109375,27.9202880859375
4.5703125,953.3807373046875,27.906700134277344
4.5859375,953.811279296875,27.911834716796875
4.6015625,953.6063232421875,27.906700134277344
4.6171875,953.7438354492188,27.913673400878906
4.6328125,953.4930419921875,27.922134399414062
4.6484375,953.411376953125,27.920654296875
4.6640625,953.1596069335938,27.929847717285156
4.6796875,953.3988647460938,27.931686401367188
4.6953125,953.538330078125,27.92138671875
4.7109375,953.4984741210938,27.942337036132812
4.7265625,953.4139404296875,27.932411193847656
4.7421875,953.1918334960938,27.940505981445312
4.7578125,953.4478149414062,27.940505981445312
4.7734375,953.3408203125,27.9566650390625
4.7890625,953.2163696289062,27.959243774414062
4.8046875,953.2824096679688,27.958145141601562
4.8203125,953.4884033203125,27.959243774414062
4.8359375,953.416748046875,27.96953582763672
4.8515625,953.238037109375,27.9566650390625
4.8671875,953.4034423828125,27.97174072265625
4.8828125,953.3666381835938,27.981292724609375
4.8984375,953.1297607421875,27.97209930419922
4.9140625,953.3535766601562,27.97394561767578
4.9296875,953.2933349609375,27.97320556640625
4.9453125,953.3154296875,27.994522094726562
4.9609375,953.1161499023438,27.987533569335938
4.9765625,953.1907348632812,28.00481414794922
4.9921875,953.1452026367188,27.99304962158203
5.0078125,953.5899047851562,27.996726989746094
5.0234375,953.2991943359375,27.991943359375
5.0390625,953.3167724609375,27.995620727539062
5.0546875,953.4037475585938,27.998199462890625
5.0703125,953.3705444335938,27.987533569335938
5.0859375,953.2176513671875,28.00481414794922
5.1015625,953.5623779296875,28.019149780273438
5.1171875,953.24169921875,28.004440307617188
5.1328125,953.3310546875,28.00481414794922
5.1484375,953.3884887695312,28.020980834960938
5.1640625,953.4098510742188,28.016571044921875
5.1796875,953.3077392578125,28.013992309570312
5.1953125,953.2083129882812,28.00848388671875
5.2109375,953.223876953125,28.00922393798828
5.2265625,953.3087768554688,28.015098571777344
5.2421875,953.29443359375,28.00554656982422
5.2578125,953.4345703125,28.019149780273438
5.2734375,953.317626953125,28.00848388671875
5.2890625,953.3236694335938,28.019149780273438
5.3046875,953.26318359375,28.02391815185547
5.3203125,953.2994995117188,28.024658203125
5.3359375,953.2798461914062,28.019882202148438
5.3515625,953.514892578125,28.027969360351562
5.3671875,953.4989624023438,28.018043518066406
5.3828125,953.3330078125,28.04082489013672
5.3984375,953.4409790039062,28.02942657470703
5.4140625,953.6019287109375,28.030899047851562
5.4296875,953.236328125,28.04302978515625
5.4453125,953.2386474609375,28.02686309814453
5.4609375,953.5107421875,28.04302978515625
5.4765625,953.4639892578125,28.04082489013672
5.4921875,953.4458618164062,28.04119873046875
5.5078125,953.5528564453125,28.046340942382812
5.5234375,953.3991088867188,28.04486083984375
5.5390625,953.3058471679688,28.04706573486328
5.5546875,953.3137817382812,28.053321838378906
5.5703125,953.094970703125,28.057357788085938
5.5859375,953.14453125,28.0614013671875
5.6015625,953.1610107421875,28.067283630371094
5.6171875,953.2973022460938,28.0595703125
5.6328125,953.2116088867188,28.063980102539062
5.6484375,953.3876953125,28.08051300048828
5.6640625,953.2603149414062,28.074630737304688
5.6796875,953.2202758789062,28.073898315429688
5.6953125,953.37255859375,28.074630737304688
5.7109375,953.3206787109375,28.07647705078125
5.7265625,953.2981567382812,28.07610321044922
5.7421875,953.1786499023438,28.090805053710938
5.7578125,953.2283935546875,28.09447479248047
5.7734375,953.10693359375,28.088958740234375
5.7890625,953.2109375,28.09300994873047
5.8046875,953.175537109375,28.102188110351562
5.8203125,953.1560668945312,28.11175537109375
5.8359375,953.2484741210938,28.102188110351562
5.8515625,953.2958984375,28.107345581054688
5.8671875,953.1865234375,28.0941162109375
5.8828125,953.081787109375,28.108078002929688
5.8984375,953.1381225585938,28.11541748046875
5.9140625,953.2405395507812,28.119827270507812
5.9296875,953.0735473632812,28.11175537109375
5.9453125,953.271240234375,28.11762237548828
5.9609375,953.0458374023438,28.126083374023438
5.9765625,953.0723876953125,28.116897583007812
5.9921875,953.3273315429688,28.123504638671875
6.0078125,953.1821899414062,28.128646850585938
6.0234375,953.2046508789062,28.125343322753906
6.0390625,953.2031860351562,28.12718963623047
6.0546875,953.29248046875,28.127914428710938
6.0703125,953.1300048828125,28.13343048095703
6.0859375,953.197998046875,28.143722534179688
6.1015625,953.1841430664062,28.13416290283203
6.1171875,953.1162109375,28.140777587890625
6.1328125,953.2035522460938,28.140777587890625
6.1484375,953.1849975585938,28.141143798828125
6.1640625,953.3619384765625,28.141876220703125
6.1796875,953.0858154296875,28.153648376464844
6.1953125,952.8890991210938,28.160621643066406
6.2109375,952.8587036132812,28.159889221191406
6.2265625,952.8831787109375,28.158058166503906
6.2421875,952.8585205078125,28.1683349609375
6.2578125,952.8673095703125,28.179000854492188
6.2734375,952.860595703125,28.181564331054688
6.2890625,952.854248046875,28.181564331054688
6.3046875,952.8668823242188,28.175323486328125
6.3203125,952.8518676757812,28.18524169921875
6.3359375,952.8546752929688,28.179000854492188
6.3515625,952.8654174804688,28.1683349609375
6.3671875,952.8469848632812,28.1683349609375
6.3828125,952.8368530273438,28.16356658935547
6.3984375,952.843505859375,28.16650390625
6.4140625,952.8426513671875,28.172386169433594
6.4296875,952.8461303710938,28.176055908203125
6.4453125,952.8375854492188,28.16650390625
6.4609375,952.8162841796875,28.1676025390625
6.4765625,952.8253784179688,28.163192749023438
6.4921875,952.8292236328125,28.156211853027344
6.5078125,952.818359375,28.152542114257812
6.5234375,952.8209228515625,28.154373168945312
6.5390625,952.8223266601562,28.15069580078125
6.5546875,952.8248901367188,28.152542114257812
6.5703125,952.8237915039062,28.141876220703125
6.5859375,952.806640625,28.14813232421875
6.6015625,952.8336791992188,28.144454956054688
6.6171875,952.817138671875,28.13343048095703
6.6328125,952.8190307617188,28.124237060546875
6.6484375,952.8271484375,28.123504638671875
6.6640625,952.8312377929688,28.127548217773438
6.6796875,952.8345336914062,28.105499267578125
6.6953125,952.8186645507812,28.11064910888672
6.7109375,952.8114013671875,28.11248779296875
6.7265625,952.8145141601562,28.100730895996094
6.7421875,952.8115234375,28.103668212890625
6.7578125,952.8107299804688,28.104766845703125
6.7734375,952.8108520507812,28.108444213867188
6.7890625,952.8106079101562,28.09374237060547
6.8046875,952.8120727539062,28.092269897460938
6.8203125,952.81201171875,28.084548950195312
6.8359375,952.8333129882812,28.088600158691406
6.8515625,952.8121948242188,28.087127685546875
6.8671875,952.814453125,28.07904052734375
6.8828125,952.8178100585938,28.074630737304688
6.8984375,952.7981567382812,28.07793426513672
6.9140625,952.8087158203125,28.07610321044922
6.9296875,952.8103637695312,28.067283630371094
6.9453125,952.8082885742188,28.069488525390625
6.9609375,952.7910766601562,28.074630737304688
6.9765625,952.8102416992188,28.070960998535156
6.9921875,952.8128051757812,28.06470489501953
7.0078125,952.802001953125,28.06360626220703
7.0234375,952.8120727539062,28.06214141845703
7.0390625,952.8005981445312,28.04706573486328
7.0546875,952.8050537109375,28.0614013671875
7.0703125,952.8076171875,28.050750732421875
7.0859375,952.7982788085938,28.050750732421875
7.1015625,952.805419921875,28.04009246826172
7.1171875,952.8097534179688,28.034584045410156
7.1328125,952.7972412109375,28.04523468017578
7.1484375,952.8006591796875,28.051116943359375
7.1640625,952.7947387695312,28.047439575195312
7.1796875,952.8075561523438,28.035308837890625
7.1953125,952.78125,28.051116943359375
7.2109375,952.786376953125,28.039352416992188
7.2265625,952.7869873046875,28.022811889648438
7.2421875,952.793701171875,28.019882202148438
7.2578125,952.8053588867188,28.020980834960938
7.2734375,952.7863159179688,28.014366149902344
7.2890625,952.792236328125,28.019149780273438
7.3046875,952.7969360351562,28.01178741455078
7.3203125,952.7962036132812,28.021713256835938
7.3359375,952.7882690429688,28.02318572998047
7.3515625,952.7926635742188,28.018043518066406
7.3671875,952.7777099609375,28.00371551513672
7.3828125,952.7953491210938,27.998199462890625
7.3984375,952.7740478515625,28.010330200195312
7.4140625,952.7947998046875,28.00481414794922
7.4296875,952.7985229492188,28.001510620117188
7.4453125,952.7778930664062,28.00775146484375
7.4609375,952.7838134765625,28.016197204589844
7.4765625,952.7913208007812,27.995620727539062
7.4921875,952.771240234375,27.9912109375
7.5078125,952.786376953125,27.997459411621094
7.5234375,952.802001953125,27.9893798828125
7.5390625,952.8119506835938,27.995994567871094
7.5546875,952.8322143554688,27.984970092773438
7.5703125,952.8217163085938,27.981666564941406
7.5859375,952.8302001953125,27.984970092773438
7.6015625,952.8778076171875,27.976150512695312
7.6171875,952.8924560546875,27.977981567382812
7.6328125,952.9590454101562,27.984970092773438
7.6484375,952.9806518554688,27.983871459960938
7.6640625,952.9913940429688,27.980194091796875
7.6796875,952.9652099609375,27.96953582763672
7.6953125,953.051513671875,27.96843719482422
7.7109375,953.1367797851562,27.97026824951172
7.7265625,952.9630737304688,27.964027404785156
7.7421875,953.0401611328125,27.978355407714844
7.7578125,953.1611328125,27.97357177734375
7.7734375,953.1199951171875,27.96843719482422
7.7890625,953.0818481445312,27.959243774414062
7.8046875,953.1920776367188,27.982025146484375
7.8203125,953.208740234375,27.980194091796875
7.8359375,953.2186279296875,27.982025146484375
7.8515625,953.1454467773438,27.982025146484375
7.8671875,953.1436767578125,27.982025146484375
7.8828125,953.2391967773438,27.97541046142578
7.8984375,953.0986328125,27.97394561767578
7.9140625,953.2365112304688,27.97650909423828
7.9296875,953.3563842773438,27.97650909423828
7.9453125,953.184814453125,27.982025146484375
7.9609375,953.177734375,27.991943359375
7.9765625,953.1630859375,27.9901123046875
7.9921875,953.4085693359375,27.984970092773438
8.0078125,953.2352905273438,27.99158477783203
8.0234375,953.1982421875,28.004440307617188
8.0390625,953.1284790039062,27.995620727539062
8.0546875,953.1939697265625,27.998199462890625
8.0703125,953.21875,27.998199462890625
8.0859375,953.0848388671875,27.997459411621094
8.1015625,953.1917724609375,28.00848388671875
8.1171875,953.1502685546875,28.019882202148438
8.1328125,953.2512817382812,28.018043518066406
8.1484375,953.1651611328125,28.0264892578125
8.1640625,953.1096801757812,28.030174255371094
8.1796875,953.200927734375,28.034210205078125
8.1953125,953.1248168945312,28.033836364746094
8.2109375,953.0900268554688,28.037521362304688
8.2265625,953.1287231445312,28.04009246826172
8.2421875,953.399658203125,28.04706573486328
8.2578125,953.5157470703125,28.04009246826172
8.2734375,953.324951171875,28.04706573486328
8.2890625,953.2306518554688,28.06214141845703
8.3046875,953.3134155273438,28.063980102539062
8.3203125,953.1110229492188,28.069114685058594
8.3359375,953.0266723632812,28.075729370117188
8.3515625,953.0064086914062,28.071319580078125
8.3671875,953.0806274414062,28.075729370117188
8.3828125,953.1079711914062,28.07427215576172
8.3984375,952.9835815429688,28.07683563232422
8.4140625,953.0501098632812,28.081619262695312
8.4296875,953.0070190429688,28.098526000976562
8.4453125,953.0230102539062,28.089332580566406
8.4609375,953.0639038085938,28.11175537109375
8.4765625,953.0165405273438,28.0966796875
8.4921875,952.9989013671875,28.11175537109375
8.5078125,953.0482788085938,28.119827270507812
8.5234375,953.0108642578125,28.123878479003906
8.5390625,952.9962158203125,28.13343048095703
8.5546875,953.0892944335938,28.12718963623047
8.5703125,953.032470703125,28.13343048095703
8.5859375,953.227294921875,28.139671325683594
8.6015625,953.1060180664062,28.123878479003906
8.6171875,953.132568359375,28.13343048095703
8.6328125,953.1304321289062,28.139312744140625
8.6484375,953.0664672851562,28.14776611328125
8.6640625,953.093017578125,28.14959716796875
8.6796875,953.1033935546875,28.156211853027344
8.6953125,953.030517578125,28.156211853027344
8.7109375,952.9874877929688,28.158782958984375
8.7265625,953.0176391601562,28.163192749023438
8.7421875,953.070068359375,28.154373168945312
8.7578125,952.991455078125,28.158416748046875
8.7734375,953.0888061523438,28.1676025390625
8.7890625,953.1428833007812,28.178260803222656
8.8046875,953.1163940429688,28.175323486328125
8.8203125,953.30859375,28.1683349609375
8.8359375,953.1411743164062,28.1676025390625
8.8515625,953.2713012695312,28.176055908203125
8.8671875,953.2266845703125,28.171287536621094
8.8828125,953.4044189453125,28.187454223632812
8.8984375,953.0521850585938,28.175697326660156
8.9140625,953.0820922851562,28.18193817138672
8.9296875,953.31640625,28.197372436523438
8.9453125,953.1314697265625,28.18634796142578
8.9609375,953.2164916992188,28.194793701171875
8.9765625,953.0193481445312,28.18561553955078
8.9921875,953.240234375,28.205459594726562
9.0078125,953.294189453125,28.206924438476562
9.0234375,953.266845703125,28.19957733154297
9.0390625,953.12451171875,28.199203491210938
9.0546875,953.1405029296875,28.21538543701172
9.0703125,953.1099243164062,28.20398712158203
9.0859375,953.0848999023438,28.20581817626953
9.1015625,953.1424560546875,28.202880859375
9.1171875,953.1307373046875,28.2025146484375
9.1328125,953.0751342773438,28.20325469970703
9.1484375,953.0232543945312,28.21794891357422
9.1640625,953.1454467773438,28.209503173828125
9.1796875,952.9886474609375,28.22089385986328
9.1953125,953.1845703125,28.207664489746094
9.2109375,953.1677856445312,28.214279174804688
9.2265625,953.0619506835938,28.216110229492188
9.2421875,952.94140625,28.233383178710938
9.2578125,953.087890625,28.232650756835938
9.2734375,953.0087890625,28.229713439941406
9.2890625,952.9767456054688,28.241470336914062
9.3046875,953.0307006835938,28.232650756835938
9.3203125,953.01123046875,28.249916076660156
9.3359375,953.1552124023438,28.23999786376953
9.3515625,953.0245361328125,28.244781494140625
9.3671875,953.2012939453125,28.23779296875
9.3828125,953.2155151367188,28.25396728515625
9.3984375,953.2238159179688,28.25322723388672
9.4140625,953.075439453125,28.266098022460938
9.4296875,953.140625,28.247352600097656
9.4453125,953.1931762695312,28.261314392089844
9.4609375,953.090576171875,28.25176239013672
9.4765625,953.1577758789062,28.258377075195312
9.4921875,953.111083984375,28.266098022460938
9.5078125,953.3211669921875,28.25653076171875
9.5234375,953.2227172851562,28.267929077148438
9.5390625,953.2550048828125,28.274169921875
9.5546875,953.0589599609375,28.2705078125
9.5703125,953.2779541015625,28.27454376220703
9.5859375,953.2581176757812,28.28594207763672
9.6015625,953.2280883789062,28.295860290527344
9.6171875,953.272705078125,28.294387817382812
9.6328125,953.2003173828125,28.28924560546875
9.6484375,953.4130859375,28.29401397705078
9.6640625,953.2354736328125,28.28814697265625
9.6796875,953.0477905273438,28.282257080078125
9.6953125,952.9443359375,28.299171447753906
9.7109375,952.9423828125,28.312759399414062
9.7265625,952.9234008789062,28.3057861328125
9.7421875,952.8779296875,28.308349609375
9.7578125,952.878173828125,28.317535400390625
9.7734375,952.8648071289062,28.319015502929688
9.7890625,952.8732299804688,28.32452392578125
9.8046875,952.8624267578125,28.33885955810547
9.8203125,952.8751831054688,28.32708740234375
9.8359375,952.862060546875,28.330039978027344
9.8515625,952.8720092773438,28.328933715820312
9.8671875,952.8604736328125,28.34436798095703
9.8828125,952.8770141601562,28.3436279296875
9.8984375,952.8727416992188,28.3436279296875
9.9140625,952.8572387695312,28.346206665039062
9.9296875,952.8759765625,28.3436279296875
9.9453125,952.8535766601562,28.349136352539062
9.9609375,952.8732299804688,28.338111877441406
9.9765625,952.86865234375,28.3428955078125
9.9921875,952.857177734375,28.349884033203125
10.0078125,952.8638305664062,28.3447265625
10.0234375,952.84716796875,28.32708740234375
10.0390625,952.8627319335938,28.32746124267578
10.0546875,952.8526611328125,28.32563018798828
10.0703125,952.85546875,28.33995819091797
10.0859375,952.8568725585938,28.313125610351562
10.1015625,952.8541870117188,28.310195922851562
10.1171875,952.8335571289062,28.295486450195312
10.1328125,952.8589477539062,28.30541229248047
10.1484375,952.84326171875,28.299171447753906
10.1640625,952.852783203125,28.299530029296875
10.1796875,952.852783203125,28.298065185546875
10.1953125,952.8496704101562,28.299896240234375
10.2109375,952.8474731445312,28.301002502441406
10.2265625,952.8338012695312,28.278579711914062
10.2421875,952.8375854492188,28.28997802734375
10.2578125,952.8446655273438,28.276016235351562
10.2734375,952.8343505859375,28.274169921875
10.2890625,952.8311767578125,28.276748657226562
10.3046875,952.8367919921875,28.259483337402344
10.3203125,952.846435546875,28.267929077148438
10.3359375,952.8473510742188,28.247711181640625
10.3515625,952.8363647460938,28.25176239013672
10.3671875,952.8397216796875,28.244781494140625
10.3828125,952.8372192382812,28.248458862304688
10.3984375,952.817138671875,28.233383178710938
10.4140625,952.8361206054688,28.22089385986328
10.4296875,952.8289794921875,28.224929809570312
10.4453125,952.8226928710938,28.21721649169922
10.4609375,952.8219604492188,28.22015380859375
10.4765625,952.82763671875,28.21942138671875
10.4921875,952.8251342773438,28.21538543701172
10.5078125,952.8246459960938,28.213912963867188
10.5234375,952.814453125,28.204360961914062
10.5390625,952.8182373046875,28.177528381347656
10.5546875,952.8036499023438,28.194061279296875
10.5703125,952.8167114257812,28.192962646484375
10.5859375,952.8070068359375,28.197372436523438
10.6015625,952.8103637695312,28.197372436523438
10.6171875,952.8162841796875,28.199203491210938
10.6328125,952.8231201171875,28.18193817138672
10.6484375,952.8070678710938,28.18597412109375
10.6640625,952.7962036132812,28.179733276367188
10.6796875,952.8134765625,28.175323486328125
10.6953125,952.8099975585938,28.171287536621094
10.7109375,952.7886352539062,28.178260803222656
10.7265625,952.810302734375,28.175323486328125
10.7421875,952.7890625,28.18561553955078
10.7578125,952.8116455078125,28.16356658935547
10.7734375,952.8219604492188,28.163192749023438
10.7890625,952.811767578125,28.161720275878906
10.8046875,952.7973022460938,28.160263061523438
10.8203125,952.8126831054688,28.16944122314453
10.8359375,952.8064575195312,28.156211853027344
10.8515625,952.80810546875,28.15180206298828
10.8671875,952.792724609375,28.16429901123047
10.8828125,952.8220825195312,28.169082641601562
10.8984375,952.7938842773438,28.155105590820312
10.9140625,952.8109741210938,28.15069580078125
10.9296875,952.8153686523438,28.14996337890625
10.9453125,952.8128662109375,28.14813232421875
10.9609375,952.807861328125,28.14996337890625
10.9765625,952.7990112304688,28.144454956054688
10.9921875,952.8176879882812,28.143722534179688
11.0078125,952.8206176757812,28.14886474609375
11.0234375,952.8157348632812,28.12718963623047
11.0390625,952.85546875,28.126083374023438
11.0546875,952.979736328125,28.13343048095703
11.0703125,953.0838623046875,28.13343048095703
11.0859375,952.9637451171875,28.139671325683594
11.1015625,953.1221923828125,28.1312255859375
11.1171875,953.0262451171875,28.126083374023438
11.1328125,953.366455078125,28.1304931640625
11.1484375,953.4379272460938,28.126083374023438
11.1640625,953.5797729492188,28.122032165527344
11.1796875,953.8458251953125,28.124237060546875
11.1953125,954.1287231445312,28.126815795898438
11.2109375,954.0732421875,28.11762237548828
11.2265625,953.7814331054688,28.122032165527344
11.2421875,954.2789916992188,28.119468688964844
11.2578125,954.0098266601562,28.119827270507812
11.2734375,954.2482299804688,28.11541748046875
11.2890625,954.4024658203125,28.110275268554688
11.3046875,954.5100708007812,28.119468688964844
11.3203125,954.7300415039062,28.122779846191406
11.3359375,954.8439331054688,28.123138427734375
11.3515625,954.73046875,28.127914428710938
11.3671875,954.4741821289062,28.141876220703125
11.3828125,954.5567626953125,28.156211853027344
11.3984375,954.45068359375,28.142250061035156
11.4140625,954.4261474609375,28.16503143310547
11.4296875,954.670654296875,28.153648376464844
11.4453125,954.4397583007812,28.178260803222656
11.4609375,954.190673828125,28.18634796142578
11.4765625,954.4590454101562,28.167236328125
11.4921875,954.6011352539062,28.176055908203125
11.5078125,954.3482055664062,28.18524169921875
11.5234375,954.0833129882812,28.18634796142578
11.5390625,954.0595092773438,28.19957733154297
11.5546875,954.361328125,28.21538543701172
11.5703125,954.2319946289062,28.206565856933594
11.5859375,953.9964599609375,28.20325469970703
11.6015625,953.880859375,28.213912963867188
11.6171875,953.757568359375,28.222732543945312
11.6328125,954.0213012695312,28.212432861328125
11.6484375,953.9976196289062,28.228973388671875
11.6640625,953.6157836914062,28.23926544189453
11.6796875,953.4959716796875,28.232650756835938
11.6953125,953.7797241210938,28.247352600097656
11.7109375,953.6712036132812,28.259483337402344
11.7265625,953.7227172851562,28.244781494140625
11.7421875,953.7301635742188,28.261688232421875
11.7578125,953.5603637695312,28.267929077148438
11.7734375,953.7467651367188,28.274917602539062
11.7890625,953.7505493164062,28.274917602539062
11.8046875,953.6524658203125,28.28594207763672
11.8203125,953.4766845703125,28.27527618408203
11.8359375,953.6345825195312,28.282989501953125
11.8515625,953.5965576171875,28.282989501953125
11.8671875,953.5343627929688,28.293289184570312
11.8828125,954.0557861328125,28.294387817382812
11.8984375,953.8450317382812,28.292556762695312
11.9140625,953.794677734375,28.294761657714844
11.9296875,954.1174926757812,28.302833557128906
11.9453125,954.0316162109375,28.295486450195312
11.9609375,954.0285034179688,28.317535400390625
11.9765625,954.2816162109375,28.3076171875
11.9921875,954.3092651367188,28.300270080566406
12.0078125,954.091796875,28.299896240234375
12.0234375,954.0672607421875,28.303939819335938
12.0390625,954.2485961914062,28.312026977539062
12.0546875,953.8641357421875,28.330039978027344
12.0703125,954.5313110351562,28.34252166748047
12.0859375,954.3934326171875,28.33995819091797
12.1015625,953.971435546875,28.348403930664062
12.1171875,954.2548217773438,28.346206665039062
12.1328125,953.98046875,28.357955932617188
12.1484375,954.28271484375,28.351715087890625
12.1640625,954.5531616210938,28.349884033203125
12.1796875,953.8446044921875,28.370826721191406
12.1953125,953.9906005859375,28.385894775390625
12.2109375,953.7686767578125,28.37413787841797
12.2265625,953.8224487304688,28.391403198242188
12.2421875,954.063720703125,28.39543914794922
12.2578125,954.2021484375,28.39691162109375
12.2734375,954.4967041015625,28.39618682861328
12.2890625,955.0673828125,28.401695251464844
12.3046875,954.460205078125,28.401695251464844
12.3203125,954.214111328125,28.39728546142578
12.3359375,954.6298828125,28.407943725585938
12.3515625,954.7235717773438,28.41162109375
12.3671875,954.289794921875,28.418235778808594
12.3828125,954.6002807617188,28.42999267578125
12.3984375,954.3596801757812,28.421539306640625
12.4140625,953.8767700195312,28.433670043945312
12.4296875,953.924560546875,28.423744201660156
12.4453125,953.5005493164062,28.436599731445312
12.4609375,954.4415283203125,28.435501098632812
12.4765625,954.381591796875,28.440643310546875
12.4921875,954.397705078125,28.433670043945312
12.5078125,954.0045776367188,28.435501098632812
12.5234375,954.1774291992188,28.437332153320312
12.5390625,954.712158203125,28.442115783691406
12.5546875,954.4671630859375,28.456817626953125
12.5703125,953.9645385742188,28.446151733398438
12.5859375,954.15576171875,28.463790893554688
12.6015625,954.2130737304688,28.457176208496094
12.6171875,954.382080078125,28.478126525878906
12.6328125,954.3136596679688,28.478500366210938
12.6484375,954.3853759765625,28.48363494873047
12.6640625,954.087890625,28.475563049316406
12.6796875,953.9501953125,28.492828369140625
12.6953125,954.4735107421875,28.489151000976562
12.7109375,954.1641845703125,28.48180389404297
12.7265625,953.9945068359375,28.477020263671875
12.7421875,953.69287109375,28.497970581054688
12.7578125,953.2784423828125,28.49944305419922
12.7734375,952.988037109375,28.506431579589844
12.7890625,952.8906860351562,28.507530212402344
12.8046875,952.8848266601562,28.511566162109375
12.8203125,952.884521484375,28.51708221435547
12.8359375,952.8744506835938,28.50568389892578
12.8515625,952.8780517578125,28.52332305908203
12.8671875,952.8720092773438,28.542434692382812
12.8828125,952.876953125,28.53730010986328
12.8984375,952.8733520507812,28.545013427734375
12.9140625,952.8843383789062,28.52332305908203
12.9296875,952.86669921875,28.531784057617188
12.9453125,952.8585205078125,28.53545379638672
12.9609375,952.8636474609375,28.53472137451172
12.9765625,952.8599853515625,28.53986358642578
12.9921875,952.8646850585938,28.51966094970703
13.0078125,952.8633422851562,28.533248901367188
13.0234375,952.8496704101562,28.531417846679688
13.0390625,952.8560791015625,28.52332305908203
13.0546875,952.8577270507812,28.52149200439453
13.0703125,952.8497314453125,28.515609741210938
13.0859375,952.8508911132812,28.509735107421875
13.1015625,952.8508911132812,28.509368896484375
13.1171875,952.8508911132812,28.505325317382812
13.1328125,952.860107421875,28.499069213867188
13.1484375,952.8385620117188,28.509368896484375
13.1640625,952.8395385742188,28.49944305419922
13.1796875,952.8558959960938,28.489517211914062
13.1953125,952.8411254882812,28.486587524414062
13.2109375,952.8487548828125,28.47997283935547
13.2265625,952.8390502929688,28.48180389404297
13.2421875,952.825439453125,28.474456787109375
13.2578125,952.8331298828125,28.477767944335938
13.2734375,952.8502197265625,28.46453857421875
13.2890625,952.841064453125,28.47040557861328
13.3046875,952.841064453125,28.451309204101562
13.3203125,952.8451538085938,28.453140258789062
13.3359375,952.8380737304688,28.45276641845703
13.3515625,952.8357543945312,28.45276641845703
13.3671875,952.8423461914062,28.4476318359375
13.3828125,952.8161010742188,28.423004150390625
13.3984375,952.824951171875,28.438079833984375
13.4140625,952.8323974609375,28.42888641357422
13.4296875,952.8375854492188,28.43071746826172
13.4453125,952.81982421875,28.424476623535156
13.4609375,952.8304443359375,28.418235778808594
13.4765625,952.8310546875,28.416763305664062
13.4921875,952.8321533203125,28.41124725341797
13.5078125,952.8184814453125,28.401695251464844
13.5234375,952.8348388671875,28.41492462158203
13.5390625,952.812255859375,28.401695251464844
13.5546875,952.8169555664062,28.401695251464844
13.5703125,952.8240356445312,28.404258728027344
13.5859375,952.8351440429688,28.39691162109375
13.6015625,952.8104248046875,28.388092041015625
13.6171875,952.8148803710938,28.388092041015625
13.6328125,952.8011474609375,28.388092041015625
13.6484375,952.8078002929688,28.386993408203125
13.6640625,952.8125,28.39543914794922
13.6796875,952.8341674804688,28.368621826171875
13.6953125,952.805908203125,28.384056091308594
13.7109375,952.807373046875,28.37670135498047
13.7265625,952.79833984375,28.370086669921875
13.7421875,952.8131103515625,28.369354248046875
13.7578125,952.8065185546875,28.36273956298828
13.7734375,952.8040161132812,28.36163330078125
13.7890625,952.8021850585938,28.350982666015625
13.8046875,952.8028564453125,28.356124877929688
13.8203125,952.8106079101562,28.349884033203125
13.8359375,952.8058471679688,28.357955932617188
13.8515625,952.797607421875,28.338485717773438
13.8671875,952.8088989257812,28.346206665039062
13.8828125,952.7994995117188,28.336654663085938
13.8984375,952.7955322265625,28.3436279296875
13.9140625,952.7938232421875,28.330039978027344
13.9296875,952.7799072265625,28.330039978027344
13.9453125,952.8008422851562,28.32635498046875
13.9609375,952.79443359375,28.330039978027344
13.9765625,952.7990112304688,28.316436767578125
13.9921875,952.7994384765625,28.314964294433594
14.0078125,952.7933959960938,28.295486450195312
14.0234375,952.7830200195312,28.298423767089844
14.0390625,952.7815551757812,28.3076171875
14.0546875,952.798583984375,28.314231872558594
14.0703125,952.800537109375,28.318267822265625
14.0859375,952.7942504882812,28.3076171875
14.1015625,952.7926635742188,28.296592712402344
14.1171875,952.795654296875,28.299171447753906
14.1328125,952.7960205078125,28.299171447753906
14.1484375,952.8049926757812,28.30614471435547
14.1640625,952.7955322265625,28.308349609375
14.1796875,952.7986450195312,28.299530029296875
14.1953125,952.7960205078125,28.30908966064453
14.2109375,952.7969360351562,28.303207397460938
14.2265625,952.7935180664062,28.28777313232422
14.2421875,952.7960205078125,28.283363342285156
14.2578125,952.8655395507812,28.296966552734375
14.2734375,953.4838256835938,28.298423767089844
14.2890625,953.6201171875,28.29107666015625
14.3046875,953.3307495117188,28.29107666015625
14.3203125,954.087890625,28.293289184570312
14.3359375,953.6083374023438,28.294387817382812
14.3515625,954.0159301757812,28.27527618408203
14.3671875,953.7547607421875,28.278579711914062
14.3828125,953.724609375,28.266098022460938
14.3984375,954.619873046875,28.28924560546875
14.4140625,954.0165405273438,28.27013397216797
14.4296875,954.4130859375,28.263893127441406
14.4453125,955.100830078125,28.282989501953125
14.4609375,954.7123413085938,28.266830444335938
14.4765625,955.4132690429688,28.25617218017578
14.4921875,955.2684326171875,28.269760131835938
14.5078125,955.2715454101562,28.263893127441406
14.5234375,955.6129760742188,28.236328125
14.5390625,955.2646484375,28.25579833984375
14.5546875,955.4832763671875,28.25579833984375
14.5703125,956.020751953125,28.25066375732422
14.5859375,955.1777954101562,28.251022338867188
14.6015625,954.9663696289062,28.247352600097656
14.6171875,954.759521484375,28.265350341796875
14.6328125,954.6610107421875,28.244049072265625
14.6484375,954.1644287109375,28.25396728515625
14.6640625,954.0089111328125,28.25176239013672
14.6796875,954.0642700195312,28.259109497070312
14.6953125,953.6078491210938,28.258010864257812
14.7109375,953.78466796875,28.266098022460938
14.7265625,954.1373291015625,28.274169921875
14.7421875,953.94873046875,28.277481079101562
14.7578125,954.0745849609375,28.263893127441406
14.7734375,953.6018676757812,28.279685974121094
14.7890625,953.8046875,28.282989501953125
14.8046875,953.3258666992188,28.28924560546875
14.8203125,953.6712036132812,28.274169921875
14.8359375,953.67578125,28.295120239257812
14.8515625,953.9927368164062,28.28924560546875
14.8671875,954.15576171875,28.293289184570312
14.8828125,953.8634033203125,28.296218872070312
14.8984375,954.397705078125,28.28704071044922
14.9140625,953.9864501953125,28.28850555419922
14.9296875,954.8668823242188,28.294761657714844
14.9453125,954.8973388671875,28.295486450195312
14.9609375,955.4137573242188,28.295486450195312
14.9765625,955.6727294921875,28.3087158203125
14.9921875,955.362548828125,28.314231872558594
15.0078125,955.4465942382812,28.317169189453125
15.0234375,955.29833984375,28.312026977539062
15.0390625,955.3753662109375,28.32672882080078
15.0546875,954.9613647460938,28.34583282470703
15.0703125,955.7051391601562,28.345474243164062
15.0859375,955.8078002929688,28.346206665039062
15.1015625,955.6085815429688,28.357955932617188
15.1171875,955.2433471679688,28.366775512695312
15.1328125,955.8009033203125,28.36347198486328
15.1484375,955.1990356445312,28.37523651123047
15.1640625,955.3977661132812,28.3792724609375
15.1796875,955.5521850585938,28.38220977783203
15.1953125,956.0285034179688,28.388465881347656
15.2109375,955.5637817382812,28.402053833007812
15.2265625,954.833984375,28.405731201171875
15.2421875,955.3876953125,28.404258728027344
15.2578125,955.3988647460938,28.404258728027344
15.2734375,954.8719482421875,28.426307678222656
15.2890625,955.2399291992188,28.41565704345703
15.3046875,955.2179565429688,28.42815399169922
15.3203125,955.0902709960938,28.43071746826172
15.3359375,955.2875366210938,28.443222045898438
15.3515625,954.9317626953125,28.455718994140625
15.3671875,955.0142211914062,28.455345153808594
15.3828125,955.28466796875,28.460128784179688
15.3984375,955.0069580078125,28.46710205078125
15.4140625,955.0512084960938,28.4832763671875
15.4296875,954.8594360351562,28.478500366210938
15.4453125,954.7915649414062,28.47997283935547
15.4609375,954.4799194335938,28.47997283935547
15.4765625,955.2219848632812,28.50164794921875
15.4921875,954.5781860351562,28.50054931640625
15.5078125,954.6753540039062,28.508995056152344
15.5234375,954.69482421875,28.50238037109375
15.5390625,954.6344604492188,28.511566162109375
15.5546875,954.8609008789062,28.516708374023438
15.5703125,955.3169555664062,28.52332305908203
15.5859375,954.829345703125,28.527008056640625
15.6015625,955.0792846679688,28.525169372558594
15.6171875,954.721435546875,28.542808532714844
15.6328125,954.6753540039062,28.53802490234375
15.6484375,954.7406005859375,28.55493927001953
15.6640625,954.7721557617188,28.5538330078125
15.6796875,954.6753540039062,28.558242797851562
15.6953125,954.4751586914062,28.57330322265625
15.7109375,954.9286499023438,28.578086853027344
15.7265625,955.180419921875,28.57330322265625
15.7421875,954.9478149414062,28.58763885498047
15.7578125,954.7730102539062,28.576614379882812
15.7734375,954.6106567382812,28.580291748046875
15.7890625,954.96630859375,28.587265014648438
15.8046875,955.1300048828125,28.579925537109375
15.8203125,954.7980346679688,28.583961486816406
15.8359375,955.0562133789062,28.602699279785156
15.8515625,954.9846801757812,28.603073120117188
15.8671875,954.87841796875,28.602699279785156
15.8828125,954.6497192382812,28.60344696044922
15.8984375,954.80029296875,28.60931396484375
15.9140625,954.3135986328125,28.62291717529297
15.9296875,954.8577880859375,28.611160278320312
15.9453125,954.651123046875,28.627700805664062
15.9609375,954.6080322265625,28.633567810058594
15.9765625,954.6456298828125,28.630630493164062
15.9921875,954.2720947265625,28.629905700683594
16.0078125,954.2631225585938,28.632469177246094
16.0234375,954.1235961914062,28.637977600097656
16.0390625,954.0045776367188,28.636146545410156
16.0546875,953.7565307617188,28.64238739013672
16.0703125,953.4894409179688,28.646072387695312
16.0859375,953.1221923828125,28.64093017578125
16.1015625,953.0486450195312,28.63872528076172
16.1171875,952.9384155273438,28.66443634033203
16.1328125,952.95654296875,28.667388916015625
16.1484375,952.8887329101562,28.655990600585938
16.1640625,952.895263671875,28.650482177734375
16.1796875,952.890625,28.665184020996094
16.1953125,952.87890625,28.666282653808594
16.2109375,952.887939453125,28.667015075683594
16.2265625,952.8803100585938,28.669952392578125
16.2421875,952.8673706054688,28.657089233398438
16.2578125,952.8798828125,28.672157287597656
16.2734375,952.8628540039062,28.67803955078125
16.2890625,952.8951416015625,28.66333770751953
16.3046875,952.8685913085938,28.67987060546875
16.3203125,952.8773803710938,28.6585693359375
16.3359375,952.888427734375,28.654159545898438
16.3515625,952.8700561523438,28.66002655029297
16.3671875,952.8688354492188,28.6611328125
16.3828125,952.8617553710938,28.64496612548828
16.3984375,952.8870849609375,28.646438598632812
16.4140625,952.848876953125,28.63982391357422
16.4296875,952.8644409179688,28.635772705078125
16.4453125,952.8634033203125,28.64313507080078
16.4609375,952.8426513671875,28.635040283203125
16.4765625,952.8526611328125,28.633209228515625
16.4921875,952.8391723632812,28.619239807128906
16.5078125,952.855224609375,28.61042022705078
16.5234375,952.8530883789062,28.60710906982422
16.5390625,952.8414916992188,28.62108612060547
16.5546875,952.8619995117188,28.62291717529297
16.5703125,952.8645629882812,28.603073120117188
16.5859375,952.8547973632812,28.58837127685547
16.6015625,952.8353881835938,28.597564697265625
16.6171875,952.8507080078125,28.5909423828125
16.6328125,952.846435546875,28.580291748046875
16.6484375,952.8549194335938,28.57257843017578
16.6640625,952.8440551757812,28.56926727294922
16.6796875,952.8502807617188,28.563758850097656
16.6953125,952.8432006835938,28.57330322265625
16.7109375,952.8285522460938,28.562652587890625
16.7265625,952.8538208007812,28.556396484375
16.7421875,952.8119506835938,28.563758850097656
16.7578125,952.8389892578125,28.558242797851562
16.7734375,952.8533935546875,28.547576904296875
16.7890625,952.8313598632812,28.550155639648438
16.8046875,952.8317260742188,28.540603637695312
16.8203125,952.8247680664062,28.544273376464844
16.8359375,952.828125,28.53730010986328
16.8515625,952.833251953125,28.530685424804688
16.8671875,952.8267822265625,28.528839111328125
16.8828125,952.8211669921875,28.51966094970703
16.8984375,952.8316040039062,28.527374267578125
16.9140625,952.829345703125,28.529205322265625
16.9296875,952.8558349609375,28.5211181640625
16.9453125,952.828125,28.506790161132812
16.9609375,952.8189697265625,28.513404846191406
16.9765625,952.8328857421875,28.511940002441406
16.9921875,952.8433227539062,28.48694610595703
17.0078125,952.8259887695312,28.50091552734375
17.0234375,952.8303833007812,28.47997283935547
17.0390625,952.8240356445312,28.477020263671875
17.0546875,952.8273315429688,28.490623474121094
17.0703125,952.8197631835938,28.47997283935547
17.0859375,952.82763671875,28.489151000976562
17.1015625,952.8284912109375,28.48363494873047
17.1171875,952.8256225585938,28.47997283935547
17.1328125,952.8169555664062,28.476287841796875
17.1484375,952.8236694335938,28.46710205078125
17.1640625,952.8204345703125,28.470046997070312
17.1796875,952.8063354492188,28.474456787109375
17.1953125,952.81640625,28.47040557861328
17.2109375,952.8219604492188,28.461585998535156
17.2265625,952.8126831054688,28.456817626953125
17.2421875,952.825927734375,28.446151733398438
17.2578125,952.8153076171875,28.456077575683594
17.2734375,952.8108520507812,28.454971313476562
17.2890625,952.8203735351562,28.456817626953125
17.3046875,952.802001953125,28.44725799560547
17.3203125,952.8095092773438,28.441741943359375
17.3359375,952.81005859375,28.436233520507812
17.3515625,952.8310546875,28.4468994140625
17.3671875,952.8284912109375,28.43146514892578
17.3828125,952.8628540039062,28.423744201660156
17.3984375,952.8651123046875,28.435874938964844
17.4140625,952.8436279296875,28.41197967529297
17.4296875,952.9691772460938,28.41748809814453
17.4453125,953.1036376953125,28.418235778808594
17.4609375,953.1987915039062,28.423004150390625
17.4765625,953.3665161132812,28.41565704345703
17.4921875,953.4554443359375,28.41197967529297
17.5078125,953.6583251953125,28.404258728027344
17.5234375,953.6521606445312,28.41162109375
17.5390625,953.8303833007812,28.41124725341797
17.5546875,954.263427734375,28.41565704345703
17.5703125,954.4174194335938,28.41492462158203
17.5859375,954.4178466796875,28.43071746826172
17.6015625,954.431396484375,28.39984893798828
17.6171875,954.710205078125,28.401695251464844
17.6328125,954.805908203125,28.415283203125
17.6484375,954.8884887695312,28.41124725341797
17.6640625,954.975830078125,28.404258728027344
17.6796875,954.327880859375,28.407943725585938
17.6953125,954.748046875,28.405006408691406
17.7109375,954.8754272460938,28.423370361328125
17.7265625,954.9442138671875,28.407211303710938
17.7421875,954.7891235351562,28.408668518066406
17.7578125,954.7014770507812,28.391403198242188
17.7734375,955.1463012695312,28.404258728027344
17.7890625,954.903564453125,28.41162109375
17.8046875,955.1937866210938,28.404258728027344
17.8203125,954.7715454101562,28.41124725341797
17.8359375,955.0826416015625,28.422271728515625
17.8515625,955.2855224609375,28.410873413085938
17.8671875,954.6521606445312,28.419334411621094
17.8828125,954.9586791992188,28.40941619873047
17.8984375,954.8107299804688,28.418235778808594
17.9140625,955.1663208007812,28.44652557373047
17.9296875,954.7793579101562,28.438438415527344
17.9453125,954.4924926757812,28.443222045898438
17.9609375,954.5377807617188,28.44579315185547
17.9765625,954.9022216796875,28.440643310546875
17.9921875,955.4580078125,28.442115783691406
18.0078125,954.7967529296875,28.4468994140625
18.0234375,954.2364501953125,28.447998046875
18.0390625,955.1173095703125,28.4468994140625
18.0546875,955.0247192382812,28.46416473388672
18.0703125,954.8521118164062,28.457550048828125
18.0859375,955.3833618164062,28.46453857421875
18.1015625,954.9638061523438,28.46527099609375
18.1171875,954.9483642578125,28.47040557861328
18.1328125,954.8717651367188,28.478126525878906
18.1484375,954.5418701171875,28.489517211914062
18.1640625,954.9848022460938,28.496864318847656
18.1796875,954.528076171875,28.493560791015625
18.1953125,953.96630859375,28.50017547607422
18.2109375,954.242919921875,28.497970581054688
18.2265625,954.5963134765625,28.510467529296875
18.2421875,954.5426635742188,28.513404846191406
18.2578125,954.839111328125,28.51525115966797
18.2734375,954.889404296875,28.52332305908203
18.2890625,954.22021484375,28.519287109375
18.3046875,954.5524291992188,28.5181884765625
18.3203125,954.4932861328125,28.53730010986328
18.3359375,954.111083984375,28.51966094970703
18.3515625,954.5751953125,28.526275634765625
18.3671875,954.708984375,28.544273376464844
18.3828125,954.9920043945312,28.541709899902344
18.3984375,954.0565185546875,28.560073852539062
18.4140625,954.5147705078125,28.547950744628906
18.4296875,954.6914672851562,28.55750274658203
18.4453125,954.2056884765625,28.549057006835938
18.4609375,954.484375,28.55750274658203
18.4765625,955.018310546875,28.560073852539062
18.4921875,954.3934936523438,28.559349060058594
18.5078125,953.8103637695312,28.563758850097656
18.5234375,954.661376953125,28.560073852539062
18.5390625,954.3189086914062,28.583229064941406
18.5546875,954.499755859375,28.577713012695312
18.5703125,954.3719482421875,28.564483642578125
18.5859375,954.5790405273438,28.581024169921875
18.6015625,954.8212890625,28.583229064941406
18.6171875,954.0165405273438,28.583229064941406
18.6328125,953.8319091796875,28.602699279785156
18.6484375,954.438232421875,28.60344696044922
18.6640625,954.3923950195312,28.61042022705078
18.6796875,953.9934692382812,28.597190856933594
18.6953125,953.7626953125,28.61042022705078
18.7109375,954.3070678710938,28.614097595214844
18.7265625,954.0739135742188,28.62291717529297
18.7421875,953.8011474609375,28.6258544921875
18.7578125,954.30859375,28.626220703125
18.7734375,953.7830200195312,28.627700805664062
18.7890625,953.8302612304688,28.634315490722656
18.8046875,954.032958984375,28.632843017578125
18.8203125,953.8021850585938,28.634315490722656
18.8359375,954.2443237304688,28.626953125
18.8515625,953.9442749023438,28.63872528076172
18.8671875,954.0686645507812,28.63872528076172
18.8828125,953.9838256835938,28.638351440429688
18.8984375,954.034423828125,28.623291015625
18.9140625,953.3756713867188,28.649749755859375
18.9296875,953.521240234375,28.651206970214844
18.9453125,953.6689453125,28.64679718017578
18.9609375,953.757568359375,28.653785705566406
18.9765625,953.445068359375,28.66002655029297
18.9921875,953.6088256835938,28.663711547851562
19.0078125,953.90380859375,28.660400390625
19.0234375,953.4135131835938,28.652679443359375
19.0390625,953.6720581054688,28.652313232421875
19.0546875,953.2637939453125,28.669952392578125
19.0703125,953.4884643554688,28.670318603515625
19.0859375,953.4019165039062,28.6614990234375
19.1015625,953.3233642578125,28.665184020996094
19.1171875,953.1114501953125,28.664810180664062
19.1328125,953.4007568359375,28.67803955078125
19.1484375,953.186279296875,28.670318603515625
19.1640625,953.032470703125,28.66187286376953
19.1796875,953.1124267578125,28.670318603515625
19.1953125,952.987060546875,28.654159545898438
19.2109375,953.1139526367188,28.672157287597656
19.2265625,952.9913940429688,28.66187286376953
19.2421875,952.980224609375,28.657821655273438
19.2578125,952.9199829101562,28.67803955078125
19.2734375,952.908935546875,28.66333770751953
19.2890625,952.9378662109375,28.6593017578125
19.3046875,952.8896484375,28.668487548828125
19.3203125,952.8642578125,28.666641235351562
19.3359375,952.8665161132812,28.66443634033203
19.3515625,952.8656616210938,28.6611328125
19.3671875,952.868408203125,28.671051025390625
19.3828125,952.8765258789062,28.66443634033203
19.3984375,952.86328125,28.66443634033203
19.4140625,952.8614501953125,28.672157287597656
19.4296875,952.8591918945312,28.665542602539062
19.4453125,952.8521118164062,28.667015075683594
19.4609375,952.8521728515625,28.665542602539062
19.4765625,952.8610229492188,28.665184020996094
19.4921875,952.8555908203125,28.649002075195312
19.5078125,952.8539428710938,28.653411865234375
19.5234375,952.850830078125,28.66443634033203
19.5390625,952.8374633789062,28.650482177734375
19.5546875,952.8673095703125,28.64679718017578
19.5703125,952.8472290039062,28.654159545898438
19.5859375,952.842529296875,28.655990600585938
19.6015625,952.8397216796875,28.64349365234375
19.6171875,952.8409423828125,28.653411865234375
19.6328125,952.8418579101562,28.633941650390625
19.6484375,952.8369140625,28.628433227539062
19.6640625,952.83935546875,28.612991333007812
19.6796875,952.8301391601562,28.612991333007812
19.6953125,952.8546142578125,28.614830017089844
19.7109375,952.8362426757812,28.619979858398438
19.7265625,952.8558959960938,28.614830017089844
19.7421875,952.8428955078125,28.601242065429688
19.7578125,952.8247680664062,28.58837127685547
19.7734375,952.82763671875,28.597190856933594
19.7890625,952.8284912109375,28.584701538085938
19.8046875,952.8273315429688,28.594627380371094
19.8203125,952.8353881835938,28.597190856933594
19.8359375,952.8391723632812,28.590576171875
19.8515625,952.8272705078125,28.580291748046875
19.8671875,952.8237915039062,28.579551696777344
19.8828125,952.8302612304688,28.577346801757812
19.8984375,952.8265380859375,28.563758850097656
19.9140625,952.8270263671875,28.578086853027344
19.9296875,952.8045043945312,28.580291748046875
19.9453125,952.8268432617188,28.56999969482422
19.9609375,952.8228759765625,28.57147216796875
19.9765625,952.8259887695312,28.558242797851562
19.9921875,952.8025512695312,28.55309295654297
20.0078125,952.8162841796875,28.545745849609375
20.0234375,952.8192749023438,28.542434692382812
20.0390625,952.8231201171875,28.541709899902344
20.0546875,952.817626953125,28.527374267578125
20.0703125,952.8137817382812,28.531784057617188
20.0859375,952.8190307617188,28.526275634765625
20.1015625,952.8173217773438,28.5174560546875
20.1171875,952.7973022460938,28.51966094970703
20.1328125,952.78857421875,28.52332305908203
20.1484375,952.8182373046875,28.524429321289062
20.1640625,952.8141479492188,28.51891326904297
20.1796875,952.79443359375,28.52332305908203
20.1953125,952.7930908203125,28.52149200439453
20.2109375,952.7977294921875,28.52222442626953
20.2265625,952.8168334960938,28.513404846191406
20.2421875,952.8161010742188,28.509368896484375
20.2578125,952.814453125,28.507156372070312
20.2734375,952.7825317382812,28.50274658203125
20.2890625,952.8089599609375,28.505325317382812
20.3046875,952.7913208007812,28.50385284423828
20.3203125,952.8090209960938,28.47997283935547
20.3359375,952.7935791015625,28.490623474121094
20.3515625,952.8137817382812,28.487319946289062
20.3671875,952.8145751953125,28.4847412109375
20.3828125,952.7982788085938,28.488792419433594
20.3984375,952.78076171875,28.487319946289062
20.4140625,952.8134155273438,28.494659423828125
20.4296875,952.8081665039062,28.478500366210938
20.4453125,952.7844848632812,28.48291015625
20.4609375,952.7788696289062,28.478500366210938
20.4765625,952.7833251953125,28.477020263671875
20.4921875,952.8125,28.47997283935547
20.5078125,952.7935791015625,28.48253631591797
20.5234375,952.7902221679688,28.47997283935547
20.5390625,952.8114624023438,28.470779418945312
20.5546875,952.8566284179688,28.46599578857422
20.5703125,953.1784057617188,28.475189208984375
20.5859375,953.3723754882812,28.46453857421875
20.6015625,953.5040283203125,28.478500366210938
20.6171875,953.765380859375,28.458282470703125
20.6328125,953.9378051757812,28.459022521972656
20.6484375,954.3673095703125,28.44910430908203
20.6640625,954.1931762695312,28.461959838867188
20.6796875,954.757568359375,28.453140258789062
20.6953125,954.9334106445312,28.453140258789062
20.7109375,954.8754272460938,28.451309204101562
20.7265625,954.614990234375,28.44579315185547
20.7421875,955.4561767578125,28.440284729003906
20.7578125,955.083740234375,28.44579315185547
20.7734375,955.2478637695312,28.439910888671875
20.7890625,955.167236328125,28.437705993652344
20.8046875,955.1431884765625,28.44579315185547
20.8203125,955.6524047851562,28.449462890625
20.8359375,955.5591430664062,28.44652557373047
20.8515625,955.386474609375,28.44579315185547
20.8671875,955.2633666992188,28.454971313476562
20.8828125,955.2667236328125,28.438079833984375
20.8984375,954.9551391601562,28.439910888671875
20.9140625,955.2764892578125,28.44873046875
20.9296875,955.1973876953125,28.456077575683594
20.9453125,955.374755859375,28.457550048828125
20.9609375,955.3528442382812,28.457550048828125
20.9765625,954.79833984375,28.46710205078125
20.9921875,954.6470947265625,28.47040557861328
21.0078125,954.9708862304688,28.463790893554688
21.0234375,954.7505493164062,28.461585998535156
21.0390625,954.9909057617188,28.46857452392578
21.0546875,954.4082641601562,28.475189208984375
21.0703125,955.3760986328125,28.486587524414062
21.0859375,954.5659790039062,28.475189208984375
21.1015625,955.2484130859375,28.489517211914062
21.1171875,955.2593383789062,28.48621368408203
21.1328125,955.1378784179688,28.492454528808594
21.1484375,955.385498046875,28.490623474121094
21.1640625,954.9830932617188,28.505325317382812
21.1796875,955.0030517578125,28.50164794921875
21.1953125,954.815185546875,28.50274658203125
21.2109375,954.775390625,28.507156372070312
21.2265625,954.6522216796875,28.507888793945312
21.2421875,954.8385009765625,28.511566162109375
21.2578125,954.815673828125,28.51708221435547
21.2734375,954.4889526367188,28.51708221435547
21.2890625,954.5487060546875,28.51781463623047
21.3046875,954.7767944335938,28.531417846679688
21.3203125,955.22412109375,28.526634216308594
21.3359375,955.1192016601562,28.516708374023438
21.3515625,955.0745849609375,28.5203857421875
21.3671875,954.927490234375,28.531784057617188
21.3828125,955.2951049804688,28.53582763671875
21.3984375,954.5093383789062,28.53875732421875
21.4140625,955.1502685546875,28.531417846679688
21.4296875,955.2880249023438,28.53875732421875
21.4453125,955.3221435546875,28.545013427734375
21.4609375,955.1973876953125,28.552734375
21.4765625,954.7576293945312,28.5556640625
21.4921875,954.3297729492188,28.560073852539062
21.5078125,954.8598022460938,28.563758850097656
21.5234375,954.9074096679688,28.55750274658203
21.5390625,954.9032592773438,28.56816864013672
21.5546875,954.99560546875,28.580291748046875
21.5703125,954.91796875,28.579925537109375
21.5859375,955.2921752929688,28.583961486816406
21.6015625,954.5122680664062,28.600135803222656
21.6171875,954.5001831054688,28.583229064941406
21.6328125,954.9588623046875,28.600868225097656
21.6484375,954.7904663085938,28.586532592773438
21.6640625,954.6803588867188,28.599395751953125
21.6796875,954.6171875,28.602699279785156
21.6953125,954.7374877929688,28.599037170410156
21.7109375,954.4546508789062,28.60638427734375
21.7265625,954.4529418945312,28.62291717529297
21.7421875,954.1649780273438,28.62291717529297
21.7578125,954.362060546875,28.626953125
21.7734375,954.0416870117188,28.632469177246094
21.7890625,955.0353393554688,28.634315490722656
21.8046875,954.5017700195312,28.6258544921875
21.8203125,954.350341796875,28.64496612548828
21.8359375,954.207763671875,28.64238739013672
21.8515625,954.438720703125,28.653411865234375
21.8671875,954.5723266601562,28.64055633544922
21.8828125,954.8541259765625,28.64569854736328
21.8984375,954.5399169921875,28.650482177734375
21.9140625,954.3475341796875,28.650482177734375
21.9296875,954.62646484375,28.656723022460938
21.9453125,954.4909057617188,28.66187286376953
21.9609375,955.1117553710938,28.66187286376953
21.9765625,954.4048461914062,28.668121337890625
21.9921875,954.4986572265625,28.67877197265625
22.0078125,954.6727905273438,28.673255920410156
22.0234375,954.3217163085938,28.686126708984375
22.0390625,954.373779296875,28.67841339111328
22.0546875,954.5861206054688,28.686126708984375
22.0703125,954.652099609375,28.687957763671875
22.0859375,953.9522705078125,28.69715118408203
22.1015625,954.68896484375,28.687957763671875
22.1171875,954.8486328125,28.686126708984375
22.1328125,954.8819580078125,28.686485290527344
22.1484375,954.482421875,28.69715118408203
22.1640625,954.0797729492188,28.69605255126953
22.1796875,954.48046875,28.722869873046875
22.1953125,954.5332641601562,28.71479034423828
22.2109375,954.3217163085938,28.718101501464844
22.2265625,954.8086547851562,28.72801971435547
22.2421875,953.9710693359375,28.7298583984375
22.2578125,954.3028564453125,28.719558715820312
22.2734375,954.311279296875,28.737945556640625
22.2890625,954.4046020507812,28.739044189453125
22.3046875,954.1221923828125,28.746017456054688
22.3203125,953.8533935546875,28.762557983398438
22.3359375,954.48828125,28.76806640625
22.3515625,954.3806762695312,28.78460693359375
22.3671875,954.1135864257812,28.76844024658203
22.3828125,953.7008666992188,28.76844024658203
22.3984375,953.6895751953125,28.76806640625
22.4140625,954.0843505859375,28.780563354492188
22.4296875,953.7373046875,28.78791046142578
22.4453125,953.5270385742188,28.791595458984375
22.4609375,953.2394409179688,28.8033447265625
22.4765625,953.09716796875,28.80113983154297
22.4921875,952.9957885742188,28.809600830078125
22.5078125,952.9261474609375,28.805923461914062
22.5234375,952.903076171875,28.804824829101562
22.5390625,952.8909301757812,28.823562622070312
22.5546875,952.882080078125,28.822830200195312
22.5703125,952.887939453125,28.832382202148438
22.5859375,952.8566284179688,28.827972412109375
22.6015625,952.8681640625,28.825393676757812
22.6171875,952.8822631835938,28.826499938964844
22.6328125,952.8722534179688,28.828346252441406
22.6484375,952.8771362304688,28.82098388671875
22.6640625,952.8662109375,28.8360595703125
22.6796875,952.8778686523438,28.827598571777344
22.6953125,952.8848876953125,28.821731567382812
22.7109375,952.8692626953125,28.806655883789062
22.7265625,952.8695678710938,28.808502197265625
22.7421875,952.8662109375,28.80554962158203
22.7578125,952.8724975585938,28.80224609375
22.7734375,952.8511352539062,28.80113983154297
22.7890625,952.8535766601562,28.78791046142578
22.8046875,952.8587036132812,28.791595458984375
22.8203125,952.85498046875,28.78460693359375
22.8359375,952.8489379882812,28.775787353515625
22.8515625,952.8588256835938,28.777992248535156
22.8671875,952.8720703125,28.770645141601562
22.8828125,952.8474731445312,28.758148193359375
22.8984375,952.8522338867188,28.76329803466797
22.9140625,952.852783203125,28.739402770996094
22.9296875,952.8426513671875,28.74676513671875
22.9453125,952.8546752929688,28.742355346679688
22.9609375,952.8541870117188,28.75080108642578
22.9765625,952.8438110351562,28.7298583984375
22.9921875,952.8477172851562,28.731689453125
23.0078125,952.8424682617188,28.73499298095703
23.0234375,952.8367919921875,28.733535766601562
23.0390625,952.852783203125,28.728378295898438
23.0546875,952.8409423828125,28.722869873046875
23.0703125,952.8433227539062,28.7298583984375
23.0859375,952.841064453125,28.71479034423828
23.1015625,952.8402099609375,28.707809448242188
23.1171875,952.8580322265625,28.697509765625
23.1328125,952.8287963867188,28.703025817871094
23.1484375,952.8312377929688,28.69715118408203
23.1640625,952.8287963867188,28.69420623779297
23.1796875,952.8441162109375,28.69420623779297
23.1953125,952.8345336914062,28.689796447753906
23.2109375,952.828125,28.67913818359375
23.2265625,952.8336791992188,28.689796447753906
23.2421875,952.8335571289062,28.674728393554688
23.2578125,952.8206787109375,28.682449340820312
23.2734375,952.8334350585938,28.686485290527344
23.2890625,952.8343505859375,28.67400360107422
23.3046875,952.8319091796875,28.681350708007812
23.3203125,952.8272705078125,28.669952392578125
23.3359375,952.832763671875,28.668121337890625
23.3515625,952.8259887695312,28.664077758789062
23.3671875,952.8279418945312,28.671051025390625
23.3828125,952.8280029296875,28.668121337890625
23.3984375,952.8223876953125,28.670318603515625
23.4140625,952.7987060546875,28.665184020996094
23.4296875,952.8352661132812,28.649749755859375
23.4453125,952.8265380859375,28.63872528076172
23.4609375,952.8296508789062,28.632843017578125
23.4765625,952.8248291015625,28.632843017578125
23.4921875,952.8242797851562,28.653411865234375
23.5078125,952.8131713867188,28.626953125
23.5234375,952.8272705078125,28.627700805664062
23.5390625,952.8273315429688,28.6240234375
23.5546875,952.8299560546875,28.62915802001953
23.5703125,952.7993774414062,28.623291015625
23.5859375,952.7940673828125,28.619239807128906
23.6015625,952.8014526367188,28.60638427734375
23.6171875,952.8156127929688,28.626953125
23.6328125,952.8259887695312,28.61042022705078
23.6484375,952.8226318359375,28.60638427734375
23.6640625,952.8175048828125,28.619979858398438
23.6796875,952.8313598632812,28.614830017089844
23.6953125,952.818359375,28.60638427734375
23.7109375,952.8251953125,28.601600646972656
23.7265625,953.044189453125,28.60454559326172
23.7421875,953.1891479492188,28.601242065429688
23.7578125,953.5277099609375,28.603073120117188
23.7734375,953.4400634765625,28.599037170410156
23.7890625,953.6170654296875,28.5887451171875
23.8046875,953.8952026367188,28.583229064941406
23.8203125,954.12109375,28.598289489746094
23.8359375,954.4259033203125,28.583229064941406
23.8515625,954.1455078125,28.59278106689453
23.8671875,954.3214721679688,28.583229064941406
23.8828125,955.231689453125,28.57330322265625
23.8984375,954.9680786132812,28.580291748046875
23.9140625,955.4718627929688,28.57367706298828
23.9296875,955.05224609375,28.563758850097656
23.9453125,955.2518310546875,28.577346801757812
23.9609375,955.9202880859375,28.57147216796875
23.9765625,955.2913208007812,28.57257843017578
23.9921875,955.5403442382812,28.57147216796875
24.0078125,955.6959228515625,28.57257843017578
24.0234375,955.1965942382812,28.57514190673828
24.0390625,956.0942993164062,28.581024169921875
24.0546875,955.2922973632812,28.581024169921875
24.0703125,956.1043701171875,28.57330322265625
24.0859375,956.3440551757812,28.5880126953125
24.1015625,955.8759765625,28.580291748046875
24.1171875,955.8745727539062,28.582855224609375
24.1328125,956.1773071289062,28.587265014648438
24.1484375,955.302490234375,28.582855224609375
24.1640625,955.56640625,28.5916748046875
24.1796875,956.08935546875,28.584701538085938
24.1953125,956.0009155273438,28.598289489746094
24.2109375,955.6198120117188,28.596458435058594
24.2265625,955.9853515625,28.603073120117188
24.2421875,955.2938842773438,28.58580780029297
24.2578125,955.16748046875,28.60710906982422
24.2734375,955.508544921875,28.621444702148438
24.2890625,955.161376953125,28.619979858398438
24.3046875,955.5707397460938,28.60454559326172
24.3203125,954.9137573242188,28.618881225585938
24.3359375,954.48828125,28.633209228515625
24.3515625,955.3917846679688,28.637619018554688
24.3671875,954.1598510742188,28.633567810058594
24.3828125,954.8540649414062,28.64496612548828
24.3984375,955.2987060546875,28.64055633544922
24.4140625,954.9186401367188,28.653411865234375
24.4296875,954.8350830078125,28.656723022460938
24.4453125,954.9059448242188,28.653411865234375
24.4609375,954.6930541992188,28.66333770751953
24.4765625,954.965576171875,28.6611328125
24.4921875,954.6973876953125,28.652679443359375
24.5078125,954.7322998046875,28.664077758789062
24.5234375,954.4301147460938,28.673255920410156
24.5390625,954.5891723632812,28.672897338867188
24.5546875,954.6531982421875,28.665184020996094
24.5703125,954.4068603515625,28.682823181152344
24.5859375,953.9320068359375,28.669593811035156
24.6015625,954.8360595703125,28.681716918945312
24.6171875,954.5924682617188,28.689796447753906
24.6328125,954.6195678710938,28.686859130859375
24.6484375,954.614501953125,28.69715118408203
24.6640625,954.4853515625,28.6964111328125
24.6796875,954.21044921875,28.704872131347656
24.6953125,954.5547485351562,28.708908081054688
24.7109375,954.1574096679688,28.708175659179688
24.7265625,954.3341064453125,28.709640502929688
24.7421875,954.8973999023438,28.71552276611328
24.7578125,954.2094116210938,28.722511291503906
24.7734375,954.6842651367188,28.71294403076172
24.7890625,954.2276611328125,28.73499298095703
24.8046875,955.081298828125,28.735366821289062
24.8203125,954.274169921875,28.74897003173828
24.8359375,954.6660766601562,28.735740661621094
24.8515625,954.2501831054688,28.744918823242188
24.8671875,954.6405029296875,28.74897003173828
24.8828125,954.5830078125,28.740875244140625
24.8984375,954.4395141601562,28.758148193359375
24.9140625,954.596435546875,28.758148193359375
24.9296875,954.7272338867188,28.741981506347656
24.9453125,954.220458984375,28.76403045654297
24.9609375,953.8605346679688,28.760726928710938
24.9765625,954.2484741210938,28.771743774414062
24.9921875,953.9420166015625,28.775787353515625
25.0078125,954.2739868164062,28.76770782470703
25.0234375,954.1435546875,28.773582458496094
25.0390625,954.2049560546875,28.797836303710938
25.0546875,953.9493408203125,28.80078125
25.0703125,953.8110961914062,28.789382934570312
25.0859375,954.3965454101562,28.805191040039062
25.1015625,954.0534057617188,28.804824829101562
25.1171875,954.1142578125,28.806297302246094
25.1328125,954.285888671875,28.808128356933594
25.1484375,954.198974609375,28.823562622070312
25.1640625,954.076171875,28.809234619140625
25.1796875,954.2569580078125,28.82318878173828
25.1953125,954.0971069335938,28.823562622070312
25.2109375,954.117919921875,28.824661254882812
25.2265625,954.1331176757812,28.827239990234375
25.2421875,954.1421508789062,28.824295043945312
25.2578125,953.837890625,28.827239990234375
25.2734375,954.017333984375,28.8360595703125
25.2890625,953.8731079101562,28.844879150390625
25.3046875,953.6828002929688,28.845237731933594
25.3203125,953.880615234375,28.848922729492188
25.3359375,954.0171508789062,28.841934204101562
25.3515625,953.736328125,28.861045837402344
25.3671875,953.8648071289062,28.863983154296875
25.3828125,953.736083984375,28.85663604736328
25.3984375,953.9981689453125,28.866561889648438
25.4140625,953.4625854492188,28.85590362548828
25.4296875,953.4520263671875,28.8709716796875
25.4453125,953.5137939453125,28.877578735351562
25.4609375,953.6012573242188,28.876853942871094
25.4765625,953.7313842773438,28.876480102539062
25.4921875,953.470703125,28.884201049804688
25.5078125,953.2437133789062,28.899261474609375
25.5234375,953.0617065429688,28.902206420898438
25.5390625,952.9866943359375,28.909927368164062
25.5546875,952.9139404296875,28.917266845703125
25.5703125,952.9141235351562,28.922409057617188
25.5859375,952.897216796875,28.928298950195312
25.6015625,952.8876342773438,28.935279846191406
25.6171875,952.8960571289062,28.935279846191406
25.6328125,952.875732421875,28.931228637695312
25.6484375,952.865234375,28.921676635742188
25.6640625,952.889404296875,28.92461395263672
25.6796875,952.8657836914062,28.92572021484375
25.6953125,952.8634033203125,28.937118530273438
25.7109375,952.8903198242188,28.933807373046875
25.7265625,952.886474609375,28.92608642578125
25.7421875,952.8634643554688,28.937118530273438
25.7578125,952.877685546875,28.916168212890625
25.7734375,952.8834228515625,28.92572021484375
25.7890625,952.8688354492188,28.930496215820312
25.8046875,952.8860473632812,28.920204162597656
25.8203125,952.8574829101562,28.92572021484375
25.8359375,952.8604736328125,28.916900634765625
25.8515625,952.8619995117188,28.9080810546875
25.8671875,952.859375,28.918373107910156
25.8828125,952.8729248046875,28.90882110595703
25.8984375,952.8571166992188,28.90514373779297
25.9140625,952.8471069335938,28.88677215576172
25.9296875,952.8500366210938,28.886032104492188
25.9453125,952.8338012695312,28.884201049804688
25.9609375,952.84912109375,28.876853942871094
25.9765625,952.853271484375,28.85552978515625
25.9921875,952.8385620117188,28.874649047851562
26.0078125,952.8505859375,28.85663604736328
26.0234375,952.8423461914062,28.848922729492188
26.0390625,952.8373413085938,28.848190307617188
26.0546875,952.8493041992188,28.835693359375
26.0703125,952.8246459960938,28.83972930908203
26.0859375,952.8250732421875,28.83275604248047
26.1015625,952.8435668945312,28.8349609375
26.1171875,952.8311767578125,28.828346252441406
26.1328125,952.8233642578125,28.827598571777344
26.1484375,952.8472290039062,28.81915283203125
26.1640625,952.8170166015625,28.797836303710938
26.1796875,952.8209228515625,28.808860778808594
26.1953125,952.8125,28.80371856689453
26.2109375,952.8095092773438,28.777259826660156
26.2265625,952.8052368164062,28.789382934570312
26.2421875,952.8147583007812,28.8004150390625
26.2578125,952.8116455078125,28.77983856201172
26.2734375,952.819091796875,28.768814086914062
26.2890625,952.7988891601562,28.757041931152344
26.3046875,952.8067016601562,28.7662353515625
26.3203125,952.8201293945312,28.7669677734375
26.3359375,952.808349609375,28.74639129638672
26.3515625,952.8038940429688,28.755584716796875
26.3671875,952.8047485351562,28.76329803466797
26.3828125,952.8042602539062,28.74565887451172
26.3984375,952.8097534179688,28.745285034179688
26.4140625,952.8001098632812,28.731689453125
26.4296875,952.7952270507812,28.719932556152344
26.4453125,952.8012084960938,28.706329345703125
26.4609375,952.8112182617188,28.715896606445312
26.4765625,952.7966918945312,28.701187133789062
26.4921875,952.8256225585938,28.701187133789062
26.5078125,952.800537109375,28.69384765625
26.5234375,952.7986450195312,28.701560974121094
26.5390625,952.7928466796875,28.704872131347656
26.5546875,952.7974243164062,28.69715118408203
26.5703125,952.7971801757812,28.705970764160156
26.5859375,952.8010864257812,28.69420623779297
26.6015625,952.7969360351562,28.69274139404297
26.6171875,952.80029296875,28.686859130859375
26.6328125,952.7913208007812,28.69530487060547
26.6484375,952.7957763671875,28.685386657714844
26.6640625,952.7989501953125,28.673255920410156
26.6796875,952.791748046875,28.684280395507812
26.6953125,952.7977294921875,28.681716918945312
26.7109375,952.7938232421875,28.683547973632812
26.7265625,952.798828125,28.67583465576172
26.7421875,952.796875,28.67583465576172
26.7578125,952.790283203125,28.67510223388672
26.7734375,952.822998046875,28.668487548828125
26.7890625,952.8134155273438,28.66187286376953
26.8046875,952.8068237304688,28.68097686767578
26.8203125,952.8087158203125,28.663711547851562
26.8359375,952.8070068359375,28.666641235351562
26.8515625,952.7893676757812,28.673255920410156
26.8671875,952.90185546875,28.66187286376953
26.8828125,953.0753173828125,28.667015075683594
26.8984375,953.1605834960938,28.667015075683594
26.9140625,953.3507690429688,28.650108337402344
26.9296875,953.5659790039062,28.668846130371094
26.9453125,953.6593017578125,28.672897338867188
26.9609375,953.6603393554688,28.665184020996094
26.9765625,954.2450561523438,28.6611328125
26.9921875,954.8102416992188,28.64496612548828
27.0078125,954.5684814453125,28.6593017578125
27.0234375,955.0404663085938,28.635040283203125
27.0390625,955.0481567382812,28.647544860839844
27.0546875,954.2755126953125,28.632110595703125
27.0703125,954.5355224609375,28.64569854736328
27.0859375,955.0121459960938,28.66077423095703
27.1015625,954.8208618164062,28.632110595703125
27.1171875,955.2495727539062,28.632843017578125
27.1328125,955.0885620117188,28.64166259765625
27.1484375,954.8917846679688,28.632469177246094
27.1640625,954.338623046875,28.634315490722656
27.1796875,954.5633544921875,28.6258544921875
27.1953125,955.1641845703125,28.630264282226562
27.2109375,954.7210693359375,28.637619018554688
27.2265625,954.9808959960938,28.634674072265625
27.2421875,955.117919921875,28.63872528076172
27.2578125,954.71240234375,28.646072387695312
27.2734375,954.6702270507812,28.637977600097656
27.2890625,954.4143676757812,28.634674072265625
27.3046875,954.5614624023438,28.64423370361328
27.3203125,954.2626953125,28.652313232421875
27.3359375,954.4367065429688,28.654159545898438
27.3515625,954.7808227539062,28.6614990234375
27.3671875,954.3377685546875,28.660400390625
27.3828125,954.9205932617188,28.672157287597656
27.3984375,954.128662109375,28.68207550048828
27.4140625,954.978271484375,28.67510223388672
27.4296875,954.397705078125,28.671051025390625
27.4453125,954.442138671875,28.682449340820312
27.4609375,954.5645141601562,28.689064025878906
27.4765625,954.6864013671875,28.69384765625
27.4921875,954.8421020507812,28.69164276123047
27.5078125,954.5081176757812,28.687957763671875
27.5234375,954.21630859375,28.701187133789062
27.5390625,954.6820678710938,28.69605255126953
27.5546875,954.9503784179688,28.698989868164062
27.5703125,954.1504516601562,28.71479034423828
27.5859375,954.4805297851562,28.71479034423828
27.6015625,953.7994995117188,28.71552276611328
27.6171875,953.873046875,28.721763610839844
27.6328125,954.8412475585938,28.726547241210938
27.6484375,953.94287109375,28.719932556152344
27.6640625,954.02880859375,28.722869873046875
27.6796875,954.4789428710938,28.735366821289062
27.6953125,954.6055908203125,28.736839294433594
27.7109375,954.9425048828125,28.745285034179688
27.7265625,954.7738037109375,28.74565887451172
27.7421875,954.7689819335938,28.759620666503906
27.7578125,954.4288940429688,28.776153564453125
27.7734375,955.1821899414062,28.768814086914062
27.7890625,954.433349609375,28.759994506835938
27.8046875,954.7333984375,28.770645141601562
27.8203125,954.4203491210938,28.78093719482422
27.8359375,954.4632568359375,28.795272827148438
27.8515625,954.6873168945312,28.793426513671875
27.8671875,953.8580932617188,28.80371856689453
27.8828125,954.57421875,28.804824829101562
27.8984375,954.314453125,28.81732177734375
27.9140625,954.3485717773438,28.813644409179688
27.9296875,954.2293701171875,28.81732177734375
27.9453125,954.3192749023438,28.82318878173828
27.9609375,954.7324829101562,28.830177307128906
27.9765625,954.4627685546875,28.8367919921875
27.9921875,954.3892822265625,28.844879150390625
28.0078125,954.5806274414062,28.85480499267578
28.0234375,954.4866333007812,28.85333251953125
28.0390625,954.15625,28.851119995117188
28.0546875,954.209716796875,28.860313415527344
28.0703125,954.564208984375,28.865455627441406
28.0859375,954.2548217773438,28.871337890625
28.1015625,954.91943359375,28.86913299560547
28.1171875,954.4439086914062,28.884925842285156
28.1328125,954.601318359375,28.877578735351562
28.1484375,954.3223266601562,28.898529052734375
28.1640625,954.14990234375,28.887130737304688
28.1796875,954.3500366210938,28.899261474609375
28.1953125,954.9562377929688,28.90514373779297
28.2109375,954.959716796875,28.928298950195312
28.2265625,954.3027954101562,28.921676635742188
28.2421875,954.2860717773438,28.928298950195312
28.2578125,954.8826293945312,28.937118530273438
28.2734375,954.5390625,28.930130004882812
28.2890625,954.4140625,28.935279846191406
28.3046875,955.0237426757812,28.9407958984375
28.3203125,954.3297729492188,28.931976318359375
28.3359375,954.5079956054688,28.947036743164062
28.3515625,953.9976196289062,28.951446533203125
28.3671875,954.3278198242188,28.952545166015625
28.3828125,953.8391723632812,28.954383850097656
28.3984375,954.0390625,28.947036743164062
28.4140625,953.8792724609375,28.965774536132812
28.4296875,954.2157592773438,28.966506958007812
28.4453125,954.0550537109375,28.96026611328125
28.4609375,953.9810180664062,28.973495483398438
28.4765625,954.0689697265625,28.97386932373047
28.4921875,953.994873046875,28.97386932373047
28.5078125,954.119140625,28.97570037841797
28.5234375,954.0882568359375,28.99481201171875
28.5390625,953.6862182617188,29.003990173339844
28.5546875,953.7338256835938,29.01024627685547
28.5703125,953.4654541015625,29.020172119140625
28.5859375,953.2274169921875,29.019798278808594
28.6015625,953.0575561523438,29.027511596679688
28.6171875,953.0075073242188,29.041473388671875
28.6328125,952.9448852539062,29.040016174316406
28.6484375,952.91015625,29.045883178710938
28.6640625,952.8993530273438,29.055450439453125
28.6796875,952.8906860351562,29.062789916992188
28.6953125,952.916015625,29.06427001953125
28.7109375,952.882568359375,29.071243286132812
28.7265625,952.8773193359375,29.070884704589844
28.7421875,952.8881225585938,29.076393127441406
28.7578125,952.8760986328125,29.071983337402344
28.7734375,952.8731689453125,29.071983337402344
28.7890625,952.863037109375,29.072715759277344
28.8046875,952.8726196289062,29.08336639404297
28.8203125,952.8611450195312,29.071983337402344
28.8359375,952.8713989257812,29.06757354736328
28.8515625,952.870361328125,29.072715759277344
28.8671875,952.8637084960938,29.06757354736328
28.8828125,952.8751220703125,29.074546813964844
28.8984375,952.8734741210938,29.06719970703125
28.9140625,952.8709716796875,29.06462860107422
28.9296875,952.8700561523438,29.061691284179688
28.9453125,952.8589477539062,29.06389617919922
28.9609375,952.8735961914062,29.04883575439453
28.9765625,952.869140625,29.04698944091797
28.9921875,952.8623046875,29.053970336914062
29.0078125,952.8666381835938,29.03229522705078
29.0234375,952.8633422851562,29.023475646972656
29.0390625,952.8385009765625,29.02788543701172
29.0546875,952.8521118164062,29.016860961914062
29.0703125,952.8628540039062,29.01612091064453
29.0859375,952.84375,29.000686645507812
29.1015625,952.8350830078125,28.990402221679688
29.1171875,952.8453979492188,28.987098693847656
29.1328125,952.825927734375,28.979736328125
29.1484375,952.8623046875,28.979736328125
29.1640625,952.81982421875,28.973495483398438
29.1796875,952.821533203125,28.967987060546875
29.1953125,952.8306274414062,28.967987060546875
29.2109375,952.8324584960938,28.949974060058594
29.2265625,952.8223266601562,28.937118530273438
29.2421875,952.8346557617188,28.937118530273438
29.2578125,952.8490600585938,28.938217163085938
29.2734375,952.8156127929688,28.938217163085938
29.2890625,952.8180541992188,28.921310424804688
29.3046875,952.8194580078125,28.916168212890625
29.3203125,952.81591796875,28.9066162109375
29.3359375,952.8221435546875,28.90772247314453
29.3515625,952.8215942382812,28.90587615966797
29.3671875,952.8369140625,28.902206420898438
29.3828125,952.8133544921875,28.894851684570312
29.3984375,952.8185424804688,28.89008331298828
29.4140625,952.8217163085938,28.88567352294922
29.4296875,952.8176879882812,28.868392944335938
29.4453125,952.8111572265625,28.8702392578125
29.4609375,952.8101196289062,28.862518310546875
29.4765625,952.8267211914062,28.85480499267578
29.4921875,952.802001953125,28.848190307617188
29.5078125,952.8312377929688,28.85149383544922
29.5234375,952.8231811523438,28.85480499267578
29.5390625,952.8187866210938,28.851852416992188
29.5546875,952.808349609375,28.83972930908203
29.5703125,952.805908203125,28.851119995117188
29.5859375,952.8070068359375,28.8360595703125
29.6015625,952.7989501953125,28.83641815185547
29.6171875,952.8068237304688,28.81732177734375
29.6328125,952.800048828125,28.81915283203125
29.6484375,952.804443359375,28.826499938964844
29.6640625,952.7998046875,28.82318878173828
29.6796875,952.8036499023438,28.804092407226562
29.6953125,952.8036499023438,28.806655883789062
29.7109375,952.8026123046875,28.809959411621094
29.7265625,952.8078002929688,28.791221618652344
29.7421875,952.8004760742188,28.804092407226562
29.7578125,952.8024291992188,28.8033447265625
29.7734375,952.8035888671875,28.772850036621094
29.7890625,952.7986450195312,28.787551879882812
29.8046875,952.8031005859375,28.78791046142578
29.8203125,952.8037109375,28.78534698486328
29.8359375,952.7999267578125,28.775787353515625
29.8515625,952.8026123046875,28.78240203857422
29.8671875,952.8014526367188,28.776153564453125
29.8828125,952.7911987304688,28.768814086914062
29.8984375,952.7982788085938,28.767333984375
29.9140625,952.7993774414062,28.762557983398438
29.9296875,952.823974609375,28.76403045654297
29.9453125,952.845703125,28.76403045654297
29.9609375,952.9915161132812,28.756317138671875
29.9765625,953.11328125,28.753005981445312
29.9921875,953.2450561523438,28.758888244628906
30.0078125,953.3550415039062,28.743087768554688
30.0234375,953.5435791015625,28.75006866455078
30.0390625,953.7545776367188,28.75263214111328
30.0546875,954.0123901367188,28.74676513671875
30.0703125,954.0410766601562,28.737197875976562
30.0859375,954.1237182617188,28.72801971435547
30.1015625,954.1688232421875,28.735366821289062
30.1171875,953.9300537109375,28.725448608398438
30.1328125,954.4517822265625,28.724716186523438
30.1484375,954.3196411132812,28.710739135742188
30.1640625,954.1563720703125,28.7298583984375
30.1796875,954.399658203125,28.722869873046875
30.1953125,953.8619384765625,28.724342346191406
30.2109375,954.10693359375,28.716629028320312
30.2265625,954.3624877929688,28.71221923828125
30.2421875,953.9989013671875,28.709640502929688
30.2578125,953.807373046875,28.725074768066406
30.2734375,954.732421875,28.710739135742188
30.2890625,954.2335205078125,28.72801971435547
30.3046875,954.352783203125,28.71221923828125
30.3203125,954.9483642578125,28.719932556152344
30.3359375,955.0094604492188,28.722137451171875
30.3515625,955.1499633789062,28.730224609375
30.3671875,954.7066040039062,28.73133087158203
30.3828125,954.9586791992188,28.7327880859375
30.3984375,954.864501953125,28.731689453125
30.4140625,955.0614013671875,28.746017456054688
30.4296875,954.9219970703125,28.72801971435547
30.4453125,954.5075073242188,28.731689453125
30.4609375,955.1371459960938,28.737945556640625
30.4765625,954.8966674804688,28.744186401367188
30.4921875,954.577880859375,28.739044189453125
30.5078125,954.6298217773438,28.75006866455078
30.5234375,955.3198852539062,28.753005981445312
30.5390625,954.9177856445312,28.76329803466797
30.5546875,954.7689819335938,28.758888244628906
30.5703125,954.9291381835938,28.76329803466797
30.5859375,954.1903076171875,28.76660919189453
30.6015625,954.6057739257812,28.768814086914062
30.6171875,954.4100341796875,28.78166961669922
30.6328125,954.6256713867188,28.78093719482422
30.6484375,954.6089477539062,28.78093719482422
30.6640625,954.2213134765625,28.771377563476562
30.6796875,954.7691040039062,28.78791046142578
30.6953125,954.3617553710938,28.789382934570312
30.7109375,954.456298828125,28.80554962158203
30.7265625,954.0911254882812,28.804092407226562
30.7421875,954.5360107421875,28.80554962158203
30.7578125,954.1663818359375,28.797836303710938
30.7734375,954.8458251953125,28.80554962158203
30.7890625,954.4435424804688,28.80004119873047
30.8046875,954.8920288085938,28.804824829101562
30.8203125,954.8549194335938,28.821731567382812
30.8359375,955.0291137695312,28.815475463867188
30.8515625,954.7633666992188,28.7996826171875
30.8671875,954.4961547851562,28.809234619140625
30.8828125,954.8410034179688,28.829444885253906
30.8984375,954.7880859375,28.812164306640625
30.9140625,954.7010498046875,28.824661254882812
30.9296875,954.8981323242188,28.826499938964844
30.9453125,954.5787963867188,28.826499938964844
30.9609375,954.2658081054688,28.835693359375
30.9765625,954.7511596679688,28.8360595703125
30.9921875,954.5372314453125,28.843780517578125
31.0078125,954.5846557617188,28.85846710205078
31.0234375,954.6798095703125,28.848190307617188
31.0390625,954.4860229492188,28.85149383544922
31.0546875,954.6732788085938,28.85736846923828
31.0703125,955.3251342773438,28.85663604736328
31.0859375,954.02685546875,28.860313415527344
31.1015625,953.8599853515625,28.865455627441406
31.1171875,954.0026245117188,28.875747680664062
31.1328125,954.1328125,28.864723205566406
31.1484375,954.2779541015625,28.886032104492188
31.1640625,954.2054443359375,28.88861083984375
31.1796875,953.8651123046875,28.89008331298828
31.1953125,953.8849487304688,28.912490844726562
31.2109375,953.6273193359375,28.92095184326172
31.2265625,953.62451171875,28.91028594970703
31.2421875,953.9144897460938,28.930130004882812
31.2578125,953.3899536132812,28.940048217773438
31.2734375,953.5217895507812,28.92315673828125
31.2890625,953.5357666015625,28.938949584960938
31.3046875,953.4572143554688,28.945938110351562
31.3203125,953.086669921875,28.945205688476562
31.3359375,952.9998779296875,28.955123901367188
31.3515625,952.9554443359375,28.96247100830078
31.3671875,952.9185791015625,28.956954956054688
31.3828125,952.9066162109375,28.965774536132812
31.3984375,952.8912963867188,28.970184326171875
31.4140625,952.9031982421875,28.983413696289062
