# Time (seconds),Pressure,Temp
0.0078125,952.848876953125,26.84356689453125
0.0234375,952.8836669921875,26.840255737304688
0.0390625,952.9161376953125,26.847244262695312
0.0546875,952.9085083007812,26.846878051757812
0.0703125,952.9073486328125,26.846878051757812
0.0859375,952.8942260742188,26.849807739257812
0.1015625,952.9076538085938,26.853858947753906
0.1171875,952.9049682617188,26.849807739257812
0.1328125,952.9076538085938,26.849075317382812
0.1484375,952.9080810546875,26.832168579101562
0.1640625,952.8980102539062,26.836219787597656
0.1796875,952.902099609375,26.850914001464844
0.1953125,952.90771484375,26.84356689453125
0.2109375,952.9135131835938,26.849807739257812
0.2265625,952.8973999023438,26.854591369628906
0.2421875,952.8900756835938,26.849807739257812
0.2578125,952.908203125,26.849807739257812
0.2734375,952.8895874023438,26.854591369628906
0.2890625,952.9026489257812,26.854591369628906
0.3046875,952.91162109375,26.84650421142578
0.3203125,952.8839721679688,26.866714477539062
0.3359375,952.9169921875,26.853118896484375
0.3515625,952.9085083007812,26.854591369628906
0.3671875,952.9026489257812,26.857894897460938
0.3828125,952.9119873046875,26.851654052734375
0.3984375,952.9083251953125,26.84356689453125
0.4140625,952.8836669921875,26.8604736328125
0.4296875,952.8853759765625,26.863037109375
0.4453125,952.919677734375,26.858627319335938
0.4609375,952.9090576171875,26.857528686523438
0.4765625,952.895751953125,26.867088317871094
0.4921875,952.9158325195312,26.858627319335938
0.5078125,952.9054565429688,26.86157989501953
0.5234375,952.909912109375,26.857528686523438
0.5390625,952.890380859375,26.85900115966797
0.5546875,952.8959350585938,26.8604736328125
0.5703125,952.9133911132812,26.849075317382812
0.5859375,952.9080810546875,26.849075317382812
0.6015625,952.9171142578125,26.854965209960938
0.6171875,952.9116821289062,26.856796264648438
0.6328125,952.9190673828125,26.86157989501953
0.6484375,952.8907470703125,26.867088317871094
0.6640625,952.9104614257812,26.849449157714844
0.6796875,952.9140625,26.856422424316406
0.6953125,952.8901977539062,26.86157989501953
0.7109375,952.8812255859375,26.86524200439453
0.7265625,952.9155883789062,26.86157989501953
0.7421875,952.909912109375,26.857528686523438
0.7578125,952.914794921875,26.88031768798828
0.7734375,952.9111328125,26.85900115966797
0.7890625,952.912109375,26.865615844726562
0.8046875,952.9197998046875,26.850555419921875
0.8203125,952.9022216796875,26.854965209960938
0.8359375,952.9188232421875,26.853118896484375
0.8515625,952.9366455078125,26.8604736328125
0.8671875,952.9403076171875,26.86157989501953
0.8828125,952.9553833007812,26.852012634277344
0.8984375,952.959716796875,26.86157989501953
0.9140625,952.9362182617188,26.85900115966797
0.9296875,952.9299926757812,26.863037109375
0.9453125,952.9478149414062,26.86157989501953
0.9609375,952.9553833007812,26.86414337158203
0.9765625,952.9622192382812,26.867820739746094
0.9921875,952.9464721679688,26.856796264648438
1.0078125,953.0062866210938,26.86157989501953
1.0234375,953.001953125,26.864883422851562
1.0390625,952.9819946289062,26.867088317871094
1.0546875,952.9612426757812,26.857528686523438
1.0703125,952.9501342773438,26.85717010498047
1.0859375,952.9979248046875,26.84062957763672
1.1015625,952.9605102539062,26.850914001464844
1.1171875,952.9769897460938,26.84319305419922
1.1328125,952.9559326171875,26.832916259765625
1.1484375,952.9274291992188,26.84394073486328
1.1640625,952.9434204101562,26.838783264160156
1.1796875,952.9625854492188,26.82372283935547
1.1953125,952.9420776367188,26.831809997558594
1.2109375,952.9822387695312,26.832916259765625
1.2265625,952.9578857421875,26.833648681640625
1.2421875,952.9514770507812,26.833274841308594
1.2578125,952.9961547851562,26.82630157470703
1.2734375,952.944091796875,26.830711364746094
1.2890625,952.9732055664062,26.819686889648438
1.3046875,952.9750366210938,26.822250366210938
1.3203125,952.9807739257812,26.833648681640625
1.3359375,953.0081787109375,26.80608367919922
1.3515625,952.9880981445312,26.82299041748047
1.3671875,952.9598999023438,26.80791473388672
1.3828125,952.9978637695312,26.80866241455078
1.3984375,953.0517578125,26.812698364257812
1.4140625,952.9713745117188,26.80608367919922
1.4296875,952.971923828125,26.80681610107422
1.4453125,952.992919921875,26.811965942382812
1.4609375,952.9732055664062,26.79212188720703
1.4765625,953.0040283203125,26.80425262451172
1.4921875,952.9915161132812,26.80425262451172
1.5078125,952.9902954101562,26.802406311035156
1.5234375,952.9644165039062,26.801673889160156
1.5390625,952.9876098632812,26.7913818359375
1.5546875,952.9705200195312,26.78955078125
1.5703125,952.9912109375,26.79027557373047
1.5859375,952.9888916015625,26.80718994140625
1.6015625,953.0014038085938,26.804977416992188
1.6171875,952.993408203125,26.788070678710938
1.6328125,953.0001220703125,26.793228149414062
1.6484375,952.9677734375,26.793228149414062
1.6640625,952.9850463867188,26.779998779296875
1.6796875,953.0357666015625,26.79468536376953
1.6953125,953.0347290039062,26.780357360839844
1.7109375,953.020751953125,26.784034729003906
1.7265625,952.9954223632812,26.784034729003906
1.7421875,953.0313110351562,26.77374267578125
1.7578125,953.0213623046875,26.777420043945312
1.7734375,952.962646484375,26.767868041992188
1.7890625,953.0416259765625,26.77117919921875
1.8046875,953.0061645507812,26.7572021484375
1.8203125,952.993408203125,26.764190673828125
1.8359375,952.9696044921875,26.759048461914062
1.8515625,953.0042724609375,26.764190673828125
1.8671875,952.9552001953125,26.7542724609375
1.8828125,952.9860229492188,26.763458251953125
1.8984375,953.0167236328125,26.761985778808594
1.9140625,952.9885864257812,26.75830841064453
1.9296875,952.9696655273438,26.75243377685547
1.9453125,952.9797973632812,26.7572021484375
1.9609375,952.9766845703125,26.764923095703125
1.9765625,952.9642944335938,26.764923095703125
1.9921875,952.9822387695312,26.7564697265625
2.0078125,952.9885864257812,26.743972778320312
2.0234375,953.049560546875,26.74066925048828
2.0390625,952.9816284179688,26.745819091796875
2.0546875,952.9964599609375,26.745079040527344
2.0703125,953.046630859375,26.743972778320312
2.0859375,952.9658203125,26.73810577392578
2.1015625,953.01123046875,26.74066925048828
2.1171875,952.9845581054688,26.745079040527344
2.1328125,952.9970092773438,26.728912353515625
2.1484375,952.9822998046875,26.730010986328125
2.1640625,952.9805297851562,26.73846435546875
2.1796875,953.0166015625,26.731849670410156
2.1953125,952.9663696289062,26.740310668945312
2.2109375,953.015625,26.72156524658203
2.2265625,953.022705078125,26.728179931640625
2.2421875,953.0048828125,26.72156524658203
2.2578125,952.9939575195312,26.725234985351562
2.2734375,953.0166015625,26.7193603515625
2.2890625,952.9878540039062,26.714950561523438
2.3046875,952.9646606445312,26.716781616210938
2.3203125,953.0641479492188,26.72412872314453
2.3359375,953.0158081054688,26.725234985351562
2.3515625,952.9855346679688,26.71788787841797
2.3671875,952.979248046875,26.730010986328125
2.3828125,953.0707397460938,26.7193603515625
2.3984375,952.9878540039062,26.70318603515625
2.4140625,952.9808959960938,26.70318603515625
2.4296875,953.0095825195312,26.70539093017578
2.4453125,952.9822387695312,26.695106506347656
2.4609375,953.0165405273438,26.714950561523438
2.4765625,953.022705078125,26.70062255859375
2.4921875,952.982421875,26.70062255859375
2.5078125,952.9830322265625,26.70062255859375
2.5234375,952.9949951171875,26.693634033203125
2.5390625,952.9894409179688,26.692161560058594
2.5546875,952.9797973632812,26.697669982910156
2.5703125,953.0132446289062,26.689224243164062
2.5859375,952.9746704101562,26.691802978515625
2.6015625,952.9552612304688,26.70062255859375
2.6171875,952.9680786132812,26.695838928222656
2.6328125,952.9568481445312,26.691802978515625
2.6484375,952.9522705078125,26.70062255859375
2.6640625,952.9459838867188,26.68077850341797
2.6796875,952.9481811523438,26.68077850341797
2.6953125,952.947021484375,26.692535400390625
2.7109375,952.9385986328125,26.68701934814453
2.7265625,952.9380493164062,26.6829833984375
2.7421875,952.939453125,26.689956665039062
2.7578125,952.9401245117188,26.680404663085938
2.7734375,952.9415283203125,26.68701934814453
2.7890625,952.9278564453125,26.675621032714844
2.8046875,952.9338989257812,26.673416137695312
2.8203125,952.9175415039062,26.68775177001953
2.8359375,952.930908203125,26.694007873535156
2.8515625,952.93701171875,26.6837158203125
2.8671875,952.9096069335938,26.68701934814453
2.8828125,952.9201049804688,26.68077850341797
2.8984375,952.9326171875,26.673416137695312
2.9140625,952.9188232421875,26.680404663085938
2.9296875,952.9373168945312,26.681137084960938
2.9453125,952.939208984375,26.676368713378906
2.9609375,952.9255981445312,26.68444061279297
2.9765625,952.9186401367188,26.671585083007812
2.9921875,952.9006958007812,26.676368713378906
3.0078125,952.923828125,26.68077850341797
3.0234375,952.920654296875,26.6829833984375
3.0390625,952.927490234375,26.68628692626953
3.0546875,952.9295654296875,26.6859130859375
3.0703125,952.9158325195312,26.693634033203125
3.0859375,952.9207763671875,26.6829833984375
3.1015625,952.9281005859375,26.695106506347656
3.1171875,952.9077758789062,26.68701934814453
3.1328125,952.9075317382812,26.6829833984375
3.1484375,952.91552734375,26.697669982910156
3.1640625,952.902099609375,26.691055297851562
3.1796875,952.907958984375,26.70062255859375
3.1953125,952.9130859375,26.694007873535156
3.2109375,952.9219970703125,26.68701934814453
3.2265625,952.904052734375,26.70062255859375
3.2421875,952.9214477539062,26.6837158203125
3.2578125,952.9197998046875,26.682235717773438
3.2734375,952.9262084960938,26.673416137695312
3.2890625,952.9044799804688,26.678932189941406
3.3046875,952.9193725585938,26.68701934814453
3.3203125,952.9118041992188,26.688125610351562
3.3359375,952.8938598632812,26.689956665039062
3.3515625,952.904296875,26.6829833984375
3.3671875,952.9113159179688,26.68701934814453
3.3828125,952.899169921875,26.691055297851562
3.3984375,952.9025268554688,26.695838928222656
3.4140625,952.900146484375,26.697311401367188
3.4296875,952.905517578125,26.691802978515625
3.4453125,952.9026489257812,26.693260192871094
3.4609375,952.9075317382812,26.70062255859375
3.4765625,952.9035034179688,26.694007873535156
3.4921875,952.8992919921875,26.70062255859375
3.5078125,952.9142456054688,26.70062255859375
3.5234375,952.9112548828125,26.696571350097656
3.5390625,952.921142578125,26.68701934814453
3.5546875,952.9010009765625,26.708335876464844
3.5703125,952.9119873046875,26.696571350097656
3.5859375,952.8989868164062,26.693260192871094
3.6015625,952.8985595703125,26.696571350097656
3.6171875,952.9002075195312,26.70062255859375
3.6328125,952.9083251953125,26.693260192871094
3.6484375,952.91357421875,26.708335876464844
3.6640625,952.8959350585938,26.714950561523438
3.6796875,952.9097290039062,26.71715545654297
3.6953125,952.914794921875,26.717514038085938
3.7109375,952.906982421875,26.713104248046875
3.7265625,952.9017944335938,26.709442138671875
3.7421875,952.9043579101562,26.714584350585938
3.7578125,952.9019165039062,26.716781616210938
3.7734375,952.89794921875,26.714950561523438
3.7890625,952.9126586914062,26.7193603515625
3.8046875,952.9298095703125,26.72046661376953
3.8203125,952.9012451171875,26.712745666503906
3.8359375,952.91552734375,26.714950561523438
3.8515625,952.9013671875,26.72412872314453
3.8671875,952.8986206054688,26.724876403808594
3.8828125,952.8987426757812,26.730010986328125
3.8984375,952.9022216796875,26.724876403808594
3.9140625,952.9077758789062,26.72119140625
3.9296875,952.9414672851562,26.714950561523438
3.9453125,952.971923828125,26.72229766845703
3.9609375,953.0043334960938,26.731849670410156
3.9765625,952.9603881835938,26.732948303222656
3.9921875,952.9622192382812,26.730743408203125
4.0078125,952.9710693359375,26.73735809326172
4.0234375,952.9586791992188,26.730743408203125
4.0390625,952.9435424804688,26.72229766845703
4.0546875,952.9367065429688,26.74066925048828
4.0703125,952.9583129882812,26.73663330078125
4.0859375,952.9996948242188,26.728912353515625
4.1015625,952.98583984375,26.73552703857422
4.1171875,952.9434814453125,26.72046661376953
4.1328125,952.970703125,26.728912353515625
4.1484375,952.966064453125,26.725234985351562
4.1640625,952.9657592773438,26.72412872314453
4.1796875,953.0433349609375,26.730010986328125
4.1953125,952.9584350585938,26.725601196289062
4.2109375,952.969970703125,26.714584350585938
4.2265625,953.0095825195312,26.72156524658203
4.2421875,952.9707641601562,26.724502563476562
4.2578125,952.9913940429688,26.714584350585938
4.2734375,952.9844360351562,26.72119140625
4.2890625,952.9928588867188,26.7200927734375
4.3046875,952.970703125,26.717514038085938
4.3203125,952.9703979492188,26.72119140625
4.3359375,953.0250854492188,26.72046661376953
4.3515625,952.9718017578125,26.730010986328125
4.3671875,953.0164794921875,26.725975036621094
4.3828125,952.9849243164062,26.710174560546875
4.3984375,952.9785766601562,26.716781616210938
4.4140625,952.9881591796875,26.70282745361328
4.4296875,952.97607421875,26.708335876464844
4.4453125,952.9957885742188,26.70465850830078
4.4609375,952.9835205078125,26.70062255859375
4.4765625,952.9973754882812,26.714950561523438
4.4921875,952.9701538085938,26.709442138671875
4.5078125,952.994140625,26.692535400390625
4.5234375,952.9852294921875,26.70062255859375
4.5390625,952.9830322265625,26.70062255859375
4.5546875,952.9680786132812,26.70062255859375
4.5703125,952.9579467773438,26.70465850830078
4.5859375,953.0282592773438,26.696571350097656
4.6015625,952.9827270507812,26.70465850830078
4.6171875,952.954833984375,26.70465850830078
4.6328125,952.9751586914062,26.70062255859375
4.6484375,952.9805908203125,26.695838928222656
4.6640625,952.9945068359375,26.689956665039062
4.6796875,952.9842529296875,26.68444061279297
4.6953125,953.0006103515625,26.673416137695312
4.7109375,952.9732055664062,26.6866455078125
4.7265625,952.9618530273438,26.68701934814453
4.7421875,952.979248046875,26.66864776611328
4.7578125,952.9637451171875,26.677825927734375
4.7734375,952.9700317382812,26.673416137695312
4.7890625,952.963623046875,26.66790771484375
4.8046875,952.9599609375,26.676368713378906
4.8203125,952.9423217773438,26.662391662597656
4.8359375,952.9451293945312,26.68077850341797
4.8515625,952.9810791015625,26.652847290039062
4.8671875,952.9573974609375,26.65247344970703
4.8828125,952.944091796875,26.674522399902344
4.8984375,952.9505004882812,26.66864776611328
4.9140625,952.9362182617188,26.664596557617188
4.9296875,952.9453735351562,26.672683715820312
4.9453125,952.958740234375,26.657981872558594
4.9609375,952.9530029296875,26.65174102783203
4.9765625,952.9338989257812,26.66497039794922
4.9921875,952.939453125,26.65100860595703
5.0078125,952.92919921875,26.65174102783203
5.0234375,952.9369506835938,26.66938018798828
5.0390625,952.9302978515625,26.64550018310547
5.0546875,952.9285888671875,26.66534423828125
5.0703125,952.919189453125,26.66864776611328
5.0859375,952.9188232421875,26.64806365966797
5.1015625,952.9437255859375,26.6488037109375
5.1171875,952.94677734375,26.64659881591797
5.1328125,952.9238891601562,26.64990997314453
5.1484375,952.934326171875,26.64733123779297
5.1640625,952.9317016601562,26.63079833984375
5.1796875,952.9390258789062,26.63189697265625
5.1953125,952.9193725585938,26.63372802734375
5.2109375,952.936279296875,26.640716552734375
5.2265625,952.9478149414062,26.644393920898438
5.2421875,952.928466796875,26.641815185546875
5.2578125,952.943115234375,26.63189697265625
5.2734375,952.9606323242188,26.63189697265625
5.2890625,952.9462890625,26.64733123779297
5.3046875,952.9400634765625,26.641090393066406
5.3203125,952.93701171875,26.637405395507812
5.3359375,952.9439086914062,26.63189697265625
5.3515625,952.9690551757812,26.642547607421875
5.3671875,952.9503784179688,26.63262939453125
5.3828125,952.9757080078125,26.641815185546875
5.3984375,952.9412841796875,26.63079833984375
5.4140625,952.9617919921875,26.63006591796875
5.4296875,952.9467163085938,26.621604919433594
5.4453125,952.9483642578125,26.63189697265625
5.4609375,952.9475708007812,26.627113342285156
5.4765625,952.9542236328125,26.634475708007812
5.4921875,952.9609375,26.623451232910156
5.5078125,952.9747924804688,26.634475708007812
5.5234375,952.9567260742188,26.637039184570312
5.5390625,952.9737548828125,26.625656127929688
5.5546875,952.9672241210938,26.621604919433594
5.5703125,953.0056762695312,26.620140075683594
5.5859375,952.9971923828125,26.620872497558594
5.6015625,952.9542236328125,26.621604919433594
5.6171875,952.9871826171875,26.61719512939453
5.6328125,952.967529296875,26.621604919433594
5.6484375,952.9542846679688,26.620872497558594
5.6640625,952.9542236328125,26.620872497558594
5.6796875,952.9440307617188,26.617935180664062
5.6953125,952.932373046875,26.620872497558594
5.7109375,952.938720703125,26.609115600585938
5.7265625,952.9303588867188,26.611679077148438
5.7421875,952.9354248046875,26.599197387695312
5.7578125,952.9293823242188,26.603607177734375
5.7734375,952.9244384765625,26.609848022460938
5.7890625,952.925048828125,26.59258270263672
5.8046875,952.9227294921875,26.603233337402344
5.8203125,952.9249267578125,26.60065460205078
5.8359375,952.9192504882812,26.605438232421875
5.8515625,952.9132690429688,26.605438232421875
5.8671875,952.9401245117188,26.61205291748047
5.8828125,952.9378051757812,26.605438232421875
5.8984375,952.9275512695312,26.602859497070312
5.9140625,952.9183349609375,26.608749389648438
5.9296875,952.921875,26.6124267578125
5.9453125,952.9401245117188,26.605438232421875
5.9609375,952.9197998046875,26.61646270751953
5.9765625,952.9160766601562,26.605438232421875
5.9921875,952.9180297851562,26.6124267578125
6.0078125,952.8911743164062,26.61646270751953
6.0234375,952.925048828125,26.608749389648438
6.0390625,952.9242553710938,26.60065460205078
6.0546875,952.9175415039062,26.614990234375
6.0703125,952.9207763671875,26.61646270751953
6.0859375,952.9208984375,26.611679077148438
6.1015625,952.9037475585938,26.6124267578125
6.1171875,952.8947143554688,26.6160888671875
6.1328125,952.9220581054688,26.620872497558594
6.1484375,952.9165649414062,26.620140075683594
6.1640625,952.902099609375,26.620872497558594
6.1796875,952.930908203125,26.621604919433594
6.1953125,952.9016723632812,26.63189697265625
6.2109375,952.9104614257812,26.63189697265625
6.2265625,952.9044189453125,26.63006591796875
6.2421875,952.9222412109375,26.638885498046875
6.2578125,952.923095703125,26.63189697265625
6.2734375,952.921142578125,26.63006591796875
6.2890625,952.9197998046875,26.638137817382812
6.3046875,952.9080810546875,26.63372802734375
6.3203125,952.9076538085938,26.621604919433594
6.3359375,952.9052734375,26.61719512939453
6.3515625,952.92578125,26.637779235839844
6.3671875,952.915283203125,26.63006591796875
6.3828125,952.9072265625,26.63006591796875
6.3984375,952.9246826171875,26.627113342285156
6.4140625,952.8932495117188,26.63006591796875
6.4296875,952.896484375,26.644393920898438
6.4453125,952.8997192382812,26.640716552734375
6.4609375,952.91552734375,26.63006591796875
6.4765625,952.9210205078125,26.62895965576172
6.4921875,952.9083862304688,26.638137817382812
6.5078125,952.9248046875,26.63189697265625
6.5234375,952.9014892578125,26.644752502441406
6.5390625,952.9147338867188,26.644027709960938
6.5546875,952.9158935546875,26.63006591796875
6.5703125,952.9019165039062,26.627487182617188
6.5859375,952.9141845703125,26.634475708007812
6.6015625,952.9149169921875,26.640716552734375
6.6171875,952.9024047851562,26.638137817382812
6.6328125,952.8943481445312,26.63372802734375
6.6484375,952.8956909179688,26.64733123779297
6.6640625,952.908935546875,26.624908447265625
6.6796875,952.8917846679688,26.64806365966797
6.6953125,952.903076171875,26.63189697265625
6.7109375,952.921142578125,26.63189697265625
6.7265625,952.9063110351562,26.63372802734375
6.7421875,952.914794921875,26.63336944580078
6.7578125,952.914794921875,26.639984130859375
6.7734375,952.9219360351562,26.64806365966797
6.7890625,952.895263671875,26.643653869628906
6.8046875,952.907470703125,26.643295288085938
6.8203125,952.9158325195312,26.644752502441406
6.8359375,952.8895874023438,26.64659881591797
6.8515625,952.9005737304688,26.643653869628906
6.8671875,952.8948974609375,26.644752502441406
6.8828125,952.8944091796875,26.655418395996094
6.8984375,952.9027099609375,26.645126342773438
6.9140625,952.916015625,26.664596557617188
6.9296875,952.90771484375,26.652114868164062
6.9453125,952.8987426757812,26.6495361328125
6.9609375,952.8870849609375,26.658355712890625
6.9765625,952.9059448242188,26.66754913330078
6.9921875,952.905029296875,26.656524658203125
7.0078125,952.909912109375,26.66827392578125
7.0234375,952.9033203125,26.671585083007812
7.0390625,952.9155883789062,26.664596557617188
7.0546875,952.895751953125,26.676368713378906
7.0703125,952.9088745117188,26.664596557617188
7.0859375,952.91796875,26.653213500976562
7.1015625,952.8988037109375,26.66900634765625
7.1171875,952.9183959960938,26.656150817871094
7.1328125,952.8948974609375,26.662033081054688
7.1484375,952.9176635742188,26.664596557617188
7.1640625,952.9012451171875,26.657981872558594
7.1796875,952.8992919921875,26.65174102783203
7.1953125,952.8914794921875,26.662391662597656
7.2109375,952.899658203125,26.654678344726562
7.2265625,952.8810424804688,26.66827392578125
7.2421875,952.8663330078125,26.6488037109375
7.2578125,952.9228515625,26.674522399902344
7.2734375,952.9188842773438,26.66607666015625
7.2890625,952.9077758789062,26.672683715820312
7.3046875,952.9216918945312,26.66754913330078
7.3203125,952.907958984375,26.677467346191406
7.3359375,952.9132080078125,26.66570281982422
7.3515625,952.9263916015625,26.671585083007812
7.3671875,952.9114379882812,26.657981872558594
7.3828125,952.9177856445312,26.66790771484375
7.3984375,952.9313354492188,26.663864135742188
7.4140625,952.9225463867188,26.664596557617188
7.4296875,952.9423828125,26.673416137695312
7.4453125,952.9295043945312,26.68775177001953
7.4609375,952.9471435546875,26.673416137695312
7.4765625,952.9397583007812,26.655418395996094
7.4921875,952.9522705078125,26.673416137695312
7.5078125,952.96484375,26.68444061279297
7.5234375,952.953857421875,26.678932189941406
7.5390625,952.9462280273438,26.68701934814453
7.5546875,952.976318359375,26.673789978027344
7.5703125,952.9403076171875,26.673416137695312
7.5859375,952.9696044921875,26.655044555664062
7.6015625,952.9713134765625,26.679306030273438
7.6171875,952.9976196289062,26.671585083007812
7.6328125,952.9669799804688,26.662391662597656
7.6484375,952.9750366210938,26.671585083007812
7.6640625,953.001708984375,26.67011260986328
7.6796875,952.9644165039062,26.656150817871094
7.6953125,952.9361572265625,26.664596557617188
7.7109375,952.9514770507812,26.662391662597656
7.7265625,952.9869995117188,26.656883239746094
7.7421875,952.971435546875,26.664596557617188
7.7578125,952.9579467773438,26.66827392578125
7.7734375,952.9474487304688,26.659828186035156
7.7890625,952.9651489257812,26.664596557617188
7.8046875,952.9627075195312,26.653213500976562
7.8203125,952.9442138671875,26.66827392578125
7.8359375,952.9642944335938,26.6495361328125
7.8515625,952.9540405273438,26.661666870117188
7.8671875,952.9737548828125,26.66827392578125
7.8828125,952.9613037109375,26.659828186035156
7.8984375,952.9730224609375,26.657981872558594
7.9140625,952.9446411132812,26.66534423828125
7.9296875,952.9478759765625,26.643295288085938
7.9453125,952.9486694335938,26.66497039794922
7.9609375,952.9718017578125,26.672683715820312
7.9765625,952.9569091796875,26.664596557617188
7.9921875,952.9412231445312,26.660560607910156
8.0078125,952.9467163085938,26.654319763183594
8.0234375,952.94140625,26.65174102783203
8.0390625,952.9559936523438,26.654319763183594
8.0546875,952.9401245117188,26.659454345703125
8.0703125,952.956787109375,26.6488037109375
8.0859375,952.9461669921875,26.655418395996094
8.1015625,952.9588012695312,26.658729553222656
8.1171875,952.9358520507812,26.654319763183594
8.1328125,952.9431762695312,26.64659881591797
8.1484375,952.956787109375,26.639984130859375
8.1640625,952.9483642578125,26.652114868164062
8.1796875,952.9537353515625,26.64659881591797
8.1953125,952.94482421875,26.64550018310547
8.2109375,952.9464721679688,26.638137817382812
8.2265625,952.942138671875,26.63006591796875
8.2421875,952.93896484375,26.63593292236328
8.2578125,952.9539794921875,26.63262939453125
8.2734375,952.9666748046875,26.63189697265625
8.2890625,952.9451293945312,26.639244079589844
8.3046875,952.9553833007812,26.644393920898438
8.3203125,952.943359375,26.64659881591797
8.3359375,952.967529296875,26.640716552734375
8.3515625,952.9387817382812,26.63372802734375
8.3671875,952.954833984375,26.6502685546875
8.3828125,952.9541015625,26.63006591796875
8.3984375,952.9669799804688,26.63483428955078
8.4140625,952.9496459960938,26.64659881591797
8.4296875,952.939453125,26.63006591796875
8.4453125,952.9562377929688,26.63006591796875
8.4609375,952.980224609375,26.624176025390625
8.4765625,952.9539794921875,26.635208129882812
8.4921875,952.9556274414062,26.6160888671875
8.5078125,952.9406127929688,26.635208129882812
8.5234375,952.9501953125,26.61646270751953
8.5390625,952.9412231445312,26.620140075683594
8.5546875,952.9493408203125,26.611679077148438
8.5703125,952.9490966796875,26.61646270751953
8.5859375,952.9447631835938,26.620140075683594
8.6015625,952.9451293945312,26.61646270751953
8.6171875,952.9603881835938,26.607643127441406
8.6328125,952.9469604492188,26.620872497558594
8.6484375,952.9422607421875,26.611679077148438
8.6640625,952.9592895507812,26.611679077148438
8.6796875,952.9598999023438,26.606536865234375
8.6953125,952.9437866210938,26.634475708007812
8.7109375,952.959716796875,26.611679077148438
8.7265625,952.9545288085938,26.603607177734375
8.7421875,952.9525756835938,26.620140075683594
8.7578125,952.942138671875,26.611679077148438
8.7734375,952.9497680664062,26.601760864257812
8.7890625,952.9505004882812,26.611679077148438
8.8046875,952.9551391601562,26.611679077148438
8.8203125,952.9586791992188,26.611679077148438
8.8359375,952.9526977539062,26.611679077148438
8.8515625,952.9526977539062,26.594039916992188
8.8671875,952.9497680664062,26.614990234375
8.8828125,952.9476318359375,26.611679077148438
8.8984375,952.9478759765625,26.6131591796875
8.9140625,952.9671630859375,26.607269287109375
8.9296875,952.9439086914062,26.602500915527344
8.9453125,952.9439697265625,26.594039916992188
8.9609375,952.950927734375,26.588897705078125
8.9765625,952.9456176757812,26.607269287109375
8.9921875,952.94873046875,26.594039916992188
9.0078125,952.964111328125,26.590736389160156
9.0234375,952.9583129882812,26.59844970703125
9.0390625,952.9317016601562,26.61646270751953
9.0546875,952.9579467773438,26.605812072753906
9.0703125,952.9520874023438,26.61646270751953
9.0859375,952.9483642578125,26.594039916992188
9.1015625,952.9526977539062,26.592208862304688
9.1171875,952.9352416992188,26.59735107421875
9.1328125,952.9364013671875,26.604705810546875
9.1484375,952.9370727539062,26.603965759277344
9.1640625,952.9387817382812,26.601760864257812
9.1796875,952.9451904296875,26.590736389160156
9.1953125,952.9434204101562,26.607269287109375
9.2109375,952.9331665039062,26.594039916992188
9.2265625,952.932373046875,26.607269287109375
9.2421875,952.936767578125,26.611679077148438
9.2578125,952.9299926757812,26.590736389160156
9.2734375,952.9356689453125,26.587066650390625
9.2890625,952.91796875,26.611679077148438
9.3046875,952.9330444335938,26.607269287109375
9.3203125,952.939208984375,26.611679077148438
9.3359375,952.9306030273438,26.608016967773438
9.3515625,952.9344482421875,26.59844970703125
9.3671875,952.9160766601562,26.611679077148438
9.3828125,952.9234008789062,26.611679077148438
9.3984375,952.9204711914062,26.620872497558594
9.4140625,952.9440307617188,26.611679077148438
9.4296875,952.9085083007812,26.61646270751953
9.4453125,952.9256591796875,26.620140075683594
9.4609375,952.9386596679688,26.611679077148438
9.4765625,952.9228515625,26.611679077148438
9.4921875,952.9306030273438,26.606536865234375
9.5078125,952.919921875,26.603233337402344
9.5234375,952.9224853515625,26.59844970703125
9.5390625,952.9292602539062,26.621604919433594
9.5546875,952.9345703125,26.61573028564453
9.5703125,952.9309692382812,26.611679077148438
9.5859375,952.9306030273438,26.620872497558594
9.6015625,952.909423828125,26.611679077148438
9.6171875,952.9168701171875,26.61646270751953
9.6328125,952.8945922851562,26.620140075683594
9.6484375,952.9182739257812,26.611679077148438
9.6640625,952.9157104492188,26.609848022460938
9.6796875,952.9083251953125,26.63336944580078
9.6953125,952.9076538085938,26.6160888671875
9.7109375,952.9208984375,26.620140075683594
9.7265625,952.9212036132812,26.625656127929688
9.7421875,952.8895263671875,26.622703552246094
9.7578125,952.9149169921875,26.634475708007812
9.7734375,952.919677734375,26.638137817382812
9.7890625,952.912841796875,26.63079833984375
9.8046875,952.9085693359375,26.63189697265625
9.8203125,952.9193725585938,26.634475708007812
9.8359375,952.9119262695312,26.642921447753906
9.8515625,952.9205322265625,26.643653869628906
9.8671875,952.9283447265625,26.62895965576172
9.8828125,952.925048828125,26.63189697265625
9.8984375,952.9224243164062,26.643295288085938
9.9140625,952.9253540039062,26.638885498046875
9.9296875,952.909423828125,26.64733123779297
9.9453125,952.9215698242188,26.64659881591797
9.9609375,952.9256591796875,26.646957397460938
9.9765625,952.9143676757812,26.640716552734375
9.9921875,952.927490234375,26.63189697265625
10.0078125,952.8966674804688,26.637779235839844
10.0234375,952.9259643554688,26.638885498046875
10.0390625,952.9249267578125,26.65100860595703
10.0546875,952.9177856445312,26.63593292236328
10.0703125,952.9078979492188,26.64550018310547
10.0859375,952.9105224609375,26.64806365966797
10.1015625,952.9174194335938,26.646224975585938
10.1171875,952.9028930664062,26.6488037109375
10.1328125,952.9031982421875,26.64990997314453
10.1484375,952.9176635742188,26.644393920898438
10.1640625,952.9205932617188,26.64990997314453
10.1796875,952.9271850585938,26.64733123779297
10.1953125,952.9030151367188,26.64990997314453
10.2109375,952.9133911132812,26.64550018310547
10.2265625,952.9171752929688,26.64659881591797
10.2421875,952.9000854492188,26.65247344970703
10.2578125,952.9035034179688,26.6513671875
10.2734375,952.909423828125,26.644393920898438
10.2890625,952.9057006835938,26.66534423828125
10.3046875,952.9054565429688,26.64550018310547
10.3203125,952.9076538085938,26.66827392578125
10.3359375,952.9110717773438,26.660560607910156
10.3515625,952.927001953125,26.6488037109375
10.3671875,952.9163208007812,26.64550018310547
10.3828125,952.89990234375,26.6495361328125
10.3984375,952.9122314453125,26.66827392578125
10.4140625,952.9260864257812,26.646957397460938
10.4296875,952.9340209960938,26.65174102783203
10.4453125,952.9243774414062,26.66570281982422
10.4609375,952.9431762695312,26.662033081054688
10.4765625,952.9205932617188,26.655044555664062
10.4921875,952.9456787109375,26.661293029785156
10.5078125,952.950439453125,26.652847290039062
10.5234375,952.9400634765625,26.662391662597656
10.5390625,952.9492797851562,26.652847290039062
10.5546875,952.9496459960938,26.66827392578125
10.5703125,952.9642944335938,26.65100860595703
10.5859375,952.9559936523438,26.66534423828125
10.6015625,952.9503173828125,26.6495361328125
10.6171875,952.9581909179688,26.64806365966797
10.6328125,952.9622192382812,26.654319763183594
10.6484375,952.9526977539062,26.64916229248047
10.6640625,952.9498901367188,26.642921447753906
10.6796875,952.9588012695312,26.661293029785156
10.6953125,952.9534301757812,26.6488037109375
10.7109375,952.9653930664062,26.63593292236328
10.7265625,952.9533081054688,26.64916229248047
10.7421875,952.9403076171875,26.65100860595703
10.7578125,952.9566040039062,26.663864135742188
10.7734375,953.0248413085938,26.652114868164062
10.7890625,953.0098876953125,26.64550018310547
10.8046875,952.9559936523438,26.64806365966797
10.8203125,952.9718627929688,26.652114868164062
10.8359375,952.9727783203125,26.63372802734375
10.8515625,952.9691772460938,26.640716552734375
10.8671875,952.9800415039062,26.65357208251953
10.8828125,952.9806518554688,26.643653869628906
10.8984375,952.9839477539062,26.639244079589844
10.9140625,952.9840698242188,26.629318237304688
10.9296875,952.986083984375,26.641815185546875
10.9453125,953.0076293945312,26.641815185546875
10.9609375,952.967529296875,26.64659881591797
10.9765625,953.0201416015625,26.627113342285156
10.9921875,952.9996948242188,26.641448974609375
11.0078125,952.9771728515625,26.63189697265625
11.0234375,952.97021484375,26.629318237304688
11.0390625,953.0220336914062,26.638137817382812
11.0546875,952.9630126953125,26.628219604492188
11.0703125,953.0338134765625,26.638137817382812
11.0859375,952.9839477539062,26.620872497558594
11.1015625,952.9942626953125,26.620872497558594
11.1171875,952.9990234375,26.61829376220703
11.1328125,953.00537109375,26.623451232910156
11.1484375,952.9754638671875,26.625656127929688
11.1640625,952.9732055664062,26.627113342285156
11.1796875,953.0170288085938,26.620872497558594
11.1953125,953.0025634765625,26.622703552246094
11.2109375,952.9872436523438,26.603233337402344
11.2265625,952.9679565429688,26.620140075683594
11.2421875,952.9719848632812,26.611679077148438
11.2578125,952.9885864257812,26.61646270751953
11.2734375,952.9943237304688,26.6124267578125
11.2890625,952.96044921875,26.611679077148438
11.3046875,953.031005859375,26.620872497558594
11.3203125,952.9751586914062,26.620140075683594
11.3359375,952.9750366210938,26.607643127441406
11.3515625,952.9510498046875,26.611679077148438
11.3671875,952.97607421875,26.6124267578125
11.3828125,952.9963989257812,26.611679077148438
11.3984375,953.012451171875,26.59735107421875
11.4140625,952.9739379882812,26.601760864257812
11.4296875,952.9876098632812,26.605438232421875
11.4453125,952.9879760742188,26.607269287109375
11.4609375,952.9654541015625,26.592208862304688
11.4765625,952.9842529296875,26.609848022460938
11.4921875,952.9615478515625,26.588172912597656
11.5078125,952.9807739257812,26.59552001953125
11.5234375,952.9845581054688,26.601760864257812
11.5390625,952.982177734375,26.594039916992188
11.5546875,952.9724731445312,26.601760864257812
11.5703125,952.9923706054688,26.60065460205078
11.5859375,952.9976196289062,26.594039916992188
11.6015625,952.9813842773438,26.5782470703125
11.6171875,952.9732055664062,26.59735107421875
11.6328125,952.9674072265625,26.594039916992188
11.6484375,952.9754638671875,26.594039916992188
11.6640625,953.0142822265625,26.59771728515625
11.6796875,953.0033569335938,26.592208862304688
11.6953125,953.0087280273438,26.591476440429688
11.7109375,952.984130859375,26.594039916992188
11.7265625,952.9963989257812,26.590736389160156
11.7421875,952.9607543945312,26.587066650390625
11.7578125,952.9945068359375,26.590003967285156
11.7734375,952.9666137695312,26.574569702148438
11.7890625,952.9944458007812,26.583389282226562
11.8046875,952.9833374023438,26.577880859375
11.8203125,952.9923095703125,26.589630126953125
11.8359375,952.9654541015625,26.585220336914062
11.8515625,952.9931030273438,26.583763122558594
11.8671875,952.9906005859375,26.585220336914062
11.8828125,952.99609375,26.581558227539062
11.8984375,953.0034790039062,26.581558227539062
11.9140625,952.9813842773438,26.589630126953125
11.9296875,952.9749755859375,26.576400756835938
11.9453125,952.9952392578125,26.590377807617188
11.9609375,952.9840698242188,26.574569702148438
11.9765625,953.0357055664062,26.576400756835938
11.9921875,952.980224609375,26.57860565185547
12.0078125,952.9954223632812,26.565017700195312
12.0234375,952.9989013671875,26.565017700195312
12.0390625,952.98388671875,26.570159912109375
12.0546875,952.9819946289062,26.56317138671875
12.0703125,952.9908447265625,26.571990966796875
12.0859375,953.016845703125,26.566848754882812
12.1015625,952.9817504882812,26.57604217529297
12.1171875,953.0626831054688,26.56281280517578
12.1328125,953.012939453125,26.55913543701172
12.1484375,952.971923828125,26.567581176757812
12.1640625,952.9853515625,26.568328857421875
12.1796875,952.9962158203125,26.564651489257812
12.1953125,952.966552734375,26.567955017089844
12.2109375,952.9769897460938,26.56207275390625
12.2265625,953.0194091796875,26.564651489257812
12.2421875,953.03466796875,26.570159912109375
12.2578125,952.9819946289062,26.563919067382812
12.2734375,952.9939575195312,26.56024169921875
12.2890625,953.0115356445312,26.56281280517578
12.3046875,952.9986572265625,26.56207275390625
12.3203125,953.034423828125,26.568328857421875
12.3359375,953.0177001953125,26.55730438232422
12.3515625,953.02685546875,26.577880859375
12.3671875,953.0348510742188,26.558029174804688
12.3828125,953.0065307617188,26.565750122070312
12.3984375,953.014404296875,26.573097229003906
12.4140625,953.0169067382812,26.556930541992188
12.4296875,952.9981079101562,26.567955017089844
12.4453125,952.989013671875,26.553253173828125
12.4609375,953.0586547851562,26.554351806640625
12.4765625,952.9685668945312,26.566123962402344
12.4921875,952.9727172851562,26.56134033203125
12.5078125,952.9464721679688,26.56024169921875
12.5234375,952.9481811523438,26.56354522705078
12.5390625,952.9371948242188,26.555099487304688
12.5546875,952.9644165039062,26.567581176757812
12.5703125,952.9482421875,26.567581176757812
12.5859375,952.9566040039062,26.57860565185547
12.6015625,952.9811401367188,26.570533752441406
12.6171875,952.9474487304688,26.567955017089844
12.6328125,952.9556274414062,26.571632385253906
12.6484375,952.9534912109375,26.57935333251953
12.6640625,952.9476318359375,26.572364807128906
12.6796875,952.9417114257812,26.570159912109375
12.6953125,952.9456176757812,26.56317138671875
12.7109375,952.9490356445312,26.56317138671875
12.7265625,952.9334716796875,26.571632385253906
12.7421875,952.9451293945312,26.567581176757812
12.7578125,952.9351196289062,26.566123962402344
12.7734375,952.943359375,26.56207275390625
12.7890625,952.9256591796875,26.56317138671875
12.8046875,952.938232421875,26.56207275390625
12.8203125,952.9346923828125,26.56281280517578
12.8359375,952.9269409179688,26.56317138671875
12.8515625,952.9292602539062,26.567955017089844
12.8671875,952.9262084960938,26.567581176757812
12.8828125,952.9303588867188,26.557662963867188
12.8984375,952.9288330078125,26.564651489257812
12.9140625,952.9259033203125,26.568328857421875
12.9296875,952.9263305664062,26.568687438964844
12.9453125,952.9305419921875,26.5782470703125
12.9609375,952.92724609375,26.55950927734375
12.9765625,952.9152221679688,26.565017700195312
12.9921875,952.9127197265625,26.55840301513672
13.0078125,952.9259033203125,26.567581176757812
13.0234375,952.916015625,26.56024169921875
13.0390625,952.9254760742188,26.565750122070312
13.0546875,952.9169921875,26.567581176757812
13.0703125,952.9208374023438,26.576400756835938
13.0859375,952.9264526367188,26.56317138671875
13.1015625,952.9066162109375,26.5789794921875
13.1171875,952.9201049804688,26.576400756835938
13.1328125,952.9151611328125,26.567581176757812
13.1484375,952.9142456054688,26.575302124023438
13.1640625,952.913818359375,26.573837280273438
13.1796875,952.9064331054688,26.56281280517578
13.1953125,952.908935546875,26.576400756835938
13.2109375,952.913330078125,26.56317138671875
13.2265625,952.9155883789062,26.574195861816406
13.2421875,952.8909912109375,26.574195861816406
13.2578125,952.91015625,26.57935333251953
13.2734375,952.9398803710938,26.564651489257812
13.2890625,952.910888671875,26.585220336914062
13.3046875,952.8968505859375,26.5782470703125
13.3203125,952.9140625,26.570159912109375
13.3359375,952.9204711914062,26.572738647460938
13.3515625,952.925537109375,26.575668334960938
13.3671875,952.9210205078125,26.5782470703125
13.3828125,952.912841796875,26.587066650390625
13.3984375,952.92578125,26.58301544189453
13.4140625,952.9086303710938,26.586700439453125
13.4296875,952.9347534179688,26.588897705078125
13.4453125,952.9306640625,26.58045196533203
13.4609375,952.9172973632812,26.577880859375
13.4765625,952.9140625,26.594039916992188
13.4921875,952.9288330078125,26.585220336914062
13.5078125,952.9207763671875,26.581558227539062
13.5234375,952.904296875,26.5782470703125
13.5390625,952.902099609375,26.59882354736328
13.5546875,952.9041748046875,26.59735107421875
13.5703125,952.904052734375,26.590377807617188
13.5859375,952.9213256835938,26.585220336914062
13.6015625,952.8944091796875,26.592208862304688
13.6171875,952.9137573242188,26.585220336914062
13.6328125,952.9202270507812,26.58301544189453
13.6484375,952.9057006835938,26.608016967773438
13.6640625,952.9033203125,26.59661865234375
13.6796875,952.9099731445312,26.59735107421875
13.6953125,952.9094848632812,26.594039916992188
13.7109375,952.8887329101562,26.588531494140625
13.7265625,952.900146484375,26.59552001953125
13.7421875,952.9110717773438,26.590736389160156
13.7578125,952.892578125,26.602500915527344
13.7734375,952.9213256835938,26.59735107421875
13.7890625,952.9208374023438,26.602859497070312
13.8046875,952.936279296875,26.607269287109375
13.8203125,952.9331665039062,26.602500915527344
13.8359375,952.9451904296875,26.59844970703125
13.8515625,952.9471435546875,26.588897705078125
13.8671875,952.9391479492188,26.590736389160156
13.8828125,952.9535522460938,26.59844970703125
13.8984375,952.9478149414062,26.6124267578125
13.9140625,952.985595703125,26.620872497558594
13.9296875,952.9553833007812,26.606536865234375
13.9453125,952.9485473632812,26.611679077148438
13.9609375,952.9885864257812,26.611679077148438
13.9765625,952.9987182617188,26.604339599609375
13.9921875,952.9895629882812,26.611679077148438
14.0078125,952.9844360351562,26.611679077148438
14.0234375,953.0036010742188,26.6124267578125
14.0390625,952.9903564453125,26.603607177734375
14.0546875,952.9728393554688,26.620872497558594
14.0703125,953.005615234375,26.6124267578125
14.0859375,953.0036010742188,26.603607177734375
14.1015625,953.0368041992188,26.60065460205078
14.1171875,952.9659423828125,26.611679077148438
14.1328125,952.9939575195312,26.59844970703125
14.1484375,953.0260620117188,26.603965759277344
14.1640625,952.994873046875,26.599197387695312
14.1796875,952.9801635742188,26.603607177734375
14.1953125,953.0098876953125,26.602859497070312
14.2109375,952.9649658203125,26.59588623046875
14.2265625,952.97265625,26.59844970703125
14.2421875,953.0344848632812,26.60065460205078
14.2578125,952.9779663085938,26.611679077148438
14.2734375,953.063232421875,26.592208862304688
14.2890625,952.9853515625,26.59699249267578
14.3046875,952.9888916015625,26.60065460205078
14.3203125,953.0191040039062,26.59771728515625
14.3359375,953.00927734375,26.590377807617188
14.3515625,952.973876953125,26.59514617919922
14.3671875,952.9940185546875,26.600296020507812
14.3828125,952.9850463867188,26.590736389160156
14.3984375,952.9930419921875,26.611679077148438
14.4140625,953.0220947265625,26.59735107421875
14.4296875,953.0493774414062,26.594039916992188
14.4453125,952.9778442382812,26.594039916992188
14.4609375,953.0029296875,26.590736389160156
14.4765625,952.9840698242188,26.600296020507812
14.4921875,953.00537109375,26.583763122558594
14.5078125,953.0221557617188,26.588531494140625
14.5234375,953.0424194335938,26.59258270263672
14.5390625,953.0344848632812,26.589630126953125
14.5546875,953.0150756835938,26.594039916992188
14.5703125,953.04052734375,26.59699249267578
14.5859375,953.018798828125,26.582290649414062
14.6015625,953.0017700195312,26.587425231933594
14.6171875,952.9963989257812,26.5797119140625
14.6328125,953.029052734375,26.583389282226562
14.6484375,953.0084838867188,26.582290649414062
14.6640625,953.05078125,26.5782470703125
14.6796875,953.030029296875,26.59588623046875
14.6953125,952.9797973632812,26.591476440429688
14.7109375,953.0033569335938,26.586700439453125
14.7265625,953.0177612304688,26.569427490234375
14.7421875,953.0567016601562,26.584121704101562
14.7578125,952.9642944335938,26.586326599121094
14.7734375,953.0260009765625,26.57860565185547
14.7890625,953.0289916992188,26.570892333984375
14.8046875,953.0394897460938,26.574569702148438
14.8203125,953.0296630859375,26.570159912109375
14.8359375,953.0011596679688,26.574569702148438
14.8515625,953.0308227539062,26.590377807617188
14.8671875,953.0301513671875,26.56060791015625
14.8828125,952.9852905273438,26.555831909179688
14.8984375,953.0110473632812,26.56134033203125
14.9140625,953.0504760742188,26.57604217529297
14.9296875,953.0626831054688,26.567581176757812
14.9453125,953.0158081054688,26.564651489257812
14.9609375,953.021484375,26.573837280273438
14.9765625,953.0642700195312,26.55913543701172
14.9921875,953.0072631835938,26.56024169921875
15.0078125,953.0103759765625,26.553619384765625
15.0234375,953.0145263671875,26.574569702148438
15.0390625,953.0828857421875,26.584121704101562
15.0546875,953.0014038085938,26.55730438232422
15.0703125,953.0004272460938,26.567955017089844
15.0859375,953.0403442382812,26.558761596679688
15.1015625,952.97607421875,26.573097229003906
15.1171875,953.024169921875,26.56024169921875
15.1328125,953.0126953125,26.56317138671875
15.1484375,952.9693603515625,26.573097229003906
15.1640625,953.0193481445312,26.565750122070312
15.1796875,953.0245971679688,26.55730438232422
15.1953125,952.9909057617188,26.571632385253906
15.2109375,953.0263671875,26.565017700195312
15.2265625,953.0078125,26.575302124023438
15.2421875,953.001708984375,26.558029174804688
15.2578125,953.05859375,26.57935333251953
15.2734375,953.0170288085938,26.566848754882812
15.2890625,953.0145874023438,26.558761596679688
15.3046875,953.0155029296875,26.568687438964844
15.3203125,953.0010986328125,26.563919067382812
15.3359375,953.0286254882812,26.553619384765625
15.3515625,953.030029296875,26.55730438232422
15.3671875,952.9902954101562,26.56134033203125
15.3828125,953.0415649414062,26.570533752441406
15.3984375,952.99951171875,26.56281280517578
15.4140625,953.058349609375,26.56060791015625
15.4296875,952.9859008789062,26.570892333984375
15.4453125,953.0084228515625,26.56060791015625
15.4609375,952.9966430664062,26.555099487304688
15.4765625,953.0103759765625,26.56134033203125
15.4921875,953.0128173828125,26.570159912109375
15.5078125,953.0161743164062,26.56317138671875
15.5234375,953.0344848632812,26.56317138671875
15.5390625,953.0106201171875,26.556556701660156
15.5546875,952.9992065429688,26.56060791015625
15.5703125,953.03076171875,26.56024169921875
15.5859375,953.01513671875,26.554351806640625
15.6015625,952.9679565429688,26.552520751953125
15.6171875,952.9677124023438,26.555831909179688
15.6328125,952.953125,26.568687438964844
15.6484375,952.9718017578125,26.56243896484375
15.6640625,952.955078125,26.56134033203125
15.6796875,952.95068359375,26.56317138671875
15.6953125,952.9669799804688,26.56207275390625
15.7109375,952.9602661132812,26.564651489257812
15.7265625,952.9552001953125,26.567955017089844
15.7421875,952.9549560546875,26.570159912109375
15.7578125,952.961669921875,26.570159912109375
15.7734375,952.94921875,26.568687438964844
15.7890625,952.9436645507812,26.56317138671875
15.8046875,952.955078125,26.573097229003906
15.8203125,952.9547729492188,26.564651489257812
15.8359375,952.9348754882812,26.56207275390625
15.8515625,952.9435424804688,26.554351806640625
15.8671875,952.9386596679688,26.555831909179688
15.8828125,952.9358520507812,26.575302124023438
15.8984375,952.9467163085938,26.570159912109375
15.9140625,952.9330444335938,26.56281280517578
15.9296875,952.940673828125,26.570533752441406
15.9453125,952.93310546875,26.573471069335938
15.9609375,952.941162109375,26.570892333984375
15.9765625,952.935546875,26.570892333984375
15.9921875,952.9468383789062,26.564651489257812
16.0078125,952.9259033203125,26.574195861816406
16.0234375,952.9341430664062,26.581558227539062
16.0390625,952.91748046875,26.575302124023438
16.0546875,952.9448852539062,26.576400756835938
16.0703125,952.9342651367188,26.571990966796875
16.0859375,952.9356079101562,26.567955017089844
16.1015625,952.9232788085938,26.555099487304688
16.1171875,952.914794921875,26.580078125
16.1328125,952.9309692382812,26.568328857421875
16.1484375,952.9292602539062,26.573471069335938
16.1640625,952.9244384765625,26.570533752441406
16.1796875,952.93310546875,26.570892333984375
16.1953125,952.926513671875,26.58045196533203
16.2109375,952.9334716796875,26.585220336914062
16.2265625,952.9405517578125,26.5797119140625
16.2421875,952.9346923828125,26.570159912109375
16.2578125,952.9240112304688,26.583389282226562
16.2734375,952.9379272460938,26.574569702148438
16.2890625,952.9310913085938,26.589630126953125
16.3046875,952.9337158203125,26.570159912109375
16.3203125,952.9288940429688,26.577880859375
16.3359375,952.943359375,26.575302124023438
16.3515625,952.9342041015625,26.571990966796875
16.3671875,952.9337768554688,26.566848754882812
16.3828125,952.9315185546875,26.572738647460938
16.3984375,952.9291381835938,26.58045196533203
16.4140625,952.9364624023438,26.594039916992188
16.4296875,952.9264526367188,26.589630126953125
16.4453125,952.9337158203125,26.594039916992188
16.4609375,952.929443359375,26.585220336914062
16.4765625,952.9405517578125,26.594039916992188
16.4921875,952.9281616210938,26.571632385253906
16.5078125,952.9093017578125,26.5797119140625
16.5234375,952.9202270507812,26.588897705078125
16.5390625,952.92529296875,26.585220336914062
16.5546875,952.9381103515625,26.580078125
16.5703125,952.9274291992188,26.591476440429688
16.5859375,952.9183959960938,26.583389282226562
16.6015625,952.9188232421875,26.571990966796875
16.6171875,952.9259643554688,26.588897705078125
16.6328125,952.9181518554688,26.600296020507812
16.6484375,952.927734375,26.594039916992188
16.6640625,952.9186401367188,26.608749389648438
16.6796875,952.9249267578125,26.601028442382812
16.6953125,952.923583984375,26.59735107421875
16.7109375,952.9190673828125,26.594039916992188
16.7265625,952.9306030273438,26.590736389160156
16.7421875,952.915283203125,26.59552001953125
16.7578125,952.9212036132812,26.607269287109375
16.7734375,952.9271850585938,26.605438232421875
16.7890625,952.9210205078125,26.60065460205078
16.8046875,952.9241333007812,26.614990234375
16.8203125,952.9260864257812,26.6131591796875
16.8359375,952.9552001953125,26.611679077148438
16.8515625,952.9838256835938,26.59735107421875
16.8671875,952.9830322265625,26.6124267578125
16.8828125,952.9862060546875,26.620872497558594
16.8984375,953.0044555664062,26.61463165283203
16.9140625,952.958984375,26.6124267578125
16.9296875,953.01904296875,26.607643127441406
16.9453125,953.0173950195312,26.607643127441406
16.9609375,952.9725341796875,26.605064392089844
16.9765625,952.9956665039062,26.611679077148438
16.9921875,953.00537109375,26.60065460205078
17.0078125,952.9766845703125,26.59809112548828
17.0234375,952.9938354492188,26.603233337402344
17.0390625,952.9948120117188,26.611679077148438
17.0546875,952.9688110351562,26.590736389160156
17.0703125,952.9810791015625,26.594039916992188
17.0859375,952.9885864257812,26.605438232421875
17.1015625,953.0089111328125,26.594039916992188
17.1171875,952.9891967773438,26.601402282714844
17.1328125,953.0042724609375,26.59882354736328
17.1484375,953.007568359375,26.611679077148438
17.1640625,953.0089111328125,26.592941284179688
17.1796875,953.0022583007812,26.59771728515625
17.1953125,953.130615234375,26.604705810546875
17.2109375,952.9764404296875,26.605438232421875
17.2265625,952.9945678710938,26.59735107421875
17.2421875,952.965576171875,26.590377807617188
17.2578125,953.0449829101562,26.59882354736328
17.2734375,953.0667114257812,26.585220336914062
17.2890625,953.0319213867188,26.592208862304688
17.3046875,953.0135498046875,26.587066650390625
17.3203125,953.0267944335938,26.58045196533203
17.3359375,953.0147705078125,26.583763122558594
17.3515625,953.0216064453125,26.583389282226562
17.3671875,953.0215454101562,26.594039916992188
17.3828125,953.02685546875,26.590377807617188
17.3984375,953.0313110351562,26.590377807617188
17.4140625,953.0043334960938,26.582290649414062
17.4296875,953.0192260742188,26.587066650390625
17.4453125,953.0010986328125,26.575302124023438
17.4609375,953.0053100585938,26.574569702148438
17.4765625,953.0117797851562,26.584121704101562
17.4921875,953.0521850585938,26.574569702148438
17.5078125,952.9998168945312,26.573097229003906
17.5234375,953.0115966796875,26.585220336914062
17.5390625,953.0528564453125,26.571990966796875
17.5546875,953.0162963867188,26.5782470703125
17.5703125,953.014404296875,26.5782470703125
17.5859375,953.0372314453125,26.574569702148438
17.6015625,953.01953125,26.574569702148438
17.6171875,953.056640625,26.569061279296875
17.6328125,952.98193359375,26.571990966796875
17.6484375,953.0592651367188,26.57604217529297
17.6640625,953.0131225585938,26.567955017089844
17.6796875,953.0147705078125,26.571990966796875
17.6953125,953.0084838867188,26.565750122070312
17.7109375,952.9989624023438,26.570159912109375
17.7265625,953.046630859375,26.564651489257812
17.7421875,953.0017700195312,26.551422119140625
17.7578125,953.005859375,26.558029174804688
17.7734375,952.993408203125,26.564651489257812
17.7890625,953.03466796875,26.56060791015625
17.8046875,953.0444946289062,26.555099487304688
17.8203125,953.0259399414062,26.56060791015625
17.8359375,953.0199584960938,26.55730438232422
17.8515625,953.0453491210938,26.552520751953125
17.8671875,953.0161743164062,26.548843383789062
17.8828125,953.013427734375,26.555099487304688
17.8984375,952.9990234375,26.553253173828125
17.9140625,953.0275268554688,26.556556701660156
17.9296875,953.1002197265625,26.554351806640625
17.9453125,953.0277099609375,26.539291381835938
17.9609375,953.0178833007812,26.54222869873047
17.9765625,952.9966430664062,26.558029174804688
17.9921875,952.9994506835938,26.549209594726562
18.0078125,952.9955444335938,26.549583435058594
18.0234375,953.034423828125,26.540390014648438
18.0390625,953.0376586914062,26.548484802246094
18.0546875,953.0061645507812,26.54443359375
18.0703125,953.0087280273438,26.540390014648438
18.0859375,953.025146484375,26.54443359375
18.1015625,953.039794921875,26.549209594726562
18.1171875,952.9991455078125,26.553619384765625
18.1328125,952.9732666015625,26.53966522216797
18.1484375,953.0321655273438,26.541122436523438
18.1640625,952.974365234375,26.553253173828125
18.1796875,953.0538330078125,26.540390014648438
18.1953125,952.9964599609375,26.541122436523438
18.2109375,953.0324096679688,26.540023803710938
18.2265625,953.0119018554688,26.553619384765625
18.2421875,952.9989624023438,26.54517364501953
18.2578125,952.9969482421875,26.541122436523438
18.2734375,953.0108642578125,26.55840301513672
18.2890625,952.9994506835938,26.552520751953125
18.3046875,953.0620727539062,26.553253173828125
18.3203125,952.9684448242188,26.55730438232422
18.3359375,953.0608520507812,26.549209594726562
18.3515625,952.982421875,26.54517364501953
18.3671875,953.0410766601562,26.548843383789062
18.3828125,952.9924926757812,26.553619384765625
18.3984375,953.0186767578125,26.549209594726562
18.4140625,953.0033569335938,26.54517364501953
18.4296875,952.9981079101562,26.551422119140625
18.4453125,953.04833984375,26.533782958984375
18.4609375,953.021484375,26.54773712158203
18.4765625,952.9672241210938,26.53966522216797
18.4921875,953.031005859375,26.54517364501953
18.5078125,953.0010986328125,26.541122436523438
18.5234375,952.9934692382812,26.539291381835938
18.5390625,953.0303955078125,26.536354064941406
18.5546875,952.9876098632812,26.539291381835938
18.5703125,952.9640502929688,26.535614013671875
18.5859375,952.9601440429688,26.537460327148438
18.6015625,952.9627075195312,26.53966522216797
18.6171875,952.9700317382812,26.535614013671875
18.6328125,952.9649047851562,26.537818908691406
18.6484375,952.9561767578125,26.535980224609375
18.6640625,952.9637451171875,26.534149169921875
18.6796875,952.9647216796875,26.530845642089844
18.6953125,952.9595947265625,26.530845642089844
18.7109375,952.9392700195312,26.536354064941406
18.7265625,952.9451293945312,26.536354064941406
18.7421875,952.9457397460938,26.53966522216797
18.7578125,952.9454956054688,26.53009796142578
18.7734375,952.9505004882812,26.53966522216797
18.7890625,952.9419555664062,26.54443359375
18.8046875,952.951904296875,26.54443359375
18.8203125,952.9537353515625,26.538558959960938
18.8359375,952.9286499023438,26.541122436523438
18.8515625,952.9302368164062,26.535614013671875
18.8671875,952.951171875,26.53966522216797
18.8828125,952.9425659179688,26.54407501220703
18.8984375,952.9387817382812,26.534149169921875
18.9140625,952.9330444335938,26.535614013671875
18.9296875,952.949951171875,26.533409118652344
18.9453125,952.9329223632812,26.53009796142578
18.9609375,952.9397583007812,26.54149627685547
18.9765625,952.9302368164062,26.5455322265625
18.9921875,952.9419555664062,26.54773712158203
19.0078125,952.9308471679688,26.54149627685547
19.0234375,952.9397583007812,26.54443359375
19.0390625,952.932861328125,26.549583435058594
19.0546875,952.9447631835938,26.53966522216797
19.0703125,952.927001953125,26.537818908691406
19.0859375,952.9435424804688,26.535614013671875
19.1015625,952.9320678710938,26.54149627685547
19.1171875,952.9337158203125,26.552520751953125
19.1328125,952.9300537109375,26.54773712158203
19.1484375,952.939208984375,26.547012329101562
19.1640625,952.945068359375,26.547012329101562
19.1796875,952.9301147460938,26.54517364501953
19.1953125,952.9329223632812,26.535255432128906
19.2109375,952.912841796875,26.548484802246094
19.2265625,952.930908203125,26.54443359375
19.2421875,952.9387817382812,26.54517364501953
19.2578125,952.93896484375,26.543701171875
19.2734375,952.9322509765625,26.548843383789062
19.2890625,952.9315185546875,26.54517364501953
19.3046875,952.9239501953125,26.54443359375
19.3203125,952.9137573242188,26.549209594726562
19.3359375,952.9244384765625,26.53966522216797
19.3515625,952.9102172851562,26.55730438232422
19.3671875,952.924560546875,26.552520751953125
19.3828125,952.9157104492188,26.55950927734375
19.3984375,952.9200439453125,26.549583435058594
19.4140625,952.9047241210938,26.55730438232422
19.4296875,952.905517578125,26.55950927734375
19.4453125,952.9104614257812,26.56060791015625
19.4609375,952.930908203125,26.555099487304688
19.4765625,952.9099731445312,26.549209594726562
19.4921875,952.9112548828125,26.573097229003906
19.5078125,952.9231567382812,26.55730438232422
19.5234375,952.9013061523438,26.55730438232422
19.5390625,952.9157104492188,26.568687438964844
19.5546875,952.9030151367188,26.548843383789062
19.5703125,952.9194946289062,26.55950927734375
19.5859375,952.9093017578125,26.566123962402344
19.6015625,952.9260864257812,26.55730438232422
19.6171875,952.9150390625,26.571990966796875
19.6328125,952.9133911132812,26.564651489257812
19.6484375,952.9205322265625,26.564651489257812
19.6640625,952.9144897460938,26.565750122070312
19.6796875,952.9068603515625,26.564651489257812
19.6953125,952.9199829101562,26.56281280517578
19.7109375,952.9155883789062,26.570159912109375
19.7265625,952.9234008789062,26.564651489257812
19.7421875,952.915771484375,26.570159912109375
19.7578125,952.919189453125,26.570159912109375
19.7734375,952.9013061523438,26.58045196533203
19.7890625,952.927490234375,26.571990966796875
19.8046875,952.9254760742188,26.571990966796875
19.8203125,952.909912109375,26.570892333984375
19.8359375,952.9163818359375,26.57494354248047
19.8515625,952.924560546875,26.58045196533203
19.8671875,952.94482421875,26.570159912109375
19.8828125,952.9222412109375,26.571990966796875
19.8984375,952.9349975585938,26.574569702148438
19.9140625,952.9359130859375,26.571990966796875
19.9296875,952.9595336914062,26.581558227539062
19.9453125,952.9598388671875,26.586326599121094
19.9609375,952.9406127929688,26.582290649414062
19.9765625,952.9456176757812,26.586326599121094
19.9921875,953.0009765625,26.592208862304688
20.0078125,952.9794311523438,26.59699249267578
20.0234375,952.9673461914062,26.601028442382812
20.0390625,952.9515991210938,26.587066650390625
20.0546875,952.9747314453125,26.604339599609375
20.0703125,953.0242919921875,26.590736389160156
20.0859375,952.9876098632812,26.590736389160156
20.1015625,953.0133666992188,26.587066650390625
20.1171875,953.0536499023438,26.60065460205078
20.1328125,953.1409912109375,26.587066650390625
20.1484375,953.0022583007812,26.588897705078125
20.1640625,953.0137329101562,26.592208862304688
20.1796875,953.0147705078125,26.585220336914062
20.1953125,953.0176391601562,26.58191680908203
20.2109375,952.9927368164062,26.600296020507812
20.2265625,953.0310668945312,26.59882354736328
20.2421875,953.0147705078125,26.602127075195312
20.2578125,953.000732421875,26.592208862304688
20.2734375,953.0224609375,26.585220336914062
20.2890625,952.9757690429688,26.586700439453125
20.3046875,952.9861450195312,26.592208862304688
20.3203125,952.9525756835938,26.574569702148438
20.3359375,953.0237426757812,26.571990966796875
20.3515625,953.0025634765625,26.57604217529297
20.3671875,952.9916381835938,26.582290649414062
20.3828125,952.9832763671875,26.572738647460938
20.3984375,953.0008544921875,26.574569702148438
20.4140625,952.9866943359375,26.5789794921875
20.4296875,952.9924926757812,26.585220336914062
20.4453125,952.9727783203125,26.58045196533203
20.4609375,953.0009765625,26.585220336914062
20.4765625,953.034912109375,26.570892333984375
20.4921875,952.9893798828125,26.577880859375
20.5078125,952.9900512695312,26.586700439453125
20.5234375,953.0070190429688,26.572738647460938
20.5390625,953.0008544921875,26.574569702148438
20.5546875,953.0308227539062,26.585220336914062
20.5703125,953.0128784179688,26.582290649414062
20.5859375,953.0592041015625,26.572738647460938
20.6015625,952.9822998046875,26.574569702148438
20.6171875,953.0255126953125,26.582290649414062
20.6328125,953.0220947265625,26.570159912109375
20.6484375,953.0453491210938,26.574569702148438
20.6640625,952.990234375,26.574195861816406
20.6796875,953.087646484375,26.567955017089844
20.6953125,952.9848022460938,26.575668334960938
20.7109375,953.0076904296875,26.567581176757812
20.7265625,952.9817504882812,26.565017700195312
20.7421875,953.0388793945312,26.571990966796875
20.7578125,953.0204467773438,26.567581176757812
20.7734375,953.0199584960938,26.567581176757812
20.7890625,953.0146484375,26.58045196533203
20.8046875,952.9830932617188,26.565017700195312
20.8203125,952.9940185546875,26.55730438232422
20.8359375,953.057861328125,26.55730438232422
20.8515625,953.0943603515625,26.57494354248047
20.8671875,953.0274047851562,26.558029174804688
20.8828125,952.9850463867188,26.55913543701172
20.8984375,953.0473022460938,26.557662963867188
20.9140625,953.0608520507812,26.55913543701172
20.9296875,953.0980834960938,26.555831909179688
20.9453125,952.999755859375,26.565750122070312
20.9609375,953.0054321289062,26.56317138671875
20.9765625,953.0428466796875,26.556556701660156
20.9921875,953.0960693359375,26.543701171875
21.0078125,953.0255126953125,26.566848754882812
21.0234375,953.0492553710938,26.56317138671875
21.0390625,952.9813232421875,26.56134033203125
21.0546875,953.0157470703125,26.567581176757812
21.0703125,952.9972534179688,26.563919067382812
21.0859375,953.0286254882812,26.568328857421875
21.1015625,953.0134887695312,26.56060791015625
21.1171875,952.9566040039062,26.56317138671875
21.1328125,953.01953125,26.56537628173828
21.1484375,953.0156860351562,26.551422119140625
21.1640625,953.0148315429688,26.553619384765625
21.1796875,953.0252075195312,26.557662963867188
21.1953125,952.9998779296875,26.556556701660156
21.2109375,953.01953125,26.551422119140625
21.2265625,953.0184326171875,26.563919067382812
21.2421875,953.0298461914062,26.550689697265625
21.2578125,953.044677734375,26.548843383789062
21.2734375,952.9894409179688,26.54590606689453
21.2890625,953.0089721679688,26.540390014648438
21.3046875,952.9982299804688,26.535614013671875
21.3203125,952.973876953125,26.549583435058594
21.3359375,953.00927734375,26.54443359375
21.3515625,952.99560546875,26.54517364501953
21.3671875,952.9891357421875,26.553253173828125
21.3828125,952.9803466796875,26.53966522216797
21.3984375,952.983154296875,26.535614013671875
21.4140625,953.0432739257812,26.54517364501953
21.4296875,953.0512084960938,26.553619384765625
21.4453125,953.1052856445312,26.54773712158203
21.4609375,953.0724487304688,26.5426025390625
21.4765625,952.9966430664062,26.540390014648438
21.4921875,953.00537109375,26.53966522216797
21.5078125,953.0106201171875,26.535614013671875
21.5234375,953.016845703125,26.541122436523438
21.5390625,953.0150756835938,26.54773712158203
21.5546875,952.9727172851562,26.555458068847656
21.5703125,952.9931640625,26.535980224609375
21.5859375,952.989990234375,26.532676696777344
21.6015625,952.9938354492188,26.54332733154297
21.6171875,952.9674072265625,26.53966522216797
21.6328125,952.9885864257812,26.549583435058594
21.6484375,953.0062866210938,26.54663848876953
21.6640625,953.0108642578125,26.54517364501953
21.6796875,952.9837036132812,26.53966522216797
21.6953125,952.9300537109375,26.534507751464844
21.7109375,952.9713745117188,26.546279907226562
21.7265625,952.9509887695312,26.536354064941406
21.7421875,953.0258178710938,26.54332733154297
21.7578125,952.9984741210938,26.54517364501953
21.7734375,952.9867553710938,26.535614013671875
21.7890625,952.9666748046875,26.537460327148438
21.8046875,952.9572143554688,26.548484802246094
21.8203125,952.9625854492188,26.539291381835938
21.8359375,952.969970703125,26.548843383789062
21.8515625,952.9553833007812,26.54076385498047
21.8671875,952.9599609375,26.54517364501953
21.8828125,952.943115234375,26.54332733154297
21.8984375,952.953125,26.531944274902344
21.9140625,952.9590454101562,26.54149627685547
21.9296875,952.97021484375,26.551048278808594
21.9453125,952.953857421875,26.54443359375
21.9609375,952.9602661132812,26.551422119140625
21.9765625,952.9609985351562,26.553619384765625
21.9921875,952.9541015625,26.5455322265625
22.0078125,952.94677734375,26.539291381835938
22.0234375,952.9473266601562,26.554351806640625
22.0390625,952.9530029296875,26.535614013671875
22.0546875,952.9451293945312,26.548843383789062
22.0703125,952.9512329101562,26.54517364501953
22.0859375,952.9305419921875,26.554351806640625
22.1015625,952.9476318359375,26.554725646972656
22.1171875,952.9417114257812,26.555831909179688
22.1328125,952.951904296875,26.554351806640625
22.1484375,952.9302978515625,26.548484802246094
22.1640625,952.9440307617188,26.540390014648438
22.1796875,952.9384765625,26.54517364501953
22.1953125,952.9208984375,26.549209594726562
22.2109375,952.9321899414062,26.549209594726562
22.2265625,952.925537109375,26.551048278808594
22.2421875,952.9215698242188,26.555831909179688
22.2578125,952.9442138671875,26.539291381835938
22.2734375,952.9461669921875,26.554351806640625
22.2890625,952.9315185546875,26.54517364501953
22.3046875,952.9412231445312,26.54332733154297
22.3203125,952.933349609375,26.548843383789062
22.3359375,952.9415893554688,26.543701171875
22.3515625,952.9214477539062,26.54443359375
22.3671875,952.9185180664062,26.554351806640625
22.3828125,952.9249267578125,26.56024169921875
22.3984375,952.9320678710938,26.54149627685547
22.4140625,952.923583984375,26.549583435058594
22.4296875,952.9321899414062,26.54517364501953
22.4453125,952.9323120117188,26.554351806640625
22.4609375,952.9440307617188,26.554351806640625
22.4765625,952.9158935546875,26.553253173828125
22.4921875,952.9397583007812,26.549209594726562
22.5078125,952.9190673828125,26.56096649169922
22.5234375,952.930908203125,26.56024169921875
22.5390625,952.928466796875,26.55913543701172
22.5546875,952.9247436523438,26.56134033203125
22.5703125,952.9279174804688,26.557662963867188
22.5859375,952.93115234375,26.553619384765625
22.6015625,952.9462890625,26.55840301513672
22.6171875,952.9295043945312,26.56060791015625
22.6328125,952.9136352539062,26.56060791015625
22.6484375,952.9202270507812,26.567581176757812
22.6640625,952.9130249023438,26.567955017089844
22.6796875,952.9262084960938,26.563919067382812
22.6953125,952.9157104492188,26.569786071777344
22.7109375,952.9210815429688,26.56024169921875
22.7265625,952.9254760742188,26.55730438232422
22.7421875,952.9293823242188,26.56060791015625
22.7578125,952.9153442382812,26.551422119140625
22.7734375,952.9359130859375,26.570159912109375
22.7890625,952.9234008789062,26.570892333984375
22.8046875,952.921142578125,26.567955017089844
22.8203125,952.9208984375,26.56024169921875
22.8359375,952.917724609375,26.565017700195312
22.8515625,952.918701171875,26.56096649169922
22.8671875,952.9153442382812,26.56096649169922
22.8828125,952.9183349609375,26.566848754882812
22.8984375,952.909423828125,26.584121704101562
22.9140625,952.9188842773438,26.574569702148438
22.9296875,952.919677734375,26.590377807617188
22.9453125,952.9111328125,26.57604217529297
22.9609375,952.9169311523438,26.570159912109375
22.9765625,952.9163208007812,26.5782470703125
22.9921875,952.9171142578125,26.572738647460938
23.0078125,952.9266967773438,26.582290649414062
23.0234375,952.9216918945312,26.58301544189453
23.0390625,952.9199829101562,26.586326599121094
23.0546875,952.89404296875,26.581558227539062
23.0703125,952.9126586914062,26.586326599121094
23.0859375,952.9166259765625,26.585220336914062
23.1015625,952.9058227539062,26.587066650390625
23.1171875,952.911376953125,26.59552001953125
23.1328125,952.9266357421875,26.587425231933594
23.1484375,952.9306030273438,26.582290649414062
23.1640625,952.95703125,26.600296020507812
23.1796875,952.9456176757812,26.593307495117188
23.1953125,952.9520874023438,26.59699249267578
23.2109375,952.9392700195312,26.604339599609375
23.2265625,952.93701171875,26.590003967285156
23.2421875,952.9451293945312,26.602500915527344
23.2578125,952.9624633789062,26.602500915527344
23.2734375,952.9708862304688,26.581558227539062
23.2890625,952.9412841796875,26.599929809570312
23.3046875,952.9586791992188,26.590377807617188
23.3203125,952.9494018554688,26.59844970703125
23.3359375,952.9513549804688,26.592208862304688
23.3515625,952.9591064453125,26.59844970703125
23.3671875,952.9448852539062,26.591476440429688
23.3828125,952.9476928710938,26.587066650390625
23.3984375,952.9532470703125,26.5797119140625
23.4140625,952.9501342773438,26.59441375732422
23.4296875,952.9366455078125,26.592208862304688
23.4453125,952.9537963867188,26.601402282714844
23.4609375,952.9677734375,26.60065460205078
23.4765625,952.94677734375,26.592208862304688
23.4921875,952.9453735351562,26.587066650390625
23.5078125,952.9495849609375,26.592208862304688
23.5234375,952.9495849609375,26.594039916992188
23.5390625,952.9694213867188,26.585220336914062
23.5546875,952.9572143554688,26.592208862304688
23.5703125,952.9495849609375,26.577880859375
23.5859375,952.9445190429688,26.594039916992188
23.6015625,952.9557495117188,26.582290649414062
23.6171875,952.9468383789062,26.585220336914062
23.6328125,952.9500732421875,26.573471069335938
23.6484375,952.9435424804688,26.577880859375
23.6640625,952.9475708007812,26.566848754882812
23.6796875,952.9482421875,26.57604217529297
23.6953125,952.9437866210938,26.568687438964844
23.7109375,952.9514770507812,26.570892333984375
23.7265625,952.9515991210938,26.57604217529297
23.7421875,952.9490966796875,26.574569702148438
23.7578125,952.948974609375,26.570533752441406
23.7734375,952.9534301757812,26.577880859375
23.7890625,952.9738159179688,26.571632385253906
23.8046875,952.9475708007812,26.5797119140625
23.8203125,952.9459228515625,26.570159912109375
23.8359375,952.96044921875,26.571990966796875
23.8515625,952.9481201171875,26.571990966796875
23.8671875,952.9642944335938,26.570892333984375
23.8828125,952.9540405273438,26.5782470703125
23.8984375,952.9541015625,26.571258544921875
23.9140625,952.9671630859375,26.574569702148438
23.9296875,952.9387817382812,26.56207275390625
23.9453125,952.9722290039062,26.568687438964844
23.9609375,952.940673828125,26.565017700195312
23.9765625,952.9539794921875,26.571990966796875
23.9921875,952.9552612304688,26.5797119140625
24.0078125,952.9298095703125,26.56060791015625
24.0234375,952.9775390625,26.564651489257812
24.0390625,952.9671630859375,26.571990966796875
24.0546875,952.9845581054688,26.58045196533203
24.0703125,952.9830932617188,26.573097229003906
24.0859375,952.9703979492188,26.564651489257812
24.1015625,952.9486694335938,26.553253173828125
24.1171875,952.9755249023438,26.570533752441406
24.1328125,952.9696044921875,26.565017700195312
24.1484375,952.9528198242188,26.556556701660156
24.1640625,952.9657592773438,26.556556701660156
24.1796875,952.9562377929688,26.56281280517578
24.1953125,952.9723510742188,26.56207275390625
24.2109375,952.9722290039062,26.553619384765625
24.2265625,952.9619140625,26.56207275390625
24.2421875,952.9507446289062,26.569786071777344
24.2578125,952.9557495117188,26.55950927734375
24.2734375,953.0012817382812,26.54663848876953
24.2890625,952.9653930664062,26.54443359375
24.3046875,952.9591064453125,26.552520751953125
24.3203125,952.9652709960938,26.549209594726562
24.3359375,952.92138671875,26.54517364501953
24.3515625,952.9467163085938,26.54443359375
24.3671875,952.954345703125,26.541122436523438
24.3828125,952.952880859375,26.53966522216797
24.3984375,952.9425659179688,26.54149627685547
24.4140625,952.9385986328125,26.535614013671875
24.4296875,952.966064453125,26.536354064941406
24.4453125,952.9690551757812,26.548843383789062
24.4609375,952.9768676757812,26.54149627685547
24.4765625,952.9641723632812,26.539291381835938
24.4921875,952.9443359375,26.53966522216797
24.5078125,952.940185546875,26.540390014648438
24.5234375,952.99169921875,26.54773712158203
24.5390625,952.9481201171875,26.531570434570312
24.5546875,952.9608154296875,26.538558959960938
24.5703125,952.9699096679688,26.54517364501953
24.5859375,952.9395141601562,26.54407501220703
24.6015625,952.9334106445312,26.534507751464844
24.6171875,952.9652709960938,26.537818908691406
24.6328125,952.9591064453125,26.549583435058594
24.6484375,952.9620971679688,26.54517364501953
24.6640625,952.9591674804688,26.553253173828125
24.6796875,952.9803466796875,26.540390014648438
24.6953125,952.9391479492188,26.54517364501953
24.7109375,952.9395141601562,26.535255432128906
24.7265625,952.9523315429688,26.538917541503906
24.7421875,952.9537963867188,26.539291381835938
24.7578125,952.9783935546875,26.54517364501953
24.7734375,952.9383544921875,26.530845642089844
24.7890625,952.9638061523438,26.553253173828125
24.8046875,952.9283447265625,26.539291381835938
24.8203125,952.9532470703125,26.54773712158203
24.8359375,952.987548828125,26.539291381835938
24.8515625,952.9825439453125,26.54517364501953
24.8671875,952.9676513671875,26.548843383789062
24.8828125,952.974609375,26.548843383789062
24.8984375,952.9799194335938,26.549583435058594
24.9140625,952.9608154296875,26.549942016601562
24.9296875,952.9471435546875,26.535614013671875
24.9453125,952.9810791015625,26.539291381835938
24.9609375,952.9885864257812,26.530845642089844
24.9765625,952.976318359375,26.54443359375
24.9921875,952.967529296875,26.533782958984375
25.0078125,952.964111328125,26.549209594726562
25.0234375,952.989501953125,26.548484802246094
25.0390625,953.0020141601562,26.556198120117188
25.0546875,952.9310913085938,26.54517364501953
25.0703125,952.9735717773438,26.540390014648438
25.0859375,952.9486694335938,26.53966522216797
25.1015625,952.9258422851562,26.54517364501953
25.1171875,952.9000854492188,26.53966522216797
25.1328125,952.962890625,26.53966522216797
25.1484375,952.9616088867188,26.52202606201172
25.1640625,952.9593505859375,26.530845642089844
25.1796875,952.9661254882812,26.53009796142578
25.1953125,952.9828491210938,26.53009796142578
25.2109375,952.9857788085938,26.535980224609375
25.2265625,953.016845703125,26.52716064453125
25.2421875,953.026123046875,26.52385711669922
25.2578125,952.9498901367188,26.538917541503906
25.2734375,952.9699096679688,26.530845642089844
25.2890625,952.9417114257812,26.530845642089844
25.3046875,952.9518432617188,26.520179748535156
25.3203125,952.9579467773438,26.52568817138672
25.3359375,952.9542846679688,26.533050537109375
25.3515625,952.9592895507812,26.534881591796875
25.3671875,952.958251953125,26.52826690673828
25.3828125,952.940185546875,26.52568817138672
25.3984375,952.9447631835938,26.520919799804688
25.4140625,952.9496459960938,26.52568817138672
25.4296875,952.9405517578125,26.52899932861328
25.4453125,952.9462280273438,26.529373168945312
25.4609375,952.9320068359375,26.523483276367188
25.4765625,952.9677734375,26.537818908691406
25.4921875,952.9381713867188,26.534881591796875
25.5078125,952.9324951171875,26.53009796142578
25.5234375,952.9451293945312,26.52568817138672
25.5390625,952.9447631835938,26.535980224609375
25.5546875,952.936767578125,26.530845642089844
25.5703125,952.9398193359375,26.517974853515625
25.5859375,952.9356079101562,26.52606201171875
25.6015625,952.9430541992188,26.528640747070312
25.6171875,952.9295654296875,26.534507751464844
25.6328125,952.9408569335938,26.536712646484375
25.6484375,952.9339599609375,26.52606201171875
25.6640625,952.938232421875,26.536354064941406
25.6796875,952.9332885742188,26.534881591796875
25.6953125,952.9324951171875,26.534149169921875
25.7109375,952.932373046875,26.540023803710938
25.7265625,952.9205322265625,26.535614013671875
25.7421875,952.920654296875,26.538917541503906
25.7578125,952.9269409179688,26.533050537109375
25.7734375,952.927001953125,26.535614013671875
25.7890625,952.9320678710938,26.530471801757812
25.8046875,952.9225463867188,26.53966522216797
25.8203125,952.924560546875,26.54332733154297
25.8359375,952.9261474609375,26.540023803710938
25.8515625,952.9288940429688,26.535614013671875
25.8671875,952.9200439453125,26.537818908691406
25.8828125,952.9208374023438,26.535614013671875
25.8984375,952.9200439453125,26.537460327148438
25.9140625,952.9274291992188,26.535614013671875
25.9296875,952.9278564453125,26.52606201171875
25.9453125,952.9292602539062,26.529739379882812
25.9609375,952.9277954101562,26.52606201171875
25.9765625,952.9119262695312,26.537818908691406
25.9921875,952.9160766601562,26.535614013671875
26.0078125,952.917724609375,26.53966522216797
26.0234375,952.9132690429688,26.539291381835938
26.0390625,952.9186401367188,26.53966522216797
26.0546875,952.9132690429688,26.54443359375
26.0703125,952.9137573242188,26.529373168945312
26.0859375,952.9171142578125,26.53966522216797
26.1015625,952.9102172851562,26.54443359375
26.1171875,952.9107055664062,26.536354064941406
26.1328125,952.917724609375,26.551788330078125
26.1484375,952.9144897460938,26.549583435058594
26.1640625,952.9047241210938,26.554351806640625
26.1796875,952.9158935546875,26.540390014648438
26.1953125,952.915771484375,26.54773712158203
26.2109375,952.9140625,26.54517364501953
26.2265625,952.9227905273438,26.54517364501953
26.2421875,952.913818359375,26.54076385498047
26.2578125,952.9301147460938,26.53966522216797
26.2734375,952.9132690429688,26.54517364501953
26.2890625,952.9125366210938,26.549209594726562
26.3046875,952.9142456054688,26.54149627685547
26.3203125,952.9326171875,26.54443359375
26.3359375,952.9017944335938,26.553619384765625
26.3515625,952.912841796875,26.553619384765625
26.3671875,952.9248046875,26.556198120117188
26.3828125,952.9220581054688,26.5418701171875
26.3984375,952.9164428710938,26.554351806640625
26.4140625,952.917724609375,26.553253173828125
26.4296875,952.9068603515625,26.551422119140625
26.4453125,952.9234008789062,26.549209594726562
26.4609375,952.90234375,26.555099487304688
26.4765625,952.9171752929688,26.555099487304688
26.4921875,952.9118041992188,26.56060791015625
26.5078125,952.9177856445312,26.56317138671875
26.5234375,952.9054565429688,26.563919067382812
26.5390625,952.932373046875,26.55950927734375
26.5546875,952.9086303710938,26.566482543945312
26.5703125,952.908203125,26.568328857421875
26.5859375,952.8969116210938,26.56207275390625
26.6015625,952.9183959960938,26.56060791015625
26.6171875,952.9130249023438,26.568687438964844
26.6328125,952.9191284179688,26.574195861816406
26.6484375,952.9017944335938,26.567955017089844
26.6640625,952.9256591796875,26.576400756835938
26.6796875,952.918701171875,26.571632385253906
26.6953125,952.9164428710938,26.570159912109375
26.7109375,952.9073486328125,26.563919067382812
26.7265625,952.9019165039062,26.571990966796875
26.7421875,952.9057006835938,26.572738647460938
26.7578125,952.9189453125,26.570892333984375
26.7734375,952.9163818359375,26.573837280273438
26.7890625,952.9183959960938,26.5782470703125
26.8046875,952.902099609375,26.575668334960938
26.8203125,952.9090576171875,26.567581176757812
26.8359375,952.9058227539062,26.570159912109375
26.8515625,952.9043579101562,26.574569702148438
26.8671875,952.9143676757812,26.570533752441406
26.8828125,952.9044189453125,26.577880859375
26.8984375,952.9146728515625,26.581558227539062
26.9140625,952.9126586914062,26.5782470703125
26.9296875,952.9051513671875,26.573471069335938
26.9453125,952.9016723632812,26.587066650390625
26.9609375,952.8999633789062,26.592208862304688
26.9765625,952.9065551757812,26.5797119140625
26.9921875,952.9130859375,26.57860565185547
27.0078125,952.8932495117188,26.581558227539062
27.0234375,952.90966796875,26.574569702148438
27.0390625,952.8909912109375,26.582290649414062
27.0546875,952.8535766601562,26.585220336914062
27.0703125,952.8890991210938,26.582290649414062
27.0859375,952.8917846679688,26.586700439453125
27.1015625,952.8999633789062,26.592208862304688
27.1171875,952.9017944335938,26.583389282226562
27.1328125,952.8984985351562,26.600296020507812
27.1484375,952.9074096679688,26.590377807617188
27.1640625,952.9183349609375,26.582290649414062
27.1796875,952.9049682617188,26.58301544189453
27.1953125,952.909912109375,26.590377807617188
27.2109375,952.9021606445312,26.59258270263672
27.2265625,952.9083251953125,26.594039916992188
27.2421875,952.9186401367188,26.59588623046875
27.2578125,952.9140625,26.592208862304688
27.2734375,952.9065551757812,26.589271545410156
27.2890625,952.9284057617188,26.589630126953125
27.3046875,952.9002685546875,26.590377807617188
27.3203125,952.8896484375,26.59882354736328
27.3359375,952.9041748046875,26.593307495117188
27.3515625,952.8868408203125,26.590736389160156
27.3671875,952.9105834960938,26.594039916992188
27.3828125,952.9037475585938,26.584487915039062
27.3984375,952.917724609375,26.582290649414062
27.4140625,952.8887939453125,26.589630126953125
27.4296875,952.9182739257812,26.590377807617188
27.4453125,952.9189453125,26.57604217529297
27.4609375,952.9216918945312,26.572738647460938
27.4765625,952.9165649414062,26.574195861816406
27.4921875,952.9220581054688,26.58045196533203
27.5078125,952.9096069335938,26.585220336914062
27.5234375,952.9177856445312,26.594039916992188
27.5390625,952.91748046875,26.586700439453125
27.5546875,952.9347534179688,26.592208862304688
27.5703125,952.919677734375,26.581558227539062
27.5859375,952.91748046875,26.574569702148438
27.6015625,952.9244995117188,26.583389282226562
27.6171875,952.9253540039062,26.581558227539062
27.6328125,952.9222412109375,26.581558227539062
27.6484375,952.93115234375,26.5797119140625
27.6640625,952.922607421875,26.5797119140625
27.6796875,952.9244384765625,26.572738647460938
27.6953125,952.9302978515625,26.570159912109375
27.7109375,952.9163208007812,26.574569702148438
27.7265625,952.91552734375,26.572738647460938
27.7421875,952.9189453125,26.585594177246094
27.7578125,952.9219970703125,26.564651489257812
27.7734375,952.9235229492188,26.57494354248047
27.7890625,952.9185791015625,26.570159912109375
27.8046875,952.8983154296875,26.570533752441406
27.8203125,952.9163818359375,26.567581176757812
27.8359375,952.9189453125,26.567581176757812
27.8515625,952.9285888671875,26.566848754882812
27.8671875,952.9183959960938,26.555099487304688
27.8828125,952.9356689453125,26.55730438232422
27.8984375,952.90185546875,26.567955017089844
27.9140625,952.9274291992188,26.56024169921875
27.9296875,952.9320678710938,26.5782470703125
27.9453125,952.9200439453125,26.569427490234375
27.9609375,952.9371948242188,26.565750122070312
27.9765625,952.9188232421875,26.565750122070312
27.9921875,952.9302368164062,26.570892333984375
28.0078125,952.9306640625,26.565017700195312
28.0234375,952.9235229492188,26.572738647460938
28.0390625,952.9338989257812,26.56317138671875
28.0546875,952.9203491210938,26.575302124023438
28.0703125,952.9293823242188,26.56317138671875
28.0859375,952.9185180664062,26.5771484375
28.1015625,952.9169921875,26.568328857421875
28.1171875,952.9130859375,26.573097229003906
28.1328125,952.9099731445312,26.570159912109375
28.1484375,952.9163208007812,26.5789794921875
28.1640625,952.928466796875,26.567955017089844
28.1796875,952.9190673828125,26.565750122070312
28.1953125,952.9127807617188,26.56281280517578
28.2109375,952.92333984375,26.5782470703125
28.2265625,952.9241943359375,26.570533752441406
28.2421875,952.9074096679688,26.568687438964844
28.2578125,952.91796875,26.571258544921875
28.2734375,952.9216918945312,26.565750122070312
28.2890625,952.920654296875,26.570159912109375
28.3046875,952.9061279296875,26.570533752441406
28.3203125,952.90625,26.570159912109375
28.3359375,952.9013061523438,26.5797119140625
28.3515625,952.917236328125,26.577880859375
28.3671875,952.9051513671875,26.585220336914062
28.3828125,952.9249267578125,26.570159912109375
28.3984375,952.9210815429688,26.589630126953125
28.4140625,952.9087524414062,26.574569702148438
28.4296875,952.9208984375,26.57604217529297
28.4453125,952.9157104492188,26.577880859375
28.4609375,952.9051513671875,26.574195861816406
28.4765625,952.9094848632812,26.5797119140625
28.4921875,952.919677734375,26.5797119140625
28.5078125,952.9190673828125,26.572738647460938
28.5234375,952.9033203125,26.57604217529297
28.5390625,952.9102783203125,26.56317138671875
28.5546875,952.9155883789062,26.5782470703125
28.5703125,952.9105224609375,26.571632385253906
28.5859375,952.9259643554688,26.57860565185547
28.6015625,952.9099731445312,26.574569702148438
28.6171875,952.9191284179688,26.587066650390625
28.6328125,952.911376953125,26.594039916992188
28.6484375,952.9019165039062,26.59699249267578
28.6640625,952.9189453125,26.590377807617188
28.6796875,952.9183349609375,26.588531494140625
28.6953125,952.919921875,26.587066650390625
28.7109375,952.9191284179688,26.594039916992188
28.7265625,952.921630859375,26.59735107421875
28.7421875,952.9190673828125,26.590377807617188
28.7578125,952.9236450195312,26.582290649414062
28.7734375,952.9270629882812,26.590377807617188
28.7890625,952.9051513671875,26.5782470703125
28.8046875,952.9051513671875,26.5771484375
28.8203125,952.9020385742188,26.593307495117188
28.8359375,952.9096069335938,26.594039916992188
28.8515625,952.9006958007812,26.590736389160156
28.8671875,952.899169921875,26.582290649414062
28.8828125,952.9055786132812,26.571990966796875
28.8984375,952.9116821289062,26.587066650390625
28.9140625,952.8970336914062,26.592941284179688
28.9296875,952.8976440429688,26.591476440429688
28.9453125,952.909423828125,26.59661865234375
28.9609375,952.906982421875,26.59844970703125
28.9765625,952.9024047851562,26.594039916992188
28.9921875,952.90966796875,26.59809112548828
29.0078125,952.9094848632812,26.592208862304688
29.0234375,952.9166870117188,26.59844970703125
29.0390625,952.9071655273438,26.605812072753906
29.0546875,952.9049072265625,26.590377807617188
29.0703125,952.8973999023438,26.59661865234375
29.0859375,952.9021606445312,26.611679077148438
29.1015625,952.9085083007812,26.607269287109375
29.1171875,952.894287109375,26.603607177734375
29.1328125,952.9094848632812,26.602500915527344
29.1484375,952.9164428710938,26.601760864257812
29.1640625,952.9099731445312,26.605438232421875
29.1796875,952.8995361328125,26.606170654296875
29.1953125,952.9108276367188,26.603607177734375
29.2109375,952.9107055664062,26.605438232421875
29.2265625,952.9132690429688,26.611679077148438
29.2421875,952.9127197265625,26.605438232421875
29.2578125,952.9185791015625,26.59514617919922
29.2734375,952.8978881835938,26.603965759277344
29.2890625,952.914794921875,26.59735107421875
29.3046875,952.9113159179688,26.60065460205078
29.3203125,952.8935546875,26.611679077148438
29.3359375,952.9222412109375,26.611679077148438
29.3515625,952.919189453125,26.609848022460938
29.3671875,952.9202880859375,26.601402282714844
29.3828125,952.889404296875,26.620872497558594
29.3984375,952.9213256835938,26.614990234375
29.4140625,952.9004516601562,26.601760864257812
29.4296875,952.9099731445312,26.59844970703125
29.4453125,952.8988037109375,26.611679077148438
29.4609375,952.8995361328125,26.611679077148438
29.4765625,952.9132690429688,26.60065460205078
29.4921875,952.9127197265625,26.611679077148438
29.5078125,952.9204711914062,26.620872497558594
29.5234375,952.9201049804688,26.611679077148438
29.5390625,952.900146484375,26.617935180664062
29.5546875,952.9073486328125,26.61646270751953
29.5703125,952.895751953125,26.611679077148438
29.5859375,952.9043579101562,26.620140075683594
29.6015625,952.9032592773438,26.61646270751953
29.6171875,952.91015625,26.61573028564453
29.6328125,952.9005126953125,26.61573028564453
29.6484375,952.922607421875,26.610580444335938
29.6640625,952.9083251953125,26.6160888671875
29.6796875,952.908935546875,26.611679077148438
29.6953125,952.8947143554688,26.622703552246094
29.7109375,952.9077758789062,26.61719512939453
29.7265625,952.9030151367188,26.63006591796875
29.7421875,952.9090576171875,26.63116455078125
29.7578125,952.9074096679688,26.63336944580078
29.7734375,952.9076538085938,26.6124267578125
29.7890625,952.910888671875,26.627113342285156
29.8046875,952.9237060546875,26.620872497558594
29.8203125,952.9004516601562,26.624176025390625
29.8359375,952.9049682617188,26.621604919433594
29.8515625,952.8956909179688,26.620140075683594
29.8671875,952.9135131835938,26.617935180664062
29.8828125,952.9019165039062,26.628219604492188
29.8984375,952.9059448242188,26.63006591796875
29.9140625,952.9210205078125,26.63006591796875
29.9296875,952.904296875,26.627113342285156
29.9453125,952.9039916992188,26.625282287597656
29.9609375,952.9085693359375,26.63006591796875
29.9765625,952.9222412109375,26.634475708007812
29.9921875,952.9017944335938,26.63189697265625
30.0078125,952.8906860351562,26.63189697265625
30.0234375,952.907470703125,26.642547607421875
30.0390625,952.8995971679688,26.639984130859375
30.0546875,952.9071044921875,26.63372802734375
30.0703125,952.92138671875,26.641815185546875
30.0859375,952.8976440429688,26.64550018310547
30.1015625,952.9249267578125,26.627487182617188
30.1171875,952.9177856445312,26.63189697265625
30.1328125,952.8966674804688,26.636680603027344
30.1484375,952.9152221679688,26.63006591796875
30.1640625,952.9144897460938,26.644393920898438
30.1796875,952.89794921875,26.643295288085938
30.1953125,952.9223022460938,26.64990997314453
30.2109375,952.905029296875,26.653213500976562
30.2265625,952.8904418945312,26.63152313232422
30.2421875,952.9044189453125,26.64990997314453
30.2578125,952.9057006835938,26.640716552734375
30.2734375,952.9052734375,26.64990997314453
30.2890625,952.9032592773438,26.65247344970703
30.3046875,952.9124755859375,26.645126342773438
30.3203125,952.8968505859375,26.641815185546875
30.3359375,952.9083862304688,26.641815185546875
30.3515625,952.9000854492188,26.639244079589844
30.3671875,952.921875,26.643653869628906
30.3828125,952.9205322265625,26.652847290039062
30.3984375,952.9108276367188,26.655418395996094
30.4140625,952.8990478515625,26.6484375
30.4296875,952.9146118164062,26.642547607421875
30.4453125,952.8983154296875,26.64916229248047
30.4609375,952.921142578125,26.64806365966797
30.4765625,952.9293823242188,26.637039184570312
30.4921875,952.9180908203125,26.642189025878906
30.5078125,952.9073486328125,26.652847290039062
30.5234375,952.8917236328125,26.64733123779297
30.5390625,952.9132080078125,26.638137817382812
30.5546875,952.9199829101562,26.64990997314453
30.5703125,952.9415283203125,26.645126342773438
30.5859375,952.9266967773438,26.652847290039062
30.6015625,952.9215698242188,26.641815185546875
30.6171875,952.9138793945312,26.641090393066406
30.6328125,952.9256591796875,26.64659881591797
30.6484375,952.9496459960938,26.64733123779297
30.6640625,952.9208984375,26.639984130859375
30.6796875,952.9285888671875,26.64733123779297
30.6953125,952.9161376953125,26.646224975585938
30.7109375,952.9309692382812,26.63189697265625
30.7265625,952.9199829101562,26.63189697265625
30.7421875,952.9152221679688,26.63079833984375
30.7578125,952.9318237304688,26.64990997314453
30.7734375,952.9313354492188,26.63152313232422
30.7890625,952.9379272460938,26.645858764648438
30.8046875,952.923828125,26.65100860595703
30.8203125,952.9345092773438,26.63189697265625
30.8359375,952.9044189453125,26.63006591796875
30.8515625,952.927001953125,26.63189697265625
30.8671875,952.9325561523438,26.626388549804688
30.8828125,952.9038696289062,26.640716552734375
30.8984375,952.930419921875,26.63189697265625
30.9140625,952.9301147460938,26.625656127929688
30.9296875,952.9319458007812,26.619766235351562
30.9453125,952.931396484375,26.611679077148438
30.9609375,952.919189453125,26.61646270751953
30.9765625,952.9322509765625,26.620140075683594
30.9921875,952.9254760742188,26.620140075683594
31.0078125,952.8973999023438,26.620140075683594
31.0234375,952.9266357421875,26.620872497558594
31.0390625,952.9213256835938,26.611679077148438
31.0546875,952.9204711914062,26.611679077148438
31.0703125,952.9359741210938,26.611679077148438
31.0859375,952.9467163085938,26.620872497558594
31.1015625,952.9213256835938,26.610580444335938
31.1171875,952.9202880859375,26.603965759277344
31.1328125,952.8897705078125,26.607269287109375
31.1484375,952.8859252929688,26.611679077148438
31.1640625,952.9204711914062,26.61573028564453
31.1796875,952.9130249023438,26.591110229492188
31.1953125,952.92138671875,26.59514617919922
31.2109375,952.9175415039062,26.594039916992188
31.2265625,952.9299926757812,26.59588623046875
31.2421875,952.9236450195312,26.59844970703125
31.2578125,952.9418334960938,26.592208862304688
31.2734375,952.9298095703125,26.60065460205078
31.2890625,952.9528198242188,26.608749389648438
31.3046875,952.9368286132812,26.611679077148438
31.3203125,952.9240112304688,26.605438232421875
31.3359375,952.8988647460938,26.611679077148438
31.3515625,952.92529296875,26.587066650390625
31.3671875,952.9490356445312,26.587066650390625
31.3828125,952.9334716796875,26.587066650390625
31.3984375,952.8689575195312,26.605812072753906
31.4140625,952.953857421875,26.594039916992188
31.4296875,952.9563598632812,26.588172912597656
31.4453125,952.9282836914062,26.593307495117188
31.4609375,952.9036254882812,26.590736389160156
31.4765625,952.9518432617188,26.586700439453125
31.4921875,952.9281005859375,26.59258270263672
31.5078125,952.9387817382812,26.59699249267578
31.5234375,952.9368286132812,26.592941284179688
31.5390625,952.9108276367188,26.590736389160156
31.5546875,952.9356689453125,26.581558227539062
31.5703125,952.9580078125,26.592208862304688
31.5859375,952.95849609375,26.585220336914062
31.6015625,952.9572143554688,26.589630126953125
31.6171875,952.958251953125,26.582290649414062
31.6328125,952.9175415039062,26.586326599121094
31.6484375,952.9549560546875,26.594039916992188
31.6640625,952.9586791992188,26.591835021972656
31.6796875,952.982421875,26.587425231933594
31.6953125,952.903076171875,26.585220336914062
31.7109375,952.9405517578125,26.60065460205078
31.7265625,952.9222412109375,26.5789794921875
31.7421875,952.9553833007812,26.585220336914062
31.7578125,952.9429321289062,26.571258544921875
31.7734375,952.950439453125,26.583389282226562
31.7890625,952.9414672851562,26.57604217529297
31.8046875,952.9288330078125,26.582290649414062
31.8203125,952.9091186523438,26.5782470703125
31.8359375,952.9284057617188,26.582290649414062
31.8515625,952.94140625,26.582290649414062
31.8671875,952.9367065429688,26.5797119140625
31.8828125,952.9483642578125,26.574569702148438
31.8984375,952.939453125,26.582290649414062
31.9140625,952.9575805664062,26.566848754882812
31.9296875,952.9500732421875,26.577880859375
31.9453125,952.95654296875,26.567581176757812
31.9609375,952.965576171875,26.574569702148438
31.9765625,952.9633178710938,26.577880859375
31.9921875,952.95654296875,26.582290649414062
32.0078125,952.95703125,26.58191680908203
32.0234375,952.9443359375,26.582290649414062
32.0390625,952.9623413085938,26.5782470703125
32.0546875,952.949951171875,26.581558227539062
32.0703125,952.948486328125,26.587066650390625
32.0859375,952.9465942382812,26.583389282226562
32.1015625,952.952880859375,26.5797119140625
32.1171875,952.9453125,26.57494354248047
32.1328125,952.955078125,26.585220336914062
32.1484375,952.9559936523438,26.582290649414062
32.1640625,952.94140625,26.585220336914062
32.1796875,952.9417114257812,26.583389282226562
32.1953125,952.94873046875,26.581558227539062
32.2109375,952.9425659179688,26.587066650390625
32.2265625,952.9514770507812,26.574569702148438
32.2421875,952.948974609375,26.574569702148438
32.2578125,952.9591064453125,26.585220336914062
32.2734375,952.9559936523438,26.585594177246094
32.2890625,952.957763671875,26.5782470703125
32.3046875,952.9481811523438,26.590377807617188
32.3203125,952.9451904296875,26.594039916992188
32.3359375,952.9526977539062,26.5782470703125
32.3515625,952.9541015625,26.587066650390625
32.3671875,952.9501953125,26.59661865234375
32.3828125,952.9500732421875,26.592208862304688
32.3984375,952.9579467773438,26.590736389160156
32.4140625,952.9440307617188,26.594039916992188
32.4296875,952.9557495117188,26.582290649414062
32.4453125,952.9557495117188,26.59588623046875
32.4609375,952.9696655273438,26.594039916992188
32.4765625,952.9575805664062,26.590003967285156
32.4921875,952.9564819335938,26.600296020507812
32.5078125,952.95458984375,26.587425231933594
32.5234375,952.9503173828125,26.585220336914062
32.5390625,952.957763671875,26.59699249267578
32.5546875,952.957763671875,26.599197387695312
32.5703125,952.9514770507812,26.590736389160156
32.5859375,952.9481811523438,26.582290649414062
32.6015625,952.95458984375,26.585220336914062
32.6171875,952.9572143554688,26.594039916992188
32.6328125,952.9456176757812,26.59699249267578
32.6484375,952.9434204101562,26.594039916992188
32.6640625,952.9581298828125,26.601760864257812
32.6796875,952.95654296875,26.600296020507812
32.6953125,952.9462280273438,26.591476440429688
32.7109375,952.9512939453125,26.583763122558594
32.7265625,952.9403686523438,26.590736389160156
32.7421875,952.9518432617188,26.587066650390625
32.7578125,952.9573974609375,26.601760864257812
32.7734375,952.9451904296875,26.59735107421875
32.7890625,952.9357299804688,26.59735107421875
32.8046875,952.9464721679688,26.601760864257812
32.8203125,952.9523315429688,26.601760864257812
32.8359375,952.9505004882812,26.599929809570312
32.8515625,952.9478759765625,26.59882354736328
32.8671875,952.9561767578125,26.59882354736328
32.8828125,952.9430541992188,26.59844970703125
32.8984375,952.9507446289062,26.590736389160156
32.9140625,952.95654296875,26.583763122558594
32.9296875,952.9420776367188,26.590377807617188
32.9453125,952.9451904296875,26.592208862304688
32.9609375,952.9387817382812,26.591476440429688
32.9765625,952.9524536132812,26.574195861816406
32.9921875,952.948974609375,26.592208862304688
33.0078125,952.946533203125,26.592208862304688
