# Time (seconds),Pressure,Temp
0.0078125,953.4230346679688,28.48621368408203
0.0234375,953.274169921875,28.4832763671875
0.0390625,953.2662353515625,28.489891052246094
0.0546875,953.27099609375,28.4847412109375
0.0703125,953.275390625,28.48548126220703
0.0859375,953.253173828125,28.485107421875
0.1015625,953.2771606445312,28.48694610595703
0.1171875,953.2671508789062,28.49871063232422
0.1328125,953.2874145507812,28.50274658203125
0.1484375,953.282470703125,28.48694610595703
0.1640625,953.270751953125,28.509368896484375
0.1796875,953.2771606445312,28.511940002441406
0.1953125,953.254638671875,28.497970581054688
0.2109375,953.2777709960938,28.48438262939453
0.2265625,953.26513671875,28.509368896484375
0.2421875,953.2796020507812,28.506431579589844
0.2578125,953.2589111328125,28.507530212402344
0.2734375,953.2769165039062,28.524070739746094
0.2890625,953.2720336914062,28.512672424316406
0.3046875,953.2852783203125,28.50568389892578
0.3203125,953.2677612304688,28.513404846191406
0.3359375,953.2626342773438,28.50385284423828
0.3515625,953.2843627929688,28.506431579589844
0.3671875,953.2911987304688,28.51708221435547
0.3828125,953.2755126953125,28.50238037109375
0.3984375,953.2764892578125,28.50385284423828
0.4140625,953.2843627929688,28.525901794433594
0.4296875,953.2830200195312,28.515609741210938
0.4453125,953.2843627929688,28.512672424316406
0.4609375,953.2733154296875,28.50054931640625
0.4765625,953.2589111328125,28.49981689453125
0.4921875,953.2534790039062,28.50274658203125
0.5078125,953.2537841796875,28.499069213867188
0.5234375,953.26123046875,28.50347900390625
0.5390625,953.2813110351562,28.51708221435547
0.5546875,953.270751953125,28.50312042236328
0.5703125,953.2621459960938,28.506431579589844
0.5859375,953.2678833007812,28.50202178955078
0.6015625,953.261474609375,28.48621368408203
0.6171875,953.260498046875,28.50385284423828
0.6328125,953.291015625,28.510467529296875
0.6484375,953.292724609375,28.48621368408203
0.6640625,953.2796630859375,28.49944305419922
0.6796875,953.328125,28.506431579589844
0.6953125,953.3348999023438,28.49944305419922
0.7109375,953.3406982421875,28.511199951171875
0.7265625,953.345458984375,28.509368896484375
0.7421875,953.3471069335938,28.50274658203125
0.7578125,953.3422241210938,28.494300842285156
0.7734375,953.3419799804688,28.52001953125
0.7890625,953.3875732421875,28.508262634277344
0.8046875,953.4049682617188,28.509735107421875
0.8203125,953.3631591796875,28.525901794433594
0.8359375,953.3541259765625,28.506431579589844
0.8515625,953.3569946289062,28.508262634277344
0.8671875,953.3482055664062,28.511566162109375
0.8828125,953.366943359375,28.509368896484375
0.8984375,953.3596801757812,28.529205322265625
0.9140625,953.3746948242188,28.51708221435547
0.9296875,953.3986206054688,28.511566162109375
0.9453125,953.3659057617188,28.512298583984375
0.9609375,953.371826171875,28.515609741210938
0.9765625,953.384765625,28.514503479003906
0.9921875,953.3762817382812,28.51708221435547
1.0078125,953.4297485351562,28.514503479003906
1.0234375,953.4043579101562,28.52075958251953
1.0390625,953.384033203125,28.507888793945312
1.0546875,953.3743286132812,28.512672424316406
1.0703125,953.352783203125,28.509368896484375
1.0859375,953.3870849609375,28.506431579589844
1.1015625,953.3898315429688,28.509735107421875
1.1171875,953.3954467773438,28.507156372070312
1.1328125,953.3767700195312,28.492454528808594
1.1484375,953.3734741210938,28.50274658203125
1.1640625,953.41162109375,28.50347900390625
1.1796875,953.3518676757812,28.509368896484375
1.1953125,953.3912963867188,28.50017547607422
1.2109375,953.398193359375,28.495033264160156
1.2265625,953.4072265625,28.49981689453125
1.2421875,953.3980102539062,28.491729736328125
1.2578125,953.3948974609375,28.489151000976562
1.2734375,953.3934326171875,28.495407104492188
1.2890625,953.406005859375,28.49871063232422
1.3046875,953.3848876953125,28.49761199951172
1.3203125,953.4027099609375,28.4847412109375
1.3359375,953.3775634765625,28.489891052246094
1.3515625,953.404296875,28.492828369140625
1.3671875,953.3514404296875,28.50091552734375
1.3828125,953.4125366210938,28.481430053710938
1.3984375,953.3939819335938,28.470779418945312
1.4140625,953.438232421875,28.489891052246094
1.4296875,953.3869018554688,28.486587524414062
1.4453125,953.3932495117188,28.4847412109375
1.4609375,953.4049682617188,28.48180389404297
1.4765625,953.3699951171875,28.46710205078125
1.4921875,953.3937377929688,28.461227416992188
1.5078125,953.3990478515625,28.460487365722656
1.5234375,953.3696899414062,28.475189208984375
1.5390625,953.3759765625,28.473358154296875
1.5546875,953.4086303710938,28.477020263671875
1.5703125,953.3617553710938,28.477020263671875
1.5859375,953.3487548828125,28.47040557861328
1.6015625,953.3557739257812,28.46710205078125
1.6171875,953.3399047851562,28.457550048828125
1.6328125,953.361083984375,28.454238891601562
1.6484375,953.378662109375,28.46453857421875
1.6640625,953.3486328125,28.458282470703125
1.6796875,953.3533325195312,28.457176208496094
1.6953125,953.3598022460938,28.458282470703125
1.7109375,953.344970703125,28.46636962890625
1.7265625,953.3642578125,28.46233367919922
1.7421875,953.3609008789062,28.456817626953125
1.7578125,953.3645629882812,28.454238891601562
1.7734375,953.3380126953125,28.46563720703125
1.7890625,953.3385620117188,28.4468994140625
1.8046875,953.337890625,28.456817626953125
1.8203125,953.34716796875,28.46416473388672
1.8359375,953.337890625,28.453872680664062
1.8515625,953.3331909179688,28.457550048828125
1.8671875,953.337158203125,28.457550048828125
1.8828125,953.3383178710938,28.451309204101562
1.8984375,953.3329467773438,28.441383361816406
1.9140625,953.3385620117188,28.440284729003906
1.9296875,953.330078125,28.46343231201172
1.9453125,953.3264770507812,28.458282470703125
1.9609375,953.3306884765625,28.453140258789062
1.9765625,953.3379516601562,28.4468994140625
1.9921875,953.3318481445312,28.43402862548828
2.0078125,953.3330078125,28.439910888671875
2.0234375,953.331787109375,28.44873046875
2.0390625,953.3344116210938,28.44835662841797
2.0546875,953.3248901367188,28.44873046875
2.0703125,953.3236694335938,28.44579315185547
2.0859375,953.3162841796875,28.440284729003906
2.1015625,953.30859375,28.441741943359375
2.1171875,953.3110961914062,28.44469451904297
2.1328125,953.3095703125,28.44873046875
2.1484375,953.3176879882812,28.438079833984375
2.1640625,953.32568359375,28.423744201660156
2.1796875,953.30810546875,28.436233520507812
2.1953125,953.3098754882812,28.437332153320312
2.2109375,953.2855224609375,28.439537048339844
2.2265625,953.2857666015625,28.42888641357422
2.2421875,953.28466796875,28.423744201660156
2.2578125,953.2913818359375,28.43292236328125
2.2734375,953.3012084960938,28.438079833984375
2.2890625,953.2969360351562,28.435501098632812
2.3046875,953.3074951171875,28.438079833984375
2.3203125,953.3095092773438,28.43182373046875
2.3359375,953.2784423828125,28.42815399169922
2.3515625,953.3067626953125,28.439910888671875
2.3671875,953.3048706054688,28.43182373046875
2.3828125,953.3023071289062,28.426307678222656
2.3984375,953.3119506835938,28.419334411621094
2.4140625,953.2938842773438,28.425209045410156
2.4296875,953.2962036132812,28.424850463867188
2.4453125,953.2843017578125,28.43071746826172
2.4609375,953.3099975585938,28.436973571777344
2.4765625,953.2854614257812,28.43182373046875
2.4921875,953.2951049804688,28.44835662841797
2.5078125,953.2830200195312,28.43182373046875
2.5234375,953.2849731445312,28.421897888183594
2.5390625,953.30615234375,28.42999267578125
2.5546875,953.296142578125,28.426307678222656
2.5703125,953.3077392578125,28.42999267578125
2.5859375,953.2847290039062,28.424476623535156
2.6015625,953.2841796875,28.43256378173828
2.6171875,953.308349609375,28.436973571777344
2.6328125,953.2854614257812,28.438079833984375
2.6484375,953.3077392578125,28.43109130859375
2.6640625,953.275390625,28.440284729003906
2.6796875,953.2924194335938,28.436599731445312
2.6953125,953.2896728515625,28.439910888671875
2.7109375,953.3090209960938,28.420066833496094
2.7265625,953.3070678710938,28.438438415527344
2.7421875,953.3089599609375,28.42999267578125
2.7578125,953.2752075195312,28.438079833984375
2.7734375,953.3088989257812,28.42815399169922
2.7890625,953.2840576171875,28.42999267578125
2.8046875,953.2841796875,28.436973571777344
2.8203125,953.3004760742188,28.433670043945312
2.8359375,953.2910766601562,28.42888641357422
2.8515625,953.2877197265625,28.424476623535156
2.8671875,953.30224609375,28.43035888671875
2.8828125,953.2801513671875,28.435501098632812
2.8984375,953.3050537109375,28.433670043945312
2.9140625,953.3084716796875,28.43256378173828
2.9296875,953.308349609375,28.43071746826172
2.9453125,953.2848510742188,28.43182373046875
2.9609375,953.2838134765625,28.437705993652344
2.9765625,953.3064575195312,28.43035888671875
2.9921875,953.2848510742188,28.44873046875
3.0078125,953.2801513671875,28.443946838378906
3.0234375,953.3029174804688,28.439178466796875
3.0390625,953.3090209960938,28.44579315185547
3.0546875,953.3084716796875,28.440643310546875
3.0703125,953.2924194335938,28.446151733398438
3.0859375,953.3043823242188,28.441741943359375
3.1015625,953.3068237304688,28.43109130859375
3.1171875,953.3214111328125,28.435501098632812
3.1328125,953.3086547851562,28.439910888671875
3.1484375,953.3616333007812,28.438438415527344
3.1640625,953.3585815429688,28.440284729003906
3.1796875,953.4465942382812,28.442489624023438
3.1953125,953.3887939453125,28.451309204101562
3.2109375,953.3688354492188,28.438079833984375
3.2265625,953.3817749023438,28.452041625976562
3.2421875,953.3407592773438,28.44579315185547
3.2578125,953.3963623046875,28.451309204101562
3.2734375,953.4207763671875,28.456077575683594
3.2890625,953.436767578125,28.456817626953125
3.3046875,953.393798828125,28.451309204101562
3.3203125,953.4560546875,28.457550048828125
3.3359375,953.4686279296875,28.453872680664062
3.3515625,953.434814453125,28.44910430908203
3.3671875,953.4283447265625,28.457550048828125
3.3828125,953.497314453125,28.458282470703125
3.3984375,953.4459838867188,28.454238891601562
3.4140625,953.4497680664062,28.446151733398438
3.4296875,953.4029541015625,28.457176208496094
3.4453125,953.4202270507812,28.46489715576172
3.4609375,953.4191284179688,28.452041625976562
3.4765625,953.4029541015625,28.457550048828125
3.4921875,953.3861694335938,28.460487365722656
3.5078125,953.429443359375,28.456077575683594
3.5234375,953.41943359375,28.457550048828125
3.5390625,953.3938598632812,28.46563720703125
3.5546875,953.421630859375,28.457550048828125
3.5703125,953.4178466796875,28.457550048828125
3.5859375,953.3807373046875,28.46343231201172
3.6015625,953.4835815429688,28.463790893554688
3.6171875,953.4507446289062,28.471511840820312
3.6328125,953.4574584960938,28.46674346923828
3.6484375,953.4073486328125,28.47040557861328
3.6640625,953.3993530273438,28.46233367919922
3.6796875,953.3991088867188,28.474090576171875
3.6953125,953.4069213867188,28.46233367919922
3.7109375,953.4105224609375,28.46233367919922
3.7265625,953.40576171875,28.457550048828125
3.7421875,953.3993530273438,28.460487365722656
3.7578125,953.4091186523438,28.473358154296875
3.7734375,953.3812255859375,28.463058471679688
3.7890625,953.4046630859375,28.457550048828125
3.8046875,953.45849609375,28.460861206054688
3.8203125,953.4473876953125,28.460487365722656
3.8359375,953.39599609375,28.457550048828125
3.8515625,953.4280395507812,28.457550048828125
3.8671875,953.3927001953125,28.456077575683594
3.8828125,953.3973388671875,28.453514099121094
3.8984375,953.4330444335938,28.459022521972656
3.9140625,953.3809814453125,28.442115783691406
3.9296875,953.3733520507812,28.453514099121094
3.9453125,953.3642578125,28.456817626953125
3.9609375,953.4368286132812,28.44725799560547
3.9765625,953.3798217773438,28.435874938964844
3.9921875,953.4043579101562,28.446151733398438
4.0078125,953.3951416015625,28.440643310546875
4.0234375,953.3844604492188,28.440284729003906
4.0390625,953.3844604492188,28.458648681640625
4.0546875,953.3963623046875,28.44873046875
4.0703125,953.3589477539062,28.441383361816406
4.0859375,953.3720092773438,28.444320678710938
4.1015625,953.3633422851562,28.440284729003906
4.1171875,953.3616943359375,28.4468994140625
4.1328125,953.3402709960938,28.441383361816406
4.1484375,953.35888671875,28.435501098632812
4.1640625,953.3612060546875,28.445419311523438
4.1796875,953.3419189453125,28.439910888671875
4.1953125,953.342529296875,28.443946838378906
4.2109375,953.359130859375,28.451309204101562
4.2265625,953.3382568359375,28.442115783691406
4.2421875,953.3475341796875,28.437332153320312
4.2578125,953.3501586914062,28.440284729003906
4.2734375,953.3402709960938,28.441383361816406
4.2890625,953.3253784179688,28.433670043945312
4.3046875,953.3137817382812,28.443588256835938
4.3203125,953.3411254882812,28.441741943359375
4.3359375,953.3223266601562,28.442115783691406
4.3515625,953.311767578125,28.438079833984375
4.3671875,953.3292236328125,28.435874938964844
4.3828125,953.3362426757812,28.43182373046875
4.3984375,953.3237915039062,28.43182373046875
4.4140625,953.3280029296875,28.424476623535156
4.4296875,953.3350830078125,28.43146514892578
4.4453125,953.3232421875,28.425949096679688
4.4609375,953.3304443359375,28.42999267578125
4.4765625,953.3123168945312,28.421897888183594
4.4921875,953.3240356445312,28.43182373046875
4.5078125,953.3155517578125,28.41162109375
4.5234375,953.3087158203125,28.43182373046875
4.5390625,953.3159790039062,28.422645568847656
4.5546875,953.3145751953125,28.42999267578125
4.5703125,953.3164672851562,28.42999267578125
4.5859375,953.3092651367188,28.40941619873047
4.6015625,953.31982421875,28.4134521484375
4.6171875,953.3095092773438,28.41124725341797
4.6328125,953.3026123046875,28.410140991210938
4.6484375,953.3169555664062,28.403533935546875
4.6640625,953.3175048828125,28.403533935546875
4.6796875,953.30859375,28.41124725341797
4.6953125,953.3062133789062,28.404632568359375
4.7109375,953.3128051757812,28.401695251464844
4.7265625,953.3053588867188,28.41382598876953
4.7421875,953.298095703125,28.407943725585938
4.7578125,953.3053588867188,28.405731201171875
4.7734375,953.2853393554688,28.390304565429688
4.7890625,953.2808227539062,28.405006408691406
4.8046875,953.2996826171875,28.407569885253906
4.8203125,953.3047485351562,28.408309936523438
4.8359375,953.3035888671875,28.39543914794922
4.8515625,953.2927856445312,28.403533935546875
4.8671875,953.3067016601562,28.404258728027344
4.8828125,953.2996826171875,28.404632568359375
4.8984375,953.3116455078125,28.406837463378906
4.9140625,953.3034057617188,28.401695251464844
4.9296875,953.281982421875,28.41307830810547
4.9453125,953.2830810546875,28.391403198242188
4.9609375,953.2809448242188,28.39508056640625
4.9765625,953.3123779296875,28.39543914794922
4.9921875,953.2987060546875,28.406105041503906
5.0078125,953.282470703125,28.39801788330078
5.0234375,953.28466796875,28.404632568359375
5.0390625,953.304443359375,28.403533935546875
5.0546875,953.30615234375,28.401695251464844
5.0703125,953.30419921875,28.416763305664062
5.0859375,953.2835083007812,28.407943725585938
5.1015625,953.308349609375,28.392501831054688
5.1171875,953.2763061523438,28.401695251464844
5.1328125,953.3053588867188,28.406837463378906
5.1484375,953.3099975585938,28.405731201171875
5.1640625,953.3045043945312,28.41124725341797
5.1796875,953.2781982421875,28.41565704345703
5.1953125,953.2947387695312,28.407211303710938
5.2109375,953.2760009765625,28.41124725341797
5.2265625,953.2828979492188,28.41124725341797
5.2421875,953.3080444335938,28.407569885253906
5.2578125,953.2825317382812,28.41492462158203
5.2734375,953.3084106445312,28.41455078125
5.2890625,953.3012084960938,28.41162109375
5.3046875,953.3063354492188,28.420066833496094
5.3203125,953.3011474609375,28.405006408691406
5.3359375,953.3056030273438,28.410873413085938
5.3515625,953.2930297851562,28.419334411621094
5.3671875,953.3058471679688,28.426307678222656
5.3828125,953.284423828125,28.41197967529297
5.3984375,953.2931518554688,28.418594360351562
5.4140625,953.3070068359375,28.421539306640625
5.4296875,953.2774658203125,28.420799255371094
5.4453125,953.3089599609375,28.41307830810547
5.4609375,953.2866821289062,28.42999267578125
5.4765625,953.2913818359375,28.426307678222656
5.4921875,953.3024291992188,28.41748809814453
5.5078125,953.2835083007812,28.425949096679688
5.5234375,953.291015625,28.418960571289062
5.5390625,953.2837524414062,28.42999267578125
5.5546875,953.2847290039062,28.423004150390625
5.5703125,953.2930297851562,28.426307678222656
5.5859375,953.284423828125,28.426307678222656
5.6015625,953.2796630859375,28.438079833984375
5.6171875,953.279052734375,28.42999267578125
5.6328125,953.3021850585938,28.419334411621094
5.6484375,953.3070068359375,28.418235778808594
5.6640625,953.3231201171875,28.425209045410156
5.6796875,953.333984375,28.43182373046875
5.6953125,953.3429565429688,28.425209045410156
5.7109375,953.3411254882812,28.43071746826172
5.7265625,953.3469848632812,28.42815399169922
5.7421875,953.3438110351562,28.436233520507812
5.7578125,953.3499755859375,28.4468994140625
5.7734375,953.3695678710938,28.420066833496094
5.7890625,953.3441772460938,28.433670043945312
5.8046875,953.3676147460938,28.438079833984375
5.8203125,953.3369140625,28.419334411621094
5.8359375,953.3668823242188,28.42999267578125
5.8515625,953.3935546875,28.43071746826172
5.8671875,953.3469848632812,28.440643310546875
5.8828125,953.3616943359375,28.43512725830078
5.8984375,953.345703125,28.425949096679688
5.9140625,953.3633422851562,28.438079833984375
5.9296875,953.3035888671875,28.367523193359375
5.9453125,953.3030395507812,28.374496459960938
5.9609375,953.3116455078125,28.365676879882812
5.9765625,953.3094482421875,28.36090850830078
5.9921875,953.3018798828125,28.35980224609375
6.0078125,953.3089599609375,28.370826721191406
6.0234375,953.3112182617188,28.34583282470703
6.0390625,953.3003540039062,28.351715087890625
6.0546875,953.301513671875,28.365676879882812
6.0703125,953.3136596679688,28.3436279296875
6.0859375,953.3067626953125,28.364944458007812
6.1015625,953.3028564453125,28.349136352539062
6.1171875,953.3019409179688,28.367881774902344
6.1328125,953.3031005859375,28.355751037597656
6.1484375,953.3126831054688,28.35943603515625
6.1640625,953.3088989257812,28.36016082763672
6.1796875,953.3084106445312,28.347679138183594
6.1953125,953.2975463867188,28.356124877929688
6.2109375,953.2996826171875,28.365676879882812
6.2265625,953.303466796875,28.36273956298828
6.2421875,953.3008422851562,28.352088928222656
6.2578125,953.296875,28.354652404785156
6.2734375,953.3048095703125,28.36347198486328
6.2890625,953.2991333007812,28.363113403320312
6.3046875,953.302734375,28.366775512695312
6.3203125,953.3018798828125,28.351715087890625
6.3359375,953.3021850585938,28.364944458007812
6.3515625,953.2813720703125,28.366775512695312
6.3671875,953.2844848632812,28.356124877929688
6.3828125,953.3049926757812,28.35906219482422
6.3984375,953.2908935546875,28.36090850830078
6.4140625,953.3012084960938,28.35870361328125
6.4296875,953.2986450195312,28.37413787841797
6.4453125,953.296630859375,28.364944458007812
6.4609375,953.2849731445312,28.35943603515625
6.4765625,953.2951049804688,28.36273956298828
6.4921875,953.2930908203125,28.36090850830078
6.5078125,953.3114624023438,28.365676879882812
6.5234375,953.300537109375,28.374496459960938
6.5390625,953.3067626953125,28.36090850830078
6.5546875,953.2713623046875,28.367881774902344
6.5703125,953.2900390625,28.367881774902344
6.5859375,953.30615234375,28.3770751953125
6.6015625,953.2992553710938,28.373390197753906
6.6171875,953.2971801757812,28.374862670898438
6.6328125,953.2793579101562,28.372665405273438
6.6484375,953.3012084960938,28.368255615234375
6.6640625,953.3031005859375,28.365676879882812
6.6796875,953.2992553710938,28.36273956298828
6.6953125,953.3092041015625,28.368980407714844
6.7109375,953.3009033203125,28.366775512695312
6.7265625,953.3018798828125,28.370826721191406
6.7421875,953.3172607421875,28.371559143066406
6.7578125,953.3579711914062,28.37413787841797
6.7734375,953.40185546875,28.372665405273438
6.7890625,953.3873291015625,28.39177703857422
6.8046875,953.3963623046875,28.370826721191406
6.8203125,953.4044189453125,28.384414672851562
6.8359375,953.3998413085938,28.373390197753906
6.8515625,953.39453125,28.3770751953125
6.8671875,953.4833374023438,28.374496459960938
6.8828125,953.4155883789062,28.373390197753906
6.8984375,953.387939453125,28.367523193359375
6.9140625,953.3820190429688,28.385894775390625
6.9296875,953.4172973632812,28.372665405273438
6.9453125,953.3890991210938,28.385894775390625
6.9609375,953.4094848632812,28.38220977783203
6.9765625,953.4408569335938,28.385520935058594
6.9921875,953.3904418945312,28.38037872314453
7.0078125,953.4347534179688,28.391029357910156
7.0234375,953.4405517578125,28.391403198242188
7.0390625,953.4202270507812,28.385520935058594
7.0546875,953.4549560546875,28.372665405273438
7.0703125,953.4124145507812,28.392135620117188
7.0859375,953.40771484375,28.392135620117188
7.1015625,953.439453125,28.37964630126953
7.1171875,953.4602661132812,28.3792724609375
7.1328125,953.3885498046875,28.37779998779297
7.1484375,953.3985595703125,28.373390197753906
7.1640625,953.4267578125,28.3770751953125
7.1796875,953.4164428710938,28.368621826171875
7.1953125,953.413818359375,28.370086669921875
7.2109375,953.390625,28.374862670898438
7.2265625,953.4210205078125,28.364212036132812
7.2421875,953.4391479492188,28.374862670898438
7.2578125,953.4108276367188,28.363845825195312
7.2734375,953.410888671875,28.370452880859375
7.2890625,953.4199829101562,28.370826721191406
7.3046875,953.384765625,28.366775512695312
7.3203125,953.414794921875,28.37596893310547
7.3359375,953.4091186523438,28.370826721191406
7.3515625,953.4217529296875,28.371559143066406
7.3671875,953.4475708007812,28.35906219482422
7.3828125,953.3991088867188,28.355026245117188
7.3984375,953.40234375,28.356857299804688
7.4140625,953.4073486328125,28.35980224609375
7.4296875,953.4422607421875,28.352447509765625
7.4453125,953.41162109375,28.36347198486328
7.4609375,953.432373046875,28.356124877929688
7.4765625,953.4239501953125,28.365676879882812
7.4921875,953.4087524414062,28.36163330078125
7.5078125,953.3832397460938,28.370452880859375
7.5234375,953.38232421875,28.366775512695312
7.5390625,953.419677734375,28.36163330078125
7.5546875,953.4214477539062,28.352813720703125
7.5703125,953.4307861328125,28.35980224609375
7.5859375,953.4044799804688,28.355392456054688
7.6015625,953.3921508789062,28.354293823242188
7.6171875,953.382568359375,28.355392456054688
7.6328125,953.3987426757812,28.352088928222656
7.6484375,953.3917846679688,28.35980224609375
7.6640625,953.3890380859375,28.355751037597656
7.6796875,953.3801879882812,28.354652404785156
7.6953125,953.3765258789062,28.357955932617188
7.7109375,953.364990234375,28.355751037597656
7.7265625,953.368896484375,28.357955932617188
7.7421875,953.3505859375,28.36200714111328
7.7578125,953.3551635742188,28.355392456054688
7.7734375,953.34912109375,28.346206665039062
7.7890625,953.3477172851562,28.349884033203125
7.8046875,953.34326171875,28.349136352539062
7.8203125,953.3299560546875,28.349136352539062
7.8359375,953.3318481445312,28.34252166748047
7.8515625,953.3312377929688,28.346206665039062
7.8671875,953.3422241210938,28.3421630859375
7.8828125,953.321533203125,28.34069061279297
7.8984375,953.3273315429688,28.337387084960938
7.9140625,953.3217163085938,28.32746124267578
7.9296875,953.335693359375,28.319747924804688
7.9453125,953.3240966796875,28.336654663085938
7.9609375,953.3329467773438,28.319015502929688
7.9765625,953.3251342773438,28.32746124267578
7.9921875,953.3242797851562,28.32635498046875
8.0078125,953.3204956054688,28.317909240722656
8.0234375,953.31201171875,28.317535400390625
8.0390625,953.3155517578125,28.321945190429688
8.0546875,953.309326171875,28.3087158203125
8.0703125,953.3128662109375,28.314964294433594
8.0859375,953.3117065429688,28.3087158203125
8.1015625,953.31591796875,28.310195922851562
8.1171875,953.3165283203125,28.3087158203125
8.1328125,953.3104248046875,28.312026977539062
8.1484375,953.3142700195312,28.316436767578125
8.1640625,953.3184204101562,28.311294555664062
8.1796875,953.3148803710938,28.319015502929688
8.1953125,953.3143310546875,28.30982208251953
8.2109375,953.3045654296875,28.295486450195312
8.2265625,953.307861328125,28.308349609375
8.2421875,953.3187255859375,28.312026977539062
8.2578125,953.3179321289062,28.299530029296875
8.2734375,953.2963256835938,28.299896240234375
8.2890625,953.29638671875,28.316436767578125
8.3046875,953.3135986328125,28.299171447753906
8.3203125,953.3028564453125,28.3087158203125
8.3359375,953.3110961914062,28.300270080566406
8.3515625,953.2916870117188,28.310195922851562
8.3671875,953.309326171875,28.299171447753906
8.3828125,953.3231811523438,28.308349609375
8.3984375,953.3073120117188,28.316436767578125
8.4140625,953.2980346679688,28.31055450439453
8.4296875,953.3004760742188,28.312026977539062
8.4453125,953.3005981445312,28.302108764648438
8.4609375,953.2947998046875,28.308349609375
8.4765625,953.29248046875,28.314964294433594
8.4921875,953.2997436523438,28.295486450195312
8.5078125,953.3097534179688,28.312026977539062
8.5234375,953.2981567382812,28.296592712402344
8.5390625,953.309814453125,28.310195922851562
8.5546875,953.3034057617188,28.30908966064453
8.5703125,953.3056640625,28.303939819335938
8.5859375,953.2949829101562,28.295486450195312
8.6015625,953.3031616210938,28.296218872070312
8.6171875,953.309814453125,28.30541229248047
8.6328125,953.2969360351562,28.308349609375
8.6484375,953.2918701171875,28.312026977539062
8.6640625,953.3017578125,28.311294555664062
8.6796875,953.2933349609375,28.310195922851562
8.6953125,953.3045654296875,28.317535400390625
8.7109375,953.3340454101562,28.3087158203125
8.7265625,953.3660888671875,28.3057861328125
8.7421875,953.3262329101562,28.302108764648438
8.7578125,953.3384399414062,28.308349609375
8.7734375,953.3546142578125,28.313125610351562
8.7890625,953.4071044921875,28.302833557128906
8.8046875,953.4006958007812,28.301002502441406
8.8203125,953.4124755859375,28.30467987060547
8.8359375,953.3883666992188,28.310195922851562
8.8515625,953.4713745117188,28.312759399414062
8.8671875,953.4028930664062,28.3087158203125
8.8828125,953.4419555664062,28.315704345703125
8.8984375,953.4127197265625,28.312026977539062
8.9140625,953.420654296875,28.313858032226562
8.9296875,953.46875,28.314964294433594
8.9453125,953.44921875,28.316810607910156
8.9609375,953.451171875,28.313499450683594
8.9765625,953.4555053710938,28.32231903076172
8.9921875,953.4677734375,28.330039978027344
9.0078125,953.4260864257812,28.317535400390625
9.0234375,953.4494018554688,28.333702087402344
9.0390625,953.4886474609375,28.32708740234375
9.0546875,953.4730224609375,28.3447265625
9.0703125,953.4060668945312,28.349884033203125
9.0859375,953.3904418945312,28.32746124267578
9.1015625,953.4091796875,28.33995819091797
9.1171875,953.4324951171875,28.335174560546875
9.1328125,953.4200439453125,28.335174560546875
9.1484375,953.4439086914062,28.345474243164062
9.1640625,953.4485473632812,28.345474243164062
9.1796875,953.437255859375,28.331138610839844
9.1953125,953.430419921875,28.335174560546875
9.2109375,953.4428100585938,28.3436279296875
9.2265625,953.4381713867188,28.335174560546875
9.2421875,953.40625,28.349884033203125
9.2578125,953.4376220703125,28.34252166748047
9.2734375,953.4716186523438,28.34436798095703
9.2890625,953.4801635742188,28.349884033203125
9.3046875,953.4806518554688,28.352813720703125
9.3203125,953.4624633789062,28.34583282470703
9.3359375,953.4354248046875,28.34583282470703
9.3515625,953.4258422851562,28.337387084960938
9.3671875,953.4454345703125,28.348037719726562
9.3828125,953.39208984375,28.349884033203125
9.3984375,953.4143676757812,28.346206665039062
9.4140625,953.3912353515625,28.350982666015625
9.4296875,953.4132690429688,28.35832977294922
9.4453125,953.397216796875,28.352088928222656
9.4609375,953.4264526367188,28.35943603515625
9.4765625,953.4032592773438,28.354293823242188
9.4921875,953.3860473632812,28.352088928222656
9.5078125,953.3673095703125,28.355026245117188
9.5234375,953.3980102539062,28.364944458007812
9.5390625,953.3758544921875,28.349136352539062
9.5546875,953.3945922851562,28.346206665039062
9.5703125,953.40625,28.352088928222656
9.5859375,953.4055786132812,28.356124877929688
9.6015625,953.3857421875,28.35906219482422
9.6171875,953.3770141601562,28.34693145751953
9.6328125,953.3739624023438,28.35943603515625
9.6484375,953.3602905273438,28.349884033203125
9.6640625,953.3635864257812,28.36200714111328
9.6796875,953.3599243164062,28.349884033203125
9.6953125,953.352783203125,28.36163330078125
9.7109375,953.3814697265625,28.35906219482422
9.7265625,953.3650512695312,28.348037719726562
9.7421875,953.3663940429688,28.352447509765625
9.7578125,953.35302734375,28.35980224609375
9.7734375,953.337646484375,28.356124877929688
9.7890625,953.3671875,28.36126708984375
9.8046875,953.3508911132812,28.36347198486328
9.8203125,953.3637084960938,28.35832977294922
9.8359375,953.3505859375,28.345474243164062
9.8515625,953.3553466796875,28.349884033203125
9.8671875,953.3468017578125,28.36200714111328
9.8828125,953.3479614257812,28.34069061279297
9.8984375,953.35546875,28.353919982910156
9.9140625,953.3543701171875,28.3447265625
9.9296875,953.3360595703125,28.36200714111328
9.9453125,953.3377685546875,28.350982666015625
9.9609375,953.3541259765625,28.35906219482422
9.9765625,953.3536376953125,28.34583282470703
9.9921875,953.3427734375,28.331138610839844
10.0078125,953.3473510742188,28.346206665039062
10.0234375,953.3494262695312,28.352447509765625
10.0390625,953.3471069335938,28.347679138183594
10.0546875,953.3400268554688,28.3447265625
10.0703125,953.3360595703125,28.330764770507812
10.0859375,953.3478393554688,28.355751037597656
10.1015625,953.350341796875,28.34436798095703
10.1171875,953.3493041992188,28.3447265625
10.1328125,953.3522338867188,28.338485717773438
10.1484375,953.3301391601562,28.3428955078125
10.1640625,953.3449096679688,28.36016082763672
10.1796875,953.3346557617188,28.3447265625
10.1953125,953.3360595703125,28.3436279296875
10.2109375,953.3294067382812,28.3447265625
10.2265625,953.339111328125,28.349136352539062
10.2421875,953.3251953125,28.3436279296875
10.2578125,953.32763671875,28.34583282470703
10.2734375,953.3278198242188,28.337753295898438
10.2890625,953.3353881835938,28.334808349609375
10.3046875,953.3369140625,28.356124877929688
10.3203125,953.3348388671875,28.330039978027344
10.3359375,953.329345703125,28.331497192382812
10.3515625,953.3281860351562,28.339218139648438
10.3671875,953.3267211914062,28.335906982421875
10.3828125,953.3370361328125,28.337387084960938
10.3984375,953.3217163085938,28.339218139648438
10.4140625,953.3267211914062,28.335548400878906
10.4296875,953.3382568359375,28.3436279296875
10.4453125,953.3342895507812,28.34583282470703
10.4609375,953.3362426757812,28.33995819091797
10.4765625,953.3320922851562,28.337753295898438
10.4921875,953.3228759765625,28.33885955810547
10.5078125,953.3211669921875,28.32598876953125
10.5234375,953.3359985351562,28.331497192382812
10.5390625,953.3263549804688,28.34069061279297
10.5546875,953.3190307617188,28.330039978027344
10.5703125,953.3383178710938,28.32598876953125
10.5859375,953.330078125,28.331138610839844
10.6015625,953.3258666992188,28.33995819091797
10.6171875,953.3338623046875,28.32598876953125
10.6328125,953.3198852539062,28.335548400878906
10.6484375,953.3268432617188,28.3436279296875
10.6640625,953.32763671875,28.337753295898438
10.6796875,953.3282470703125,28.336654663085938
10.6953125,953.3389892578125,28.334075927734375
10.7109375,953.34765625,28.328933715820312
10.7265625,953.4181518554688,28.3436279296875
10.7421875,953.3850708007812,28.3447265625
10.7578125,953.4066772460938,28.346572875976562
10.7734375,953.445068359375,28.34142303466797
10.7890625,953.4176635742188,28.345474243164062
10.8046875,953.4569091796875,28.349136352539062
10.8203125,953.4076538085938,28.3428955078125
10.8359375,953.4369506835938,28.349136352539062
10.8515625,953.4261474609375,28.36200714111328
10.8671875,953.431640625,28.3447265625
10.8828125,953.440673828125,28.33885955810547
10.8984375,953.4323120117188,28.345474243164062
10.9140625,953.4330444335938,28.335174560546875
10.9296875,953.4158325195312,28.349884033203125
10.9453125,953.435302734375,28.3447265625
10.9609375,953.4568481445312,28.34583282470703
10.9765625,953.4521484375,28.354293823242188
10.9921875,953.4398803710938,28.348037719726562
11.0078125,953.4392700195312,28.345474243164062
11.0234375,953.4443359375,28.35980224609375
11.0390625,953.4439697265625,28.345474243164062
11.0546875,953.437255859375,28.330039978027344
11.0703125,953.4165649414062,28.3428955078125
11.0859375,953.4208374023438,28.346206665039062
11.1015625,953.43310546875,28.364944458007812
11.1171875,953.4541015625,28.33995819091797
11.1328125,953.4391479492188,28.349136352539062
11.1484375,953.4244384765625,28.3436279296875
11.1640625,953.4669189453125,28.34252166748047
11.1796875,953.4208374023438,28.349136352539062
11.1953125,953.4435424804688,28.345474243164062
11.2109375,953.4210815429688,28.356124877929688
11.2265625,953.4030151367188,28.356857299804688
11.2421875,953.4490966796875,28.338485717773438
11.2578125,953.4096069335938,28.346206665039062
11.2734375,953.4420776367188,28.350982666015625
11.2890625,953.4454956054688,28.352088928222656
11.3046875,953.4407348632812,28.350982666015625
11.3203125,953.4293823242188,28.34583282470703
11.3359375,953.4359741210938,28.355392456054688
11.3515625,953.4178466796875,28.351715087890625
11.3671875,953.469482421875,28.350982666015625
11.3828125,953.4514770507812,28.357955932617188
11.3984375,953.4391479492188,28.36200714111328
11.4140625,953.4346923828125,28.352447509765625
11.4296875,953.3883666992188,28.346206665039062
11.4453125,953.43310546875,28.355392456054688
11.4609375,953.4400024414062,28.346206665039062
11.4765625,953.4169921875,28.349884033203125
11.4921875,953.4364624023438,28.3436279296875
11.5078125,953.4387817382812,28.3447265625
11.5234375,953.4227905273438,28.330039978027344
11.5390625,953.4291381835938,28.34583282470703
11.5546875,953.4456176757812,28.345474243164062
11.5703125,953.4157104492188,28.3447265625
11.5859375,953.4252319335938,28.346206665039062
11.6015625,953.4139404296875,28.34252166748047
11.6171875,953.4166259765625,28.336654663085938
11.6328125,953.409423828125,28.335174560546875
11.6484375,953.4057006835938,28.33995819091797
11.6640625,953.4235229492188,28.339584350585938
11.6796875,953.405517578125,28.331871032714844
11.6953125,953.3958129882812,28.330764770507812
11.7109375,953.3873291015625,28.335548400878906
11.7265625,953.3931884765625,28.331497192382812
11.7421875,953.3682861328125,28.33885955810547
11.7578125,953.3857421875,28.333343505859375
11.7734375,953.3780517578125,28.3428955078125
11.7890625,953.3873291015625,28.352088928222656
11.8046875,953.3714599609375,28.317535400390625
11.8203125,953.366943359375,28.331138610839844
11.8359375,953.3599243164062,28.32746124267578
11.8515625,953.3762817382812,28.328567504882812
11.8671875,953.3733520507812,28.33995819091797
11.8828125,953.3733520507812,28.329666137695312
11.8984375,953.3692626953125,28.317535400390625
11.9140625,953.3610229492188,28.34252166748047
11.9296875,953.358642578125,28.335174560546875
11.9453125,953.341064453125,28.339218139648438
11.9609375,953.3673095703125,28.330398559570312
11.9765625,953.3478393554688,28.330039978027344
11.9921875,953.3681640625,28.330398559570312
12.0078125,953.3544311523438,28.319374084472656
12.0234375,953.3539428710938,28.32635498046875
12.0390625,953.3468017578125,28.319015502929688
12.0546875,953.3383178710938,28.313125610351562
12.0703125,953.352783203125,28.310195922851562
12.0859375,953.338623046875,28.314964294433594
12.1015625,953.3397216796875,28.317909240722656
12.1171875,953.3394165039062,28.32672882080078
12.1328125,953.32177734375,28.296592712402344
12.1484375,953.3229370117188,28.314964294433594
12.1640625,953.3457641601562,28.310195922851562
12.1796875,953.3458251953125,28.299896240234375
12.1953125,953.3382568359375,28.316436767578125
12.2109375,953.3219604492188,28.299896240234375
12.2265625,953.3262939453125,28.304306030273438
12.2421875,953.3129272460938,28.316062927246094
12.2578125,953.3243408203125,28.299896240234375
12.2734375,953.3292846679688,28.299171447753906
12.2890625,953.3244018554688,28.3076171875
12.3046875,953.3432006835938,28.320472717285156
12.3203125,953.3283081054688,28.312400817871094
12.3359375,953.3234252929688,28.30724334716797
12.3515625,953.3263549804688,28.3057861328125
12.3671875,953.3232421875,28.3087158203125
12.3828125,953.3248291015625,28.310195922851562
12.3984375,953.338623046875,28.308349609375
12.4140625,953.3306884765625,28.310928344726562
12.4296875,953.3351440429688,28.298797607421875
12.4453125,953.3226318359375,28.295486450195312
12.4609375,953.3324584960938,28.302833557128906
12.4765625,953.3206176757812,28.318267822265625
12.4921875,953.3358154296875,28.302833557128906
12.5078125,953.3356323242188,28.312400817871094
12.5234375,953.3346557617188,28.308349609375
12.5390625,953.3361206054688,28.299171447753906
12.5546875,953.31787109375,28.295486450195312
12.5703125,953.3223266601562,28.312026977539062
12.5859375,953.3244018554688,28.30467987060547
12.6015625,953.3422241210938,28.308349609375
12.6171875,953.3240966796875,28.301002502441406
12.6328125,953.31982421875,28.304306030273438
12.6484375,953.3212890625,28.314964294433594
12.6640625,953.3242797851562,28.30358123779297
12.6796875,953.3302001953125,28.29218292236328
12.6953125,953.3207397460938,28.310195922851562
12.7109375,953.3165283203125,28.313125610351562
12.7265625,953.3251953125,28.30358123779297
12.7421875,953.32958984375,28.299896240234375
12.7578125,953.297607421875,28.30908966064453
12.7734375,953.327880859375,28.312026977539062
12.7890625,953.3298950195312,28.3076171875
12.8046875,953.3295288085938,28.310195922851562
12.8203125,953.3279418945312,28.3094482421875
12.8359375,953.3895263671875,28.312026977539062
12.8515625,953.3519897460938,28.316436767578125
12.8671875,953.3822631835938,28.299530029296875
12.8828125,953.3800659179688,28.293655395507812
12.8984375,953.3865966796875,28.3076171875
12.9140625,953.3869018554688,28.3057861328125
12.9296875,953.4182739257812,28.312759399414062
12.9453125,953.4059448242188,28.30799102783203
12.9609375,953.406005859375,28.299896240234375
12.9765625,953.4375,28.304306030273438
12.9921875,953.4031982421875,28.304306030273438
13.0078125,953.3919067382812,28.310195922851562
13.0234375,953.4403076171875,28.299530029296875
13.0390625,953.4164428710938,28.316436767578125
13.0546875,953.4456176757812,28.3087158203125
13.0703125,953.4234008789062,28.304306030273438
13.0859375,953.412841796875,28.317169189453125
13.1015625,953.4462890625,28.317535400390625
13.1171875,953.4260864257812,28.319015502929688
13.1328125,953.433349609375,28.299896240234375
13.1484375,953.452392578125,28.322677612304688
13.1640625,953.4235229492188,28.316810607910156
13.1796875,953.4200439453125,28.322677612304688
13.1953125,953.4055786132812,28.3087158203125
13.2109375,953.4263916015625,28.32708740234375
13.2265625,953.4437255859375,28.312759399414062
13.2421875,953.462646484375,28.32342529296875
13.2578125,953.4266357421875,28.314964294433594
13.2734375,953.432373046875,28.330398559570312
13.2890625,953.4249877929688,28.334075927734375
13.3046875,953.434814453125,28.312759399414062
13.3203125,953.4434814453125,28.32563018798828
13.3359375,953.4323120117188,28.32452392578125
13.3515625,953.4398803710938,28.319374084472656
13.3671875,953.4633178710938,28.315704345703125
13.3828125,953.4515991210938,28.316810607910156
13.3984375,953.4462890625,28.32708740234375
13.4140625,953.4598999023438,28.317909240722656
13.4296875,953.4111328125,28.32746124267578
13.4453125,953.4240112304688,28.333702087402344
13.4609375,953.4360961914062,28.310195922851562
13.4765625,953.4360961914062,28.316436767578125
13.4921875,953.4122314453125,28.32708740234375
13.5078125,953.43115234375,28.335548400878906
13.5234375,953.4380493164062,28.310195922851562
13.5390625,953.4139404296875,28.327835083007812
13.5546875,953.4049682617188,28.32305145263672
13.5703125,953.405029296875,28.314964294433594
13.5859375,953.4024658203125,28.319374084472656
13.6015625,953.432861328125,28.312026977539062
13.6171875,953.4164428710938,28.304306030273438
13.6328125,953.4331665039062,28.319015502929688
13.6484375,953.409423828125,28.30799102783203
13.6640625,953.3851318359375,28.319747924804688
13.6796875,953.3700561523438,28.319374084472656
13.6953125,953.4232788085938,28.30799102783203
13.7109375,953.403564453125,28.312026977539062
13.7265625,953.3997192382812,28.312759399414062
13.7421875,953.3878784179688,28.305038452148438
13.7578125,953.3776245117188,28.316436767578125
13.7734375,953.3834838867188,28.311294555664062
13.7890625,953.3692626953125,28.3094482421875
13.8046875,953.3732299804688,28.30358123779297
13.8203125,953.381591796875,28.303939819335938
13.8359375,953.3697509765625,28.313858032226562
13.8515625,953.3587036132812,28.310195922851562
13.8671875,953.3673095703125,28.310195922851562
13.8828125,953.3583984375,28.295486450195312
13.8984375,953.3533325195312,28.293655395507812
13.9140625,953.3519897460938,28.295486450195312
13.9296875,953.3533325195312,28.30799102783203
13.9453125,953.355224609375,28.30982208251953
13.9609375,953.3643798828125,28.298423767089844
13.9765625,953.3590698242188,28.296592712402344
13.9921875,953.3743286132812,28.299530029296875
14.0078125,953.3507690429688,28.301734924316406
14.0234375,953.3516235351562,28.301002502441406
14.0390625,953.3443603515625,28.302833557128906
14.0546875,953.3319091796875,28.300270080566406
14.0703125,953.350830078125,28.313858032226562
14.0859375,953.3551635742188,28.301002502441406
14.1015625,953.3544921875,28.30358123779297
14.1171875,953.3494262695312,28.293655395507812
14.1328125,953.337646484375,28.296592712402344
14.1484375,953.3385620117188,28.299530029296875
14.1640625,953.3458862304688,28.299896240234375
14.1796875,953.3448486328125,28.29035186767578
14.1953125,953.3355102539062,28.294387817382812
14.2109375,953.3443603515625,28.29401397705078
14.2265625,953.3442993164062,28.296592712402344
14.2421875,953.344482421875,28.303207397460938
14.2578125,953.325439453125,28.294387817382812
14.2734375,953.3443603515625,28.295860290527344
14.2890625,953.3444213867188,28.297325134277344
14.3046875,953.325439453125,28.29401397705078
14.3203125,953.3442993164062,28.298065185546875
14.3359375,953.3314819335938,28.28997802734375
14.3515625,953.3396606445312,28.293289184570312
14.3671875,953.3441162109375,28.29401397705078
14.3828125,953.3358154296875,28.29107666015625
14.3984375,953.3325805664062,28.29071044921875
14.4140625,953.3260498046875,28.277847290039062
14.4296875,953.3270874023438,28.280426025390625
14.4453125,953.3279418945312,28.298797607421875
14.4609375,953.3226318359375,28.282630920410156
14.4765625,953.321044921875,28.280426025390625
14.4921875,953.3327026367188,28.298423767089844
14.5078125,953.3243408203125,28.295120239257812
14.5234375,953.3228759765625,28.28704071044922
14.5390625,953.321533203125,28.28997802734375
14.5546875,953.3235473632812,28.282989501953125
14.5703125,953.3348388671875,28.29401397705078
14.5859375,953.32568359375,28.28924560546875
14.6015625,953.3336791992188,28.287399291992188
14.6171875,953.3322143554688,28.282257080078125
14.6328125,953.314453125,28.27086639404297
14.6484375,953.31982421875,28.276016235351562
14.6640625,953.3292846679688,28.29107666015625
14.6796875,953.3325805664062,28.28997802734375
14.6953125,953.3229370117188,28.276748657226562
14.7109375,953.326904296875,28.2723388671875
14.7265625,953.3271484375,28.278953552246094
14.7421875,953.3271484375,28.274917602539062
14.7578125,953.3237915039062,28.269027709960938
14.7734375,953.3178100585938,28.283737182617188
14.7890625,953.3306884765625,28.282989501953125
14.8046875,953.3215942382812,28.285568237304688
14.8203125,953.3284912109375,28.29035186767578
14.8359375,953.3134155273438,28.277481079101562
14.8515625,953.3186645507812,28.29401397705078
14.8671875,953.3400268554688,28.295860290527344
14.8828125,953.3419799804688,28.293289184570312
14.8984375,953.3322143554688,28.28594207763672
14.9140625,953.3362426757812,28.28924560546875
14.9296875,953.3432006835938,28.299171447753906
14.9453125,953.3674926757812,28.294387817382812
14.9609375,953.3472290039062,28.28924560546875
14.9765625,953.3652954101562,28.29071044921875
14.9921875,953.3821411132812,28.294761657714844
15.0078125,953.364013671875,28.294761657714844
15.0234375,953.356201171875,28.302833557128906
15.0390625,953.3707885742188,28.301002502441406
15.0546875,953.3867797851562,28.298065185546875
15.0703125,953.4031982421875,28.299896240234375
15.0859375,953.3819580078125,28.3094482421875
15.1015625,953.3906860351562,28.298065185546875
15.1171875,953.3840942382812,28.299896240234375
15.1328125,953.4046630859375,28.299530029296875
15.1484375,953.405029296875,28.306884765625
15.1640625,953.4071044921875,28.308349609375
15.1796875,953.39404296875,28.3087158203125
15.1953125,953.3851928710938,28.312759399414062
15.2109375,953.4046630859375,28.316810607910156
15.2265625,953.4021606445312,28.310195922851562
15.2421875,953.4067993164062,28.292556762695312
15.2578125,953.3859252929688,28.308349609375
15.2734375,953.3988647460938,28.308349609375
15.2890625,953.4090576171875,28.3087158203125
15.3046875,953.3851928710938,28.303939819335938
15.3203125,953.3977661132812,28.312026977539062
15.3359375,953.420654296875,28.310195922851562
15.3515625,953.4103393554688,28.318267822265625
15.3671875,953.4099731445312,28.310195922851562
15.3828125,953.4031982421875,28.3065185546875
15.3984375,953.3938598632812,28.32342529296875
15.4140625,953.4241943359375,28.314605712890625
15.4296875,953.4125366210938,28.312759399414062
15.4453125,953.3890991210938,28.312026977539062
15.4609375,953.4194946289062,28.310195922851562
15.4765625,953.4008178710938,28.310195922851562
15.4921875,953.4061279296875,28.316436767578125
15.5078125,953.40380859375,28.295486450195312
15.5234375,953.4071655273438,28.314605712890625
15.5390625,953.3970947265625,28.316810607910156
15.5546875,953.4038696289062,28.314964294433594
15.5703125,953.4097290039062,28.314964294433594
15.5859375,953.3971557617188,28.313499450683594
15.6015625,953.3850708007812,28.312759399414062
15.6171875,953.4076538085938,28.316810607910156
15.6328125,953.405029296875,28.331871032714844
15.6484375,953.396484375,28.319015502929688
15.6640625,953.3951416015625,28.312026977539062
15.6796875,953.4034423828125,28.320846557617188
15.6953125,953.3851318359375,28.319015502929688
15.7109375,953.406982421875,28.303207397460938
15.7265625,953.3977661132812,28.32342529296875
15.7421875,953.3937377929688,28.316810607910156
15.7578125,953.392578125,28.319374084472656
15.7734375,953.3839111328125,28.30467987060547
15.7890625,953.3745727539062,28.32415771484375
15.8046875,953.3949584960938,28.319747924804688
15.8203125,953.3826293945312,28.317909240722656
15.8359375,953.3932495117188,28.32452392578125
15.8515625,953.3693237304688,28.32305145263672
15.8671875,953.380615234375,28.30467987060547
15.8828125,953.3764038085938,28.329666137695312
15.8984375,953.3734130859375,28.320846557617188
15.9140625,953.3815307617188,28.32672882080078
15.9296875,953.3845825195312,28.317169189453125
15.9453125,953.3585205078125,28.316436767578125
15.9609375,953.3709716796875,28.332977294921875
15.9765625,953.3713989257812,28.316810607910156
15.9921875,953.3770141601562,28.316810607910156
16.0078125,953.383544921875,28.314964294433594
16.0234375,953.3720092773438,28.314964294433594
16.0390625,953.3720092773438,28.32415771484375
16.0546875,953.3687133789062,28.330398559570312
16.0703125,953.3622436523438,28.32635498046875
16.0859375,953.3773193359375,28.312026977539062
16.1015625,953.3561401367188,28.311294555664062
16.1171875,953.3603515625,28.314964294433594
16.1328125,953.353515625,28.295486450195312
16.1484375,953.3659057617188,28.32746124267578
16.1640625,953.367919921875,28.316436767578125
16.1796875,953.3507080078125,28.313125610351562
16.1953125,953.36474609375,28.30541229248047
16.2109375,953.3549194335938,28.3076171875
16.2265625,953.3521728515625,28.303939819335938
16.2421875,953.3494262695312,28.313125610351562
16.2578125,953.350341796875,28.308349609375
16.2734375,953.3516235351562,28.3087158203125
16.2890625,953.3499145507812,28.299896240234375
16.3046875,953.3388671875,28.310195922851562
16.3203125,953.3458251953125,28.302833557128906
16.3359375,953.3493041992188,28.299896240234375
16.3515625,953.337646484375,28.312400817871094
16.3671875,953.3382568359375,28.313858032226562
16.3828125,953.350341796875,28.304306030273438
16.3984375,953.3387451171875,28.296592712402344
16.4140625,953.3361206054688,28.312400817871094
16.4296875,953.3262939453125,28.296218872070312
16.4453125,953.3247680664062,28.3057861328125
16.4609375,953.3447265625,28.30467987060547
16.4765625,953.3494873046875,28.30908966064453
16.4921875,953.3265991210938,28.310195922851562
16.5078125,953.3350830078125,28.302833557128906
16.5234375,953.3480834960938,28.3065185546875
16.5390625,953.3406982421875,28.295486450195312
16.5546875,953.3419799804688,28.299171447753906
16.5703125,953.3256225585938,28.295486450195312
16.5859375,953.3360595703125,28.301002502441406
16.6015625,953.3365478515625,28.30467987060547
16.6171875,953.3255004882812,28.315704345703125
16.6328125,953.3345336914062,28.310195922851562
16.6484375,953.3350830078125,28.3087158203125
16.6640625,953.3325805664062,28.296592712402344
16.6796875,953.3331298828125,28.310195922851562
16.6953125,953.335693359375,28.28924560546875
16.7109375,953.3318481445312,28.312026977539062
16.7265625,953.3394165039062,28.299896240234375
16.7421875,953.3287353515625,28.299171447753906
16.7578125,953.3322143554688,28.301002502441406
16.7734375,953.3281860351562,28.30724334716797
16.7890625,953.337158203125,28.302108764648438
16.8046875,953.3390502929688,28.301002502441406
16.8203125,953.344970703125,28.312026977539062
16.8359375,953.3555297851562,28.30358123779297
16.8515625,953.3482055664062,28.312759399414062
16.8671875,953.3527221679688,28.308349609375
16.8828125,953.3516235351562,28.28924560546875
16.8984375,953.3479614257812,28.301376342773438
16.9140625,953.3575439453125,28.30799102783203
16.9296875,953.3546142578125,28.303939819335938
16.9453125,953.354736328125,28.299530029296875
16.9609375,953.3662109375,28.298423767089844
16.9765625,953.3572387695312,28.28814697265625
16.9921875,953.3789672851562,28.295120239257812
17.0078125,953.3921508789062,28.3076171875
17.0234375,953.3826904296875,28.313125610351562
17.0390625,953.390380859375,28.313125610351562
17.0546875,953.37841796875,28.299171447753906
17.0703125,953.3829956054688,28.314605712890625
17.0859375,953.4096069335938,28.32635498046875
17.1015625,953.4077758789062,28.311294555664062
17.1171875,953.3985595703125,28.3057861328125
17.1328125,953.4027709960938,28.314605712890625
17.1484375,953.39404296875,28.3094482421875
17.1640625,953.415771484375,28.314964294433594
17.1796875,953.4097290039062,28.299530029296875
17.1953125,953.3812255859375,28.317909240722656
17.2109375,953.3837280273438,28.314964294433594
17.2265625,953.3851928710938,28.316810607910156
17.2421875,953.3818359375,28.32746124267578
17.2578125,953.4091796875,28.316810607910156
17.2734375,953.384765625,28.32452392578125
17.2890625,953.4158935546875,28.331138610839844
17.3046875,953.3892211914062,28.322677612304688
17.3203125,953.3948364257812,28.313125610351562
17.3359375,953.40771484375,28.322677612304688
17.3515625,953.3936767578125,28.330398559570312
17.3671875,953.3950805664062,28.335174560546875
17.3828125,953.3883666992188,28.322677612304688
17.3984375,953.4068603515625,28.349884033203125
17.4140625,953.4071655273438,28.335548400878906
17.4296875,953.4051513671875,28.328933715820312
17.4453125,953.405029296875,28.3428955078125
17.4609375,953.4196166992188,28.339218139648438
17.4765625,953.3984375,28.350616455078125
17.4921875,953.3905029296875,28.337753295898438
17.5078125,953.380859375,28.3428955078125
17.5234375,953.4088745117188,28.3428955078125
17.5390625,953.3897705078125,28.331138610839844
17.5546875,953.395751953125,28.351341247558594
17.5703125,953.38818359375,28.3436279296875
17.5859375,953.3909912109375,28.335174560546875
17.6015625,953.3878173828125,28.339584350585938
17.6171875,953.3947143554688,28.345474243164062
17.6328125,953.3851928710938,28.352088928222656
17.6484375,953.3917846679688,28.34142303466797
17.6640625,953.3966674804688,28.352447509765625
17.6796875,953.3871459960938,28.348037719726562
17.6953125,953.380126953125,28.349884033203125
17.7109375,953.3851318359375,28.364944458007812
17.7265625,953.3811645507812,28.365676879882812
17.7421875,953.3895874023438,28.352088928222656
17.7578125,953.3787231445312,28.349884033203125
17.7734375,953.3617553710938,28.355026245117188
17.7890625,953.3873291015625,28.365676879882812
17.8046875,953.3871459960938,28.36163330078125
17.8203125,953.382080078125,28.355751037597656
17.8359375,953.3623046875,28.36163330078125
17.8515625,953.3772583007812,28.346206665039062
17.8671875,953.3798828125,28.36347198486328
17.8828125,953.3505249023438,28.368980407714844
17.8984375,953.3756103515625,28.357955932617188
17.9140625,953.367919921875,28.35906219482422
17.9296875,953.3751831054688,28.364944458007812
17.9453125,953.3758544921875,28.355392456054688
17.9609375,953.3592529296875,28.355392456054688
17.9765625,953.3706665039062,28.355026245117188
17.9921875,953.380126953125,28.353919982910156
18.0078125,953.3740234375,28.346572875976562
18.0234375,953.3638305664062,28.3447265625
18.0390625,953.3594360351562,28.353919982910156
18.0546875,953.3705444335938,28.345474243164062
18.0703125,953.3726196289062,28.353919982910156
18.0859375,953.359130859375,28.357955932617188
18.1015625,953.3709106445312,28.349136352539062
18.1171875,953.3634643554688,28.345474243164062
18.1328125,953.3560180664062,28.330039978027344
18.1484375,953.3693237304688,28.34069061279297
18.1640625,953.3787231445312,28.348037719726562
18.1796875,953.3591918945312,28.34069061279297
18.1953125,953.3535766601562,28.34069061279297
18.2109375,953.370361328125,28.34436798095703
18.2265625,953.3660888671875,28.339218139648438
18.2421875,953.35888671875,28.331871032714844
18.2578125,953.3510131835938,28.3428955078125
18.2734375,953.3676147460938,28.331138610839844
18.2890625,953.3550415039062,28.32672882080078
18.3046875,953.3343505859375,28.3428955078125
18.3203125,953.356201171875,28.33885955810547
18.3359375,953.3575439453125,28.32746124267578
18.3515625,953.3517456054688,28.3428955078125
18.3671875,953.356201171875,28.328933715820312
18.3828125,953.3507080078125,28.338111877441406
18.3984375,953.3528442382812,28.32305145263672
18.4140625,953.3536987304688,28.332977294921875
18.4296875,953.3750610351562,28.320472717285156
18.4453125,953.3654174804688,28.332977294921875
18.4609375,953.3577270507812,28.316810607910156
18.4765625,953.3458862304688,28.335548400878906
18.4921875,953.3579711914062,28.32708740234375
18.5078125,953.353515625,28.339218139648438
18.5234375,953.3529663085938,28.32708740234375
18.5390625,953.339111328125,28.329666137695312
18.5546875,953.3340454101562,28.32122039794922
18.5703125,953.3529663085938,28.32598876953125
18.5859375,953.347412109375,28.32635498046875
18.6015625,953.3533935546875,28.3428955078125
18.6171875,953.3485107421875,28.32746124267578
18.6328125,953.3410034179688,28.32525634765625
18.6484375,953.3407592773438,28.335174560546875
18.6640625,953.3333129882812,28.337387084960938
18.6796875,953.3551635742188,28.333343505859375
18.6953125,953.341552734375,28.32672882080078
18.7109375,953.3541259765625,28.32929229736328
18.7265625,953.3412475585938,28.317909240722656
18.7421875,953.3406982421875,28.331138610839844
18.7578125,953.337158203125,28.32672882080078
18.7734375,953.3349609375,28.330398559570312
18.7890625,953.3346557617188,28.32598876953125
18.8046875,953.3348999023438,28.330398559570312
18.8203125,953.3521118164062,28.338111877441406
18.8359375,953.3427124023438,28.331138610839844
18.8515625,953.3473510742188,28.3436279296875
18.8671875,953.3485717773438,28.320472717285156
18.8828125,953.3438720703125,28.346206665039062
18.8984375,953.3494262695312,28.335906982421875
18.9140625,953.335205078125,28.3436279296875
18.9296875,953.3359985351562,28.332977294921875
18.9453125,953.3577270507812,28.355392456054688
18.9609375,953.3544921875,28.345474243164062
18.9765625,953.3535766601562,28.35906219482422
18.9921875,953.3483276367188,28.349884033203125
19.0078125,953.3683471679688,28.335548400878906
19.0234375,953.3782348632812,28.336654663085938
19.0390625,953.3628540039062,28.33995819091797
19.0546875,953.3775634765625,28.34583282470703
19.0703125,953.3726196289062,28.34252166748047
19.0859375,953.3789672851562,28.352447509765625
19.1015625,953.3662109375,28.349136352539062
19.1171875,953.3795776367188,28.36200714111328
19.1328125,953.3844604492188,28.352447509765625
19.1484375,953.3834838867188,28.34069061279297
19.1640625,953.37451171875,28.352447509765625
19.1796875,953.3834838867188,28.357955932617188
19.1953125,953.3828735351562,28.347679138183594
19.2109375,953.3955078125,28.352088928222656
19.2265625,953.3703002929688,28.36273956298828
19.2421875,953.3756103515625,28.349884033203125
19.2578125,953.4083251953125,28.354652404785156
19.2734375,953.3884887695312,28.350242614746094
19.2890625,953.3856811523438,28.364944458007812
19.3046875,953.3973388671875,28.355026245117188
19.3203125,953.3974609375,28.365318298339844
19.3359375,953.4057006835938,28.349884033203125
19.3515625,953.3868408203125,28.36200714111328
19.3671875,953.3754272460938,28.35980224609375
19.3828125,953.3878784179688,28.367149353027344
19.3984375,953.3974609375,28.366775512695312
19.4140625,953.3848876953125,28.370452880859375
19.4296875,953.3936767578125,28.36273956298828
19.4453125,953.389892578125,28.36163330078125
19.4609375,953.3922729492188,28.356124877929688
19.4765625,953.387451171875,28.37670135498047
19.4921875,953.3931274414062,28.369728088378906
19.5078125,953.3935546875,28.37523651123047
19.5234375,953.3893432617188,28.369354248046875
19.5390625,953.3923950195312,28.374496459960938
19.5546875,953.4005737304688,28.37523651123047
19.5703125,953.4072265625,28.372665405273438
19.5859375,953.3944091796875,28.37413787841797
19.6015625,953.39404296875,28.38037872314453
19.6171875,953.4071655273438,28.391029357910156
19.6328125,953.3892211914062,28.37854766845703
19.6484375,953.4082641601562,28.38220977783203
19.6640625,953.3960571289062,28.37964630126953
19.6796875,953.3951416015625,28.385520935058594
19.6953125,953.3951416015625,28.391403198242188
19.7109375,953.3873291015625,28.392135620117188
19.7265625,953.3922729492188,28.391029357910156
19.7421875,953.3892211914062,28.38220977783203
19.7578125,953.386474609375,28.378173828125
19.7734375,953.3931884765625,28.38220977783203
19.7890625,953.397216796875,28.372665405273438
19.8046875,953.3998413085938,28.386619567871094
19.8203125,953.3917236328125,28.385520935058594
19.8359375,953.3880004882812,28.39508056640625
19.8515625,953.4008178710938,28.391403198242188
19.8671875,953.3921508789062,28.391403198242188
19.8828125,953.3975830078125,28.391029357910156
19.8984375,953.3759765625,28.37523651123047
19.9140625,953.3905029296875,28.389572143554688
19.9296875,953.383544921875,28.391403198242188
19.9453125,953.3909912109375,28.388465881347656
19.9609375,953.3805541992188,28.384788513183594
19.9765625,953.3915405273438,28.39508056640625
19.9921875,953.3745727539062,28.384788513183594
20.0078125,953.390380859375,28.392501831054688
20.0234375,953.3910522460938,28.37670135498047
20.0390625,953.3572387695312,28.391403198242188
20.0546875,953.3742065429688,28.384788513183594
20.0703125,953.3765258789062,28.386993408203125
20.0859375,953.3665161132812,28.391403198242188
20.1015625,953.3568725585938,28.391403198242188
20.1171875,953.3682861328125,28.374496459960938
20.1328125,953.3665161132812,28.39654541015625
20.1484375,953.3681640625,28.374496459960938
20.1640625,953.3665161132812,28.38220977783203
20.1796875,953.37451171875,28.370826721191406
20.1953125,953.3751220703125,28.38220977783203
20.2109375,953.3589477539062,28.37523651123047
20.2265625,953.3582763671875,28.370826721191406
20.2421875,953.36865234375,28.368255615234375
20.2578125,953.3587036132812,28.370452880859375
20.2734375,953.3578491210938,28.374496459960938
20.2890625,953.3588256835938,28.372665405273438
20.3046875,953.3616333007812,28.352447509765625
20.3203125,953.3602294921875,28.37670135498047
20.3359375,953.3518676757812,28.373390197753906
20.3515625,953.3616943359375,28.364944458007812
20.3671875,953.3453979492188,28.384414672851562
20.3828125,953.3591918945312,28.371185302734375
20.3984375,953.3579711914062,28.37596893310547
20.4140625,953.369140625,28.371185302734375
20.4296875,953.3519287109375,28.371185302734375
20.4453125,953.3561401367188,28.363845825195312
20.4609375,953.3511352539062,28.374862670898438
20.4765625,953.339111328125,28.367523193359375
20.4921875,953.3335571289062,28.374862670898438
20.5078125,953.339111328125,28.366775512695312
20.5234375,953.3436279296875,28.368621826171875
20.5390625,953.3516845703125,28.369354248046875
20.5546875,953.3385620117188,28.35943603515625
20.5703125,953.3381958007812,28.370452880859375
20.5859375,953.3512573242188,28.371559143066406
20.6015625,953.3453979492188,28.365676879882812
20.6171875,953.3483276367188,28.363845825195312
20.6328125,953.3511352539062,28.372291564941406
20.6484375,953.3478393554688,28.373390197753906
20.6640625,953.3515625,28.373390197753906
20.6796875,953.3389892578125,28.371559143066406
20.6953125,953.3405151367188,28.372665405273438
20.7109375,953.3401489257812,28.351715087890625
20.7265625,953.3469848632812,28.36090850830078
20.7421875,953.3496704101562,28.364944458007812
20.7578125,953.33935546875,28.36347198486328
20.7734375,953.3511352539062,28.370452880859375
20.7890625,953.3327026367188,28.364944458007812
20.8046875,953.3453979492188,28.366775512695312
20.8203125,953.3323364257812,28.3792724609375
20.8359375,953.3306884765625,28.373031616210938
20.8515625,953.3616943359375,28.36347198486328
20.8671875,953.3278198242188,28.369354248046875
20.8828125,953.3553466796875,28.370826721191406
20.8984375,953.3721923828125,28.366775512695312
20.9140625,953.3430786132812,28.367881774902344
20.9296875,953.3575439453125,28.365676879882812
20.9453125,953.3716430664062,28.364944458007812
20.9609375,953.3811645507812,28.368621826171875
20.9765625,953.3588256835938,28.368621826171875
20.9921875,953.3815307617188,28.366775512695312
21.0078125,953.3885498046875,28.366775512695312
21.0234375,953.3885498046875,28.370826721191406
21.0390625,953.3721923828125,28.370826721191406
21.0546875,953.3817138671875,28.370826721191406
21.0703125,953.3764038085938,28.3770751953125
21.0859375,953.3739624023438,28.373390197753906
21.1015625,953.3892211914062,28.370452880859375
21.1171875,953.3805541992188,28.365676879882812
21.1328125,953.3740234375,28.370452880859375
21.1484375,953.3715209960938,28.38037872314453
21.1640625,953.3941040039062,28.37413787841797
21.1796875,953.3778686523438,28.381484985351562
21.1953125,953.3750610351562,28.365676879882812
21.2109375,953.388427734375,28.381484985351562
21.2265625,953.3732299804688,28.388465881347656
21.2421875,953.3781127929688,28.382957458496094
21.2578125,953.3745727539062,28.392501831054688
21.2734375,953.3839111328125,28.391403198242188
21.2890625,953.385498046875,28.390304565429688
21.3046875,953.3903198242188,28.39177703857422
21.3203125,953.3760986328125,28.389572143554688
21.3359375,953.3871459960938,28.37596893310547
21.3515625,953.3948364257812,28.386260986328125
21.3671875,953.3892211914062,28.381484985351562
21.3828125,953.3672485351562,28.381484985351562
21.3984375,953.3773803710938,28.39398193359375
21.4140625,953.39599609375,28.37779998779297
21.4296875,953.3896484375,28.388465881347656
21.4453125,953.3870849609375,28.392501831054688
21.4609375,953.3712768554688,28.391403198242188
21.4765625,953.3843383789062,28.391403198242188
21.4921875,953.3771362304688,28.391403198242188
21.5078125,953.3742065429688,28.374496459960938
21.5234375,953.3695068359375,28.39177703857422
21.5390625,953.3922729492188,28.386993408203125
21.5546875,953.3905029296875,28.37854766845703
21.5703125,953.3848876953125,28.392501831054688
21.5859375,953.37255859375,28.39508056640625
21.6015625,953.3900756835938,28.39543914794922
21.6171875,953.391357421875,28.401695251464844
21.6328125,953.388427734375,28.38111114501953
21.6484375,953.3917846679688,28.391029357910156
21.6640625,953.3873291015625,28.37523651123047
21.6796875,953.3779296875,28.38220977783203
21.6953125,953.3900756835938,28.39728546142578
21.7109375,953.395751953125,28.39360809326172
21.7265625,953.3798217773438,28.389572143554688
21.7421875,953.3907470703125,28.38111114501953
21.7578125,953.3899536132812,28.391029357910156
21.7734375,953.3909912109375,28.391403198242188
21.7890625,953.3892211914062,28.388092041015625
21.8046875,953.390625,28.386619567871094
21.8203125,953.3653564453125,28.401695251464844
21.8359375,953.3829956054688,28.37523651123047
21.8515625,953.3744506835938,28.390304565429688
21.8671875,953.3909301757812,28.382957458496094
21.8828125,953.3776245117188,28.392135620117188
21.8984375,953.3719482421875,28.39177703857422
21.9140625,953.3772583007812,28.39508056640625
21.9296875,953.375732421875,28.39177703857422
21.9453125,953.3760986328125,28.391029357910156
21.9609375,953.361083984375,28.39360809326172
21.9765625,953.3709106445312,28.391403198242188
21.9921875,953.3795776367188,28.39764404296875
22.0078125,953.368896484375,28.388465881347656
22.0234375,953.3781127929688,28.391403198242188
22.0390625,953.3682861328125,28.387725830078125
22.0546875,953.3739013671875,28.404632568359375
22.0703125,953.3641357421875,28.391403198242188
22.0859375,953.3909912109375,28.387725830078125
22.1015625,953.3720703125,28.381484985351562
22.1171875,953.3672485351562,28.391029357910156
22.1328125,953.3634033203125,28.391029357910156
22.1484375,953.3568725585938,28.39764404296875
22.1640625,953.371826171875,28.404632568359375
22.1796875,953.392333984375,28.401695251464844
22.1953125,953.3920288085938,28.388465881347656
22.2109375,953.3792724609375,28.385894775390625
22.2265625,953.3832397460938,28.391029357910156
22.2421875,953.3742065429688,28.39691162109375
22.2578125,953.380126953125,28.391029357910156
22.2734375,953.3873291015625,28.386993408203125
22.2890625,953.3821411132812,28.386619567871094
22.3046875,953.3748779296875,28.391403198242188
22.3203125,953.37841796875,28.388465881347656
22.3359375,953.3870849609375,28.384056091308594
22.3515625,953.377685546875,28.404632568359375
22.3671875,953.3748779296875,28.386993408203125
22.3828125,953.3720092773438,28.373390197753906
22.3984375,953.3820190429688,28.399124145507812
22.4140625,953.3666381835938,28.39543914794922
22.4296875,953.3728637695312,28.382957458496094
22.4453125,953.3745727539062,28.39543914794922
22.4609375,953.3687133789062,28.391403198242188
22.4765625,953.3682861328125,28.388465881347656
22.4921875,953.3906860351562,28.37523651123047
22.5078125,953.3612060546875,28.39177703857422
22.5234375,953.3683471679688,28.401695251464844
22.5390625,953.3717041015625,28.403533935546875
22.5546875,953.3622436523438,28.399124145507812
22.5703125,953.3636474609375,28.39360809326172
22.5859375,953.3756713867188,28.39398193359375
22.6015625,953.3637084960938,28.39728546142578
22.6171875,953.3538818359375,28.391029357910156
22.6328125,953.3694458007812,28.381484985351562
22.6484375,953.3571166992188,28.382583618164062
22.6640625,953.3673706054688,28.371185302734375
22.6796875,953.3722534179688,28.37854766845703
22.6953125,953.358642578125,28.3770751953125
22.7109375,953.3668823242188,28.3792724609375
22.7265625,953.3538818359375,28.385894775390625
22.7421875,953.3790283203125,28.367881774902344
22.7578125,953.3946533203125,28.385520935058594
22.7734375,953.3652954101562,28.389572143554688
22.7890625,953.3955078125,28.388092041015625
22.8046875,953.3858642578125,28.385520935058594
22.8203125,953.3652954101562,28.37523651123047
22.8359375,953.3911743164062,28.385162353515625
22.8515625,953.3778076171875,28.388824462890625
22.8671875,953.4032592773438,28.389572143554688
22.8828125,953.385986328125,28.381484985351562
22.8984375,953.4037475585938,28.37779998779297
22.9140625,953.3878784179688,28.369728088378906
22.9296875,953.3762817382812,28.39177703857422
22.9453125,953.4017944335938,28.384056091308594
22.9609375,953.3903198242188,28.37523651123047
22.9765625,953.3881225585938,28.392135620117188
22.9921875,953.3916015625,28.388092041015625
23.0078125,953.3966064453125,28.391029357910156
23.0234375,953.3897705078125,28.39691162109375
23.0390625,953.3897705078125,28.373390197753906
23.0546875,953.390380859375,28.39398193359375
23.0703125,953.3899536132812,28.386993408203125
23.0859375,953.3947143554688,28.39543914794922
23.1015625,953.39013671875,28.385894775390625
23.1171875,953.3856201171875,28.391403198242188
23.1328125,953.3826293945312,28.387725830078125
23.1484375,953.3893432617188,28.401695251464844
23.1640625,953.3931884765625,28.391029357910156
23.1796875,953.3956909179688,28.391403198242188
23.1953125,953.37841796875,28.381484985351562
23.2109375,953.3887329101562,28.392135620117188
23.2265625,953.3873901367188,28.39543914794922
23.2421875,953.3758544921875,28.391029357910156
23.2578125,953.3921508789062,28.401695251464844
23.2734375,953.3782348632812,28.391403198242188
23.2890625,953.3795776367188,28.391029357910156
23.3046875,953.3909912109375,28.400955200195312
23.3203125,953.3931274414062,28.386993408203125
23.3359375,953.40185546875,28.37854766845703
23.3515625,953.3897705078125,28.386993408203125
23.3671875,953.3917236328125,28.39691162109375
23.3828125,953.3831176757812,28.391029357910156
23.3984375,953.3956909179688,28.388824462890625
23.4140625,953.4013671875,28.39543914794922
23.4296875,953.402099609375,28.399124145507812
23.4453125,953.3767700195312,28.391029357910156
23.4609375,953.3909912109375,28.37854766845703
23.4765625,953.3670043945312,28.385520935058594
23.4921875,953.3999633789062,28.391403198242188
23.5078125,953.3897705078125,28.391029357910156
23.5234375,953.3897705078125,28.384056091308594
23.5390625,953.3998413085938,28.386260986328125
23.5546875,953.3904418945312,28.39543914794922
23.5703125,953.3865966796875,28.404632568359375
23.5859375,953.4000854492188,28.388092041015625
23.6015625,953.3953857421875,28.392501831054688
23.6171875,953.41552734375,28.39471435546875
23.6328125,953.3865356445312,28.404632568359375
23.6484375,953.392333984375,28.401695251464844
23.6640625,953.4015502929688,28.401321411132812
23.6796875,953.4057006835938,28.39471435546875
23.6953125,953.3960571289062,28.39543914794922
23.7109375,953.3961791992188,28.401695251464844
23.7265625,953.377685546875,28.391403198242188
23.7421875,953.3909912109375,28.381484985351562
23.7578125,953.3618774414062,28.391403198242188
23.7734375,953.3837280273438,28.401695251464844
23.7890625,953.3980102539062,28.388092041015625
23.8046875,953.390625,28.404632568359375
23.8203125,953.3856811523438,28.404632568359375
23.8359375,953.392333984375,28.391403198242188
23.8515625,953.3723754882812,28.392501831054688
23.8671875,953.3839111328125,28.391403198242188
23.8828125,953.3771362304688,28.391403198242188
23.8984375,953.3646850585938,28.388092041015625
23.9140625,953.3720703125,28.39691162109375
23.9296875,953.3741455078125,28.391029357910156
23.9453125,953.3909912109375,28.388465881347656
23.9609375,953.3751220703125,28.389572143554688
23.9765625,953.3674926757812,28.384056091308594
23.9921875,953.3675537109375,28.389572143554688
24.0078125,953.3626098632812,28.374496459960938
24.0234375,953.3737182617188,28.388465881347656
24.0390625,953.3577880859375,28.391029357910156
24.0546875,953.3568725585938,28.391403198242188
24.0703125,953.364013671875,28.391403198242188
24.0859375,953.368896484375,28.38037872314453
24.1015625,953.3455810546875,28.374496459960938
24.1171875,953.3563842773438,28.386993408203125
24.1328125,953.3624267578125,28.392135620117188
24.1484375,953.36474609375,28.391403198242188
24.1640625,953.3515625,28.391403198242188
24.1796875,953.3634033203125,28.388092041015625
24.1953125,953.3565673828125,28.39543914794922
24.2109375,953.3543701171875,28.372665405273438
24.2265625,953.3388671875,28.386993408203125
24.2421875,953.3528442382812,28.37854766845703
24.2578125,953.3341064453125,28.387725830078125
24.2734375,953.3505249023438,28.391403198242188
24.2890625,953.3466796875,28.391029357910156
24.3046875,953.3580932617188,28.391403198242188
24.3203125,953.3466796875,28.371559143066406
24.3359375,953.3519287109375,28.384056091308594
24.3515625,953.3346557617188,28.372665405273438
24.3671875,953.3328857421875,28.369354248046875
24.3828125,953.3403930664062,28.367523193359375
24.3984375,953.3335571289062,28.37596893310547
24.4140625,953.3524169921875,28.373390197753906
24.4296875,953.3521728515625,28.371559143066406
24.4453125,953.329833984375,28.367523193359375
24.4609375,953.3323974609375,28.371559143066406
24.4765625,953.3394165039062,28.37854766845703
24.4921875,953.3395385742188,28.387725830078125
24.5078125,953.3403930664062,28.385894775390625
24.5234375,953.33544921875,28.381484985351562
24.5390625,953.3397216796875,28.385894775390625
24.5546875,953.3605346679688,28.374862670898438
24.5703125,953.3242797851562,28.37744140625
24.5859375,953.3322143554688,28.372665405273438
24.6015625,953.3328857421875,28.372665405273438
24.6171875,953.3418579101562,28.37670135498047
24.6328125,953.3452758789062,28.388092041015625
24.6484375,953.335693359375,28.36457061767578
24.6640625,953.3255004882812,28.374496459960938
24.6796875,953.3491821289062,28.372665405273438
24.6953125,953.3580322265625,28.386993408203125
24.7109375,953.3360595703125,28.370826721191406
24.7265625,953.3518676757812,28.374496459960938
24.7421875,953.3342895507812,28.384056091308594
24.7578125,953.3507690429688,28.388824462890625
24.7734375,953.3345336914062,28.372291564941406
24.7890625,953.3412475585938,28.374862670898438
24.8046875,953.3558349609375,28.384056091308594
24.8203125,953.3460083007812,28.369354248046875
24.8359375,953.3380126953125,28.385162353515625
24.8515625,953.3519897460938,28.384056091308594
24.8671875,953.337646484375,28.386993408203125
24.8828125,953.3600463867188,28.386993408203125
24.8984375,953.3707885742188,28.374496459960938
24.9140625,953.344970703125,28.390304565429688
24.9296875,953.3412475585938,28.37779998779297
24.9453125,953.369873046875,28.373390197753906
24.9609375,953.3592529296875,28.374496459960938
24.9765625,953.3707885742188,28.37523651123047
24.9921875,953.3821411132812,28.385162353515625
25.0078125,953.390380859375,28.39177703857422
25.0234375,953.3873901367188,28.391403198242188
25.0390625,953.3921508789062,28.388092041015625
25.0546875,953.3828735351562,28.391029357910156
25.0703125,953.3921508789062,28.401321411132812
25.0859375,953.3709716796875,28.391403198242188
25.1015625,953.3849487304688,28.39543914794922
25.1171875,953.392578125,28.39728546142578
25.1328125,953.3778076171875,28.403533935546875
25.1484375,953.37841796875,28.39801788330078
25.1640625,953.3778686523438,28.401695251464844
25.1796875,953.4027099609375,28.406463623046875
25.1953125,953.3595581054688,28.404632568359375
25.2109375,953.3797607421875,28.391403198242188
25.2265625,953.3892211914062,28.400222778320312
25.2421875,953.3792724609375,28.392501831054688
25.2578125,953.3839111328125,28.401695251464844
25.2734375,953.3920288085938,28.390670776367188
25.2890625,953.3783569335938,28.41492462158203
25.3046875,953.3873291015625,28.41124725341797
25.3203125,953.3761596679688,28.401695251464844
25.3359375,953.3920288085938,28.39764404296875
25.3515625,953.3963012695312,28.41124725341797
25.3671875,953.3929443359375,28.400596618652344
25.3828125,953.3619384765625,28.404258728027344
25.3984375,953.3784790039062,28.401321411132812
25.4140625,953.3931274414062,28.39728546142578
25.4296875,953.3927001953125,28.401695251464844
25.4453125,953.3907470703125,28.406105041503906
25.4609375,953.3995971679688,28.39508056640625
25.4765625,953.3865356445312,28.404632568359375
25.4921875,953.3976440429688,28.41492462158203
25.5078125,953.4021606445312,28.41307830810547
25.5234375,953.3931274414062,28.41492462158203
25.5390625,953.3860473632812,28.41492462158203
25.5546875,953.3705444335938,28.424476623535156
25.5703125,953.3930053710938,28.41162109375
25.5859375,953.3804321289062,28.41492462158203
25.6015625,953.3873291015625,28.41124725341797
25.6171875,953.3917236328125,28.4127197265625
25.6328125,953.3931274414062,28.41162109375
25.6484375,953.3930053710938,28.419334411621094
25.6640625,953.3919067382812,28.41492462158203
25.6796875,953.3681640625,28.415283203125
25.6953125,953.3706665039062,28.415283203125
25.7109375,953.3897705078125,28.418235778808594
25.7265625,953.3870239257812,28.425949096679688
25.7421875,953.3907470703125,28.418235778808594
25.7578125,953.3936767578125,28.41124725341797
25.7734375,953.3911743164062,28.422271728515625
25.7890625,953.387451171875,28.422271728515625
25.8046875,953.387451171875,28.418594360351562
25.8203125,953.3685913085938,28.42999267578125
25.8359375,953.3768310546875,28.41748809814453
25.8515625,953.370849609375,28.424476623535156
25.8671875,953.378662109375,28.405006408691406
25.8828125,953.3653564453125,28.426307678222656
25.8984375,953.3787841796875,28.41492462158203
25.9140625,953.3591918945312,28.41124725341797
25.9296875,953.3582763671875,28.435874938964844
25.9453125,953.3727416992188,28.425209045410156
25.9609375,953.3787231445312,28.422271728515625
25.9765625,953.3713989257812,28.42999267578125
25.9921875,953.3720703125,28.41748809814453
26.0078125,953.370849609375,28.418235778808594
26.0234375,953.3684692382812,28.419334411621094
26.0390625,953.3716430664062,28.418235778808594
26.0546875,953.3709106445312,28.41124725341797
26.0703125,953.3558349609375,28.427413940429688
26.0859375,953.350830078125,28.420066833496094
26.1015625,953.3656616210938,28.41382598876953
26.1171875,953.37646484375,28.41162109375
26.1328125,953.3654174804688,28.426307678222656
26.1484375,953.3615112304688,28.415283203125
26.1640625,953.3748168945312,28.41197967529297
26.1796875,953.3619384765625,28.419334411621094
26.1953125,953.3626098632812,28.418235778808594
26.2109375,953.3440551757812,28.424476623535156
26.2265625,953.3613891601562,28.41162109375
26.2421875,953.3619384765625,28.41124725341797
26.2578125,953.3588256835938,28.41124725341797
26.2734375,953.3564453125,28.415283203125
26.2890625,953.3658447265625,28.41492462158203
26.3046875,953.3502197265625,28.41162109375
26.3203125,953.3630981445312,28.404258728027344
26.3359375,953.3493041992188,28.41638946533203
26.3515625,953.3527221679688,28.405006408691406
26.3671875,953.3480224609375,28.419334411621094
26.3828125,953.36328125,28.41382598876953
26.3984375,953.3590698242188,28.39801788330078
26.4140625,953.3546142578125,28.415283203125
26.4296875,953.3563232421875,28.41565704345703
26.4453125,953.3628540039062,28.42999267578125
26.4609375,953.3517456054688,28.41124725341797
26.4765625,953.3540649414062,28.407211303710938
26.4921875,953.341796875,28.405006408691406
26.5078125,953.3427124023438,28.402427673339844
26.5234375,953.35498046875,28.407211303710938
26.5390625,953.3555297851562,28.405006408691406
26.5546875,953.355224609375,28.407943725585938
26.5703125,953.345458984375,28.401695251464844
26.5859375,953.35498046875,28.39728546142578
26.6015625,953.3916015625,28.39434051513672
26.6171875,953.346923828125,28.41124725341797
26.6328125,953.3618774414062,28.401695251464844
26.6484375,953.359130859375,28.401695251464844
26.6640625,953.3794555664062,28.401695251464844
26.6796875,953.3692626953125,28.401695251464844
26.6953125,953.364501953125,28.41124725341797
26.7109375,953.3558349609375,28.408309936523438
26.7265625,953.3555908203125,28.415283203125
26.7421875,953.3748168945312,28.406837463378906
26.7578125,953.3810424804688,28.415283203125
26.7734375,953.3766479492188,28.41492462158203
26.7890625,953.3591918945312,28.41124725341797
26.8046875,953.355224609375,28.415283203125
26.8203125,953.393310546875,28.419334411621094
26.8359375,953.3709716796875,28.404258728027344
26.8515625,953.3486328125,28.419334411621094
26.8671875,953.3853759765625,28.407943725585938
26.8828125,953.3770751953125,28.410873413085938
26.8984375,953.3499145507812,28.425949096679688
26.9140625,953.3931884765625,28.408309936523438
26.9296875,953.364501953125,28.41565704345703
26.9453125,953.3897705078125,28.410873413085938
26.9609375,953.4024658203125,28.41197967529297
26.9765625,953.3619384765625,28.41124725341797
26.9921875,953.3815307617188,28.41124725341797
27.0078125,953.3744506835938,28.423004150390625
27.0234375,953.3737182617188,28.41124725341797
27.0390625,953.3653564453125,28.41565704345703
27.0546875,953.3605346679688,28.425949096679688
27.0703125,953.3949584960938,28.424476623535156
27.0859375,953.3673095703125,28.419334411621094
27.1015625,953.3937377929688,28.421173095703125
27.1171875,953.3705444335938,28.425949096679688
27.1328125,953.366943359375,28.41124725341797
27.1484375,953.3695678710938,28.409774780273438
27.1640625,953.3646850585938,28.407943725585938
27.1796875,953.3794555664062,28.41492462158203
27.1953125,953.3603515625,28.41492462158203
27.2109375,953.356201171875,28.41565704345703
27.2265625,953.3778076171875,28.415283203125
27.2421875,953.3605346679688,28.41492462158203
27.2578125,953.3663940429688,28.408668518066406
27.2734375,953.3681640625,28.41307830810547
27.2890625,953.3602294921875,28.41124725341797
27.3046875,953.3558349609375,28.401321411132812
27.3203125,953.354248046875,28.410873413085938
27.3359375,953.3653564453125,28.403533935546875
27.3515625,953.3695068359375,28.401695251464844
27.3671875,953.3753051757812,28.410873413085938
27.3828125,953.3588256835938,28.39543914794922
27.3984375,953.3602905273438,28.391403198242188
27.4140625,953.3580932617188,28.39728546142578
27.4296875,953.3587036132812,28.403533935546875
27.4453125,953.3544921875,28.388465881347656
27.4609375,953.3662109375,28.399124145507812
27.4765625,953.3546752929688,28.400222778320312
27.4921875,953.3422241210938,28.401695251464844
27.5078125,953.3609008789062,28.39508056640625
27.5234375,953.3578491210938,28.386993408203125
27.5390625,953.353515625,28.391029357910156
27.5546875,953.334716796875,28.37523651123047
27.5703125,953.352294921875,28.391403198242188
27.5859375,953.3538818359375,28.384056091308594
27.6015625,953.3399658203125,28.391029357910156
27.6171875,953.3359985351562,28.391029357910156
27.6328125,953.3538818359375,28.381484985351562
27.6484375,953.3499145507812,28.387725830078125
27.6640625,953.3434448242188,28.385520935058594
27.6796875,953.350341796875,28.373390197753906
27.6953125,953.34912109375,28.37523651123047
27.7109375,953.339111328125,28.37596893310547
27.7265625,953.3255004882812,28.37779998779297
27.7421875,953.3394165039062,28.367149353027344
27.7578125,953.3323364257812,28.3763427734375
27.7734375,953.3345336914062,28.384414672851562
27.7890625,953.3424072265625,28.372665405273438
27.8046875,953.3377075195312,28.37523651123047
27.8203125,953.32958984375,28.370452880859375
27.8359375,953.3404541015625,28.369354248046875
27.8515625,953.3338623046875,28.37670135498047
27.8671875,953.3309326171875,28.37854766845703
27.8828125,953.3496704101562,28.384056091308594
27.8984375,953.3245239257812,28.372665405273438
27.9140625,953.3406982421875,28.368621826171875
27.9296875,953.341552734375,28.364944458007812
27.9453125,953.3214721679688,28.370452880859375
27.9609375,953.3369140625,28.36457061767578
27.9765625,953.3225708007812,28.371559143066406
27.9921875,953.329833984375,28.366775512695312
28.0078125,953.323974609375,28.35906219482422
28.0234375,953.3357543945312,28.356857299804688
28.0390625,953.3289794921875,28.349884033203125
28.0546875,953.3319091796875,28.35980224609375
28.0703125,953.3328857421875,28.355026245117188
28.0859375,953.3281860351562,28.36163330078125
28.1015625,953.3306884765625,28.365676879882812
28.1171875,953.3262329101562,28.366775512695312
28.1328125,953.3299560546875,28.370452880859375
28.1484375,953.3369140625,28.366775512695312
28.1640625,953.3245849609375,28.37744140625
28.1796875,953.3239135742188,28.366416931152344
28.1953125,953.319091796875,28.367523193359375
28.2109375,953.3312377929688,28.365676879882812
28.2265625,953.3268432617188,28.371185302734375
28.2421875,953.319580078125,28.386993408203125
28.2578125,953.3223876953125,28.37413787841797
28.2734375,953.328857421875,28.372291564941406
28.2890625,953.3233642578125,28.366775512695312
28.3046875,953.3131713867188,28.370826721191406
28.3203125,953.3123779296875,28.372665405273438
28.3359375,953.356201171875,28.371185302734375
28.3515625,953.3579711914062,28.374496459960938
28.3671875,953.3851318359375,28.37523651123047
28.3828125,953.3564453125,28.373390197753906
28.3984375,953.3497314453125,28.373390197753906
28.4140625,953.364013671875,28.37854766845703
28.4296875,953.4034423828125,28.37596893310547
28.4453125,953.4437866210938,28.370452880859375
28.4609375,953.3840942382812,28.37523651123047
28.4765625,953.4000854492188,28.36347198486328
28.4921875,953.4037475585938,28.365676879882812
28.5078125,953.44873046875,28.367523193359375
28.5234375,953.3736572265625,28.373390197753906
28.5390625,953.4470825195312,28.37523651123047
28.5546875,953.4163208007812,28.384056091308594
28.5703125,953.4356689453125,28.366775512695312
28.5859375,953.3735961914062,28.371559143066406
28.6015625,953.3890380859375,28.36347198486328
28.6171875,953.4299926757812,28.370452880859375
28.6328125,953.4241943359375,28.365318298339844
28.6484375,953.4111328125,28.37523651123047
28.6640625,953.469970703125,28.39177703857422
28.6796875,953.4508666992188,28.39177703857422
28.6953125,953.3928833007812,28.37523651123047
28.7109375,953.3893432617188,28.374496459960938
28.7265625,953.359375,28.3770751953125
28.7421875,953.4420776367188,28.385162353515625
28.7578125,953.4501342773438,28.374496459960938
28.7734375,953.395263671875,28.366775512695312
28.7890625,953.3897705078125,28.392135620117188
28.8046875,953.379638671875,28.37670135498047
28.8203125,953.394287109375,28.370826721191406
28.8359375,953.3895263671875,28.37596893310547
28.8515625,953.3822631835938,28.389572143554688
28.8671875,953.3973999023438,28.372665405273438
28.8828125,953.3878784179688,28.374862670898438
28.8984375,953.3654174804688,28.37596893310547
28.9140625,953.3739013671875,28.365676879882812
28.9296875,953.3758544921875,28.370826721191406
28.9453125,953.3829345703125,28.370086669921875
28.9609375,953.3899536132812,28.367881774902344
28.9765625,953.3826904296875,28.36347198486328
28.9921875,953.3988647460938,28.351715087890625
29.0078125,953.3853149414062,28.36163330078125
29.0234375,953.3754272460938,28.365676879882812
29.0390625,953.3758544921875,28.368621826171875
29.0546875,953.3761596679688,28.357955932617188
29.0703125,953.369140625,28.36090850830078
29.0859375,953.38671875,28.356124877929688
29.1015625,953.3695678710938,28.350242614746094
29.1171875,953.3755493164062,28.352088928222656
29.1328125,953.3798217773438,28.35906219482422
29.1484375,953.3619995117188,28.354293823242188
29.1640625,953.3717651367188,28.364944458007812
29.1796875,953.3560791015625,28.346206665039062
29.1953125,953.3583984375,28.351715087890625
29.2109375,953.3804321289062,28.357955932617188
29.2265625,953.3566284179688,28.3428955078125
29.2421875,953.3634643554688,28.345474243164062
29.2578125,953.3739013671875,28.352447509765625
29.2734375,953.3309326171875,28.335174560546875
29.2890625,953.3458862304688,28.337753295898438
29.3046875,953.3755493164062,28.337753295898438
29.3203125,953.352783203125,28.337753295898438
29.3359375,953.355224609375,28.33995819091797
29.3515625,953.35302734375,28.3436279296875
29.3671875,953.3491821289062,28.32746124267578
29.3828125,953.3535766601562,28.32635498046875
29.3984375,953.347412109375,28.32598876953125
29.4140625,953.3282470703125,28.320472717285156
29.4296875,953.3276977539062,28.331871032714844
29.4453125,953.3366088867188,28.33995819091797
29.4609375,953.3488159179688,28.335174560546875
29.4765625,953.3405151367188,28.33995819091797
29.4921875,953.3410034179688,28.331138610839844
29.5078125,953.334716796875,28.32672882080078
29.5234375,953.3259887695312,28.317169189453125
29.5390625,953.3196411132812,28.319015502929688
29.5546875,953.3275756835938,28.320472717285156
29.5703125,953.3248291015625,28.312759399414062
29.5859375,953.3084106445312,28.322677612304688
29.6015625,953.3243408203125,28.312026977539062
29.6171875,953.3179321289062,28.321578979492188
29.6328125,953.3146362304688,28.32415771484375
29.6484375,953.3394165039062,28.319374084472656
29.6640625,953.3353881835938,28.314964294433594
29.6796875,953.3248291015625,28.310195922851562
29.6953125,953.335693359375,28.32672882080078
29.7109375,953.32958984375,28.312759399414062
29.7265625,953.3173828125,28.304306030273438
29.7421875,953.3076171875,28.32342529296875
29.7578125,953.3250732421875,28.322677612304688
29.7734375,953.32373046875,28.310195922851562
29.7890625,953.335693359375,28.303939819335938
29.8046875,953.3302001953125,28.312759399414062
29.8203125,953.3240356445312,28.3094482421875
29.8359375,953.3344116210938,28.3087158203125
29.8515625,953.3212280273438,28.32342529296875
29.8671875,953.3256225585938,28.30467987060547
29.8828125,953.3219604492188,28.29218292236328
29.8984375,953.3075561523438,28.315338134765625
29.9140625,953.3260498046875,28.299896240234375
29.9296875,953.3228149414062,28.312026977539062
29.9453125,953.3179321289062,28.310195922851562
29.9609375,953.3242797851562,28.308349609375
29.9765625,953.3073120117188,28.313499450683594
29.9921875,953.32763671875,28.316810607910156
30.0078125,953.33154296875,28.3087158203125
30.0234375,953.317626953125,28.319015502929688
30.0390625,953.3139038085938,28.317909240722656
30.0546875,953.31201171875,28.316062927246094
30.0703125,953.3224487304688,28.317909240722656
30.0859375,953.3148803710938,28.31055450439453
30.1015625,953.3243408203125,28.317909240722656
30.1171875,953.31201171875,28.314964294433594
30.1328125,953.296142578125,28.321945190429688
30.1484375,953.3147583007812,28.32342529296875
30.1640625,953.3077392578125,28.319015502929688
30.1796875,953.31982421875,28.32378387451172
30.1953125,953.3239135742188,28.33995819091797
30.2109375,953.314208984375,28.314231872558594
30.2265625,953.2930908203125,28.314964294433594
30.2421875,953.3194580078125,28.331497192382812
30.2578125,953.3258666992188,28.32746124267578
30.2734375,953.3248901367188,28.32342529296875
30.2890625,953.3173217773438,28.310195922851562
30.3046875,953.3218383789062,28.313125610351562
30.3203125,953.3240966796875,28.32231903076172
30.3359375,953.32373046875,28.320472717285156
30.3515625,953.3248291015625,28.334449768066406
30.3671875,953.326171875,28.312026977539062
30.3828125,953.3173217773438,28.317169189453125
30.3984375,953.33154296875,28.310928344726562
