# Time (seconds),Pressure,Temp
0.0078125,953.7625732421875,29.253890991210938
0.0234375,953.70654296875,29.25609588623047
0.0390625,953.7068481445312,29.266014099121094
0.0546875,953.7107543945312,29.26233673095703
0.0703125,953.7085571289062,29.267478942871094
0.0859375,953.70263671875,29.272628784179688
0.1015625,953.7084350585938,29.255722045898438
0.1171875,953.7061767578125,29.25865936279297
0.1328125,953.7017822265625,29.251686096191406
0.1484375,953.70458984375,29.264915466308594
0.1640625,953.6981811523438,29.250938415527344
0.1796875,953.7056884765625,29.259033203125
0.1953125,953.7088623046875,29.266014099121094
0.2109375,953.7107543945312,29.25865936279297
0.2265625,953.7154541015625,29.247276306152344
0.2421875,953.7059326171875,29.25609588623047
0.2578125,953.712158203125,29.259033203125
0.2734375,953.7244262695312,29.26306915283203
0.2890625,953.7230224609375,29.272628784179688
0.3046875,953.7191772460938,29.24211883544922
0.3203125,953.7280883789062,29.266014099121094
0.3359375,953.7191772460938,29.25719451904297
0.3515625,953.7177124023438,29.268218994140625
0.3671875,953.7306518554688,29.266014099121094
0.3828125,953.731689453125,29.255348205566406
0.3984375,953.728271484375,29.266014099121094
0.4140625,953.7185668945312,29.250938415527344
0.4296875,953.7218017578125,29.25792694091797
0.4453125,953.7237548828125,29.25865936279297
0.4609375,953.721435546875,29.264915466308594
0.4765625,953.710693359375,29.250938415527344
0.4921875,953.7159423828125,29.256820678710938
0.5078125,953.7110595703125,29.253143310546875
0.5234375,953.7142944335938,29.261962890625
0.5390625,953.70849609375,29.25609588623047
0.5546875,953.7020263671875,29.267852783203125
0.5703125,953.7079467773438,29.252410888671875
0.5859375,953.72265625,29.26416778564453
0.6015625,953.70703125,29.272628784179688
0.6171875,953.7269287109375,29.264915466308594
0.6328125,953.7070922851562,29.25975799560547
0.6484375,953.731689453125,29.272262573242188
0.6640625,953.7783203125,29.268218994140625
0.6796875,953.7713012695312,29.267478942871094
0.6953125,953.7456665039062,29.252410888671875
0.7109375,953.7680053710938,29.268951416015625
0.7265625,953.8096923828125,29.267852783203125
0.7421875,953.7737426757812,29.27629852294922
0.7578125,953.7601928710938,29.268218994140625
0.7734375,953.8245239257812,29.26233673095703
0.7890625,953.7988891601562,29.272262573242188
0.8046875,953.8159790039062,29.271888732910156
0.8203125,953.7896118164062,29.271530151367188
0.8359375,953.8070068359375,29.286590576171875
0.8515625,953.8574829101562,29.267120361328125
0.8671875,953.8357543945312,29.272628784179688
0.8828125,953.8428955078125,29.281082153320312
0.8984375,953.8759765625,29.28180694580078
0.9140625,953.8528442382812,29.27556610107422
0.9296875,953.92578125,29.285491943359375
0.9453125,953.8334350585938,29.289901733398438
0.9609375,953.8380126953125,29.29578399658203
0.9765625,953.8440551757812,29.306060791015625
0.9921875,953.8784790039062,29.306060791015625
1.0078125,953.8348999023438,29.296142578125
1.0234375,953.8793334960938,29.29503631591797
1.0390625,953.8271484375,29.288063049316406
1.0546875,953.8193359375,29.307907104492188
1.0703125,953.8721923828125,29.306060791015625
1.0859375,953.8104248046875,29.31304931640625
1.1015625,953.8360595703125,29.309738159179688
1.1171875,953.8555908203125,29.306060791015625
1.1328125,953.8271484375,29.317832946777344
1.1484375,953.8677368164062,29.307907104492188
1.1640625,953.8482055664062,29.328857421875
1.1796875,953.8418579101562,29.327011108398438
1.1953125,953.8292236328125,29.324447631835938
1.2109375,953.8402709960938,29.32775115966797
1.2265625,953.8334350585938,29.336570739746094
1.2421875,953.8026123046875,29.335098266601562
1.2578125,953.861083984375,29.337677001953125
1.2734375,953.7662963867188,29.336929321289062
1.2890625,953.8786010742188,29.342445373535156
1.3046875,953.8008422851562,29.33216094970703
1.3203125,953.8338623046875,29.340606689453125
1.3359375,953.8567504882812,29.339508056640625
1.3515625,953.8466186523438,29.338409423828125
1.3671875,953.8237915039062,29.336196899414062
1.3828125,953.8635864257812,29.338035583496094
1.3984375,953.8016357421875,29.343185424804688
1.4140625,953.793701171875,29.34942626953125
1.4296875,953.8146362304688,29.36449432373047
1.4453125,953.81201171875,29.365966796875
1.4609375,953.8295288085938,29.356048583984375
1.4765625,953.8345336914062,29.365966796875
1.4921875,953.874267578125,29.371475219726562
1.5078125,953.8348388671875,29.376258850097656
1.5234375,953.8280029296875,29.376258850097656
1.5390625,953.8424072265625,29.371475219726562
1.5546875,953.8628540039062,29.371109008789062
1.5703125,953.938720703125,29.371475219726562
1.5859375,953.8508911132812,29.372207641601562
1.6015625,953.9197387695312,29.386917114257812
1.6171875,953.8577880859375,29.388748168945312
1.6328125,953.8729248046875,29.38654327392578
1.6484375,953.8912963867188,29.386917114257812
1.6640625,953.8303833007812,29.394630432128906
1.6796875,953.8298950195312,29.396835327148438
1.6953125,953.8223266601562,29.392799377441406
1.7109375,953.875732421875,29.406387329101562
1.7265625,953.845458984375,29.388015747070312
1.7421875,953.7975463867188,29.409332275390625
1.7578125,953.8074951171875,29.396835327148438
1.7734375,953.8444213867188,29.40271759033203
1.7890625,953.8278198242188,29.40271759033203
1.8046875,953.8229370117188,29.41851043701172
1.8203125,953.808349609375,29.39904022216797
1.8359375,953.8596801757812,29.404556274414062
1.8515625,953.8566284179688,29.410064697265625
1.8671875,953.838623046875,29.411537170410156
1.8828125,953.8167114257812,29.407127380371094
1.8984375,953.842529296875,29.411163330078125
1.9140625,953.848876953125,29.413375854492188
1.9296875,953.8461303710938,29.426971435546875
1.9453125,953.8391723632812,29.431015014648438
1.9609375,953.8556518554688,29.424766540527344
1.9765625,953.8179321289062,29.428077697753906
1.9921875,953.8356323242188,29.41484832763672
2.0078125,953.8170166015625,29.42071533203125
2.0234375,953.8295288085938,29.426971435546875
2.0390625,953.8253784179688,29.423667907714844
2.0546875,953.8154296875,29.432846069335938
2.0703125,953.8026123046875,29.426971435546875
2.0859375,953.8026123046875,29.426605224609375
2.1015625,953.8175659179688,29.430282592773438
2.1171875,953.79052734375,29.41888427734375
2.1328125,953.8072509765625,29.41594696044922
2.1484375,953.8063354492188,29.423667907714844
2.1640625,953.7879638671875,29.422195434570312
2.1796875,953.8069458007812,29.42108917236328
2.1953125,953.7847290039062,29.42035675048828
2.2109375,953.8217163085938,29.3994140625
2.2265625,953.7855224609375,29.410064697265625
2.2421875,953.7836303710938,29.404556274414062
2.2578125,953.7801513671875,29.40271759033203
2.2734375,953.785888671875,29.409690856933594
2.2890625,953.7919921875,29.40271759033203
2.3046875,953.785888671875,29.409332275390625
2.3203125,953.7787475585938,29.40271759033203
2.3359375,953.785888671875,29.411537170410156
2.3515625,953.791015625,29.394256591796875
2.3671875,953.7664794921875,29.40087127685547
2.3828125,953.7702026367188,29.393524169921875
2.3984375,953.7658081054688,29.386917114257812
2.4140625,953.7872924804688,29.38066864013672
2.4296875,953.7777099609375,29.38287353515625
2.4453125,953.783935546875,29.378463745117188
2.4609375,953.7662353515625,29.376617431640625
2.4765625,953.7648315429688,29.369644165039062
2.4921875,953.7653198242188,29.368545532226562
2.5078125,953.7568359375,29.3641357421875
2.5234375,953.7564086914062,29.3670654296875
2.5390625,953.7531127929688,29.38250732421875
2.5546875,953.755126953125,29.357879638671875
2.5703125,953.7653198242188,29.361557006835938
2.5859375,953.7656860351562,29.365966796875
2.6015625,953.7453002929688,29.371475219726562
2.6171875,953.75537109375,29.375160217285156
2.6328125,953.7431030273438,29.356048583984375
2.6484375,953.7478637695312,29.363388061523438
2.6640625,953.747314453125,29.342445373535156
2.6796875,953.7452392578125,29.352005004882812
2.6953125,953.7557373046875,29.34795379638672
2.7109375,953.7421875,29.333267211914062
2.7265625,953.7484741210938,29.34685516357422
2.7421875,953.7415161132812,29.333267211914062
2.7578125,953.740234375,29.343185424804688
2.7734375,953.7626342773438,29.341339111328125
2.7890625,953.7391357421875,29.328857421875
2.8046875,953.7294921875,29.336929321289062
2.8203125,953.7393798828125,29.338775634765625
2.8359375,953.7496948242188,29.328857421875
2.8515625,953.7378540039062,29.32958984375
2.8671875,953.7255249023438,29.333267211914062
2.8828125,953.7282104492188,29.340606689453125
2.8984375,953.7378540039062,29.335830688476562
2.9140625,953.7385864257812,29.32775115966797
2.9296875,953.75341796875,29.324806213378906
2.9453125,953.7339477539062,29.3314208984375
2.9609375,953.7316284179688,29.320396423339844
2.9765625,953.7233276367188,29.321495056152344
2.9921875,953.7269897460938,29.328857421875
3.0078125,953.7373046875,29.32921600341797
3.0234375,953.7266845703125,29.320396423339844
3.0390625,953.7275390625,29.322967529296875
3.0546875,953.7391967773438,29.318191528320312
3.0703125,953.7314453125,29.317832946777344
3.0859375,953.7387084960938,29.317832946777344
3.1015625,953.7368774414062,29.318191528320312
3.1171875,953.7523803710938,29.322967529296875
3.1328125,953.7391967773438,29.318557739257812
3.1484375,953.7357788085938,29.31378173828125
3.1640625,953.73583984375,29.307167053222656
3.1796875,953.7376098632812,29.321495056152344
3.1953125,953.728271484375,29.306060791015625
3.2109375,953.727294921875,29.298721313476562
3.2265625,953.71875,29.309371948242188
3.2421875,953.7359008789062,29.306808471679688
3.2578125,953.7267456054688,29.307540893554688
3.2734375,953.7142944335938,29.306060791015625
3.2890625,953.7380981445312,29.299819946289062
3.3046875,953.740966796875,29.299819946289062
3.3203125,953.7548217773438,29.29578399658203
3.3359375,953.7465209960938,29.299819946289062
3.3515625,953.82177734375,29.292831420898438
3.3671875,953.7977294921875,29.29503631591797
3.3828125,953.81640625,29.299087524414062
3.3984375,953.8426513671875,29.302024841308594
3.4140625,953.8391723632812,29.29688262939453
3.4296875,953.8172607421875,29.309371948242188
3.4453125,953.8794555664062,29.298721313476562
3.4609375,953.8616333007812,29.297988891601562
3.4765625,953.882568359375,29.292098999023438
3.4921875,953.899169921875,29.299819946289062
3.5078125,953.8958129882812,29.290267944335938
3.5234375,953.8446655273438,29.297988891601562
3.5390625,953.9118041992188,29.307540893554688
3.5546875,953.9037475585938,29.29578399658203
3.5703125,953.8787231445312,29.285491943359375
3.5859375,953.8872680664062,29.299087524414062
3.6015625,953.9435424804688,29.306060791015625
3.6171875,953.8904418945312,29.307167053222656
3.6328125,953.853515625,29.304229736328125
3.6484375,953.8663940429688,29.292098999023438
3.6640625,953.8370971679688,29.298721313476562
3.6796875,953.8526611328125,29.306060791015625
3.6953125,953.9096069335938,29.31195068359375
3.7109375,953.879638671875,29.306060791015625
3.7265625,953.9292602539062,29.29834747314453
3.7421875,953.8783569335938,29.306808471679688
3.7578125,953.8934936523438,29.304229736328125
3.7734375,953.8927001953125,29.324447631835938
3.7890625,953.858154296875,29.307167053222656
3.8046875,953.8463134765625,29.31011199951172
3.8203125,953.864501953125,29.309371948242188
3.8359375,953.9785766601562,29.318931579589844
3.8515625,953.863037109375,29.31598663330078
3.8671875,953.8729248046875,29.31598663330078
3.8828125,953.8717041015625,29.318191528320312
3.8984375,953.9149780273438,29.31378173828125
3.9140625,953.886474609375,29.324806213378906
3.9296875,953.8600463867188,29.31378173828125
3.9453125,953.8529663085938,29.324447631835938
3.9609375,953.8689575195312,29.309738159179688
3.9765625,953.8478393554688,29.324806213378906
3.9921875,953.8834228515625,29.321136474609375
4.0078125,953.8907470703125,29.32665252685547
4.0234375,953.8912963867188,29.324806213378906
4.0390625,953.85107421875,29.324806213378906
4.0546875,953.9000854492188,29.32775115966797
4.0703125,953.92724609375,29.322967529296875
4.0859375,953.873046875,29.353469848632812
4.1015625,953.8880004882812,29.337303161621094
4.1171875,953.830810546875,29.34722900390625
4.1328125,953.8694458007812,29.3299560546875
4.1484375,953.9310913085938,29.3314208984375
4.1640625,953.88037109375,29.336570739746094
4.1796875,953.892333984375,29.342819213867188
4.1953125,953.9664916992188,29.339508056640625
4.2109375,953.9254760742188,29.342445373535156
4.2265625,953.85107421875,29.340606689453125
4.2421875,953.8998413085938,29.337303161621094
4.2578125,953.8846435546875,29.340606689453125
4.2734375,953.9207763671875,29.34429168701172
4.2890625,953.862548828125,29.342445373535156
4.3046875,953.9418334960938,29.3641357421875
4.3203125,953.925537109375,29.345016479492188
4.3359375,953.9869384765625,29.365966796875
4.3515625,953.938232421875,29.34759521484375
4.3671875,953.8670654296875,29.365966796875
4.3828125,953.9281005859375,29.362289428710938
4.3984375,953.9217529296875,29.359725952148438
4.4140625,953.8521728515625,29.356048583984375
4.4296875,953.942626953125,29.365966796875
4.4453125,953.8731079101562,29.3677978515625
4.4609375,953.8936767578125,29.3641357421875
4.4765625,953.8860473632812,29.36449432373047
4.4921875,953.8753662109375,29.369277954101562
4.5078125,953.86083984375,29.353836059570312
4.5234375,953.8557739257812,29.3677978515625
4.5390625,953.8714599609375,29.386917114257812
4.5546875,953.8685913085938,29.375160217285156
4.5703125,953.878173828125,29.365234375
4.5859375,953.84130859375,29.361557006835938
4.6015625,953.8630981445312,29.374786376953125
4.6171875,953.8619995117188,29.368545532226562
4.6328125,953.8475341796875,29.379196166992188
4.6484375,953.85107421875,29.368545532226562
4.6640625,953.857177734375,29.38433837890625
4.6796875,953.8360595703125,29.377365112304688
4.6953125,953.8353881835938,29.371475219726562
4.7109375,953.8348388671875,29.371475219726562
4.7265625,953.8515625,29.381027221679688
4.7421875,953.8309326171875,29.388015747070312
4.7578125,953.8363647460938,29.386917114257812
4.7734375,953.843505859375,29.372207641601562
4.7890625,953.8200073242188,29.386917114257812
4.8046875,953.814208984375,29.38764190673828
4.8203125,953.8304443359375,29.394256591796875
4.8359375,953.8071899414062,29.387283325195312
4.8515625,953.7921752929688,29.38543701171875
4.8671875,953.8116455078125,29.386184692382812
4.8828125,953.8141479492188,29.371475219726562
4.8984375,953.7935791015625,29.38177490234375
4.9140625,953.813720703125,29.372207641601562
4.9296875,953.8038330078125,29.376258850097656
4.9453125,953.8173217773438,29.371475219726562
4.9609375,953.80859375,29.38360595703125
4.9765625,953.8139038085938,29.36449432373047
4.9921875,953.786865234375,29.376258850097656
5.0078125,953.7940673828125,29.38066864013672
5.0234375,953.8178100585938,29.376617431640625
5.0390625,953.8173828125,29.36449432373047
5.0546875,953.8042602539062,29.361557006835938
5.0703125,953.803955078125,29.365966796875
5.0859375,953.787109375,29.365966796875
5.1015625,953.804443359375,29.369644165039062
5.1171875,953.8048095703125,29.371475219726562
5.1328125,953.7876586914062,29.365966796875
5.1484375,953.7877197265625,29.357879638671875
5.1640625,953.7862548828125,29.359725952148438
5.1796875,953.8025512695312,29.35015869140625
5.1953125,953.8028564453125,29.360824584960938
5.2109375,953.79248046875,29.369277954101562
5.2265625,953.796875,29.353836059570312
5.2421875,953.7858276367188,29.34832763671875
5.2578125,953.785888671875,29.35236358642578
5.2734375,953.7863159179688,29.358978271484375
5.2890625,953.786376953125,29.34759521484375
5.3046875,953.7803955078125,29.34942626953125
5.3203125,953.7752075195312,29.338035583496094
5.3359375,953.7794189453125,29.338035583496094
5.3515625,953.7764892578125,29.35236358642578
5.3671875,953.7808227539062,29.33289337158203
5.3828125,953.7789916992188,29.34942626953125
5.3984375,953.772216796875,29.336196899414062
5.4140625,953.771484375,29.340980529785156
5.4296875,953.7965698242188,29.337677001953125
5.4453125,953.7794189453125,29.34759521484375
5.4609375,953.76904296875,29.34539031982422
5.4765625,953.784423828125,29.333267211914062
5.4921875,953.7676391601562,29.335098266601562
5.5078125,953.7791137695312,29.34429168701172
5.5234375,953.7543334960938,29.342445373535156
5.5390625,953.7612915039062,29.333267211914062
5.5546875,953.771240234375,29.338775634765625
5.5703125,953.7604370117188,29.351638793945312
5.5859375,953.7617797851562,29.342445373535156
5.6015625,953.7769165039062,29.340240478515625
5.6171875,953.7450561523438,29.335830688476562
5.6328125,953.7631225585938,29.340606689453125
5.6484375,953.7606201171875,29.34795379638672
5.6640625,953.7618408203125,29.339881896972656
5.6796875,953.7718505859375,29.336196899414062
5.6953125,953.7679443359375,29.34539031982422
5.7109375,953.7581176757812,29.32775115966797
5.7265625,953.7611694335938,29.324806213378906
5.7421875,953.7752075195312,29.33216094970703
5.7578125,953.7633666992188,29.319664001464844
5.7734375,953.7693481445312,29.33251953125
5.7890625,953.7788696289062,29.327377319335938
5.8046875,953.800537109375,29.325180053710938
5.8203125,953.84521484375,29.328857421875
5.8359375,953.8305053710938,29.32921600341797
5.8515625,953.8377685546875,29.31157684326172
5.8671875,953.8461303710938,29.319664001464844
5.8828125,953.8517456054688,29.33216094970703
5.8984375,953.8482055664062,29.328857421875
5.9140625,953.8688354492188,29.33031463623047
5.9296875,953.837890625,29.33216094970703
5.9453125,953.8900756835938,29.335098266601562
5.9609375,953.9005126953125,29.322601318359375
5.9765625,953.866943359375,29.33031463623047
5.9921875,953.8557739257812,29.33216094970703
6.0078125,953.8667602539062,29.322967529296875
6.0234375,953.9130859375,29.334365844726562
6.0390625,953.9004516601562,29.34649658203125
6.0546875,953.911865234375,29.338035583496094
6.0703125,953.9539794921875,29.328857421875
6.0859375,953.9769287109375,29.33216094970703
6.1015625,953.9683227539062,29.342819213867188
6.1171875,953.9203491210938,29.342086791992188
6.1328125,953.9544067382812,29.337303161621094
6.1484375,953.950927734375,29.34759521484375
6.1640625,953.9232788085938,29.342445373535156
6.1796875,954.039794921875,29.353836059570312
6.1953125,953.9699096679688,29.352005004882812
6.2109375,954.0139770507812,29.365966796875
6.2265625,953.96630859375,29.361557006835938
6.2421875,953.9718627929688,29.358978271484375
6.2578125,954.0606079101562,29.354568481445312
6.2734375,954.0332641601562,29.356048583984375
6.2890625,954.0078125,29.3641357421875
6.3046875,953.99365234375,29.358245849609375
6.3203125,953.9852294921875,29.3677978515625
6.3359375,954.0346069335938,29.371475219726562
6.3515625,954.0128784179688,29.38066864013672
6.3671875,954.0502319335938,29.38543701171875
6.3828125,954.0775756835938,29.388748168945312
6.3984375,954.0743408203125,29.387283325195312
6.4140625,954.1033935546875,29.386917114257812
6.4296875,954.0287475585938,29.38507843017578
6.4453125,954.106201171875,29.396102905273438
6.4609375,954.06787109375,29.40087127685547
6.4765625,954.0396728515625,29.404556274414062
6.4921875,954.0943603515625,29.415206909179688
6.5078125,954.1868286132812,29.42182159423828
6.5234375,953.9873046875,29.429176330566406
6.5390625,954.1165161132812,29.424026489257812
6.5546875,954.0759887695312,29.43358612060547
6.5703125,954.108642578125,29.432846069335938
6.5859375,954.0864868164062,29.443138122558594
6.6015625,954.2129516601562,29.447547912597656
6.6171875,954.0938720703125,29.446441650390625
6.6328125,954.1410522460938,29.449020385742188
6.6484375,954.1035766601562,29.456741333007812
6.6640625,954.0338745117188,29.462982177734375
6.6796875,954.023193359375,29.466293334960938
6.6953125,953.9708251953125,29.4710693359375
6.7109375,954.0072631835938,29.47473907470703
6.7265625,953.9705200195312,29.480995178222656
6.7421875,954.0225830078125,29.47400665283203
6.7578125,953.9715576171875,29.480247497558594
6.7734375,953.946533203125,29.485763549804688
6.7890625,954.0659790039062,29.480995178222656
6.8046875,954.0016479492188,29.499359130859375
6.8203125,953.9574584960938,29.48981475830078
6.8359375,953.9892578125,29.50560760498047
6.8515625,953.9234008789062,29.499359130859375
6.8671875,954.0238037109375,29.499359130859375
6.8828125,953.980224609375,29.515899658203125
6.8984375,953.9991455078125,29.512962341308594
6.9140625,954.0836791992188,29.515899658203125
6.9296875,954.0200805664062,29.52692413330078
6.9453125,954.0629272460938,29.53832244873047
6.9609375,954.0264892578125,29.52068328857422
6.9765625,954.0611572265625,29.517730712890625
6.9921875,953.9580078125,29.546768188476562
7.0078125,953.999755859375,29.535743713378906
7.0234375,954.0220336914062,29.5416259765625
7.0390625,954.081787109375,29.539779663085938
7.0546875,954.0235595703125,29.553382873535156
7.0703125,953.9783325195312,29.55596160888672
7.0859375,954.0060424804688,29.564407348632812
7.1015625,953.9476928710938,29.564407348632812
7.1171875,953.9644165039062,29.57469940185547
7.1328125,953.912841796875,29.57543182373047
7.1484375,953.8603515625,29.589035034179688
7.1640625,953.9256591796875,29.590492248535156
7.1796875,953.8773803710938,29.586082458496094
7.1953125,953.8663330078125,29.582420349121094
7.2109375,953.8485717773438,29.582420349121094
7.2265625,953.8413696289062,29.57543182373047
7.2421875,953.8329467773438,29.587928771972656
7.2578125,953.8461303710938,29.58057403564453
7.2734375,953.845458984375,29.591964721679688
7.2890625,953.8416748046875,29.601516723632812
7.3046875,953.8278198242188,29.584983825683594
7.3203125,953.8380126953125,29.571754455566406
7.3359375,953.8110961914062,29.588661193847656
7.3515625,953.8385009765625,29.582420349121094
7.3671875,953.796630859375,29.571395874023438
7.3828125,953.81396484375,29.564407348632812
7.3984375,953.8102416992188,29.57469940185547
7.4140625,953.7999877929688,29.572128295898438
7.4296875,953.8087158203125,29.571395874023438
7.4453125,953.80029296875,29.562576293945312
7.4609375,953.8016967773438,29.564407348632812
7.4765625,953.7989501953125,29.55706024169922
7.4921875,953.7981567382812,29.555587768554688
7.5078125,953.798095703125,29.546035766601562
7.5234375,953.8048706054688,29.535011291503906
7.5390625,953.8031616210938,29.52765655517578
7.5546875,953.8084106445312,29.532440185546875
7.5703125,953.7987060546875,29.52765655517578
7.5859375,953.8042602539062,29.51111602783203
7.6015625,953.788330078125,29.50670623779297
7.6171875,953.7883911132812,29.512962341308594
7.6328125,953.7926635742188,29.50414276123047
7.6484375,953.7798461914062,29.496055603027344
7.6640625,953.7796020507812,29.503402709960938
7.6796875,953.7928466796875,29.503402709960938
7.6953125,953.7928466796875,29.48981475830078
7.7109375,953.7933349609375,29.483200073242188
7.7265625,953.7849731445312,29.480621337890625
7.7421875,953.778076171875,29.495323181152344
7.7578125,953.7794799804688,29.46959686279297
7.7734375,953.7763061523438,29.47032928466797
7.7890625,953.7794189453125,29.480995178222656
7.8046875,953.779296875,29.46776580810547
7.8203125,953.776123046875,29.463356018066406
7.8359375,953.785888671875,29.465919494628906
7.8515625,953.7891845703125,29.461509704589844
7.8671875,953.7708129882812,29.464080810546875
7.8828125,953.7860107421875,29.45526123046875
7.8984375,953.7724609375,29.461151123046875
7.9140625,953.7731323242188,29.447547912597656
7.9296875,953.7748413085938,29.443511962890625
7.9453125,953.7827758789062,29.443138122558594
7.9609375,953.7708129882812,29.432846069335938
7.9765625,953.770263671875,29.437255859375
7.9921875,953.762451171875,29.43946075439453
8.0078125,953.77099609375,29.432846069335938
8.0234375,953.7828979492188,29.442405700683594
8.0390625,953.7640991210938,29.429908752441406
8.0546875,953.7653198242188,29.424766540527344
8.0703125,953.76123046875,29.426971435546875
8.0859375,953.7584228515625,29.424026489257812
8.1015625,953.765380859375,29.432113647460938
8.1171875,953.7571411132812,29.41925811767578
8.1328125,953.7551879882812,29.41851043701172
8.1484375,953.7587280273438,29.415206909179688
8.1640625,953.766845703125,29.407127380371094
8.1796875,953.7677612304688,29.415206909179688
8.1953125,953.774658203125,29.41851043701172
8.2109375,953.784423828125,29.415206909179688
8.2265625,953.80810546875,29.41594696044922
8.2421875,953.8212890625,29.40087127685547
8.2578125,953.8228149414062,29.408592224121094
8.2734375,953.8312377929688,29.4012451171875
8.2890625,953.807861328125,29.406387329101562
8.3046875,953.816162109375,29.409690856933594
8.3203125,953.8267211914062,29.415206909179688
8.3359375,953.8391723632812,29.411537170410156
8.3515625,953.8239135742188,29.415573120117188
8.3671875,953.83984375,29.406387329101562
8.3828125,953.8406982421875,29.403076171875
8.3984375,953.8576049804688,29.39720916748047
8.4140625,953.852294921875,29.40087127685547
8.4296875,953.8490600585938,29.409690856933594
8.4453125,953.8207397460938,29.413375854492188
8.4609375,953.8240356445312,29.406387329101562
8.4765625,953.8382568359375,29.406387329101562
8.4921875,953.8071899414062,29.406387329101562
8.5078125,953.8071899414062,29.4019775390625
8.5234375,953.8390502929688,29.406753540039062
8.5390625,953.8502197265625,29.41484832763672
8.5546875,953.839111328125,29.424026489257812
8.5703125,953.8250732421875,29.413375854492188
8.5859375,953.8419189453125,29.3994140625
8.6015625,953.8583984375,29.395736694335938
8.6171875,953.8299560546875,29.41851043701172
8.6328125,953.8532104492188,29.41888427734375
8.6484375,953.8323364257812,29.415573120117188
8.6640625,953.7841796875,29.408592224121094
8.6796875,953.8385009765625,29.40087127685547
8.6953125,953.8090209960938,29.404922485351562
8.7109375,953.8279418945312,29.404556274414062
8.7265625,953.8309326171875,29.4005126953125
8.7421875,953.8759155273438,29.411537170410156
8.7578125,953.841796875,29.41998291015625
8.7734375,953.8294067382812,29.404556274414062
8.7890625,953.796875,29.3994140625
8.8046875,953.8154296875,29.41667938232422
8.8203125,953.8242797851562,29.406387329101562
8.8359375,953.8268432617188,29.406387329101562
8.8515625,953.8610229492188,29.41741180419922
8.8671875,953.8190307617188,29.415206909179688
8.8828125,953.8487548828125,29.41998291015625
8.8984375,953.8413696289062,29.4019775390625
8.9140625,953.852783203125,29.426971435546875
8.9296875,953.8672485351562,29.424026489257812
8.9453125,953.866943359375,29.42035675048828
8.9609375,953.8175659179688,29.41594696044922
8.9765625,953.8463134765625,29.426971435546875
8.9921875,953.8690185546875,29.41484832763672
9.0078125,953.8306884765625,29.41594696044922
9.0234375,953.8463134765625,29.431015014648438
9.0390625,953.8490600585938,29.428077697753906
9.0546875,953.8326416015625,29.41594696044922
9.0703125,953.8242797851562,29.41998291015625
9.0859375,953.8323974609375,29.428077697753906
9.1015625,953.825439453125,29.428077697753906
9.1171875,953.8404541015625,29.4354248046875
9.1328125,953.8411254882812,29.428077697753906
9.1484375,953.8392944335938,29.424026489257812
9.1640625,953.8513793945312,29.431015014648438
9.1796875,953.8406982421875,29.432846069335938
9.1953125,953.8109741210938,29.430641174316406
9.2109375,953.8053588867188,29.425498962402344
9.2265625,953.8329467773438,29.432846069335938
9.2421875,953.8408203125,29.4365234375
9.2578125,953.8658447265625,29.43248748779297
9.2734375,953.8408203125,29.4346923828125
9.2890625,953.8560180664062,29.443511962890625
9.3046875,953.8521118164062,29.447174072265625
9.3203125,953.8572387695312,29.448654174804688
9.3359375,953.8711547851562,29.440200805664062
9.3515625,953.8416137695312,29.45563507080078
9.3671875,953.8281860351562,29.450851440429688
9.3828125,953.8206176757812,29.447547912597656
9.3984375,953.811279296875,29.446075439453125
9.4140625,953.8272705078125,29.45453643798828
9.4296875,953.8287353515625,29.461509704589844
9.4453125,953.7994995117188,29.446075439453125
9.4609375,953.852294921875,29.45599365234375
9.4765625,953.8502807617188,29.450851440429688
9.4921875,953.82421875,29.448280334472656
9.5078125,953.837646484375,29.446075439453125
9.5234375,953.8272705078125,29.449752807617188
9.5390625,953.8353881835938,29.45195770263672
9.5546875,953.8326416015625,29.450851440429688
9.5703125,953.8355102539062,29.450851440429688
9.5859375,953.8276977539062,29.449378967285156
9.6015625,953.8348388671875,29.45306396484375
9.6171875,953.8279418945312,29.462608337402344
9.6328125,953.828857421875,29.45453643798828
9.6484375,953.8078002929688,29.446075439453125
9.6640625,953.820068359375,29.449752807617188
9.6796875,953.8275756835938,29.441307067871094
9.6953125,953.8196411132812,29.450851440429688
9.7109375,953.8181762695312,29.45122528076172
9.7265625,953.8045043945312,29.439102172851562
9.7421875,953.804443359375,29.43946075439453
9.7578125,953.8117065429688,29.43872833251953
9.7734375,953.7972412109375,29.442764282226562
9.7890625,953.7946166992188,29.4376220703125
9.8046875,953.810302734375,29.429908752441406
9.8203125,953.8095092773438,29.442405700683594
9.8359375,953.81201171875,29.413375854492188
9.8515625,953.807861328125,29.43358612060547
9.8671875,953.8032836914062,29.422195434570312
9.8828125,953.7824096679688,29.423667907714844
9.8984375,953.8101196289062,29.41888427734375
9.9140625,953.8084106445312,29.413742065429688
9.9296875,953.7869262695312,29.408592224121094
9.9453125,953.7835083007812,29.41851043701172
9.9609375,953.7874145507812,29.408592224121094
9.9765625,953.7835083007812,29.413742065429688
9.9921875,953.7755737304688,29.395736694335938
10.0078125,953.76904296875,29.39904022216797
10.0234375,953.7784423828125,29.392051696777344
10.0390625,953.7836303710938,29.41998291015625
10.0546875,953.8073120117188,29.396102905273438
10.0703125,953.7769165039062,29.397567749023438
10.0859375,953.7883911132812,29.392051696777344
10.1015625,953.801513671875,29.388748168945312
10.1171875,953.7874755859375,29.38543701171875
10.1328125,953.7680053710938,29.386917114257812
10.1484375,953.7760009765625,29.3670654296875
10.1640625,953.7567138671875,29.371475219726562
10.1796875,953.7745361328125,29.389488220214844
10.1953125,953.7767944335938,29.38287353515625
10.2109375,953.7858276367188,29.386917114257812
10.2265625,953.7639770507812,29.379928588867188
10.2421875,953.7776489257812,29.380294799804688
10.2578125,953.775390625,29.375160217285156
10.2734375,953.7658081054688,29.368545532226562
10.2890625,953.7639770507812,29.372207641601562
10.3046875,953.7481689453125,29.3670654296875
10.3203125,953.7620239257812,29.36449432373047
10.3359375,953.7551879882812,29.360458374023438
10.3515625,953.7356567382812,29.361557006835938
10.3671875,953.7531127929688,29.365234375
10.3828125,953.7631225585938,29.355316162109375
10.3984375,953.7710571289062,29.3677978515625
10.4140625,953.7592163085938,29.365966796875
10.4296875,953.7559814453125,29.362289428710938
10.4453125,953.7777099609375,29.34942626953125
10.4609375,953.7650756835938,29.343917846679688
10.4765625,953.759765625,29.358978271484375
10.4921875,953.7594604492188,29.358978271484375
10.5078125,953.7642822265625,29.35236358642578
10.5234375,953.7617797851562,29.342819213867188
10.5390625,953.744140625,29.343185424804688
10.5546875,953.7567138671875,29.362289428710938
10.5703125,953.7472534179688,29.356048583984375
10.5859375,953.7525634765625,29.34832763671875
10.6015625,953.7506103515625,29.34685516357422
10.6171875,953.7570190429688,29.360458374023438
10.6328125,953.7470092773438,29.35236358642578
10.6484375,953.7623291015625,29.352005004882812
10.6640625,953.8048095703125,29.342819213867188
10.6796875,953.7991333007812,29.338035583496094
10.6953125,953.7734375,29.339881896972656
10.7109375,953.7682495117188,29.356048583984375
10.7265625,953.803466796875,29.34649658203125
10.7421875,953.8323364257812,29.34795379638672
10.7578125,953.8175048828125,29.338035583496094
10.7734375,953.8314819335938,29.360458374023438
10.7890625,953.8408203125,29.34429168701172
10.8046875,953.8948364257812,29.34539031982422
10.8203125,953.8663330078125,29.352005004882812
10.8359375,953.8358154296875,29.34832763671875
10.8515625,953.8963623046875,29.356048583984375
10.8671875,953.9026489257812,29.353836059570312
10.8828125,953.948974609375,29.357879638671875
10.8984375,953.8818359375,29.360824584960938
10.9140625,953.9000854492188,29.358978271484375
10.9296875,953.8335571289062,29.361557006835938
10.9453125,953.8338012695312,29.365966796875
10.9609375,953.9769897460938,29.376258850097656
10.9765625,953.8544311523438,29.375160217285156
10.9921875,953.902099609375,29.375160217285156
11.0078125,953.8709716796875,29.375885009765625
11.0234375,953.8161010742188,29.368545532226562
11.0390625,953.9575805664062,29.38397979736328
11.0546875,953.9005737304688,29.386917114257812
11.0703125,953.894287109375,29.39904022216797
11.0859375,953.9641723632812,29.392799377441406
11.1015625,953.8876953125,29.3994140625
11.1171875,953.9069213867188,29.40087127685547
11.1328125,953.917236328125,29.393524169921875
11.1484375,953.9844970703125,29.410438537597656
11.1640625,953.9282836914062,29.415573120117188
11.1796875,953.9144287109375,29.424026489257812
11.1953125,953.9655151367188,29.41925811767578
11.2109375,953.8932495117188,29.427703857421875
11.2265625,953.9168701171875,29.4346923828125
11.2421875,953.9838256835938,29.435791015625
11.2578125,953.9624633789062,29.429908752441406
11.2734375,953.9600830078125,29.437255859375
11.2890625,953.91357421875,29.450851440429688
11.3046875,953.9119873046875,29.446815490722656
11.3203125,953.9360961914062,29.43946075439453
11.3359375,953.9425659179688,29.451583862304688
11.3515625,953.9180297851562,29.450851440429688
11.3671875,953.9365234375,29.447174072265625
11.3828125,953.9091796875,29.462982177734375
11.3984375,953.8450317382812,29.457839965820312
11.4140625,953.90966796875,29.46776580810547
11.4296875,953.8544921875,29.465919494628906
11.4453125,953.902099609375,29.476585388183594
11.4609375,953.8781127929688,29.477684020996094
11.4765625,953.939208984375,29.4710693359375
11.4921875,953.9055786132812,29.480247497558594
11.5078125,953.9614868164062,29.478790283203125
11.5234375,953.9392700195312,29.480621337890625
11.5390625,953.8892822265625,29.476585388183594
11.5546875,953.9646606445312,29.48944091796875
11.5703125,953.9086303710938,29.48981475830078
11.5859375,953.9677734375,29.48981475830078
11.6015625,953.894287109375,29.499359130859375
11.6171875,953.8857421875,29.502296447753906
11.6328125,953.8920288085938,29.49237823486328
11.6484375,953.9202880859375,29.49347686767578
11.6640625,953.87255859375,29.496055603027344
11.6796875,953.8937377929688,29.495323181152344
11.6953125,953.9224243164062,29.50928497314453
11.7109375,953.9494018554688,29.509658813476562
11.7265625,953.8663940429688,29.516632080078125
11.7421875,953.9716796875,29.515899658203125
11.7578125,953.8921508789062,29.512222290039062
11.7734375,953.9371948242188,29.517730712890625
11.7890625,953.9467163085938,29.530601501464844
11.8046875,953.9085693359375,29.513694763183594
11.8203125,953.9182739257812,29.52398681640625
11.8359375,953.8349609375,29.529502868652344
11.8515625,953.8946533203125,29.533912658691406
11.8671875,953.946533203125,29.533164978027344
11.8828125,953.8550415039062,29.5423583984375
11.8984375,953.8899536132812,29.532806396484375
11.9140625,953.8836669921875,29.533164978027344
11.9296875,953.8658447265625,29.546035766601562
11.9453125,953.914794921875,29.546768188476562
11.9609375,953.8873901367188,29.55596160888672
11.9765625,953.8751831054688,29.5416259765625
11.9921875,953.8941040039062,29.55779266357422
12.0078125,953.8820190429688,29.55596160888672
12.0234375,953.8530883789062,29.55596160888672
12.0390625,953.8429565429688,29.55596160888672
12.0546875,953.84716796875,29.55596160888672
12.0703125,953.8530883789062,29.55706024169922
12.0859375,953.8304443359375,29.55596160888672
12.1015625,953.8458862304688,29.564781188964844
12.1171875,953.8318481445312,29.564407348632812
12.1328125,953.8389892578125,29.56072998046875
12.1484375,953.8463134765625,29.55706024169922
12.1640625,953.8179321289062,29.562576293945312
12.1796875,953.8387451171875,29.563674926757812
12.1953125,953.8240356445312,29.55889892578125
12.2109375,953.8384399414062,29.55596160888672
12.2265625,953.8380737304688,29.566986083984375
12.2421875,953.81591796875,29.55889892578125
12.2578125,953.8318481445312,29.546035766601562
12.2734375,953.8168334960938,29.555213928222656
12.2890625,953.81591796875,29.546768188476562
12.3046875,953.8145141601562,29.532806396484375
12.3203125,953.8131103515625,29.536849975585938
12.3359375,953.8214111328125,29.553382873535156
12.3515625,953.82177734375,29.533164978027344
12.3671875,953.81982421875,29.531333923339844
12.3828125,953.8064575195312,29.511863708496094
12.3984375,953.8158569335938,29.512962341308594
12.4140625,953.8046875,29.52398681640625
12.4296875,953.802734375,29.518836975097656
12.4453125,953.818359375,29.52692413330078
12.4609375,953.7982788085938,29.501197814941406
12.4765625,953.8099975585938,29.499359130859375
12.4921875,953.81640625,29.504501342773438
12.5078125,953.8168334960938,29.502296447753906
12.5234375,953.797607421875,29.499359130859375
12.5390625,953.8009033203125,29.493850708007812
12.5546875,953.803955078125,29.480995178222656
12.5703125,953.7907104492188,29.483200073242188
12.5859375,953.8082885742188,29.478790283203125
12.6015625,953.78515625,29.480247497558594
12.6171875,953.814453125,29.482452392578125
12.6328125,953.7950439453125,29.47142791748047
12.6484375,953.7981567382812,29.466293334960938
12.6640625,953.79638671875,29.4736328125
12.6796875,953.7833251953125,29.465187072753906
12.6953125,953.7735595703125,29.47142791748047
12.7109375,953.7736206054688,29.462982177734375
12.7265625,953.782958984375,29.461509704589844
12.7421875,953.7755126953125,29.461151123046875
12.7578125,953.7743530273438,29.45195770263672
12.7734375,953.7686767578125,29.45195770263672
12.7890625,953.7584838867188,29.461151123046875
12.8046875,953.7623901367188,29.446075439453125
12.8203125,953.761474609375,29.443138122558594
12.8359375,953.7677612304688,29.43614959716797
12.8515625,953.7730102539062,29.443138122558594
12.8671875,953.7618408203125,29.428802490234375
12.8828125,953.759765625,29.426605224609375
12.8984375,953.7678833007812,29.43431854248047
12.9140625,953.7621459960938,29.432846069335938
12.9296875,953.7684936523438,29.425498962402344
12.9453125,953.7582397460938,29.431015014648438
12.9609375,953.7581787109375,29.429908752441406
12.9765625,953.7682495117188,29.428077697753906
12.9921875,953.7681274414062,29.41998291015625
13.0078125,953.7607421875,29.424392700195312
13.0234375,953.7647705078125,29.41484832763672
13.0390625,953.753662109375,29.41484832763672
13.0546875,953.7667846679688,29.415206909179688
13.0703125,953.7638549804688,29.424766540527344
13.0859375,953.7647705078125,29.411537170410156
13.1015625,953.7634887695312,29.410064697265625
13.1171875,953.751953125,29.407127380371094
13.1328125,953.759521484375,29.413375854492188
13.1484375,953.7696533203125,29.396835327148438
13.1640625,953.7584228515625,29.406387329101562
13.1796875,953.7659301757812,29.41925811767578
13.1953125,953.746826171875,29.404922485351562
13.2109375,953.7496948242188,29.406387329101562
13.2265625,953.7797241210938,29.394256591796875
13.2421875,953.77490234375,29.392799377441406
13.2578125,953.7717895507812,29.396102905273438
13.2734375,953.7666015625,29.390953063964844
13.2890625,953.7579345703125,29.39720916748047
13.3046875,953.7901611328125,29.39720916748047
13.3203125,953.7853393554688,29.392051696777344
13.3359375,953.7747192382812,29.389114379882812
13.3515625,953.7988891601562,29.386184692382812
13.3671875,953.818359375,29.386184692382812
13.3828125,953.790283203125,29.386184692382812
13.3984375,953.7346801757812,29.393524169921875
13.4140625,953.784912109375,29.379928588867188
13.4296875,953.7674560546875,29.38066864013672
13.4453125,953.784912109375,29.40087127685547
13.4609375,953.807861328125,29.388748168945312
13.4765625,953.8449096679688,29.40087127685547
13.4921875,953.8228149414062,29.386184692382812
13.5078125,953.8302612304688,29.390220642089844
13.5234375,953.8217163085938,29.388748168945312
13.5390625,953.8825073242188,29.396102905273438
13.5546875,953.8336791992188,29.403076171875
13.5703125,953.8128051757812,29.38177490234375
13.5859375,953.8316040039062,29.404556274414062
13.6015625,953.8697509765625,29.406387329101562
13.6171875,953.8382568359375,29.411537170410156
13.6328125,953.8770141601562,29.413375854492188
13.6484375,953.8897705078125,29.408592224121094
13.6640625,953.8826293945312,29.413002014160156
13.6796875,953.9398803710938,29.404922485351562
13.6953125,953.8793334960938,29.41667938232422
13.7109375,953.8577880859375,29.41667938232422
13.7265625,953.9617919921875,29.426971435546875
13.7421875,953.8182373046875,29.41594696044922
13.7578125,953.9114379882812,29.41925811767578
13.7734375,953.8837280273438,29.41594696044922
13.7890625,953.8900756835938,29.429908752441406
13.8046875,953.8519287109375,29.422561645507812
13.8203125,953.8649291992188,29.431739807128906
13.8359375,953.871826171875,29.4346923828125
13.8515625,953.862548828125,29.4365234375
13.8671875,953.848388671875,29.443138122558594
13.8828125,953.8234252929688,29.446815490722656
13.8984375,953.8762817382812,29.4376220703125
13.9140625,953.8616943359375,29.439102172851562
13.9296875,953.9227294921875,29.43431854248047
13.9453125,953.8482055664062,29.443138122558594
13.9609375,953.8795166015625,29.444610595703125
13.9765625,953.8271484375,29.450851440429688
13.9921875,953.8497924804688,29.442031860351562
14.0078125,953.8615112304688,29.458572387695312
14.0234375,953.9043579101562,29.45233154296875
14.0390625,953.8595581054688,29.451583862304688
14.0546875,953.8487548828125,29.45269012451172
14.0703125,953.8840942382812,29.462249755859375
14.0859375,953.8820190429688,29.45195770263672
14.1015625,953.8577880859375,29.466659545898438
14.1171875,953.8837280273438,29.465187072753906
14.1328125,953.8441162109375,29.462249755859375
14.1484375,953.8287963867188,29.465919494628906
14.1640625,953.8751831054688,29.479522705078125
14.1796875,953.8724975585938,29.468490600585938
14.1953125,953.859375,29.464080810546875
14.2109375,953.8934936523438,29.472900390625
14.2265625,953.8460083007812,29.48650360107422
14.2421875,953.8359985351562,29.472900390625
14.2578125,953.8579711914062,29.465187072753906
14.2734375,953.8028564453125,29.477684020996094
14.2890625,953.8536987304688,29.46959686279297
14.3046875,953.8743286132812,29.47583770751953
14.3203125,953.8164672851562,29.48870849609375
14.3359375,953.8440551757812,29.48650360107422
14.3515625,953.8312377929688,29.47032928466797
14.3671875,953.83740234375,29.4710693359375
14.3828125,953.8661499023438,29.47473907470703
14.3984375,953.8223266601562,29.47473907470703
14.4140625,953.8270874023438,29.483558654785156
14.4296875,953.8381958007812,29.477684020996094
14.4453125,953.8453979492188,29.476585388183594
14.4609375,953.8374633789062,29.47583770751953
14.4765625,953.8427124023438,29.478790283203125
14.4921875,953.8352661132812,29.482826232910156
14.5078125,953.8822631835938,29.49237823486328
14.5234375,953.8533935546875,29.492019653320312
14.5390625,953.8246459960938,29.482452392578125
14.5546875,953.870849609375,29.482452392578125
14.5703125,953.8697509765625,29.48981475830078
14.5859375,953.8626098632812,29.49237823486328
14.6015625,953.880859375,29.482826232910156
14.6171875,953.862548828125,29.496055603027344
14.6328125,953.8536987304688,29.48981475830078
14.6484375,953.843505859375,29.495323181152344
14.6640625,953.8541870117188,29.499359130859375
14.6796875,953.8929443359375,29.502296447753906
14.6953125,953.8549194335938,29.495323181152344
14.7109375,953.8363037109375,29.499359130859375
14.7265625,953.8402709960938,29.499359130859375
14.7421875,953.8474731445312,29.493850708007812
14.7578125,953.8458251953125,29.495323181152344
14.7734375,953.8320922851562,29.49347686767578
14.7890625,953.839111328125,29.494949340820312
14.8046875,953.8369140625,29.499359130859375
14.8203125,953.8301391601562,29.493850708007812
14.8359375,953.8284301757812,29.493850708007812
14.8515625,953.8469848632812,29.48906707763672
14.8671875,953.8314819335938,29.496788024902344
14.8828125,953.8251342773438,29.494949340820312
14.8984375,953.8172607421875,29.49347686767578
14.9140625,953.8181762695312,29.49053955078125
14.9296875,953.828125,29.484298706054688
14.9453125,953.8017578125,29.499732971191406
14.9609375,953.817626953125,29.49347686767578
14.9765625,953.802734375,29.48944091796875
14.9921875,953.8016967773438,29.47032928466797
15.0078125,953.8134765625,29.480621337890625
15.0234375,953.8014526367188,29.48981475830078
15.0390625,953.8028564453125,29.476585388183594
15.0546875,953.803955078125,29.468490600585938
15.0703125,953.8067016601562,29.47473907470703
15.0859375,953.8223266601562,29.472900390625
15.1015625,953.8029174804688,29.46959686279297
15.1171875,953.7853393554688,29.4736328125
15.1328125,953.8072509765625,29.460044860839844
15.1484375,953.7915649414062,29.4718017578125
15.1640625,953.7975463867188,29.466659545898438
15.1796875,953.7982788085938,29.457839965820312
15.1953125,953.812255859375,29.468490600585938
15.2109375,953.8133544921875,29.462982177734375
15.2265625,953.8062133789062,29.45563507080078
15.2421875,953.805419921875,29.446075439453125
15.2578125,953.7949829101562,29.444244384765625
15.2734375,953.7947998046875,29.45012664794922
15.2890625,953.8115234375,29.449020385742188
15.3046875,953.8035888671875,29.459671020507812
15.3203125,953.78857421875,29.443138122558594
15.3359375,953.7899169921875,29.439102172851562
15.3515625,953.7894287109375,29.43689727783203
15.3671875,953.7940673828125,29.439102172851562
15.3828125,953.7977905273438,29.429908752441406
15.3984375,953.7939453125,29.43946075439453
15.4140625,953.8104248046875,29.445343017578125
15.4296875,953.7900390625,29.43946075439453
15.4453125,953.7894897460938,29.41594696044922
15.4609375,953.7891235351562,29.423667907714844
15.4765625,953.7879638671875,29.423667907714844
15.4921875,953.7933349609375,29.431015014648438
15.5078125,953.8095703125,29.426971435546875
15.5234375,953.796142578125,29.428436279296875
15.5390625,953.7805786132812,29.425498962402344
15.5546875,953.783935546875,29.41594696044922
15.5703125,953.7872314453125,29.41594696044922
15.5859375,953.7872314453125,29.428077697753906
15.6015625,953.809326171875,29.415206909179688
15.6171875,953.77880859375,29.41667938232422
15.6328125,953.8081665039062,29.41778564453125
15.6484375,953.7927856445312,29.408592224121094
15.6640625,953.770263671875,29.42108917236328
15.6796875,953.7877197265625,29.403823852539062
15.6953125,953.7782592773438,29.408966064453125
15.7109375,953.7817993164062,29.4012451171875
15.7265625,953.7827758789062,29.409690856933594
15.7421875,953.7967529296875,29.415573120117188
15.7578125,953.7716064453125,29.406753540039062
15.7734375,953.7821044921875,29.408966064453125
15.7890625,953.7567138671875,29.404922485351562
15.8046875,953.7699584960938,29.415206909179688
15.8203125,953.7811279296875,29.415573120117188
15.8359375,953.7782592773438,29.40271759033203
15.8515625,953.7847290039062,29.40087127685547
15.8671875,953.7666015625,29.40087127685547
15.8828125,953.7732543945312,29.40087127685547
15.8984375,953.7803955078125,29.395004272460938
15.9140625,953.7738037109375,29.392799377441406
15.9296875,953.7921752929688,29.40087127685547
15.9453125,953.8275756835938,29.415573120117188
15.9609375,953.8302001953125,29.396102905273438
15.9765625,953.8145141601562,29.40087127685547
15.9921875,953.8622436523438,29.38360595703125
16.0078125,953.8430786132812,29.389846801757812
16.0234375,953.8366088867188,29.390220642089844
16.0390625,953.836669921875,29.392799377441406
16.0546875,953.8566284179688,29.388748168945312
16.0703125,953.8270263671875,29.389114379882812
16.0859375,953.861083984375,29.388015747070312
16.1015625,954.0365600585938,29.392799377441406
16.1171875,953.8602294921875,29.389488220214844
16.1328125,953.8927001953125,29.39904022216797
16.1484375,953.9534912109375,29.391693115234375
16.1640625,953.8905029296875,29.398666381835938
16.1796875,953.8853149414062,29.376258850097656
16.1953125,954.0353393554688,29.388015747070312
16.2109375,953.896240234375,29.39904022216797
16.2265625,953.987548828125,29.40087127685547
16.2421875,953.9141845703125,29.40087127685547
16.2578125,953.8395385742188,29.40087127685547
16.2734375,953.8443603515625,29.40345001220703
16.2890625,953.8899536132812,29.407127380371094
16.3046875,953.9178466796875,29.406387329101562
16.3203125,953.91357421875,29.41705322265625
16.3359375,953.83935546875,29.4005126953125
16.3515625,953.9464111328125,29.415206909179688
16.3671875,953.8833618164062,29.41594696044922
16.3828125,953.8259887695312,29.42108917236328
16.3984375,953.8324584960938,29.413375854492188
16.4140625,953.8563232421875,29.41778564453125
16.4296875,953.8901977539062,29.42292022705078
16.4453125,953.8721923828125,29.42071533203125
16.4609375,953.8396606445312,29.41667938232422
16.4765625,953.8661499023438,29.41594696044922
16.4921875,953.8380737304688,29.42071533203125
16.5078125,953.884521484375,29.41925811767578
16.5234375,953.850830078125,29.41594696044922
16.5390625,953.8404541015625,29.426971435546875
16.5546875,953.7930908203125,29.435791015625
16.5703125,953.819091796875,29.4365234375
16.5859375,953.8167724609375,29.41594696044922
16.6015625,953.817138671875,29.426971435546875
16.6171875,953.916748046875,29.421463012695312
16.6328125,953.8439331054688,29.439102172851562
16.6484375,953.7973022460938,29.428436279296875
16.6640625,953.8331909179688,29.43358612060547
16.6796875,953.8182373046875,29.433212280273438
16.6953125,953.8409423828125,29.43872833251953
16.7109375,953.859375,29.443138122558594
16.7265625,953.81982421875,29.43689727783203
16.7421875,953.8867797851562,29.446815490722656
16.7578125,953.8374633789062,29.447174072265625
16.7734375,953.795654296875,29.45233154296875
16.7890625,953.910888671875,29.45563507080078
16.8046875,953.8281860351562,29.461509704589844
16.8203125,953.8215942382812,29.457839965820312
16.8359375,953.8636474609375,29.45269012451172
16.8515625,953.8471069335938,29.464080810546875
16.8671875,953.8427734375,29.468490600585938
16.8828125,953.8444213867188,29.466293334960938
16.8984375,953.8292846679688,29.47032928466797
16.9140625,953.7770385742188,29.464454650878906
16.9296875,953.796875,29.465919494628906
16.9453125,953.8399658203125,29.482452392578125
16.9609375,953.795654296875,29.478416442871094
16.9765625,953.7975463867188,29.482093811035156
16.9921875,953.7836303710938,29.486129760742188
17.0078125,953.8461303710938,29.478416442871094
17.0234375,953.8555297851562,29.480995178222656
17.0390625,953.8384399414062,29.480247497558594
17.0546875,953.814453125,29.495323181152344
17.0703125,953.8172607421875,29.486862182617188
17.0859375,953.8892822265625,29.49347686767578
17.1015625,953.8457641601562,29.499359130859375
17.1171875,953.8373413085938,29.495323181152344
17.1328125,953.8004760742188,29.499359130859375
17.1484375,953.8402709960938,29.48981475830078
17.1640625,953.8244018554688,29.499359130859375
17.1796875,953.8356323242188,29.5052490234375
17.1953125,953.8480224609375,29.50928497314453
17.2109375,953.8634033203125,29.502296447753906
17.2265625,953.8466186523438,29.509658813476562
17.2421875,953.84130859375,29.51001739501953
17.2578125,953.8270263671875,29.494949340820312
17.2734375,953.8225708007812,29.512962341308594
17.2890625,953.8488159179688,29.52068328857422
17.3046875,953.8496704101562,29.52692413330078
17.3203125,953.8412475585938,29.516632080078125
17.3359375,953.8414916992188,29.515899658203125
17.3515625,953.8419189453125,29.52068328857422
17.3671875,953.8406982421875,29.52765655517578
17.3828125,953.8502807617188,29.530601501464844
17.3984375,953.8494262695312,29.516632080078125
17.4140625,953.8390502929688,29.531333923339844
17.4296875,953.8284912109375,29.52434539794922
17.4453125,953.8427734375,29.512962341308594
17.4609375,953.8309326171875,29.50670623779297
17.4765625,953.8165283203125,29.52398681640625
17.4921875,953.8427124023438,29.509658813476562
17.5078125,953.8263549804688,29.517730712890625
17.5234375,953.8313598632812,29.514801025390625
17.5390625,953.7969970703125,29.51001739501953
17.5546875,953.8306884765625,29.512962341308594
17.5703125,953.8046875,29.497886657714844
17.5859375,953.8150634765625,29.503402709960938
17.6015625,953.8167724609375,29.502296447753906
17.6171875,953.8017578125,29.49053955078125
17.6328125,953.7946166992188,29.49347686767578
17.6484375,953.7919311523438,29.478790283203125
17.6640625,953.79052734375,29.482452392578125
17.6796875,953.8135986328125,29.476585388183594
17.6953125,953.8075561523438,29.4736328125
17.7109375,953.7899780273438,29.47327423095703
17.7265625,953.7899780273438,29.466659545898438
17.7421875,953.8023071289062,29.461151123046875
17.7578125,953.8114624023438,29.45453643798828
17.7734375,953.7880859375,29.457839965820312
17.7890625,953.7967529296875,29.445343017578125
17.8046875,953.7900390625,29.450851440429688
17.8203125,953.7955322265625,29.45563507080078
17.8359375,953.7911376953125,29.443511962890625
17.8515625,953.7952880859375,29.425872802734375
17.8671875,953.7924194335938,29.428077697753906
17.8828125,953.79443359375,29.429908752441406
17.8984375,953.792724609375,29.442405700683594
17.9140625,953.7927856445312,29.4365234375
17.9296875,953.7891845703125,29.4376220703125
17.9453125,953.7893676757812,29.426605224609375
17.9609375,953.7822265625,29.432846069335938
17.9765625,953.780517578125,29.432846069335938
17.9921875,953.772705078125,29.424026489257812
18.0078125,953.7821044921875,29.429908752441406
18.0234375,953.7723999023438,29.41851043701172
18.0390625,953.7928466796875,29.411895751953125
18.0546875,953.7682495117188,29.41594696044922
18.0703125,953.7794189453125,29.42292022705078
18.0859375,953.7657470703125,29.415206909179688
18.1015625,953.7811279296875,29.41705322265625
18.1171875,953.7872924804688,29.408966064453125
18.1328125,953.7865600585938,29.422195434570312
18.1484375,953.774658203125,29.404556274414062
18.1640625,953.8082885742188,29.400146484375
18.1796875,953.789794921875,29.415573120117188
18.1953125,953.7860107421875,29.413375854492188
18.2109375,953.7684326171875,29.404556274414062
18.2265625,953.7830810546875,29.404556274414062
18.2421875,953.7699584960938,29.406387329101562
18.2578125,953.77734375,29.406387329101562
18.2734375,953.7802734375,29.39904022216797
18.2890625,953.774169921875,29.406387329101562
18.3046875,953.7701416015625,29.415573120117188
18.3203125,953.7758178710938,29.40087127685547
18.3359375,953.778564453125,29.390953063964844
18.3515625,953.7799682617188,29.395736694335938
18.3671875,953.7720947265625,29.388015747070312
18.3828125,953.7891845703125,29.38543701171875
18.3984375,953.77099609375,29.39720916748047
18.4140625,953.7776489257812,29.396102905273438
18.4296875,953.775146484375,29.392051696777344
18.4453125,953.7626953125,29.40271759033203
18.4609375,953.7673950195312,29.397933959960938
18.4765625,953.7650756835938,29.39904022216797
18.4921875,953.749755859375,29.390594482421875
18.5078125,953.7607421875,29.38433837890625
18.5234375,953.7655029296875,29.390594482421875
18.5390625,953.770263671875,29.398666381835938
18.5546875,953.7681884765625,29.386184692382812
18.5703125,953.7609252929688,29.386917114257812
18.5859375,953.768798828125,29.390220642089844
18.6015625,953.7470092773438,29.373687744140625
18.6171875,953.774658203125,29.389846801757812
18.6328125,953.7338256835938,29.410797119140625
18.6484375,953.7723388671875,29.39904022216797
18.6640625,953.7694091796875,29.406387329101562
18.6796875,953.7169189453125,29.404556274414062
18.6953125,953.8231201171875,29.408966064453125
18.7109375,953.7567138671875,29.411537170410156
18.7265625,953.7646484375,29.395736694335938
18.7421875,953.743408203125,29.4012451171875
18.7578125,953.7409057617188,29.406387329101562
18.7734375,953.736083984375,29.39977264404297
18.7890625,953.723388671875,29.406753540039062
18.8046875,953.77490234375,29.411537170410156
18.8203125,953.7533569335938,29.39977264404297
18.8359375,953.7826538085938,29.404556274414062
18.8515625,953.7322998046875,29.42108917236328
18.8671875,953.7930908203125,29.425498962402344
18.8828125,953.7564697265625,29.41925811767578
18.8984375,953.8323364257812,29.41594696044922
18.9140625,953.7919921875,29.41925811767578
18.9296875,953.7689819335938,29.427330017089844
18.9453125,953.7799682617188,29.432846069335938
18.9609375,953.7625732421875,29.41998291015625
18.9765625,953.7816162109375,29.432113647460938
18.9921875,953.7858276367188,29.439834594726562
19.0078125,953.8038940429688,29.443138122558594
19.0234375,953.7899169921875,29.446075439453125
19.0390625,953.8123168945312,29.432846069335938
19.0546875,953.7918701171875,29.432846069335938
19.0703125,953.7936401367188,29.43689727783203
19.0859375,953.7564086914062,29.451583862304688
19.1015625,953.7877197265625,29.444244384765625
19.1171875,953.771484375,29.449020385742188
19.1328125,953.7486572265625,29.465560913085938
19.1484375,953.7730102539062,29.444610595703125
19.1640625,953.75537109375,29.45453643798828
19.1796875,953.7821044921875,29.463356018066406
19.1953125,953.787109375,29.4736328125
19.2109375,953.7869262695312,29.46959686279297
19.2265625,953.7692260742188,29.47217559814453
19.2421875,953.7855834960938,29.459671020507812
19.2578125,953.7969360351562,29.47032928466797
19.2734375,953.79443359375,29.47032928466797
19.2890625,953.7578735351562,29.46959686279297
19.3046875,953.8092041015625,29.481719970703125
19.3203125,953.8074951171875,29.480247497558594
19.3359375,953.7589111328125,29.479148864746094
19.3515625,953.8275756835938,29.47400665283203
19.3671875,953.7767944335938,29.49347686767578
19.3828125,953.7763061523438,29.485031127929688
19.3984375,953.8162231445312,29.49237823486328
19.4140625,953.8079223632812,29.485763549804688
19.4296875,953.759521484375,29.49053955078125
19.4453125,953.786865234375,29.48906707763672
19.4609375,953.8314819335938,29.48906707763672
19.4765625,953.7830810546875,29.503402709960938
19.4921875,953.7928466796875,29.503402709960938
19.5078125,953.8156127929688,29.512962341308594
19.5234375,953.8016357421875,29.5059814453125
19.5390625,953.8068237304688,29.501571655273438
19.5546875,953.7699584960938,29.50670623779297
19.5703125,953.810546875,29.52765655517578
19.5859375,953.7869262695312,29.52765655517578
19.6015625,953.8192138671875,29.533912658691406
19.6171875,953.7941284179688,29.545669555664062
19.6328125,953.8198852539062,29.537948608398438
19.6484375,953.8023071289062,29.55779266357422
19.6640625,953.7935180664062,29.553009033203125
19.6796875,953.8307495117188,29.55596160888672
19.6953125,953.8297729492188,29.547142028808594
19.7109375,953.8193359375,29.552276611328125
19.7265625,953.8228759765625,29.553382873535156
19.7421875,953.8086547851562,29.564407348632812
19.7578125,953.8162231445312,29.578369140625
19.7734375,953.7902221679688,29.567718505859375
19.7890625,953.8469848632812,29.569549560546875
19.8046875,953.8317260742188,29.571395874023438
19.8203125,953.8295288085938,29.571754455566406
19.8359375,953.817626953125,29.57616424560547
19.8515625,953.8335571289062,29.57543182373047
19.8671875,953.8329467773438,29.582046508789062
19.8828125,953.8036499023438,29.582778930664062
19.8984375,953.8485717773438,29.582420349121094
19.9140625,953.8336791992188,29.584625244140625
19.9296875,953.8487548828125,29.591964721679688
19.9453125,953.8494262695312,29.587928771972656
19.9609375,953.8455200195312,29.597854614257812
19.9765625,953.8494873046875,29.59527587890625
19.9921875,953.8539428710938,29.591964721679688
20.0078125,953.8458862304688,29.587928771972656
20.0234375,953.8563232421875,29.59527587890625
20.0390625,953.8497924804688,29.582778930664062
20.0546875,953.8628540039062,29.59527587890625
20.0703125,953.8569946289062,29.599685668945312
20.0859375,953.8502197265625,29.601516723632812
20.1015625,953.8355102539062,29.585357666015625
20.1171875,953.8374633789062,29.59527587890625
20.1328125,953.8360595703125,29.59527587890625
20.1484375,953.8348999023438,29.585357666015625
20.1640625,953.8374633789062,29.582420349121094
20.1796875,953.8336791992188,29.57801055908203
20.1953125,953.825439453125,29.57984161376953
20.2109375,953.8178100585938,29.57801055908203
20.2265625,953.80810546875,29.575057983398438
20.2421875,953.8370971679688,29.563674926757812
20.2578125,953.8162231445312,29.562576293945312
20.2734375,953.8065185546875,29.55596160888672
20.2890625,953.805908203125,29.548599243164062
20.3046875,953.8345336914062,29.55779266357422
20.3203125,953.8353881835938,29.539779663085938
20.3359375,953.8221435546875,29.535011291503906
20.3515625,953.8068237304688,29.52471923828125
20.3671875,953.8350830078125,29.521408081054688
20.3828125,953.8317260742188,29.50670623779297
20.3984375,953.826171875,29.5081787109375
20.4140625,953.8411254882812,29.502296447753906
20.4296875,953.8250732421875,29.512962341308594
20.4453125,953.8273315429688,29.50670623779297
20.4609375,953.8302612304688,29.495323181152344
20.4765625,953.8285522460938,29.499359130859375
20.4921875,953.817626953125,29.50745391845703
20.5078125,953.8184814453125,29.48981475830078
20.5234375,953.83935546875,29.482093811035156
20.5390625,953.827880859375,29.480247497558594
20.5546875,953.8306274414062,29.478790283203125
20.5703125,953.8352661132812,29.476585388183594
20.5859375,953.8302001953125,29.480247497558594
20.6015625,953.8073120117188,29.47400665283203
20.6171875,953.8228759765625,29.465187072753906
20.6328125,953.8262329101562,29.475479125976562
20.6484375,953.8153076171875,29.472900390625
20.6640625,953.8185424804688,29.450851440429688
20.6796875,953.7985229492188,29.439102172851562
20.6953125,953.7942504882812,29.450851440429688
20.7109375,953.7955322265625,29.443511962890625
20.7265625,953.8120727539062,29.429908752441406
20.7421875,953.8028564453125,29.428077697753906
20.7578125,953.809326171875,29.440200805664062
20.7734375,953.7896118164062,29.431015014648438
20.7890625,953.7916870117188,29.4354248046875
20.8046875,953.8034057617188,29.42108917236328
20.8203125,953.7847290039062,29.42071533203125
20.8359375,953.80859375,29.415206909179688
20.8515625,953.7841796875,29.41851043701172
20.8671875,953.7874145507812,29.41594696044922
20.8828125,953.8003540039062,29.4019775390625
20.8984375,953.8049926757812,29.413375854492188
20.9140625,953.8013305664062,29.4019775390625
20.9296875,953.7876586914062,29.413002014160156
20.9453125,953.783935546875,29.400146484375
20.9609375,953.7928466796875,29.410064697265625
20.9765625,953.8009033203125,29.40087127685547
20.9921875,953.7744140625,29.40271759033203
21.0078125,953.7776489257812,29.40087127685547
21.0234375,953.7857055664062,29.404556274414062
21.0390625,953.8004760742188,29.404556274414062
21.0546875,953.782470703125,29.392799377441406
21.0703125,953.8058471679688,29.391693115234375
21.0859375,953.7896118164062,29.389488220214844
21.1015625,953.8055419921875,29.395004272460938
21.1171875,953.7899169921875,29.394256591796875
21.1328125,953.8143310546875,29.389488220214844
21.1484375,953.8258666992188,29.391693115234375
21.1640625,953.8367919921875,29.388748168945312
21.1796875,953.8466796875,29.373313903808594
21.1953125,953.870849609375,29.386184692382812
21.2109375,953.7841796875,29.393524169921875
21.2265625,953.819580078125,29.396102905273438
21.2421875,953.8826293945312,29.378097534179688
21.2578125,953.83544921875,29.378097534179688
21.2734375,953.8790893554688,29.391693115234375
21.2890625,953.8272705078125,29.393524169921875
21.3046875,953.8990478515625,29.38360595703125
21.3203125,953.84912109375,29.375160217285156
21.3359375,953.851318359375,29.386184692382812
21.3515625,953.8434448242188,29.38397979736328
21.3671875,953.887451171875,29.387283325195312
21.3828125,953.8363037109375,29.386184692382812
21.3984375,953.8141479492188,29.390594482421875
21.4140625,953.8438110351562,29.38433837890625
21.4296875,953.860595703125,29.378822326660156
21.4453125,953.8828125,29.407127380371094
21.4609375,953.842529296875,29.396102905273438
21.4765625,953.81982421875,29.41851043701172
21.4921875,953.808349609375,29.396102905273438
21.5078125,953.8909912109375,29.393898010253906
21.5234375,953.811279296875,29.411537170410156
21.5390625,953.8758544921875,29.41484832763672
21.5546875,953.850341796875,29.3994140625
21.5703125,953.8692016601562,29.424026489257812
21.5859375,953.8609008789062,29.3994140625
21.6015625,953.7993774414062,29.415206909179688
21.6171875,953.8731689453125,29.424026489257812
21.6328125,953.849609375,29.41925811767578
21.6484375,953.8335571289062,29.42292022705078
21.6640625,953.8326416015625,29.4365234375
21.6796875,953.8580322265625,29.443138122558594
21.6953125,953.9183959960938,29.439102172851562
21.7109375,953.868408203125,29.43614959716797
21.7265625,953.8358154296875,29.461509704589844
21.7421875,953.880126953125,29.460403442382812
21.7578125,953.8549194335938,29.465919494628906
21.7734375,953.8739624023438,29.465919494628906
21.7890625,953.8895874023438,29.475479125976562
21.8046875,953.8672485351562,29.472900390625
21.8203125,953.8460083007812,29.4710693359375
21.8359375,953.8948364257812,29.47217559814453
21.8515625,953.8065185546875,29.47473907470703
21.8671875,953.8677368164062,29.483932495117188
21.8828125,953.78076171875,29.480247497558594
21.8984375,953.823486328125,29.495323181152344
21.9140625,953.8739624023438,29.493850708007812
21.9296875,953.8768310546875,29.512222290039062
21.9453125,953.8487548828125,29.5059814453125
21.9609375,953.8260498046875,29.50414276123047
21.9765625,953.8377685546875,29.52619171142578
21.9921875,953.8203125,29.52692413330078
22.0078125,953.8125610351562,29.530227661132812
22.0234375,953.8033447265625,29.533164978027344
22.0390625,953.8359375,29.535011291503906
22.0546875,953.8133544921875,29.550445556640625
22.0703125,953.8203125,29.55596160888672
22.0859375,953.8250732421875,29.55889892578125
22.1015625,953.8204956054688,29.566238403320312
22.1171875,953.8391723632812,29.562576293945312
22.1328125,953.7730102539062,29.55889892578125
22.1484375,953.7726440429688,29.57984161376953
22.1640625,953.8334350585938,29.567718505859375
22.1796875,953.81005859375,29.597854614257812
22.1953125,953.8561401367188,29.589035034179688
22.2109375,953.821044921875,29.590866088867188
22.2265625,953.8236694335938,29.608505249023438
22.2421875,953.8206787109375,29.608131408691406
22.2578125,953.8247680664062,29.617698669433594
22.2734375,953.8084106445312,29.617698669433594
22.2890625,953.7815551757812,29.625045776367188
22.3046875,953.8019409179688,29.616592407226562
22.3203125,953.7957763671875,29.63092803955078
22.3359375,953.8546142578125,29.63092803955078
22.3515625,953.8533325195312,29.638275146484375
22.3671875,953.846923828125,29.639373779296875
22.3828125,953.8733520507812,29.651504516601562
22.3984375,953.7992553710938,29.662155151367188
22.4140625,953.841552734375,29.654808044433594
22.4296875,953.8629760742188,29.672447204589844
22.4453125,953.8867797851562,29.677589416503906
22.4609375,953.8729248046875,29.696327209472656
22.4765625,953.8884887695312,29.695968627929688
22.4921875,953.8592529296875,29.692291259765625
22.5078125,953.8666381835938,29.692291259765625
22.5234375,953.8666381835938,29.695968627929688
22.5390625,953.8622436523438,29.705520629882812
22.5546875,953.8427734375,29.7176513671875
22.5703125,953.8692016601562,29.693023681640625
22.5859375,953.8618774414062,29.713241577148438
22.6015625,953.8579711914062,29.692291259765625
22.6171875,953.860595703125,29.710304260253906
22.6328125,953.8612060546875,29.7169189453125
22.6484375,953.8642578125,29.707725524902344
22.6640625,953.8610229492188,29.711402893066406
22.6796875,953.8607788085938,29.709556579589844
22.6953125,953.8611450195312,29.709556579589844
22.7109375,953.8533935546875,29.709556579589844
22.7265625,953.8504638671875,29.690086364746094
22.7421875,953.8281860351562,29.695968627929688
22.7578125,953.8449096679688,29.70514678955078
22.7734375,953.8380737304688,29.697799682617188
22.7890625,953.8373413085938,29.690460205078125
22.8046875,953.8419189453125,29.673179626464844
22.8203125,953.8419799804688,29.67943572998047
22.8359375,953.8474731445312,29.669143676757812
22.8515625,953.8422241210938,29.66473388671875
22.8671875,953.8340454101562,29.669509887695312
22.8828125,953.8422241210938,29.655914306640625
22.8984375,953.8331909179688,29.64781951904297
22.9140625,953.8550415039062,29.657012939453125
22.9296875,953.84521484375,29.63275909423828
22.9453125,953.838623046875,29.638275146484375
22.9609375,953.8391723632812,29.636795043945312
22.9765625,953.8389892578125,29.617698669433594
22.9921875,953.84130859375,29.617698669433594
23.0078125,953.8442993164062,29.618797302246094
23.0234375,953.8515625,29.611083984375
23.0390625,953.8574829101562,29.61474609375
23.0546875,953.8589477539062,29.601158142089844
23.0703125,953.8355102539062,29.599685668945312
23.0859375,953.8263549804688,29.59454345703125
23.1015625,953.8419189453125,29.584251403808594
23.1171875,953.8290405273438,29.582420349121094
23.1328125,953.8341674804688,29.57469940185547
23.1484375,953.8448486328125,29.582046508789062
23.1640625,953.8497314453125,29.574325561523438
23.1796875,953.8370971679688,29.564407348632812
23.1953125,953.831787109375,29.555213928222656
23.2109375,953.8380126953125,29.553382873535156
23.2265625,953.8455810546875,29.55596160888672
23.2421875,953.8441162109375,29.538681030273438
23.2578125,953.829345703125,29.555213928222656
23.2734375,953.8231811523438,29.52068328857422
23.2890625,953.8220825195312,29.546768188476562
23.3046875,953.8421020507812,29.52765655517578
23.3203125,953.8090209960938,29.535011291503906
23.3359375,953.8409423828125,29.515899658203125
23.3515625,953.8168334960938,29.516632080078125
23.3671875,953.8193359375,29.512962341308594
23.3828125,953.8338623046875,29.5059814453125
23.3984375,953.82958984375,29.493850708007812
23.4140625,953.8165283203125,29.502670288085938
23.4296875,953.8179321289062,29.496055603027344
23.4453125,953.8148803710938,29.49347686767578
23.4609375,953.8086547851562,29.48870849609375
23.4765625,953.8165893554688,29.480247497558594
23.4921875,953.8168334960938,29.480995178222656
23.5078125,953.8014526367188,29.468490600585938
23.5234375,953.8264770507812,29.46886444091797
23.5390625,953.8265991210938,29.466659545898438
23.5546875,953.8262939453125,29.459671020507812
23.5703125,953.8285522460938,29.447174072265625
23.5859375,953.8052368164062,29.45378875732422
23.6015625,953.798828125,29.446441650390625
23.6171875,953.8040161132812,29.43614959716797
23.6328125,953.819091796875,29.4354248046875
23.6484375,953.7938842773438,29.4365234375
23.6640625,953.7939453125,29.4346923828125
23.6796875,953.8189697265625,29.424026489257812
23.6953125,953.8089599609375,29.437255859375
23.7109375,953.8114624023438,29.428436279296875
23.7265625,953.8106079101562,29.41594696044922
23.7421875,953.8242797851562,29.41594696044922
23.7578125,953.8094482421875,29.424026489257812
23.7734375,953.8250732421875,29.412269592285156
23.7890625,953.8233642578125,29.41594696044922
23.8046875,953.817138671875,29.432113647460938
23.8203125,953.8109741210938,29.413375854492188
23.8359375,953.8389892578125,29.41667938232422
23.8515625,953.8392944335938,29.42035675048828
23.8671875,953.8588256835938,29.406387329101562
23.8828125,953.8908081054688,29.39904022216797
23.8984375,953.8853759765625,29.408233642578125
23.9140625,953.8641357421875,29.413375854492188
23.9296875,953.8688354492188,29.40087127685547
23.9453125,953.8742065429688,29.409690856933594
23.9609375,953.934814453125,29.408592224121094
23.9765625,953.9077758789062,29.41667938232422
23.9921875,953.9044189453125,29.41851043701172
24.0078125,953.8674926757812,29.415206909179688
24.0234375,953.8798217773438,29.403076171875
24.0390625,953.9072265625,29.41667938232422
24.0546875,953.905517578125,29.40271759033203
24.0703125,953.9227905273438,29.41851043701172
24.0859375,953.9344482421875,29.424026489257812
24.1015625,953.9105224609375,29.428077697753906
24.1171875,953.8660888671875,29.41998291015625
24.1328125,953.8892211914062,29.425498962402344
24.1484375,953.8712158203125,29.41594696044922
24.1640625,953.870849609375,29.43946075439453
24.1796875,953.8786010742188,29.442405700683594
24.1953125,953.8668823242188,29.443138122558594
24.2109375,953.89208984375,29.4365234375
24.2265625,953.857421875,29.43946075439453
24.2421875,953.9019165039062,29.445343017578125
24.2578125,953.895263671875,29.45195770263672
24.2734375,953.8558959960938,29.466659545898438
24.2890625,953.9021606445312,29.45819854736328
24.3046875,953.9378051757812,29.462249755859375
24.3203125,953.908935546875,29.46886444091797
24.3359375,953.9149780273438,29.460777282714844
24.3515625,953.9691772460938,29.457839965820312
24.3671875,953.8989868164062,29.46959686279297
24.3828125,953.9771728515625,29.485763549804688
24.3984375,953.9512939453125,29.46776580810547
24.4140625,953.9035034179688,29.480995178222656
24.4296875,953.8976440429688,29.477684020996094
24.4453125,953.9553833007812,29.475479125976562
24.4609375,953.9186401367188,29.482452392578125
24.4765625,953.9396362304688,29.49347686767578
24.4921875,953.9251098632812,29.49347686767578
24.5078125,953.935302734375,29.499359130859375
24.5234375,953.9359130859375,29.499359130859375
24.5390625,953.9729614257812,29.500839233398438
24.5546875,953.9414672851562,29.5081787109375
24.5703125,953.971435546875,29.51111602783203
24.5859375,953.95263671875,29.516998291015625
24.6015625,953.9143676757812,29.530601501464844
24.6171875,953.9904174804688,29.52398681640625
24.6328125,953.9425048828125,29.535011291503906
24.6484375,953.986083984375,29.52765655517578
24.6640625,953.928466796875,29.52765655517578
24.6796875,953.9984741210938,29.533164978027344
24.6953125,953.9261474609375,29.529502868652344
24.7109375,953.9669799804688,29.552276611328125
24.7265625,953.903564453125,29.533912658691406
24.7421875,953.9088134765625,29.546768188476562
24.7578125,953.9364624023438,29.53832244873047
24.7734375,953.9767456054688,29.535743713378906
24.7890625,953.9813232421875,29.535011291503906
24.8046875,953.9484252929688,29.55706024169922
24.8203125,953.9201049804688,29.554115295410156
24.8359375,953.94677734375,29.5423583984375
24.8515625,953.958740234375,29.5423583984375
24.8671875,953.9342041015625,29.555213928222656
24.8828125,954.0185546875,29.556320190429688
24.8984375,953.8943481445312,29.556320190429688
24.9140625,953.8842163085938,29.555213928222656
24.9296875,953.9223022460938,29.553382873535156
24.9453125,953.9208984375,29.56072998046875
24.9609375,953.918701171875,29.55596160888672
24.9765625,953.89794921875,29.564407348632812
24.9921875,953.871826171875,29.55889892578125
25.0078125,953.9190673828125,29.564407348632812
25.0234375,953.8849487304688,29.555587768554688
25.0390625,953.89794921875,29.564407348632812
25.0546875,953.871826171875,29.575057983398438
25.0703125,953.8919067382812,29.566986083984375
25.0859375,953.8954467773438,29.56072998046875
25.1015625,953.8948364257812,29.567718505859375
25.1171875,953.8656005859375,29.583145141601562
25.1328125,953.8939819335938,29.57801055908203
25.1484375,953.8965454101562,29.554115295410156
25.1640625,953.8744506835938,29.571395874023438
25.1796875,953.879638671875,29.575057983398438
25.1953125,953.8931884765625,29.571754455566406
25.2109375,953.8857421875,29.583518981933594
25.2265625,953.8828125,29.564407348632812
25.2421875,953.8921508789062,29.572494506835938
25.2578125,953.8828735351562,29.571754455566406
25.2734375,953.8834228515625,29.564407348632812
25.2890625,953.8538818359375,29.575057983398438
25.3046875,953.869873046875,29.57469940185547
25.3203125,953.862060546875,29.57984161376953
25.3359375,953.8494873046875,29.571754455566406
25.3515625,953.8546752929688,29.571754455566406
25.3671875,953.8474731445312,29.562576293945312
25.3828125,953.8465576171875,29.564407348632812
25.3984375,953.8389892578125,29.55596160888672
25.4140625,953.83154296875,29.562576293945312
25.4296875,953.8268432617188,29.55889892578125
25.4453125,953.831298828125,29.563674926757812
25.4609375,953.831787109375,29.5423583984375
25.4765625,953.8231201171875,29.55596160888672
25.4921875,953.8232421875,29.549705505371094
25.5078125,953.8345947265625,29.534271240234375
25.5234375,953.8228759765625,29.533164978027344
25.5390625,953.81982421875,29.535743713378906
25.5546875,953.8289794921875,29.529502868652344
25.5703125,953.812255859375,29.519577026367188
25.5859375,953.8345336914062,29.52068328857422
25.6015625,953.8024291992188,29.503402709960938
25.6171875,953.8180541992188,29.499359130859375
25.6328125,953.825439453125,29.498992919921875
25.6484375,953.8092041015625,29.50670623779297
25.6640625,953.833251953125,29.512962341308594
25.6796875,953.8159790039062,29.502296447753906
25.6953125,953.800537109375,29.495323181152344
25.7109375,953.7950439453125,29.48981475830078
25.7265625,953.8023071289062,29.48870849609375
25.7421875,953.79443359375,29.486129760742188
25.7578125,953.802001953125,29.499732971191406
25.7734375,953.80029296875,29.47473907470703
25.7890625,953.7930297851562,29.480247497558594
25.8046875,953.7989501953125,29.4710693359375
25.8203125,953.7926635742188,29.46959686279297
25.8359375,953.79248046875,29.47400665283203
25.8515625,953.8060913085938,29.47583770751953
25.8671875,953.7972412109375,29.462249755859375
25.8828125,953.7869873046875,29.461509704589844
25.8984375,953.7916870117188,29.463356018066406
25.9140625,953.7756958007812,29.45378875732422
25.9296875,953.783203125,29.462982177734375
25.9453125,953.7667846679688,29.450851440429688
25.9609375,953.7620239257812,29.461509704589844
25.9765625,953.7731323242188,29.444244384765625
25.9921875,953.7745361328125,29.45563507080078
26.0078125,953.7828979492188,29.442764282226562
26.0234375,953.770751953125,29.447547912597656
26.0390625,953.7843627929688,29.443511962890625
26.0546875,953.7743530273438,29.4346923828125
26.0703125,953.7728881835938,29.432846069335938
26.0859375,953.7697143554688,29.437255859375
26.1015625,953.7671508789062,29.43689727783203
26.1171875,953.7731323242188,29.4365234375
26.1328125,953.7933349609375,29.425498962402344
26.1484375,953.7720336914062,29.43431854248047
26.1640625,953.7686767578125,29.423294067382812
26.1796875,953.75927734375,29.41925811767578
26.1953125,953.7684326171875,29.41925811767578
26.2109375,953.7684326171875,29.43358612060547
26.2265625,953.7727661132812,29.41594696044922
26.2421875,953.7692260742188,29.40418243408203
26.2578125,953.7669067382812,29.41594696044922
26.2734375,953.7639770507812,29.413375854492188
26.2890625,953.7564697265625,29.424026489257812
26.3046875,953.7719116210938,29.408233642578125
26.3203125,953.7559204101562,29.408592224121094
26.3359375,953.7709350585938,29.411537170410156
26.3515625,953.7569580078125,29.406387329101562
26.3671875,953.7689819335938,29.39977264404297
26.3828125,953.7347412109375,29.406387329101562
26.3984375,953.7785034179688,29.3994140625
26.4140625,953.7024536132812,29.408592224121094
26.4296875,953.79248046875,29.40087127685547
26.4453125,953.8090209960938,29.416305541992188
26.4609375,953.8583984375,29.40271759033203
26.4765625,953.8695678710938,29.415573120117188
26.4921875,953.8899536132812,29.395362854003906
26.5078125,953.8496704101562,29.396102905273438
26.5234375,953.9065551757812,29.404922485351562
26.5390625,953.9163818359375,29.400146484375
26.5546875,953.8759155273438,29.393898010253906
26.5703125,953.84716796875,29.41484832763672
26.5859375,953.839111328125,29.406387329101562
26.6015625,953.821533203125,29.3994140625
26.6171875,953.8812255859375,29.41667938232422
26.6328125,953.869140625,29.407859802246094
26.6484375,953.9351196289062,29.404556274414062
26.6640625,953.7914428710938,29.428802490234375
26.6796875,953.84765625,29.41851043701172
26.6953125,953.8609008789062,29.407127380371094
26.7109375,953.8551635742188,29.41594696044922
26.7265625,953.8463134765625,29.41851043701172
26.7421875,953.8322143554688,29.41594696044922
26.7578125,953.83203125,29.42292022705078
26.7734375,953.9026489257812,29.412269592285156
26.7890625,953.8561401367188,29.41851043701172
26.8046875,953.8519897460938,29.41594696044922
26.8203125,953.7776489257812,29.429176330566406
26.8359375,953.8225708007812,29.428077697753906
26.8515625,953.825439453125,29.429176330566406
26.8671875,953.8613891601562,29.423667907714844
26.8828125,953.7879638671875,29.4354248046875
26.8984375,953.8309936523438,29.41594696044922
26.9140625,953.8391723632812,29.42292022705078
26.9296875,953.8697509765625,29.41594696044922
26.9453125,953.8642578125,29.428077697753906
26.9609375,953.7149047851562,29.42071533203125
26.9765625,953.85888671875,29.4346923828125
26.9921875,953.841064453125,29.428077697753906
27.0078125,953.8350830078125,29.424766540527344
27.0234375,953.837646484375,29.432846069335938
27.0390625,953.8611450195312,29.429908752441406
27.0546875,953.8435668945312,29.430641174316406
27.0703125,953.8502197265625,29.428077697753906
27.0859375,953.8953857421875,29.43946075439453
27.1015625,953.8504638671875,29.42108917236328
27.1171875,953.87255859375,29.4354248046875
27.1328125,953.87451171875,29.433944702148438
27.1484375,953.8618774414062,29.43614959716797
27.1640625,953.9021606445312,29.432846069335938
27.1796875,953.906005859375,29.442764282226562
27.1953125,953.8597412109375,29.428077697753906
27.2109375,953.8684692382812,29.428077697753906
27.2265625,953.9383544921875,29.4346923828125
27.2421875,953.8660888671875,29.4346923828125
27.2578125,953.886474609375,29.432846069335938
27.2734375,953.8706665039062,29.427330017089844
27.2890625,953.8743286132812,29.432846069335938
27.3046875,953.8605346679688,29.443138122558594
27.3203125,953.9178466796875,29.446815490722656
27.3359375,953.89599609375,29.429176330566406
27.3515625,953.8643798828125,29.429908752441406
27.3671875,953.8907470703125,29.43431854248047
27.3828125,953.9103393554688,29.443138122558594
27.3984375,953.89208984375,29.442764282226562
27.4140625,953.8831176757812,29.430282592773438
27.4296875,953.8914794921875,29.43689727783203
27.4453125,953.87890625,29.426971435546875
27.4609375,953.8881225585938,29.425498962402344
27.4765625,953.9130249023438,29.4365234375
27.4921875,953.907470703125,29.430282592773438
27.5078125,953.8944091796875,29.42292022705078
27.5234375,953.8906860351562,29.43946075439453
27.5390625,953.8756103515625,29.432846069335938
27.5546875,953.9102172851562,29.425125122070312
27.5703125,953.8688354492188,29.443138122558594
27.5859375,953.8550415039062,29.433944702148438
27.6015625,953.8541259765625,29.431015014648438
27.6171875,953.856201171875,29.439102172851562
27.6328125,953.8826904296875,29.441307067871094
27.6484375,953.8590698242188,29.429176330566406
27.6640625,953.84765625,29.429176330566406
27.6796875,953.8673706054688,29.432846069335938
27.6953125,953.8438110351562,29.42108917236328
27.7109375,953.8397216796875,29.431015014648438
27.7265625,953.8353881835938,29.422195434570312
27.7421875,953.8087158203125,29.427330017089844
27.7578125,953.8158569335938,29.428077697753906
27.7734375,953.8313598632812,29.429908752441406
27.7890625,953.8024291992188,29.4376220703125
27.8046875,953.8192749023438,29.429908752441406
27.8203125,953.8184814453125,29.432846069335938
27.8359375,953.8187255859375,29.423667907714844
27.8515625,953.81787109375,29.42035675048828
27.8671875,953.8246459960938,29.424026489257812
27.8828125,953.808349609375,29.3994140625
27.8984375,953.8023071289062,29.413375854492188
27.9140625,953.807861328125,29.42071533203125
27.9296875,953.79248046875,29.404556274414062
27.9453125,953.7908935546875,29.409690856933594
27.9609375,953.7919921875,29.42108917236328
27.9765625,953.7990112304688,29.408966064453125
27.9921875,953.8008422851562,29.392799377441406
28.0078125,953.7992553710938,29.407127380371094
28.0234375,953.7911376953125,29.411537170410156
28.0390625,953.7838134765625,29.406387329101562
28.0546875,953.7833251953125,29.39977264404297
28.0703125,953.7999267578125,29.387283325195312
28.0859375,953.7843017578125,29.40271759033203
28.1015625,953.7697143554688,29.40087127685547
28.1171875,953.7695922851562,29.40271759033203
28.1328125,953.778076171875,29.392799377441406
28.1484375,953.7819213867188,29.40087127685547
28.1640625,953.7744140625,29.392799377441406
28.1796875,953.775390625,29.392799377441406
28.1953125,953.784912109375,29.386917114257812
28.2109375,953.7885131835938,29.38433837890625
28.2265625,953.7678833007812,29.392051696777344
28.2421875,953.777099609375,29.380294799804688
28.2578125,953.78076171875,29.38433837890625
28.2734375,953.779296875,29.376258850097656
28.2890625,953.7832641601562,29.371475219726562
28.3046875,953.7667236328125,29.375160217285156
28.3203125,953.7718505859375,29.37957000732422
28.3359375,953.7877807617188,29.3677978515625
28.3515625,953.7764892578125,29.365234375
28.3671875,953.7660522460938,29.3677978515625
28.3828125,953.7669067382812,29.368545532226562
28.3984375,953.7794799804688,29.3677978515625
28.4140625,953.7669067382812,29.365966796875
28.4296875,953.7864379882812,29.358978271484375
28.4453125,953.7654418945312,29.359725952148438
28.4609375,953.7548217773438,29.352005004882812
28.4765625,953.7760620117188,29.34649658203125
28.4921875,953.7617797851562,29.336196899414062
28.5078125,953.7750854492188,29.350906372070312
28.5234375,953.75390625,29.336570739746094
28.5390625,953.759033203125,29.337303161621094
28.5546875,953.772216796875,29.343185424804688
28.5703125,953.7637939453125,29.355316162109375
28.5859375,953.7555541992188,29.336196899414062
28.6015625,953.7720947265625,29.342445373535156
28.6171875,953.756591796875,29.335830688476562
28.6328125,953.7505493164062,29.333267211914062
28.6484375,953.7628784179688,29.34942626953125
28.6640625,953.75732421875,29.341339111328125
28.6796875,953.7594604492188,29.337303161621094
28.6953125,953.7561645507812,29.336196899414062
28.7109375,953.7470092773438,29.341339111328125
28.7265625,953.7463989257812,29.328857421875
28.7421875,953.748046875,29.3314208984375
28.7578125,953.7567138671875,29.32775115966797
28.7734375,953.7420043945312,29.340606689453125
28.7890625,953.7593383789062,29.339508056640625
28.8046875,953.7623291015625,29.327011108398438
28.8203125,953.7550659179688,29.333999633789062
28.8359375,953.7372436523438,29.33031463623047
28.8515625,953.7428588867188,29.318557739257812
28.8671875,953.7489013671875,29.33251953125
28.8828125,953.7466430664062,29.337303161621094
28.8984375,953.7411499023438,29.324447631835938
28.9140625,953.7494506835938,29.318557739257812
28.9296875,953.7518310546875,29.322967529296875
28.9453125,953.7481079101562,29.3314208984375
28.9609375,953.745361328125,29.31378173828125
28.9765625,953.7609252929688,29.306060791015625
28.9921875,953.7464599609375,29.31378173828125
29.0078125,953.7501831054688,29.31157684326172
29.0234375,953.7368774414062,29.31378173828125
29.0390625,953.7471923828125,29.317832946777344
29.0546875,953.7470092773438,29.31378173828125
29.0703125,953.73828125,29.306060791015625
29.0859375,953.736328125,29.322967529296875
29.1015625,953.7421875,29.309738159179688
29.1171875,953.7564086914062,29.300552368164062
29.1328125,953.75537109375,29.31304931640625
29.1484375,953.7739868164062,29.2943115234375
29.1640625,953.7650756835938,29.299087524414062
29.1796875,953.7708129882812,29.290626525878906
29.1953125,953.7747192382812,29.300193786621094
29.2109375,953.7601928710938,29.291732788085938
29.2265625,953.755859375,29.2943115234375
29.2421875,953.7560424804688,29.303855895996094
29.2578125,953.7587280273438,29.284385681152344
29.2734375,953.7883911132812,29.292098999023438
29.2890625,953.7970581054688,29.284385681152344
29.3046875,953.8040161132812,29.287689208984375
29.3203125,953.8366088867188,29.292831420898438
29.3359375,953.821044921875,29.29137420654297
29.3515625,953.829833984375,29.290267944335938
29.3671875,953.8583984375,29.280349731445312
29.3828125,953.873046875,29.285118103027344
29.3984375,953.8578491210938,29.284385681152344
29.4140625,953.8560180664062,29.284011840820312
29.4296875,953.830810546875,29.291000366210938
29.4453125,953.8614501953125,29.299087524414062
29.4609375,953.8939819335938,29.299819946289062
29.4765625,953.8928833007812,29.296142578125
29.4921875,953.9539794921875,29.301292419433594
29.5078125,953.8815307617188,29.302024841308594
29.5234375,953.9091796875,29.301651000976562
29.5390625,953.9509887695312,29.299819946289062
29.5546875,953.932861328125,29.29503631591797
29.5703125,953.9568481445312,29.302757263183594
29.5859375,954.0628051757812,29.306060791015625
29.6015625,953.8976440429688,29.306808471679688
29.6171875,953.9598388671875,29.303131103515625
29.6328125,953.9367065429688,29.31452178955078
29.6484375,953.9420166015625,29.309371948242188
29.6640625,953.9397583007812,29.306060791015625
29.6796875,953.9783325195312,29.303855895996094
29.6953125,954.0061645507812,29.31378173828125
29.7109375,953.9515380859375,29.306060791015625
29.7265625,953.9669799804688,29.318557739257812
29.7421875,953.9825439453125,29.325180053710938
29.7578125,953.8881225585938,29.321136474609375
29.7734375,953.9236450195312,29.322967529296875
29.7890625,953.9238891601562,29.333267211914062
29.8046875,953.9523315429688,29.333999633789062
29.8203125,953.872314453125,29.3314208984375
29.8359375,953.8887329101562,29.338035583496094
29.8515625,953.861328125,29.33216094970703
29.8671875,953.8840942382812,29.336929321289062
29.8828125,953.8726196289062,29.33289337158203
29.8984375,953.8579711914062,29.34685516357422
29.9140625,953.845458984375,29.333999633789062
29.9296875,953.8507690429688,29.33216094970703
29.9453125,953.8231811523438,29.342445373535156
29.9609375,953.82177734375,29.33106231689453
29.9765625,953.8206787109375,29.32775115966797
29.9921875,953.8304443359375,29.324447631835938
30.0078125,953.8080444335938,29.333267211914062
30.0234375,953.8161010742188,29.33216094970703
30.0390625,953.80224609375,29.322967529296875
30.0546875,953.8150634765625,29.33216094970703
30.0703125,953.8087768554688,29.325180053710938
30.0859375,953.8123168945312,29.32775115966797
30.1015625,953.7993774414062,29.325904846191406
30.1171875,953.7991943359375,29.322967529296875
30.1328125,953.7827758789062,29.31231689453125
30.1484375,953.8062133789062,29.324806213378906
30.1640625,953.7860107421875,29.321136474609375
30.1796875,953.7826538085938,29.318557739257812
30.1953125,953.7853393554688,29.320770263671875
30.2109375,953.7838134765625,29.308639526367188
30.2265625,953.8023071289062,29.2943115234375
30.2421875,953.782958984375,29.292831420898438
30.2578125,953.77685546875,29.29834747314453
30.2734375,953.7863159179688,29.307540893554688
30.2890625,953.790771484375,29.304229736328125
30.3046875,953.773193359375,29.303131103515625
30.3203125,953.7969360351562,29.304229736328125
30.3359375,953.7833251953125,29.306060791015625
30.3515625,953.7811279296875,29.309371948242188
30.3671875,953.7718505859375,29.29137420654297
30.3828125,953.7802124023438,29.281082153320312
30.3984375,953.7947387695312,29.292831420898438
30.4140625,953.763671875,29.286590576171875
30.4296875,953.7857666015625,29.292098999023438
30.4453125,953.7719116210938,29.289169311523438
30.4609375,953.7889404296875,29.282180786132812
30.4765625,953.7947998046875,29.27960205078125
30.4921875,953.784423828125,29.27850341796875
30.5078125,953.7843627929688,29.27739715576172
30.5234375,953.775390625,29.286216735839844
30.5390625,953.8035888671875,29.287689208984375
30.5546875,953.796630859375,29.299819946289062
30.5703125,953.7978515625,29.286590576171875
30.5859375,953.7887573242188,29.285491943359375
30.6015625,953.7814331054688,29.27483367919922
30.6171875,953.7941284179688,29.27960205078125
30.6328125,953.7874755859375,29.26416778564453
30.6484375,953.7769165039062,29.27924346923828
30.6640625,953.7736206054688,29.265640258789062
30.6796875,953.79443359375,29.271156311035156
30.6953125,953.7871704101562,29.27483367919922
30.7109375,953.7953491210938,29.27850341796875
30.7265625,953.8010864257812,29.27593994140625
30.7421875,953.8032836914062,29.27960205078125
30.7578125,953.8078002929688,29.268218994140625
30.7734375,953.7933959960938,29.2608642578125
30.7890625,953.7939453125,29.267852783203125
30.8046875,953.7863159179688,29.268951416015625
30.8203125,953.7947387695312,29.262710571289062
30.8359375,953.8019409179688,29.2601318359375
30.8515625,953.7890625,29.249839782714844
30.8671875,953.7850341796875,29.266014099121094
30.8828125,953.7794799804688,29.253890991210938
