# Time (seconds),Pressure,Temp
0.0078125,957.484130859375,28.883094787597656
0.0234375,957.5533447265625,28.884201049804688
0.0390625,957.5534057617188,28.892288208007812
0.0546875,957.5470581054688,28.883468627929688
0.0703125,957.560546875,28.899261474609375
0.0859375,957.55859375,28.89191436767578
0.1015625,957.578125,28.894851684570312
0.1171875,957.5658569335938,28.88677215576172
0.1328125,957.5465698242188,28.884201049804688
0.1484375,957.5712890625,28.894119262695312
0.1640625,957.5687255859375,28.900733947753906
0.1796875,957.5551147460938,28.88861083984375
0.1953125,957.565185546875,28.88677215576172
0.2109375,957.5673828125,28.88677215576172
0.2265625,957.5650024414062,28.899261474609375
0.2421875,957.5477905273438,28.900360107421875
0.2578125,957.562255859375,28.884201049804688
0.2734375,957.5534057617188,28.899261474609375
0.2890625,957.5859375,28.899261474609375
0.3046875,957.5692749023438,28.892288208007812
0.3203125,957.5572509765625,28.901107788085938
0.3359375,957.5551147460938,28.886032104492188
0.3515625,957.556640625,28.899261474609375
0.3671875,957.55615234375,28.89044189453125
0.3828125,957.5540161132812,28.901466369628906
0.3984375,957.57421875,28.90331268310547
0.4140625,957.5816040039062,28.894851684570312
0.4296875,957.54443359375,28.894493103027344
0.4453125,957.5545043945312,28.893020629882812
0.4609375,957.5567016601562,28.892288208007812
0.4765625,957.5548095703125,28.90587615966797
0.4921875,957.55859375,28.902206420898438
0.5078125,957.5760498046875,28.901466369628906
0.5234375,957.5551147460938,28.896697998046875
0.5390625,957.564208984375,28.88750457763672
0.5546875,957.5668334960938,28.899261474609375
0.5703125,957.5621948242188,28.900733947753906
0.5859375,957.5360717773438,28.894851684570312
0.6015625,957.572998046875,28.876853942871094
0.6171875,957.5628662109375,28.88970947265625
0.6328125,957.546875,28.9066162109375
0.6484375,957.5700073242188,28.899261474609375
0.6640625,957.5591430664062,28.899261474609375
0.6796875,957.5477905273438,28.9080810546875
0.6953125,957.5599975585938,28.917266845703125
0.7109375,957.5626831054688,28.908447265625
0.7265625,957.564208984375,28.902206420898438
0.7421875,957.5433349609375,28.914337158203125
0.7578125,957.5773315429688,28.90514373779297
0.7734375,957.55078125,28.899261474609375
0.7890625,957.5692749023438,28.9066162109375
0.8046875,957.5545043945312,28.894119262695312
0.8203125,957.5687255859375,28.90955352783203
0.8359375,957.5642700195312,28.90955352783203
0.8515625,957.5589599609375,28.894851684570312
0.8671875,957.5462036132812,28.892288208007812
0.8828125,957.5572509765625,28.904037475585938
0.8984375,957.571533203125,28.893386840820312
0.9140625,957.5579223632812,28.899261474609375
0.9296875,957.5650634765625,28.893020629882812
0.9453125,957.5615234375,28.89044189453125
0.9609375,957.5653686523438,28.892288208007812
0.9765625,957.5667724609375,28.89044189453125
0.9921875,957.5665893554688,28.898155212402344
1.0078125,957.5584716796875,28.900360107421875
1.0234375,957.55029296875,28.90514373779297
1.0390625,957.5596923828125,28.90882110595703
1.0546875,957.5511474609375,28.899261474609375
1.0703125,957.5621948242188,28.899261474609375
1.0859375,957.5621948242188,28.899261474609375
1.1015625,957.5477905273438,28.894851684570312
1.1171875,957.5473022460938,28.900733947753906
1.1328125,957.5551147460938,28.894493103027344
1.1484375,957.5807495117188,28.894851684570312
1.1640625,957.5658569335938,28.88861083984375
1.1796875,957.565185546875,28.892288208007812
1.1953125,957.5506591796875,28.883827209472656
1.2109375,957.5647583007812,28.89044189453125
1.2265625,957.5577392578125,28.884201049804688
1.2421875,957.5647583007812,28.897056579589844
1.2578125,957.57373046875,28.893020629882812
1.2734375,957.5471801757812,28.883468627929688
1.2890625,957.5474243164062,28.88750457763672
1.3046875,957.5538330078125,28.89044189453125
1.3203125,957.5773315429688,28.89118194580078
1.3359375,957.5661010742188,28.89044189453125
1.3515625,957.5712890625,28.883468627929688
1.3671875,957.5646362304688,28.900733947753906
1.3828125,957.5479736328125,28.90955352783203
1.3984375,957.5427856445312,28.900733947753906
1.4140625,957.5479736328125,28.88861083984375
1.4296875,957.5431518554688,28.898902893066406
1.4453125,957.5488891601562,28.90331268310547
1.4609375,957.5696411132812,28.88861083984375
1.4765625,957.5580444335938,28.88567352294922
1.4921875,957.556640625,28.899261474609375
1.5078125,957.5538330078125,28.900733947753906
1.5234375,957.5592651367188,28.886032104492188
1.5390625,957.56201171875,28.894119262695312
1.5546875,957.58544921875,28.886032104492188
1.5703125,957.556640625,28.884201049804688
1.5859375,957.5463256835938,28.883827209472656
1.6015625,957.55224609375,28.882362365722656
1.6171875,957.5645751953125,28.899261474609375
1.6328125,957.5548706054688,28.902206420898438
1.6484375,957.5665283203125,28.894851684570312
1.6640625,957.5735473632812,28.894851684570312
1.6796875,957.5545043945312,28.893020629882812
1.6953125,957.5471801757812,28.88750457763672
1.7109375,957.546630859375,28.88933563232422
1.7265625,957.5653076171875,28.898529052734375
1.7421875,957.5477294921875,28.886032104492188
1.7578125,957.5535888671875,28.875381469726562
1.7734375,957.5584716796875,28.886032104492188
1.7890625,957.556640625,28.877578735351562
1.8046875,957.545654296875,28.895950317382812
1.8203125,957.56591796875,28.883468627929688
1.8359375,957.5570068359375,28.883468627929688
1.8515625,957.5772705078125,28.879791259765625
1.8671875,957.5535888671875,28.884925842285156
1.8828125,957.548828125,28.89008331298828
1.8984375,957.5510864257812,28.879791259765625
1.9140625,957.5631103515625,28.879417419433594
1.9296875,957.5494384765625,28.879791259765625
1.9453125,957.5529174804688,28.89191436767578
1.9609375,957.585205078125,28.883094787597656
1.9765625,957.556396484375,28.884201049804688
1.9921875,957.5463256835938,28.89191436767578
2.0078125,957.5572509765625,28.879058837890625
2.0234375,957.5618286132812,28.8720703125
2.0390625,957.5534057617188,28.879791259765625
2.0546875,957.5469970703125,28.877578735351562
2.0703125,957.5516357421875,28.88677215576172
2.0859375,957.5680541992188,28.895950317382812
2.1015625,957.56591796875,28.896697998046875
2.1171875,957.5475463867188,28.894851684570312
2.1328125,957.5545043945312,28.882720947265625
2.1484375,957.5616455078125,28.882362365722656
2.1640625,957.5645751953125,28.879058837890625
2.1796875,957.5630493164062,28.883468627929688
2.1953125,957.5503540039062,28.898529052734375
2.2109375,957.5590209960938,28.897796630859375
2.2265625,957.5589599609375,28.88970947265625
2.2421875,957.5581665039062,28.897056579589844
2.2578125,957.5618286132812,28.89191436767578
2.2734375,957.5548095703125,28.884201049804688
2.2890625,957.5504760742188,28.876853942871094
2.3046875,957.5479736328125,28.88787841796875
2.3203125,957.5567626953125,28.881622314453125
2.3359375,957.5471801757812,28.88567352294922
2.3515625,957.556640625,28.88750457763672
2.3671875,957.5490112304688,28.89044189453125
2.3828125,957.5469360351562,28.892288208007812
2.3984375,957.5643310546875,28.879791259765625
2.4140625,957.5529174804688,28.884925842285156
2.4296875,957.555908203125,28.892288208007812
2.4453125,957.5506591796875,28.883094787597656
2.4609375,957.5432739257812,28.89044189453125
2.4765625,957.5570678710938,28.884201049804688
2.4921875,957.5498046875,28.876853942871094
2.5078125,957.5419921875,28.886032104492188
2.5234375,957.5488891601562,28.879791259765625
2.5390625,957.5535888671875,28.8720703125
2.5546875,957.5475463867188,28.884201049804688
2.5703125,957.5773315429688,28.87500762939453
2.5859375,957.571044921875,28.88861083984375
2.6015625,957.5968627929688,28.875381469726562
2.6171875,957.584716796875,28.884201049804688
2.6328125,957.6077270507812,28.87610626220703
2.6484375,957.6104736328125,28.892288208007812
2.6640625,957.6216430664062,28.89264678955078
2.6796875,957.61328125,28.88567352294922
2.6953125,957.6317138671875,28.893020629882812
2.7109375,957.6038208007812,28.88750457763672
2.7265625,957.6270751953125,28.89044189453125
2.7421875,957.6273803710938,28.894851684570312
2.7578125,957.6278686523438,28.884201049804688
2.7734375,957.6356811523438,28.90955352783203
2.7890625,957.6393432617188,28.900733947753906
2.8046875,957.6284790039062,28.912490844726562
2.8203125,957.6385498046875,28.921676635742188
2.8359375,957.6627197265625,28.912857055664062
2.8515625,957.6510009765625,28.92095184326172
2.8671875,957.6405029296875,28.928298950195312
2.8828125,957.682373046875,28.927566528320312
2.8984375,957.6442260742188,28.933074951171875
2.9140625,957.6852416992188,28.917999267578125
2.9296875,957.6401977539062,28.945205688476562
2.9453125,957.6500854492188,28.940048217773438
2.9609375,957.6423950195312,28.934906005859375
2.9765625,957.6633911132812,28.948509216308594
2.9921875,957.6396484375,28.9415283203125
3.0078125,957.6557006835938,28.949974060058594
3.0234375,957.6857299804688,28.95989227294922
3.0390625,957.650390625,28.96063995361328
3.0546875,957.6737060546875,28.956954956054688
3.0703125,957.6649169921875,28.953277587890625
3.0859375,957.6788330078125,28.956954956054688
3.1015625,957.6768798828125,28.96099853515625
3.1171875,957.6653442382812,28.969085693359375
3.1328125,957.6674194335938,28.968711853027344
3.1484375,957.6768798828125,28.967987060546875
3.1640625,957.661376953125,28.9779052734375
3.1796875,957.646240234375,28.985252380371094
3.1953125,957.6856689453125,28.99481201171875
3.2109375,957.7092895507812,28.987457275390625
3.2265625,957.6674194335938,28.99664306640625
3.2421875,957.6928100585938,28.990402221679688
3.2578125,957.6844482421875,28.97386932373047
3.2734375,957.6678466796875,28.99444580078125
3.2890625,957.6793823242188,28.998123168945312
3.3046875,957.6725463867188,28.990760803222656
3.3203125,957.6778564453125,29.01171112060547
3.3359375,957.6865234375,29.023475646972656
3.3515625,957.6942749023438,29.004737854003906
3.3671875,957.669189453125,29.023475646972656
3.3828125,957.6919555664062,29.003990173339844
3.3984375,957.6744384765625,29.015762329101562
3.4140625,957.6958618164062,29.01612091064453
3.4296875,957.6798095703125,29.003990173339844
3.4453125,957.7030029296875,29.004364013671875
3.4609375,957.6989135742188,29.023475646972656
3.4765625,957.6889038085938,29.027145385742188
3.4921875,957.6826171875,29.02788543701172
3.5078125,957.6719970703125,29.020904541015625
3.5234375,957.66357421875,29.023475646972656
3.5390625,957.6925048828125,29.025314331054688
3.5546875,957.6753540039062,29.02788543701172
3.5703125,957.6672973632812,29.02861785888672
3.5859375,957.7042846679688,29.03265380859375
3.6015625,957.693359375,29.03265380859375
3.6171875,957.6576538085938,29.042579650878906
3.6328125,957.6597290039062,29.02935028076172
3.6484375,957.6805419921875,29.041473388671875
3.6640625,957.655517578125,29.043678283691406
3.6796875,957.6586303710938,29.035606384277344
3.6953125,957.6578979492188,29.041473388671875
3.7109375,957.6728515625,29.045150756835938
3.7265625,957.6731567382812,29.053970336914062
3.7421875,957.6741333007812,29.039268493652344
3.7578125,957.6481323242188,29.056182861328125
3.7734375,957.6926879882812,29.052871704101562
3.7890625,957.6751098632812,29.054702758789062
3.8046875,957.6747436523438,29.058380126953125
3.8203125,957.6845703125,29.055076599121094
3.8359375,957.6693725585938,29.058753967285156
3.8515625,957.6756591796875,29.056182861328125
3.8671875,957.649169921875,29.06830596923828
3.8828125,957.6582641601562,29.070510864257812
3.8984375,957.6630859375,29.073089599609375
3.9140625,957.6557006835938,29.06389617919922
3.9296875,957.6500854492188,29.073822021484375
3.9453125,957.6593017578125,29.06610107421875
3.9609375,957.6448364257812,29.06536865234375
3.9765625,957.6448364257812,29.060958862304688
3.9921875,957.6444091796875,29.06903839111328
4.0078125,957.64990234375,29.06719970703125
4.0234375,957.6551513671875,29.06500244140625
4.0390625,957.6626586914062,29.061317443847656
4.0546875,957.6270751953125,29.056549072265625
4.0703125,957.6421508789062,29.058380126953125
4.0859375,957.6273803710938,29.06610107421875
4.1015625,957.625732421875,29.052139282226562
4.1171875,957.6321411132812,29.057655334472656
4.1328125,957.625,29.04698944091797
4.1484375,957.6298828125,29.06683349609375
4.1640625,957.6431884765625,29.05029296875
4.1796875,957.6194458007812,29.06830596923828
4.1953125,957.643310546875,29.040016174316406
4.2109375,957.6297607421875,29.045883178710938
4.2265625,957.6029663085938,29.051773071289062
4.2421875,957.6261596679688,29.0491943359375
4.2578125,957.62890625,29.042221069335938
4.2734375,957.6181030273438,29.05029296875
4.2890625,957.6289672851562,29.043678283691406
4.3046875,957.6253662109375,29.045883178710938
4.3203125,957.6178588867188,29.04442596435547
4.3359375,957.6194458007812,29.02935028076172
4.3515625,957.6226196289062,29.023475646972656
4.3671875,957.62451171875,29.03229522705078
4.3828125,957.6033935546875,29.034500122070312
4.3984375,957.6244506835938,29.016860961914062
4.4140625,957.6029663085938,29.01538848876953
4.4296875,957.6148071289062,29.01538848876953
4.4453125,957.6099853515625,29.021270751953125
4.4609375,957.6301879882812,29.024208068847656
4.4765625,957.6002197265625,29.01612091064453
4.4921875,957.6142578125,29.008399963378906
4.5078125,957.6021728515625,29.01318359375
4.5234375,957.6085815429688,29.004737854003906
4.5390625,957.6083984375,29.009506225585938
4.5546875,957.6028442382812,29.015762329101562
4.5703125,957.5999145507812,29.004737854003906
4.5859375,957.59765625,29.001785278320312
4.6015625,957.5973510742188,29.004364013671875
4.6171875,957.6065673828125,28.999954223632812
4.6328125,957.6047973632812,29.000328063964844
4.6484375,957.606689453125,28.99481201171875
4.6640625,957.5901489257812,28.992233276367188
4.6796875,957.58984375,28.984893798828125
4.6953125,957.5933227539062,28.988929748535156
4.7109375,957.5960083007812,28.992233276367188
4.7265625,957.6077270507812,29.002159118652344
4.7421875,957.5979614257812,28.991134643554688
4.7578125,957.5993041992188,28.990402221679688
4.7734375,957.600341796875,28.97937774658203
4.7890625,957.5950317382812,28.97570037841797
4.8046875,957.593505859375,28.97386932373047
4.8203125,957.6040649414062,28.96430206298828
4.8359375,957.5941772460938,28.96099853515625
4.8515625,957.59326171875,28.95879364013672
4.8671875,957.5942993164062,28.969085693359375
4.8828125,957.5922241210938,28.955856323242188
4.8984375,957.5891723632812,28.965774536132812
4.9140625,957.5901489257812,28.954383850097656
4.9296875,957.5896606445312,28.95953369140625
4.9453125,957.5949096679688,28.96247100830078
4.9609375,957.5820922851562,28.963943481445312
4.9765625,957.5947265625,28.955856323242188
4.9921875,957.5868530273438,28.96247100830078
5.0078125,957.5982666015625,28.96173858642578
5.0234375,957.5796508789062,28.96247100830078
5.0390625,957.5916137695312,28.95806121826172
5.0546875,957.5739135742188,28.955856323242188
5.0703125,957.5975341796875,28.95879364013672
5.0859375,957.5989379882812,28.95989227294922
5.1015625,957.6008911132812,28.945205688476562
5.1171875,957.5756225585938,28.947036743164062
5.1328125,957.599609375,28.943359375
5.1484375,957.5927124023438,28.938949584960938
5.1640625,957.5797729492188,28.942626953125
5.1796875,957.5962524414062,28.943359375
5.1953125,957.5801391601562,28.946304321289062
5.2109375,957.5924072265625,28.948135375976562
5.2265625,957.5770874023438,28.955856323242188
5.2421875,957.5748901367188,28.952178955078125
5.2578125,957.5745239257812,28.949615478515625
5.2734375,957.596923828125,28.93859100341797
5.2890625,957.5767822265625,28.937118530273438
5.3046875,957.5861206054688,28.948867797851562
5.3203125,957.5884399414062,28.9407958984375
5.3359375,957.5751342773438,28.930130004882812
5.3515625,957.5883178710938,28.9415283203125
5.3671875,957.5895385742188,28.92498779296875
5.3828125,957.5885009765625,28.945205688476562
5.3984375,957.58935546875,28.92315673828125
5.4140625,957.5901489257812,28.935638427734375
5.4296875,957.5848999023438,28.92315673828125
5.4453125,957.5573120117188,28.9407958984375
5.4609375,957.5852661132812,28.9407958984375
5.4765625,957.5888671875,28.945205688476562
5.4921875,957.5725708007812,28.934181213378906
5.5078125,957.5685424804688,28.938949584960938
5.5234375,957.5887451171875,28.912857055664062
5.5390625,957.5861206054688,28.937118530273438
5.5546875,957.5825805664062,28.92498779296875
5.5703125,957.58740234375,28.931228637695312
5.5859375,957.5712280273438,28.931228637695312
5.6015625,957.5867919921875,28.931228637695312
5.6171875,957.5724487304688,28.938949584960938
5.6328125,957.5874633789062,28.92498779296875
5.6484375,957.5838012695312,28.917266845703125
5.6640625,957.5763549804688,28.927566528320312
5.6796875,957.5720825195312,28.931228637695312
5.6953125,957.5724487304688,28.931228637695312
5.7109375,957.5712280273438,28.938949584960938
5.7265625,957.5719604492188,28.921676635742188
5.7421875,957.57568359375,28.92315673828125
5.7578125,957.5799560546875,28.938217163085938
5.7734375,957.5748901367188,28.931228637695312
5.7890625,957.589111328125,28.931976318359375
5.8046875,957.5807495117188,28.920204162597656
5.8203125,957.5868530273438,28.938217163085938
5.8359375,957.5706787109375,28.915069580078125
5.8515625,957.5737915039062,28.933433532714844
5.8671875,957.5744018554688,28.92461395263672
5.8828125,957.5704956054688,28.91028594970703
5.8984375,957.5786743164062,28.940048217773438
5.9140625,957.5786743164062,28.929397583007812
5.9296875,957.580078125,28.928298950195312
5.9453125,957.5804443359375,28.92315673828125
5.9609375,957.5698852539062,28.928665161132812
5.9765625,957.5799560546875,28.929397583007812
5.9921875,957.571044921875,28.932334899902344
6.0078125,957.5779418945312,28.92315673828125
6.0234375,957.5799560546875,28.931228637695312
6.0390625,957.5598754882812,28.92461395263672
6.0546875,957.5563354492188,28.916168212890625
6.0703125,957.5792846679688,28.92095184326172
6.0859375,957.5510864257812,28.914337158203125
6.1015625,957.569580078125,28.91028594970703
6.1171875,957.5870361328125,28.9080810546875
6.1328125,957.5564575195312,28.91028594970703
6.1484375,957.5798950195312,28.912857055664062
6.1640625,957.5646362304688,28.915069580078125
6.1796875,957.5625,28.912857055664062
6.1953125,957.5765380859375,28.916900634765625
6.2109375,957.5686645507812,28.929397583007812
6.2265625,957.5579223632812,28.92461395263672
6.2421875,957.57177734375,28.921676635742188
6.2578125,957.5941162109375,28.92278289794922
6.2734375,957.6115112304688,28.912132263183594
6.2890625,957.5968017578125,28.919105529785156
6.3046875,957.643310546875,28.936012268066406
6.3203125,957.6664428710938,28.916900634765625
6.3359375,957.6813354492188,28.922409057617188
6.3515625,957.6806030273438,28.917266845703125
6.3671875,957.74560546875,28.914337158203125
6.3828125,957.7328491210938,28.931976318359375
6.3984375,957.7291870117188,28.92388916015625
6.4140625,957.6968383789062,28.916168212890625
6.4296875,957.8229370117188,28.928298950195312
6.4453125,957.7579956054688,28.921676635742188
6.4609375,957.7894897460938,28.92095184326172
6.4765625,957.7185668945312,28.916900634765625
6.4921875,957.7528076171875,28.90587615966797
6.5078125,957.779052734375,28.916542053222656
6.5234375,957.7681884765625,28.90514373779297
6.5390625,957.7955932617188,28.902206420898438
6.5546875,957.7297973632812,28.903671264648438
6.5703125,957.767578125,28.9080810546875
6.5859375,957.8472290039062,28.917266845703125
6.6015625,957.8010864257812,28.90587615966797
6.6171875,957.7408447265625,28.88677215576172
6.6328125,957.8057861328125,28.88750457763672
6.6484375,957.7015380859375,28.88933563232422
6.6640625,957.6689453125,28.90587615966797
6.6796875,957.6682739257812,28.894851684570312
6.6953125,957.6898193359375,28.899261474609375
6.7109375,957.712890625,28.88677215576172
6.7265625,957.7127685546875,28.874649047851562
6.7421875,957.7192993164062,28.882720947265625
6.7578125,957.7106323242188,28.8739013671875
6.7734375,957.6793823242188,28.88567352294922
6.7890625,957.7353515625,28.87059783935547
6.8046875,957.7308959960938,28.868392944335938
6.8203125,957.7157592773438,28.87354278564453
6.8359375,957.703125,28.859573364257812
6.8515625,957.6714477539062,28.857742309570312
6.8671875,957.6591796875,28.860313415527344
6.8828125,957.637451171875,28.860313415527344
6.8984375,957.6284790039062,28.848190307617188
6.9140625,957.6666870117188,28.85480499267578
6.9296875,957.6541748046875,28.849288940429688
6.9453125,957.66796875,28.85149383544922
6.9609375,957.6818237304688,28.847442626953125
6.9765625,957.6535034179688,28.840103149414062
6.9921875,957.6741943359375,28.828346252441406
7.0078125,957.6777954101562,28.828346252441406
7.0234375,957.6575317382812,28.83972930908203
7.0390625,957.6527099609375,28.830177307128906
7.0546875,957.6417236328125,28.8367919921875
7.0703125,957.6553955078125,28.82318878173828
7.0859375,957.6337890625,28.826499938964844
7.1015625,957.6764526367188,28.840469360351562
7.1171875,957.6819458007812,28.829803466796875
7.1328125,957.651123046875,28.827598571777344
7.1484375,957.6591796875,28.821731567382812
7.1640625,957.6259155273438,28.80554962158203
7.1796875,957.671875,28.809959411621094
7.1953125,957.671142578125,28.821731567382812
7.2109375,957.6568603515625,28.808128356933594
7.2265625,957.6661987304688,28.797836303710938
7.2421875,957.6312866210938,28.804824829101562
7.2578125,957.6575317382812,28.79747772216797
7.2734375,957.6818237304688,28.806297302246094
7.2890625,957.6517944335938,28.78093719482422
7.3046875,957.6469116210938,28.797836303710938
7.3203125,957.6575317382812,28.768814086914062
7.3359375,957.6510009765625,28.773223876953125
7.3515625,957.6675415039062,28.76770782470703
7.3671875,957.6603393554688,28.76329803466797
7.3828125,957.6099243164062,28.753379821777344
7.3984375,957.6702880859375,28.759994506835938
7.4140625,957.6442260742188,28.76329803466797
7.4296875,957.6760864257812,28.758148193359375
7.4453125,957.6737060546875,28.740509033203125
7.4609375,957.6273193359375,28.731689453125
7.4765625,957.6587524414062,28.739402770996094
7.4921875,957.6438598632812,28.738677978515625
7.5078125,957.6420288085938,28.73499298095703
7.5234375,957.64404296875,28.722869873046875
7.5390625,957.6571655273438,28.718101501464844
7.5546875,957.654296875,28.723236083984375
7.5703125,957.6625366210938,28.722869873046875
7.5859375,957.6619873046875,28.718460083007812
7.6015625,957.6359252929688,28.71221923828125
7.6171875,957.6519165039062,28.722137451171875
7.6328125,957.6641845703125,28.709640502929688
7.6484375,957.6647338867188,28.71369171142578
7.6640625,957.6759033203125,28.71479034423828
7.6796875,957.6403198242188,28.71479034423828
7.6953125,957.6515502929688,28.703025817871094
7.7109375,957.6266479492188,28.692367553710938
7.7265625,957.6177978515625,28.693099975585938
7.7421875,957.6248779296875,28.69715118408203
7.7578125,957.64208984375,28.683921813964844
7.7734375,957.655029296875,28.683181762695312
7.7890625,957.6651611328125,28.689796447753906
7.8046875,957.6587524414062,28.674728393554688
7.8203125,957.6392822265625,28.683921813964844
7.8359375,957.6407470703125,28.67877197265625
7.8515625,957.615234375,28.67913818359375
7.8671875,957.6212158203125,28.685386657714844
7.8828125,957.6170654296875,28.672897338867188
7.8984375,957.6229248046875,28.681716918945312
7.9140625,957.6364135742188,28.674728393554688
7.9296875,957.620849609375,28.68207550048828
7.9453125,957.6370239257812,28.67694091796875
7.9609375,957.6119995117188,28.67913818359375
7.9765625,957.6063842773438,28.67400360107422
7.9921875,957.6183471679688,28.67877197265625
8.0078125,957.6110229492188,28.67583465576172
8.0234375,957.6160888671875,28.687957763671875
8.0390625,957.6149291992188,28.665184020996094
8.0546875,957.6198120117188,28.681716918945312
8.0703125,957.6113891601562,28.665184020996094
8.0859375,957.61328125,28.67877197265625
8.1015625,957.63427734375,28.668487548828125
8.1171875,957.6141967773438,28.674728393554688
8.1328125,957.611328125,28.67510223388672
8.1484375,957.615966796875,28.67877197265625
8.1640625,957.5996704101562,28.687957763671875
8.1796875,957.6250610351562,28.67694091796875
8.1953125,957.6192016601562,28.698989868164062
8.2109375,957.6232299804688,28.69420623779297
8.2265625,957.61328125,28.67913818359375
8.2421875,957.6152954101562,28.683547973632812
8.2578125,957.5977783203125,28.681716918945312
8.2734375,957.612548828125,28.68024444580078
8.2890625,957.5999145507812,28.681716918945312
8.3046875,957.6077880859375,28.68207550048828
8.3203125,957.5982666015625,28.684654235839844
8.3359375,957.5985717773438,28.68024444580078
8.3515625,957.58740234375,28.683181762695312
8.3671875,957.587646484375,28.681716918945312
8.3828125,957.5875854492188,28.682449340820312
8.3984375,957.6036987304688,28.667015075683594
8.4140625,957.5884399414062,28.674728393554688
8.4296875,957.58203125,28.672897338867188
8.4453125,957.586669921875,28.687957763671875
8.4609375,957.5946655273438,28.69347381591797
8.4765625,957.6018676757812,28.67694091796875
8.4921875,957.591796875,28.687957763671875
8.5078125,957.5899658203125,28.681716918945312
8.5234375,957.6036376953125,28.693099975585938
8.5390625,957.5826416015625,28.67913818359375
8.5546875,957.5873413085938,28.682449340820312
8.5703125,957.571533203125,28.67913818359375
8.5859375,957.5986328125,28.687957763671875
8.6015625,957.5792236328125,28.684654235839844
8.6171875,957.589599609375,28.689796447753906
8.6328125,957.579345703125,28.69164276123047
8.6484375,957.5706176757812,28.697509765625
8.6640625,957.58544921875,28.69715118408203
8.6796875,957.5950317382812,28.69164276123047
8.6953125,957.589111328125,28.6949462890625
8.7109375,957.5792846679688,28.697509765625
8.7265625,957.5759887695312,28.69420623779297
8.7421875,957.5822143554688,28.687957763671875
8.7578125,957.577392578125,28.701187133789062
8.7734375,957.5786743164062,28.708175659179688
8.7890625,957.5770874023438,28.692367553710938
8.8046875,957.58203125,28.689796447753906
8.8203125,957.5823974609375,28.697509765625
8.8359375,957.5759887695312,28.69347381591797
8.8515625,957.5696411132812,28.701560974121094
8.8671875,957.5715942382812,28.69715118408203
8.8828125,957.5682373046875,28.69347381591797
8.8984375,957.5726318359375,28.69715118408203
8.9140625,957.5860595703125,28.69420623779297
8.9296875,957.573974609375,28.701187133789062
8.9453125,957.5762939453125,28.705970764160156
8.9609375,957.5684814453125,28.71184539794922
8.9765625,957.5714721679688,28.69164276123047
8.9921875,957.5670776367188,28.708908081054688
9.0078125,957.56640625,28.707809448242188
9.0234375,957.5770263671875,28.71184539794922
9.0390625,957.5821533203125,28.687957763671875
9.0546875,957.5667114257812,28.705596923828125
9.0703125,957.5678100585938,28.708175659179688
9.0859375,957.5680541992188,28.697509765625
9.1015625,957.5759887695312,28.69715118408203
9.1171875,957.565185546875,28.69420623779297
9.1328125,957.57568359375,28.707809448242188
9.1484375,957.5621948242188,28.706329345703125
9.1640625,957.579833984375,28.71552276611328
9.1796875,957.5718383789062,28.716629028320312
9.1953125,957.576171875,28.708908081054688
9.2109375,957.5753784179688,28.719932556152344
9.2265625,957.5781860351562,28.716629028320312
9.2421875,957.5921630859375,28.705596923828125
9.2578125,957.5838623046875,28.708908081054688
9.2734375,957.5794067382812,28.71479034423828
9.2890625,957.5687255859375,28.719200134277344
9.3046875,957.5692138671875,28.708175659179688
9.3203125,957.571044921875,28.715896606445312
9.3359375,957.5879516601562,28.718101501464844
9.3515625,957.5690307617188,28.708908081054688
9.3671875,957.5729370117188,28.7298583984375
9.3828125,957.571533203125,28.721405029296875
9.3984375,957.57421875,28.71514892578125
9.4140625,957.5765380859375,28.71735382080078
9.4296875,957.5762329101562,28.710006713867188
9.4453125,957.5807495117188,28.71514892578125
9.4609375,957.5735473632812,28.719558715820312
9.4765625,957.5692138671875,28.709640502929688
9.4921875,957.5759887695312,28.725448608398438
9.5078125,957.584716796875,28.731689453125
9.5234375,957.5753173828125,28.728378295898438
9.5390625,957.5712890625,28.716629028320312
9.5546875,957.5689697265625,28.723609924316406
9.5703125,957.5809936523438,28.743087768554688
9.5859375,957.59716796875,28.740150451660156
9.6015625,957.5938720703125,28.735366821289062
9.6171875,957.6220703125,28.72692108154297
9.6328125,957.575927734375,28.728378295898438
9.6484375,957.6052856445312,28.72948455810547
9.6640625,957.6065673828125,28.73499298095703
9.6796875,957.599365234375,28.731689453125
9.6953125,957.6050415039062,28.73058319091797
9.7109375,957.598876953125,28.736839294433594
9.7265625,957.6055297851562,28.734268188476562
9.7421875,957.621826171875,28.739402770996094
9.7578125,957.6331787109375,28.735366821289062
9.7734375,957.5838623046875,28.72801971435547
9.7890625,957.6463012695312,28.731689453125
9.8046875,957.6079711914062,28.742355346679688
9.8203125,957.6227416992188,28.734268188476562
9.8359375,957.5993041992188,28.735366821289062
9.8515625,957.63818359375,28.743812561035156
9.8671875,957.630615234375,28.728378295898438
9.8828125,957.615966796875,28.7298583984375
9.8984375,957.647705078125,28.722869873046875
9.9140625,957.6166381835938,28.728378295898438
9.9296875,957.638671875,28.719932556152344
9.9453125,957.6710815429688,28.707077026367188
9.9609375,957.6603393554688,28.710739135742188
9.9765625,957.6714477539062,28.705596923828125
9.9921875,957.6869506835938,28.707077026367188
10.0078125,957.7068481445312,28.701187133789062
10.0234375,957.6978759765625,28.716629028320312
10.0390625,957.6714477539062,28.707077026367188
10.0546875,957.6735229492188,28.704124450683594
10.0703125,957.70654296875,28.708908081054688
10.0859375,957.6837158203125,28.701560974121094
10.1015625,957.7140502929688,28.708908081054688
10.1171875,957.6998901367188,28.701187133789062
10.1328125,957.6865234375,28.69715118408203
10.1484375,957.6707763671875,28.707809448242188
10.1640625,957.6753540039062,28.701560974121094
10.1796875,957.706298828125,28.69420623779297
10.1953125,957.669189453125,28.69164276123047
10.2109375,957.6677856445312,28.674728393554688
10.2265625,957.7053833007812,28.682449340820312
10.2421875,957.6686401367188,28.68207550048828
10.2578125,957.6786499023438,28.687957763671875
10.2734375,957.6734008789062,28.688331604003906
10.2890625,957.688232421875,28.689437866210938
10.3046875,957.665771484375,28.67730712890625
10.3203125,957.6943359375,28.687957763671875
10.3359375,957.6710205078125,28.67877197265625
10.3515625,957.676513671875,28.672531127929688
10.3671875,957.7069091796875,28.67987060546875
10.3828125,957.6535034179688,28.668487548828125
10.3984375,957.6666259765625,28.66260528564453
10.4140625,957.638671875,28.68207550048828
10.4296875,957.7150268554688,28.672531127929688
10.4453125,957.6646118164062,28.682823181152344
10.4609375,957.677001953125,28.67400360107422
10.4765625,957.661865234375,28.67841339111328
10.4921875,957.6514892578125,28.667388916015625
10.5078125,957.6707763671875,28.664810180664062
10.5234375,957.7115478515625,28.666641235351562
10.5390625,957.6771850585938,28.65819549560547
10.5546875,957.6976928710938,28.667015075683594
10.5703125,957.7224731445312,28.650482177734375
10.5859375,957.680908203125,28.654159545898438
10.6015625,957.7039794921875,28.653411865234375
10.6171875,957.7014770507812,28.664077758789062
10.6328125,957.6834716796875,28.650108337402344
10.6484375,957.6802978515625,28.66443634033203
10.6640625,957.680419921875,28.654159545898438
10.6796875,957.7533569335938,28.650848388671875
10.6953125,957.6767578125,28.646072387695312
10.7109375,957.6697387695312,28.64349365234375
10.7265625,957.692138671875,28.65746307373047
10.7421875,957.6387329101562,28.65636444091797
10.7578125,957.6909790039062,28.646438598632812
10.7734375,957.6763916015625,28.64055633544922
10.7890625,957.674560546875,28.634315490722656
10.8046875,957.6781005859375,28.64055633544922
10.8203125,957.690673828125,28.632469177246094
10.8359375,957.6828002929688,28.632843017578125
10.8515625,957.6856689453125,28.62915802001953
10.8671875,957.682373046875,28.636520385742188
10.8828125,957.692626953125,28.616676330566406
10.8984375,957.6978759765625,28.6243896484375
10.9140625,957.676513671875,28.637619018554688
10.9296875,957.6891479492188,28.637619018554688
10.9453125,957.6802368164062,28.62549591064453
10.9609375,957.6713256835938,28.614097595214844
10.9765625,957.659423828125,28.627700805664062
10.9921875,957.6803588867188,28.619239807128906
11.0078125,957.6790161132812,28.623291015625
11.0234375,957.6627197265625,28.616676330566406
11.0390625,957.6340942382812,28.617774963378906
11.0546875,957.6460571289062,28.6243896484375
11.0703125,957.6777954101562,28.614830017089844
11.0859375,957.6326904296875,28.62291717529297
11.1015625,957.6925048828125,28.612991333007812
11.1171875,957.6837158203125,28.60344696044922
11.1328125,957.6660766601562,28.616676330566406
11.1484375,957.6721801757812,28.60858154296875
11.1640625,957.6326904296875,28.618507385253906
11.1796875,957.6325073242188,28.602699279785156
11.1953125,957.6766967773438,28.600868225097656
11.2109375,957.6437377929688,28.599037170410156
11.2265625,957.6685791015625,28.596832275390625
11.2421875,957.673828125,28.602699279785156
11.2578125,957.6683959960938,28.596832275390625
11.2734375,957.6654663085938,28.58984375
11.2890625,957.673095703125,28.58984375
11.3046875,957.6624145507812,28.59387969970703
11.3203125,957.708740234375,28.587265014648438
11.3359375,957.663330078125,28.590576171875
11.3515625,957.6821899414062,28.600494384765625
11.3671875,957.6700439453125,28.597190856933594
11.3828125,957.6767578125,28.584701538085938
11.3984375,957.6743774414062,28.5916748046875
11.4140625,957.6482543945312,28.594627380371094
11.4296875,957.6508178710938,28.58837127685547
11.4453125,957.6431274414062,28.58690643310547
11.4609375,957.6359252929688,28.583961486816406
11.4765625,957.6415405273438,28.589111328125
11.4921875,957.6235961914062,28.600135803222656
11.5078125,957.652099609375,28.601242065429688
11.5234375,957.6348876953125,28.597190856933594
11.5390625,957.6290893554688,28.596832275390625
11.5546875,957.63623046875,28.5916748046875
11.5703125,957.6267700195312,28.594985961914062
11.5859375,957.6414794921875,28.599037170410156
11.6015625,957.6287231445312,28.5916748046875
11.6171875,957.620849609375,28.603073120117188
11.6328125,957.634521484375,28.604904174804688
11.6484375,957.6192016601562,28.60527801513672
11.6640625,957.640625,28.60858154296875
11.6796875,957.6350708007812,28.60344696044922
11.6953125,957.6333618164062,28.590576171875
11.7109375,957.6261596679688,28.599395751953125
11.7265625,957.6246948242188,28.600868225097656
11.7421875,957.63427734375,28.60710906982422
11.7578125,957.6253662109375,28.604904174804688
11.7734375,957.6298828125,28.618507385253906
11.7890625,957.6419067382812,28.618507385253906
11.8046875,957.6419067382812,28.619979858398438
11.8203125,957.6309204101562,28.614830017089844
11.8359375,957.6261596679688,28.622543334960938
11.8515625,957.626953125,28.6258544921875
11.8671875,957.635498046875,28.616676330566406
11.8828125,957.6215209960938,28.62291717529297
11.8984375,957.6167602539062,28.62291717529297
11.9140625,957.61083984375,28.60638427734375
11.9296875,957.609130859375,28.60638427734375
11.9453125,957.62109375,28.60931396484375
11.9609375,957.6256103515625,28.60344696044922
11.9765625,957.6244506835938,28.61042022705078
11.9921875,957.60546875,28.62291717529297
12.0078125,957.6096801757812,28.614830017089844
12.0234375,957.62255859375,28.62291717529297
12.0390625,957.61083984375,28.60748291015625
12.0546875,957.6248168945312,28.60748291015625
12.0703125,957.6141357421875,28.614830017089844
12.0859375,957.6124877929688,28.603073120117188
12.1015625,957.6141967773438,28.60344696044922
12.1171875,957.6094970703125,28.611160278320312
12.1328125,957.599609375,28.601974487304688
12.1484375,957.6088256835938,28.60638427734375
12.1640625,957.5990600585938,28.60344696044922
12.1796875,957.611328125,28.614830017089844
12.1953125,957.6100463867188,28.603073120117188
12.2109375,957.6041259765625,28.60344696044922
12.2265625,957.5862426757812,28.584701538085938
12.2421875,957.6058349609375,28.60710906982422
12.2578125,957.6110229492188,28.616676330566406
12.2734375,957.6001586914062,28.60638427734375
12.2890625,957.5990600585938,28.62218475341797
12.3046875,957.59765625,28.617774963378906
12.3203125,957.5841064453125,28.614830017089844
12.3359375,957.6046752929688,28.60931396484375
12.3515625,957.5957641601562,28.60931396484375
12.3671875,957.5957641601562,28.603073120117188
12.3828125,957.603515625,28.60710906982422
12.3984375,957.5866088867188,28.602340698242188
12.4140625,957.5903930664062,28.60931396484375
12.4296875,957.588623046875,28.612991333007812
12.4453125,957.5938110351562,28.602699279785156
12.4609375,957.6033935546875,28.616676330566406
12.4765625,957.5828857421875,28.604171752929688
12.4921875,957.5929565429688,28.60858154296875
12.5078125,957.5963134765625,28.60710906982422
12.5234375,957.5740966796875,28.596832275390625
12.5390625,957.5922241210938,28.595352172851562
12.5546875,957.5776977539062,28.597190856933594
12.5703125,957.5748901367188,28.60638427734375
12.5859375,957.5865478515625,28.611892700195312
12.6015625,957.5715942382812,28.61042022705078
12.6171875,957.5822143554688,28.616676330566406
12.6328125,957.5971069335938,28.60344696044922
12.6484375,957.5784912109375,28.60710906982422
12.6640625,957.592529296875,28.601600646972656
12.6796875,957.5855102539062,28.600868225097656
12.6953125,957.5799560546875,28.603073120117188
12.7109375,957.5827026367188,28.612991333007812
12.7265625,957.5747680664062,28.596832275390625
12.7421875,957.58984375,28.60638427734375
12.7578125,957.5829467773438,28.599037170410156
12.7734375,957.6657104492188,28.69788360595703
12.7890625,957.6939697265625,28.697509765625
12.8046875,957.6928100585938,28.69861602783203
12.8203125,957.6976318359375,28.705596923828125
12.8359375,957.6995239257812,28.700820922851562
12.8515625,957.7425537109375,28.701187133789062
12.8671875,957.6978759765625,28.71552276611328
12.8828125,957.7017211914062,28.708175659179688
12.8984375,957.7051391601562,28.708534240722656
12.9140625,957.6884765625,28.71479034423828
12.9296875,957.7189331054688,28.707077026367188
12.9453125,957.739013671875,28.719932556152344
12.9609375,957.6735229492188,28.723609924316406
12.9765625,957.7269897460938,28.724716186523438
12.9921875,957.7223510742188,28.721763610839844
13.0078125,957.7249145507812,28.728378295898438
13.0234375,957.694580078125,28.73499298095703
13.0390625,957.718505859375,28.731689453125
13.0546875,957.7313232421875,28.7298583984375
13.0703125,957.7001953125,28.72801971435547
13.0859375,957.705810546875,28.727279663085938
13.1015625,957.6820068359375,28.74712371826172
13.1171875,957.7037353515625,28.734634399414062
13.1328125,957.6845092773438,28.742355346679688
13.1484375,957.6626586914062,28.738677978515625
13.1640625,957.6784057617188,28.7327880859375
13.1796875,957.6629638671875,28.741981506347656
13.1953125,957.6787109375,28.74897003173828
13.2109375,957.679443359375,28.739044189453125
13.2265625,957.6820068359375,28.743087768554688
13.2421875,957.6740112304688,28.75080108642578
13.2578125,957.6891479492188,28.739402770996094
13.2734375,957.678466796875,28.74897003173828
13.2890625,957.6990356445312,28.743087768554688
13.3046875,957.6788330078125,28.736099243164062
13.3203125,957.6668701171875,28.742355346679688
13.3359375,957.6887817382812,28.743812561035156
13.3515625,957.6586303710938,28.736099243164062
13.3671875,957.6727905273438,28.759620666503906
13.3828125,957.6781005859375,28.75042724609375
13.3984375,957.665283203125,28.740875244140625
13.4140625,957.6840209960938,28.740875244140625
13.4296875,957.6727294921875,28.743812561035156
13.4453125,957.6956176757812,28.743087768554688
13.4609375,957.6842041015625,28.740150451660156
13.4765625,957.6613159179688,28.74676513671875
13.4921875,957.6774291992188,28.742355346679688
13.5078125,957.6710205078125,28.743812561035156
13.5234375,957.69677734375,28.745285034179688
13.5390625,957.6742553710938,28.757415771484375
13.5546875,957.6861572265625,28.744186401367188
13.5703125,957.6944580078125,28.760353088378906
13.5859375,957.6925048828125,28.757041931152344
13.6015625,957.6856079101562,28.754478454589844
13.6171875,957.6651611328125,28.757041931152344
13.6328125,957.6658935546875,28.75080108642578
13.6484375,957.6796875,28.742355346679688
13.6640625,957.6632690429688,28.743812561035156
13.6796875,957.6633911132812,28.74565887451172
13.6953125,957.6677856445312,28.751907348632812
13.7109375,957.6689453125,28.753738403320312
13.7265625,957.67333984375,28.745285034179688
13.7421875,957.6618041992188,28.758148193359375
13.7578125,957.666015625,28.7662353515625
13.7734375,957.6657104492188,28.76770782470703
13.7890625,957.6603393554688,28.758148193359375
13.8046875,957.6654663085938,28.759994506835938
13.8203125,957.6583862304688,28.753379821777344
13.8359375,957.6495361328125,28.755584716796875
13.8515625,957.6646118164062,28.758888244628906
13.8671875,957.6488037109375,28.758888244628906
13.8828125,957.6541137695312,28.758888244628906
13.8984375,957.6446533203125,28.753379821777344
13.9140625,957.6482543945312,28.751907348632812
13.9296875,957.6481323242188,28.76329803466797
13.9453125,957.6456909179688,28.76403045654297
13.9609375,957.6470336914062,28.754837036132812
13.9765625,957.639404296875,28.758514404296875
13.9921875,957.6315307617188,28.741981506347656
14.0078125,957.6393432617188,28.754478454589844
14.0234375,957.6400756835938,28.75263214111328
14.0390625,957.6297607421875,28.75006866455078
14.0546875,957.63427734375,28.76219940185547
14.0703125,957.6278076171875,28.74897003173828
14.0859375,957.6388549804688,28.74897003173828
14.1015625,957.6258544921875,28.74565887451172
14.1171875,957.618896484375,28.74565887451172
14.1328125,957.621826171875,28.743812561035156
14.1484375,957.628173828125,28.725448608398438
14.1640625,957.6110229492188,28.731689453125
14.1796875,957.6145629882812,28.75006866455078
14.1953125,957.615234375,28.735366821289062
14.2109375,957.6131591796875,28.735366821289062
14.2265625,957.6173095703125,28.7320556640625
14.2421875,957.6050415039062,28.73242950439453
14.2578125,957.6116333007812,28.715896606445312
14.2734375,957.6082763671875,28.720664978027344
14.2890625,957.5985717773438,28.716629028320312
14.3046875,957.6071166992188,28.72692108154297
14.3203125,957.5943603515625,28.71479034423828
14.3359375,957.608154296875,28.725448608398438
14.3515625,957.6079711914062,28.7298583984375
14.3671875,957.6185913085938,28.722511291503906
14.3828125,957.6011352539062,28.719200134277344
14.3984375,957.5977783203125,28.722137451171875
14.4140625,957.6040649414062,28.716629028320312
14.4296875,957.602294921875,28.719200134277344
14.4453125,957.6121826171875,28.70928192138672
14.4609375,957.6057739257812,28.708175659179688
14.4765625,957.600830078125,28.704872131347656
14.4921875,957.5994262695312,28.706329345703125
14.5078125,957.6090698242188,28.701560974121094
14.5234375,957.6026611328125,28.698989868164062
14.5390625,957.5957641601562,28.69420623779297
14.5546875,957.5952758789062,28.701560974121094
14.5703125,957.6055908203125,28.686485290527344
14.5859375,957.5867919921875,28.697509765625
14.6015625,957.5831298828125,28.686126708984375
14.6171875,957.58203125,28.686126708984375
14.6328125,957.5910034179688,28.686126708984375
14.6484375,957.5963134765625,28.683921813964844
14.6640625,957.5895385742188,28.67913818359375
14.6796875,957.600341796875,28.67730712890625
14.6953125,957.6032104492188,28.680618286132812
14.7109375,957.58740234375,28.67766571044922
14.7265625,957.5859375,28.685386657714844
14.7421875,957.5885009765625,28.689796447753906
14.7578125,957.5888671875,28.689796447753906
14.7734375,957.5919189453125,28.693099975585938
14.7890625,957.5826416015625,28.686126708984375
14.8046875,957.5910034179688,28.674728393554688
14.8203125,957.5809326171875,28.67877197265625
14.8359375,957.5812377929688,28.67583465576172
14.8515625,957.5809936523438,28.683547973632812
14.8671875,957.5906982421875,28.686859130859375
14.8828125,957.5987548828125,28.67913818359375
14.8984375,957.5765380859375,28.67877197265625
14.9140625,957.6056518554688,28.690536499023438
14.9296875,957.5872192382812,28.674362182617188
14.9453125,957.580810546875,28.665184020996094
14.9609375,957.587646484375,28.681716918945312
14.9765625,957.5744018554688,28.681716918945312
14.9921875,957.5744018554688,28.681716918945312
15.0078125,957.5923461914062,28.67694091796875
15.0234375,957.598876953125,28.68024444580078
15.0390625,957.5772705078125,28.681716918945312
15.0546875,957.5696411132812,28.685386657714844
15.0703125,957.5950317382812,28.67951202392578
15.0859375,957.5955810546875,28.67400360107422
15.1015625,957.5873413085938,28.669593811035156
15.1171875,957.5809936523438,28.67583465576172
15.1328125,957.558349609375,28.668121337890625
15.1484375,957.5771484375,28.67987060546875
15.1640625,957.6046752929688,28.67766571044922
15.1796875,957.599609375,28.683181762695312
15.1953125,957.6001586914062,28.67583465576172
15.2109375,957.5958251953125,28.672531127929688
15.2265625,957.6372680664062,28.67400360107422
15.2421875,957.5986328125,28.667388916015625
15.2578125,957.6206665039062,28.669952392578125
15.2734375,957.6448364257812,28.665184020996094
15.2890625,957.6722412109375,28.67656707763672
15.3046875,957.6752319335938,28.671051025390625
15.3203125,957.660888671875,28.66443634033203
15.3359375,957.7025756835938,28.66443634033203
15.3515625,957.6519165039062,28.67803955078125
15.3671875,957.6908569335938,28.667015075683594
15.3828125,957.6724243164062,28.66077423095703
15.3984375,957.6759643554688,28.6611328125
15.4140625,957.7005004882812,28.668121337890625
15.4296875,957.6714477539062,28.667015075683594
15.4453125,957.6700439453125,28.66002655029297
15.4609375,957.6799926757812,28.670318603515625
15.4765625,957.7216186523438,28.651954650878906
15.4921875,957.6524658203125,28.668121337890625
15.5078125,957.6773071289062,28.650482177734375
15.5234375,957.694091796875,28.6585693359375
15.5390625,957.669189453125,28.64679718017578
15.5546875,957.6651611328125,28.64569854736328
15.5703125,957.6356811523438,28.650482177734375
15.5859375,957.6856689453125,28.637977600097656
15.6015625,957.6957397460938,28.64569854736328
15.6171875,957.6571655273438,28.635040283203125
15.6328125,957.6681518554688,28.632110595703125
15.6484375,957.708251953125,28.631004333496094
15.6640625,957.6622314453125,28.62732696533203
15.6796875,957.6828002929688,28.627700805664062
15.6953125,957.7269287109375,28.627700805664062
15.7109375,957.7364501953125,28.60638427734375
15.7265625,957.7074584960938,28.6258544921875
15.7421875,957.8370361328125,28.60344696044922
15.7578125,957.6917114257812,28.61042022705078
15.7734375,957.7322998046875,28.614830017089844
15.7890625,957.7227172851562,28.599037170410156
15.8046875,957.767578125,28.5909423828125
15.8203125,957.7643432617188,28.60454559326172
15.8359375,957.828857421875,28.60638427734375
15.8515625,957.7557373046875,28.60344696044922
15.8671875,957.707763671875,28.599037170410156
15.8828125,957.7341918945312,28.60675048828125
15.8984375,957.7379760742188,28.603073120117188
15.9140625,957.7113647460938,28.60344696044922
15.9296875,957.7482299804688,28.603073120117188
15.9453125,957.7542724609375,28.596832275390625
15.9609375,957.7465209960938,28.597190856933594
15.9765625,957.8281860351562,28.589111328125
15.9921875,957.7456665039062,28.5916748046875
16.0078125,957.7346801757812,28.599395751953125
16.0234375,957.6878051757812,28.58580780029297
16.0390625,957.7899780273438,28.597190856933594
16.0546875,957.7423095703125,28.580291748046875
16.0703125,957.6965942382812,28.595726013183594
16.0859375,957.7052612304688,28.580291748046875
16.1015625,957.703125,28.57514190673828
16.1171875,957.7091674804688,28.580291748046875
16.1328125,957.6602172851562,28.57514190673828
16.1484375,957.7228393554688,28.579551696777344
16.1640625,957.7953491210938,28.577346801757812
16.1796875,957.7493286132812,28.58984375
16.1953125,957.7232055664062,28.581024169921875
16.2109375,957.7240600585938,28.583229064941406
16.2265625,957.773193359375,28.57514190673828
16.2421875,957.7288818359375,28.580291748046875
16.2578125,957.7328491210938,28.582855224609375
16.2734375,957.6998291015625,28.580291748046875
16.2890625,957.7168579101562,28.581024169921875
16.3046875,957.8003540039062,28.564483642578125
16.3203125,957.6915283203125,28.57293701171875
16.3359375,957.7208251953125,28.57367706298828
16.3515625,957.681640625,28.564483642578125
16.3671875,957.719482421875,28.56816864013672
16.3828125,957.6881713867188,28.564483642578125
16.3984375,957.6610717773438,28.560073852539062
16.4140625,957.6736450195312,28.564483642578125
16.4296875,957.6824951171875,28.559349060058594
16.4453125,957.684326171875,28.57330322265625
16.4609375,957.6678466796875,28.564483642578125
16.4765625,957.7247924804688,28.567420959472656
16.4921875,957.6678466796875,28.564483642578125
16.5078125,957.6795654296875,28.564483642578125
16.5234375,957.6884765625,28.560073852539062
16.5390625,957.6814575195312,28.558242797851562
16.5546875,957.6812133789062,28.559349060058594
16.5703125,957.6820068359375,28.55493927001953
16.5859375,957.675048828125,28.551254272460938
16.6015625,957.7193603515625,28.550155639648438
16.6171875,957.69482421875,28.55860137939453
16.6328125,957.6944580078125,28.549423217773438
16.6484375,957.7286376953125,28.56816864013672
16.6640625,957.7388305664062,28.55677032470703
16.6796875,957.7448120117188,28.55309295654297
16.6953125,957.755859375,28.564483642578125
16.7109375,957.7241821289062,28.549423217773438
16.7265625,957.7024536132812,28.550155639648438
16.7421875,957.6859130859375,28.564483642578125
16.7578125,957.712890625,28.550155639648438
16.7734375,957.6887817382812,28.55750274658203
16.7890625,957.6973266601562,28.53730010986328
16.8046875,957.6487426757812,28.542068481445312
16.8203125,957.699951171875,28.533615112304688
16.8359375,957.7341918945312,28.542434692382812
16.8515625,957.6911010742188,28.53802490234375
16.8671875,957.6959838867188,28.542068481445312
16.8828125,957.67138671875,28.542808532714844
16.8984375,957.6911010742188,28.53802490234375
16.9140625,957.637451171875,28.531417846679688
16.9296875,957.6702880859375,28.528106689453125
16.9453125,957.6806030273438,28.533248901367188
16.9609375,957.7348022460938,28.525527954101562
16.9765625,957.688720703125,28.53472137451172
16.9921875,957.6646118164062,28.531784057617188
17.0078125,957.669677734375,28.531417846679688
17.0234375,957.6947631835938,28.531417846679688
17.0390625,957.6858520507812,28.550155639648438
17.0546875,957.677490234375,28.53802490234375
17.0703125,957.677490234375,28.546844482421875
17.0859375,957.6676635742188,28.532516479492188
17.1015625,957.7269897460938,28.526275634765625
17.1171875,957.6453857421875,28.526275634765625
17.1328125,957.6858520507812,28.533248901367188
17.1484375,957.6853637695312,28.531784057617188
17.1640625,957.6732788085938,28.52332305908203
17.1796875,957.6646728515625,28.531417846679688
17.1953125,957.65185546875,28.542068481445312
17.2109375,957.6588745117188,28.526275634765625
17.2265625,957.6476440429688,28.550155639648438
17.2421875,957.6632690429688,28.542068481445312
17.2578125,957.6439819335938,28.53582763671875
17.2734375,957.6373291015625,28.519287109375
17.2890625,957.6469116210938,28.526634216308594
17.3046875,957.6429443359375,28.52332305908203
17.3203125,957.6450805664062,28.526275634765625
17.3359375,957.6476440429688,28.53545379638672
17.3515625,957.646240234375,28.531417846679688
17.3671875,957.6429443359375,28.532516479492188
17.3828125,957.6519165039062,28.545013427734375
17.3984375,957.640625,28.532516479492188
17.4140625,957.6423950195312,28.53913116455078
17.4296875,957.6488647460938,28.531417846679688
17.4453125,957.6273803710938,28.542068481445312
17.4609375,957.64453125,28.549423217773438
17.4765625,957.6452026367188,28.542808532714844
17.4921875,957.6535034179688,28.542068481445312
17.5078125,957.6475830078125,28.550155639648438
17.5234375,957.647705078125,28.558242797851562
17.5390625,957.6431884765625,28.542068481445312
17.5546875,957.6385498046875,28.549423217773438
17.5703125,957.65185546875,28.546119689941406
17.5859375,957.6378173828125,28.549057006835938
17.6015625,957.6349487304688,28.558242797851562
17.6171875,957.624755859375,28.560073852539062
17.6328125,957.6361694335938,28.545013427734375
17.6484375,957.6376953125,28.55236053466797
17.6640625,957.6246948242188,28.541709899902344
17.6796875,957.6320190429688,28.545013427734375
17.6953125,957.6150512695312,28.565216064453125
17.7109375,957.63427734375,28.549423217773438
17.7265625,957.6239013671875,28.55493927001953
17.7421875,957.6356201171875,28.549057006835938
17.7578125,957.6195678710938,28.55236053466797
17.7734375,957.6204223632812,28.531417846679688
17.7890625,957.63037109375,28.550155639648438
17.8046875,957.6221923828125,28.540237426757812
17.8203125,957.6192626953125,28.551254272460938
17.8359375,957.6376953125,28.549057006835938
17.8515625,957.6380004882812,28.547950744628906
17.8671875,957.6195068359375,28.549423217773438
17.8828125,957.6232299804688,28.545013427734375
17.8984375,957.6376953125,28.549781799316406
17.9140625,957.6154174804688,28.53730010986328
17.9296875,957.6261596679688,28.551986694335938
17.9453125,957.619873046875,28.546119689941406
17.9609375,957.6317749023438,28.556396484375
17.9765625,957.6156005859375,28.549423217773438
17.9921875,957.5963745117188,28.53545379638672
18.0078125,957.6080932617188,28.549423217773438
18.0234375,957.6190185546875,28.55493927001953
18.0390625,957.6040649414062,28.542808532714844
18.0546875,957.624267578125,28.55493927001953
18.0703125,957.615966796875,28.53802490234375
18.0859375,957.6227416992188,28.531417846679688
18.1015625,957.6148071289062,28.5556640625
18.1171875,957.6250610351562,28.55162811279297
18.1328125,957.6240234375,28.545013427734375
18.1484375,957.6234130859375,28.548683166503906
18.1640625,957.6094360351562,28.545013427734375
18.1796875,957.6346435546875,28.531417846679688
18.1953125,957.6172485351562,28.55419158935547
18.2109375,957.6278686523438,28.541709899902344
18.2265625,957.6087036132812,28.534347534179688
18.2421875,957.622314453125,28.528839111328125
18.2578125,957.6176147460938,28.528839111328125
18.2734375,957.6265258789062,28.53730010986328
18.2890625,957.6189575195312,28.531417846679688
18.3046875,957.6077270507812,28.53913116455078
18.3203125,957.6209716796875,28.545013427734375
18.3359375,957.6090698242188,28.533248901367188
18.3515625,957.6072998046875,28.53730010986328
18.3671875,957.6082763671875,28.53875732421875
18.3828125,957.6024780273438,28.544273376464844
18.3984375,957.6089477539062,28.531784057617188
18.4140625,957.6077270507812,28.53730010986328
18.4296875,957.6082763671875,28.530685424804688
18.4453125,957.6088256835938,28.52332305908203
18.4609375,957.6170654296875,28.516708374023438
18.4765625,957.607421875,28.527374267578125
18.4921875,957.5899658203125,28.530685424804688
18.5078125,957.61474609375,28.526275634765625
18.5234375,957.6143798828125,28.532516479492188
18.5390625,957.6018676757812,28.51966094970703
18.5546875,957.6065673828125,28.531417846679688
18.5703125,957.6065673828125,28.528839111328125
18.5859375,957.6217651367188,28.533248901367188
18.6015625,957.6025390625,28.542068481445312
18.6171875,957.6183471679688,28.53472137451172
18.6328125,957.6091918945312,28.528839111328125
18.6484375,957.6217651367188,28.529579162597656
18.6640625,957.6015625,28.531417846679688
18.6796875,957.5916748046875,28.524795532226562
18.6953125,957.6177368164062,28.53509521484375
18.7109375,957.6099243164062,28.528480529785156
18.7265625,957.6013793945312,28.542068481445312
18.7421875,957.6183471679688,28.52332305908203
18.7578125,957.6063232421875,28.531417846679688
18.7734375,957.6232299804688,28.531417846679688
18.7890625,957.6017456054688,28.52332305908203
18.8046875,957.6063232421875,28.525169372558594
18.8203125,957.6058959960938,28.528839111328125
18.8359375,957.5968017578125,28.529579162597656
18.8515625,957.621826171875,28.513778686523438
18.8671875,957.6058959960938,28.53289031982422
18.8828125,957.59765625,28.51966094970703
18.8984375,957.583984375,28.542068481445312
18.9140625,957.608154296875,28.524070739746094
18.9296875,957.5909423828125,28.52332305908203
18.9453125,957.6033325195312,28.533248901367188
18.9609375,957.59716796875,28.531417846679688
18.9765625,957.5975341796875,28.533248901367188
18.9921875,957.6019287109375,28.531417846679688
19.0078125,957.5969848632812,28.531784057617188
19.0234375,957.6137084960938,28.53472137451172
19.0390625,957.6098022460938,28.529205322265625
19.0546875,957.5961303710938,28.51891326904297
19.0703125,957.603515625,28.527374267578125
19.0859375,957.6083984375,28.531417846679688
19.1015625,957.5975341796875,28.526275634765625
19.1171875,957.6060180664062,28.531784057617188
19.1328125,957.5963745117188,28.51966094970703
19.1484375,957.5905151367188,28.5203857421875
19.1640625,957.5958251953125,28.52222442626953
19.1796875,957.599609375,28.509368896484375
19.1953125,957.6007690429688,28.52332305908203
19.2109375,957.609375,28.526275634765625
19.2265625,957.60546875,28.542068481445312
19.2421875,957.5974731445312,28.525169372558594
19.2578125,957.6046752929688,28.526275634765625
19.2734375,957.5911254882812,28.52332305908203
19.2890625,957.5997924804688,28.531784057617188
19.3046875,957.6065673828125,28.531417846679688
19.3203125,957.5880126953125,28.527374267578125
19.3359375,957.6007690429688,28.529937744140625
19.3515625,957.5962524414062,28.526275634765625
19.3671875,957.5845947265625,28.51966094970703
19.3828125,957.6005859375,28.526275634765625
19.3984375,957.579833984375,28.53875732421875
19.4140625,957.5887451171875,28.52001953125
19.4296875,957.6005859375,28.528480529785156
19.4453125,957.6038208007812,28.526275634765625
19.4609375,957.5880737304688,28.52332305908203
19.4765625,957.5902709960938,28.53398895263672
19.4921875,957.5888671875,28.53509521484375
19.5078125,957.5979614257812,28.531417846679688
19.5234375,957.588623046875,28.531417846679688
19.5390625,957.5821533203125,28.531784057617188
19.5546875,957.5969848632812,28.516708374023438
19.5703125,957.5901489257812,28.51966094970703
19.5859375,957.5905151367188,28.525169372558594
19.6015625,957.5784912109375,28.52332305908203
19.6171875,957.5783081054688,28.525901794433594
19.6328125,957.6012573242188,28.525169372558594
19.6484375,957.591064453125,28.526275634765625
19.6640625,957.5874633789062,28.52149200439453
19.6796875,957.5948486328125,28.51966094970703
19.6953125,957.5874633789062,28.52149200439453
19.7109375,957.599609375,28.527374267578125
19.7265625,957.601318359375,28.526275634765625
19.7421875,957.6012573242188,28.528839111328125
19.7578125,957.5848388671875,28.525169372558594
19.7734375,957.5999755859375,28.528839111328125
19.7890625,957.5968017578125,28.528839111328125
19.8046875,957.5848388671875,28.542068481445312
19.8203125,957.594482421875,28.52332305908203
19.8359375,957.5908203125,28.53472137451172
19.8515625,957.5949096679688,28.525169372558594
19.8671875,957.5957641601562,28.53730010986328
19.8828125,957.5904541015625,28.53472137451172
19.8984375,957.5966796875,28.53730010986328
19.9140625,957.5922241210938,28.533248901367188
19.9296875,957.5900268554688,28.545372009277344
19.9453125,957.6049194335938,28.531417846679688
19.9609375,957.5880126953125,28.528106689453125
19.9765625,957.6044311523438,28.53472137451172
19.9921875,957.5823974609375,28.545013427734375
20.0078125,957.5804443359375,28.543167114257812
20.0234375,957.5987548828125,28.545013427734375
20.0390625,957.5804443359375,28.53509521484375
20.0546875,957.5860595703125,28.544273376464844
20.0703125,957.5994262695312,28.533248901367188
20.0859375,957.6007690429688,28.527374267578125
20.1015625,957.601318359375,28.542434692382812
20.1171875,957.5968627929688,28.526275634765625
20.1328125,957.5952758789062,28.531784057617188
20.1484375,957.5791015625,28.543540954589844
20.1640625,957.5862426757812,28.540237426757812
20.1796875,957.5859985351562,28.53545379638672
20.1953125,957.5860595703125,28.53655242919922
20.2109375,957.57958984375,28.540237426757812
20.2265625,957.5859985351562,28.547576904296875
20.2421875,957.57421875,28.53655242919922
20.2578125,957.5885009765625,28.546119689941406
20.2734375,957.5930786132812,28.542808532714844
20.2890625,957.5736694335938,28.547950744628906
20.3046875,957.5986328125,28.53472137451172
20.3203125,957.5901489257812,28.53730010986328
20.3359375,957.5748901367188,28.54096221923828
20.3515625,957.5859985351562,28.53875732421875
20.3671875,957.5684814453125,28.543167114257812
20.3828125,957.5891723632812,28.53472137451172
20.3984375,957.5859985351562,28.542808532714844
20.4140625,957.5921630859375,28.534347534179688
20.4296875,957.5841674804688,28.53509521484375
20.4453125,957.5884399414062,28.5556640625
20.4609375,957.5701904296875,28.545013427734375
20.4765625,957.5804443359375,28.55419158935547
20.4921875,957.5938720703125,28.549423217773438
20.5078125,957.5868530273438,28.547950744628906
20.5234375,957.5723876953125,28.564483642578125
20.5390625,957.5841674804688,28.548683166503906
20.5546875,957.580810546875,28.556396484375
20.5703125,957.5982666015625,28.545745849609375
20.5859375,957.5680541992188,28.545013427734375
20.6015625,957.5912475585938,28.551254272460938
20.6171875,957.5728149414062,28.53913116455078
20.6328125,957.5816040039062,28.540237426757812
20.6484375,957.5895385742188,28.549423217773438
20.6640625,957.569580078125,28.549423217773438
20.6796875,957.5975341796875,28.546844482421875
20.6953125,957.5841674804688,28.551254272460938
20.7109375,957.5774536132812,28.551986694335938
