# Time (seconds),Pressure,Temp
0.0078125,952.8994140625,26.540390014648438
0.0234375,952.9259033203125,26.536354064941406
0.0390625,952.9415893554688,26.54517364501953
0.0546875,952.9412231445312,26.534507751464844
0.0703125,952.9473876953125,26.5455322265625
0.0859375,952.9450073242188,26.535980224609375
0.1015625,952.9349975585938,26.547012329101562
0.1171875,952.9348754882812,26.536712646484375
0.1328125,952.923828125,26.535614013671875
0.1484375,952.9302978515625,26.537818908691406
0.1640625,952.9202270507812,26.537818908691406
0.1796875,952.9202270507812,26.54517364501953
0.1953125,952.9334716796875,26.553253173828125
0.2109375,952.935546875,26.54590606689453
0.2265625,952.934814453125,26.54517364501953
0.2421875,952.9334716796875,26.53966522216797
0.2578125,952.91748046875,26.5426025390625
0.2734375,952.9225463867188,26.53966522216797
0.2890625,952.91748046875,26.54149627685547
0.3046875,952.9302368164062,26.530845642089844
0.3203125,952.9338989257812,26.536354064941406
0.3359375,952.9314575195312,26.53966522216797
0.3515625,952.9300537109375,26.535980224609375
0.3671875,952.9373779296875,26.54332733154297
0.3828125,952.9267578125,26.533782958984375
0.3984375,952.940185546875,26.531204223632812
0.4140625,952.9375610351562,26.535980224609375
0.4296875,952.9296875,26.54149627685547
0.4453125,952.9247436523438,26.536354064941406
0.4609375,952.9380493164062,26.536354064941406
0.4765625,952.9308471679688,26.54443359375
0.4921875,952.9334106445312,26.53966522216797
0.5078125,952.943115234375,26.533782958984375
0.5234375,952.9420166015625,26.53966522216797
0.5390625,952.927001953125,26.541122436523438
0.5546875,952.9373168945312,26.540390014648438
0.5703125,952.9270629882812,26.52202606201172
0.5859375,952.93896484375,26.535614013671875
0.6015625,952.9409790039062,26.549583435058594
0.6171875,952.9309692382812,26.54517364501953
0.6328125,952.9473266601562,26.54443359375
0.6484375,952.9417724609375,26.532676696777344
0.6640625,952.9292602539062,26.53966522216797
0.6796875,952.9359741210938,26.535614013671875
0.6953125,952.9122924804688,26.54443359375
0.7109375,952.9340209960938,26.534149169921875
0.7265625,952.932373046875,26.537818908691406
0.7421875,952.9435424804688,26.53966522216797
0.7578125,952.9461669921875,26.536354064941406
0.7734375,952.9326171875,26.535980224609375
0.7890625,952.9451293945312,26.54517364501953
0.8046875,952.946044921875,26.53966522216797
0.8203125,952.9384155273438,26.54443359375
0.8359375,952.9220581054688,26.54149627685547
0.8515625,952.9271850585938,26.54773712158203
0.8671875,952.9469604492188,26.549209594726562
0.8828125,952.9334106445312,26.54332733154297
0.8984375,952.953125,26.530845642089844
0.9140625,952.974609375,26.54149627685547
0.9296875,952.974365234375,26.54443359375
0.9453125,953.0427856445312,26.552520751953125
0.9609375,953.0603637695312,26.549583435058594
0.9765625,952.9710083007812,26.54332733154297
0.9921875,952.9996948242188,26.536354064941406
1.0078125,952.9666748046875,26.540390014648438
1.0234375,952.9791259765625,26.55730438232422
1.0390625,952.9646606445312,26.54443359375
1.0546875,952.9645385742188,26.537460327148438
1.0703125,952.98779296875,26.541122436523438
1.0859375,952.9600830078125,26.551788330078125
1.1015625,952.9874877929688,26.538558959960938
1.1171875,952.9692993164062,26.536354064941406
1.1328125,952.9666748046875,26.54773712158203
1.1484375,953.0090942382812,26.549209594726562
1.1640625,952.9524536132812,26.539291381835938
1.1796875,952.943115234375,26.54443359375
1.1953125,953.1323852539062,26.5426025390625
1.2109375,952.9799194335938,26.535614013671875
1.2265625,953.1275024414062,26.54517364501953
1.2421875,952.9896850585938,26.540390014648438
1.2578125,953.0609741210938,26.53966522216797
1.2734375,953.0579223632812,26.539291381835938
1.2890625,953.2347412109375,26.535614013671875
1.3046875,953.0521850585938,26.54517364501953
1.3203125,952.9102172851562,26.549583435058594
1.3359375,952.97998046875,26.538917541503906
1.3515625,953.0966796875,26.54332733154297
1.3671875,953.1633911132812,26.54149627685547
1.3828125,953.6215209960938,26.52753448486328
1.3984375,953.1923217773438,26.534149169921875
1.4140625,953.4822387695312,26.52568817138672
1.4296875,953.794921875,26.520179748535156
1.4453125,953.6527709960938,26.534881591796875
1.4609375,953.7887573242188,26.529373168945312
1.4765625,953.307861328125,26.53009796142578
1.4921875,953.7750854492188,26.537818908691406
1.5078125,953.5936279296875,26.54149627685547
1.5234375,953.7971801757812,26.53966522216797
1.5390625,953.4474487304688,26.52753448486328
1.5546875,953.212158203125,26.52899932861328
1.5703125,953.3998413085938,26.52568817138672
1.5859375,953.8833618164062,26.538917541503906
1.6015625,953.130126953125,26.529373168945312
1.6171875,954.0073852539062,26.52568817138672
1.6328125,953.5864868164062,26.521278381347656
1.6484375,953.562255859375,26.52826690673828
1.6640625,954.105224609375,26.517616271972656
1.6796875,953.7797241210938,26.521652221679688
1.6953125,954.0626831054688,26.513931274414062
1.7109375,953.8111572265625,26.515769958496094
1.7265625,954.5707397460938,26.513206481933594
1.7421875,954.2076416015625,26.52532958984375
1.7578125,953.9746704101562,26.521278381347656
1.7734375,953.8668823242188,26.52385711669922
1.7890625,953.8031005859375,26.51245880126953
1.8046875,953.6741943359375,26.516868591308594
1.8203125,953.866455078125,26.52385711669922
1.8359375,953.7290649414062,26.52568817138672
1.8515625,953.6802978515625,26.52385711669922
1.8671875,953.7021484375,26.52385711669922
1.8828125,953.6937866210938,26.530845642089844
1.8984375,954.7203979492188,26.53009796142578
1.9140625,954.2551879882812,26.517974853515625
1.9296875,954.251708984375,26.52826690673828
1.9453125,954.1255493164062,26.52458953857422
1.9609375,953.9345703125,26.530845642089844
1.9765625,953.8724975585938,26.520919799804688
1.9921875,953.9677124023438,26.52899932861328
2.0078125,953.8985595703125,26.531204223632812
2.0234375,953.845703125,26.53009796142578
2.0390625,953.339599609375,26.535980224609375
2.0546875,954.222412109375,26.530845642089844
2.0703125,953.8413696289062,26.53009796142578
2.0859375,953.2547607421875,26.530845642089844
2.1015625,953.134765625,26.53009796142578
2.1171875,953.1417846679688,26.52385711669922
2.1328125,953.009033203125,26.530845642089844
2.1484375,953.0199584960938,26.533782958984375
2.1640625,953.0101318359375,26.538917541503906
2.1796875,953.0093383789062,26.535980224609375
2.1953125,953.003173828125,26.548484802246094
2.2109375,952.9918823242188,26.555458068847656
2.2265625,952.9979248046875,26.536712646484375
2.2421875,952.9972534179688,26.540390014648438
2.2578125,952.9791259765625,26.541122436523438
2.2734375,952.9959106445312,26.54517364501953
2.2890625,952.9794921875,26.56134033203125
2.3046875,952.9888916015625,26.553619384765625
2.3203125,952.9959106445312,26.553253173828125
2.3359375,952.9707641601562,26.551422119140625
2.3515625,952.9801635742188,26.56317138671875
2.3671875,952.9813232421875,26.549583435058594
2.3828125,952.9691772460938,26.554351806640625
2.3984375,952.9829711914062,26.550315856933594
2.4140625,952.967529296875,26.540390014648438
2.4296875,952.964111328125,26.537460327148438
2.4453125,952.9788208007812,26.54332733154297
2.4609375,952.9674072265625,26.549209594726562
2.4765625,952.973388671875,26.534881591796875
2.4921875,952.9594116210938,26.535980224609375
2.5078125,952.9666748046875,26.54296875
2.5234375,952.9674072265625,26.549583435058594
2.5390625,952.966796875,26.536354064941406
2.5546875,952.96435546875,26.537460327148438
2.5703125,952.9470825195312,26.535614013671875
2.5859375,952.9559326171875,26.535614013671875
2.6015625,952.9666748046875,26.54443359375
2.6171875,952.9698486328125,26.548484802246094
2.6328125,952.9607543945312,26.535255432128906
2.6484375,952.9474487304688,26.534881591796875
2.6640625,952.9641723632812,26.534149169921875
2.6796875,952.969482421875,26.537818908691406
2.6953125,952.9471435546875,26.53966522216797
2.7109375,952.956298828125,26.520179748535156
2.7265625,952.9453735351562,26.540390014648438
2.7421875,952.9528198242188,26.530845642089844
2.7578125,952.9487915039062,26.53966522216797
2.7734375,952.9646606445312,26.52606201171875
2.7890625,952.95849609375,26.530845642089844
2.8046875,952.9506225585938,26.535980224609375
2.8203125,952.949951171875,26.53009796142578
2.8359375,952.9517822265625,26.53966522216797
2.8515625,952.9514770507812,26.52826690673828
2.8671875,952.9414672851562,26.532302856445312
2.8828125,952.9705200195312,26.52568817138672
2.8984375,952.953125,26.535614013671875
2.9140625,952.9439697265625,26.529373168945312
2.9296875,952.9523315429688,26.534881591796875
2.9453125,952.9439086914062,26.53009796142578
2.9609375,952.939208984375,26.538917541503906
2.9765625,952.93896484375,26.535980224609375
2.9921875,952.951171875,26.52753448486328
3.0078125,952.9635009765625,26.535980224609375
3.0234375,952.951171875,26.54222869873047
3.0390625,952.9506225585938,26.535255432128906
3.0546875,952.9510498046875,26.533782958984375
3.0703125,952.9407348632812,26.533782958984375
3.0859375,952.9526977539062,26.534507751464844
3.1015625,952.9378662109375,26.531944274902344
3.1171875,952.9578857421875,26.52423095703125
3.1328125,952.9457397460938,26.520179748535156
3.1484375,952.938232421875,26.53009796142578
3.1640625,952.939208984375,26.54149627685547
3.1796875,952.9481201171875,26.537818908691406
3.1953125,952.9417724609375,26.535980224609375
3.2109375,952.9457397460938,26.533782958984375
3.2265625,952.9539794921875,26.517616271972656
3.2421875,952.943359375,26.520179748535156
3.2578125,952.9484252929688,26.529373168945312
3.2734375,952.9445190429688,26.54332733154297
3.2890625,952.9476318359375,26.52568817138672
3.3046875,952.9447631835938,26.52532958984375
3.3203125,953.1024780273438,26.52899932861328
3.3359375,953.1577758789062,26.529373168945312
3.3515625,953.2869262695312,26.519073486328125
3.3671875,953.1998291015625,26.52568817138672
3.3828125,953.1431274414062,26.534507751464844
3.3984375,953.5216064453125,26.52385711669922
3.4140625,953.8723754882812,26.52568817138672
3.4296875,953.3014526367188,26.521652221679688
3.4453125,953.1134643554688,26.52458953857422
3.4609375,953.2954711914062,26.52385711669922
3.4765625,953.0072631835938,26.530845642089844
3.4921875,952.9357299804688,26.52385711669922
3.5078125,953.096923828125,26.517242431640625
3.5234375,952.9989013671875,26.517616271972656
3.5390625,952.9415283203125,26.515769958496094
3.5546875,953.0877685546875,26.511001586914062
3.5703125,953.0999145507812,26.521278381347656
3.5859375,953.3614501953125,26.513931274414062
3.6015625,953.4586791992188,26.513206481933594
3.6171875,953.4616088867188,26.515769958496094
3.6328125,953.7676391601562,26.51136016845703
3.6484375,953.6239013671875,26.517616271972656
3.6640625,953.377685546875,26.513206481933594
3.6796875,953.4508666992188,26.509521484375
3.6953125,953.36328125,26.5076904296875
3.7109375,953.9072265625,26.515037536621094
3.7265625,953.3871459960938,26.509521484375
3.7421875,953.8244018554688,26.505844116210938
3.7578125,953.9948120117188,26.50695037841797
3.7734375,954.1115112304688,26.515037536621094
3.7890625,954.145751953125,26.505844116210938
3.8046875,954.0587768554688,26.5076904296875
3.8203125,953.9132690429688,26.499229431152344
3.8359375,953.5784912109375,26.501434326171875
3.8515625,953.8302001953125,26.502540588378906
3.8671875,953.384033203125,26.5076904296875
3.8828125,953.5595703125,26.5076904296875
3.8984375,954.0703125,26.503280639648438
3.9140625,953.5042724609375,26.505844116210938
3.9296875,953.6454467773438,26.488204956054688
3.9453125,953.761474609375,26.499229431152344
3.9609375,953.530029296875,26.499977111816406
3.9765625,953.6270141601562,26.498130798339844
3.9921875,953.2098388671875,26.488204956054688
4.0078125,953.7040405273438,26.50548553466797
4.0234375,953.3604736328125,26.49005126953125
4.0390625,953.4939575195312,26.49115753173828
4.0546875,954.0746459960938,26.49225616455078
4.0703125,954.032958984375,26.49005126953125
4.0859375,953.7059936523438,26.497398376464844
4.1015625,953.8740234375,26.49078369140625
4.1171875,953.7681884765625,26.47167205810547
4.1328125,954.042236328125,26.484901428222656
4.1484375,954.0083618164062,26.495567321777344
4.1640625,953.7752685546875,26.488204956054688
4.1796875,954.149658203125,26.480133056640625
4.1953125,954.1243286132812,26.495567321777344
4.2109375,954.9227905273438,26.497398376464844
4.2265625,954.4334716796875,26.48784637451172
4.2421875,954.0408935546875,26.504013061523438
4.2578125,953.7288818359375,26.49225616455078
4.2734375,953.7324829101562,26.495567321777344
4.2890625,953.9573974609375,26.503280639648438
4.3046875,953.9414672851562,26.496292114257812
4.3203125,953.9390258789062,26.501075744628906
4.3359375,953.8690185546875,26.494461059570312
4.3515625,953.8910522460938,26.49261474609375
4.3671875,954.5059204101562,26.505844116210938
4.3828125,953.7224731445312,26.5076904296875
4.3984375,953.6635131835938,26.504013061523438
4.4140625,953.9445190429688,26.488204956054688
4.4296875,954.3944091796875,26.499229431152344
4.4453125,953.593505859375,26.51062774658203
4.4609375,954.5584106445312,26.500335693359375
4.4765625,953.8731079101562,26.504745483398438
4.4921875,954.032958984375,26.505844116210938
4.5078125,953.8521118164062,26.505111694335938
4.5234375,953.900390625,26.52385711669922
4.5390625,953.810302734375,26.519447326660156
4.5546875,954.0977783203125,26.52568817138672
4.5703125,953.7752075195312,26.52826690673828
4.5859375,953.9857788085938,26.52385711669922
4.6015625,953.4674072265625,26.515037536621094
4.6171875,953.6124267578125,26.531944274902344
4.6328125,953.6934204101562,26.52312469482422
4.6484375,953.6555786132812,26.521652221679688
4.6640625,953.7420043945312,26.52716064453125
4.6796875,953.7950439453125,26.531204223632812
4.6953125,953.6689453125,26.52385711669922
4.7109375,953.5211791992188,26.53009796142578
4.7265625,954.0575561523438,26.52643585205078
4.7421875,953.6229248046875,26.5426025390625
4.7578125,954.2188720703125,26.52789306640625
4.7734375,953.6339721679688,26.535614013671875
4.7890625,954.2887573242188,26.54332733154297
4.8046875,953.6533203125,26.553619384765625
4.8203125,953.8270874023438,26.53966522216797
4.8359375,954.2365112304688,26.54773712158203
4.8515625,953.9674072265625,26.54443359375
4.8671875,953.8660888671875,26.548843383789062
4.8828125,953.8837890625,26.549209594726562
4.8984375,953.9442749023438,26.551788330078125
4.9140625,953.6744995117188,26.54517364501953
4.9296875,953.8507080078125,26.554351806640625
4.9453125,954.25,26.54517364501953
4.9609375,953.8775634765625,26.540390014648438
4.9765625,953.3519897460938,26.556930541992188
4.9921875,953.367919921875,26.54443359375
5.0078125,953.1079711914062,26.56317138671875
5.0234375,953.028564453125,26.56207275390625
5.0390625,953.0260620117188,26.56317138671875
5.0546875,953.0243530273438,26.570159912109375
5.0703125,953.009521484375,26.57750701904297
5.0859375,953.0001220703125,26.566848754882812
5.1015625,953.0122680664062,26.55950927734375
5.1171875,952.9917602539062,26.56281280517578
5.1328125,953.0040283203125,26.570159912109375
5.1484375,953.0011596679688,26.571632385253906
5.1640625,953.0014038085938,26.568687438964844
5.1796875,952.9873046875,26.57860565185547
5.1953125,952.987060546875,26.56024169921875
5.2109375,952.9947509765625,26.564651489257812
5.2265625,952.9808349609375,26.566848754882812
5.2421875,952.9889526367188,26.56060791015625
5.2578125,952.9937133789062,26.558029174804688
5.2734375,952.9791259765625,26.56281280517578
5.2890625,952.9813232421875,26.570159912109375
5.3046875,952.9688720703125,26.565750122070312
5.3203125,952.9696655273438,26.563919067382812
5.3359375,952.9838256835938,26.56317138671875
5.3515625,952.96875,26.553619384765625
5.3671875,952.968505859375,26.56060791015625
5.3828125,952.9740600585938,26.56317138671875
5.3984375,952.9616088867188,26.570533752441406
5.4140625,952.9594116210938,26.563919067382812
5.4296875,952.9664916992188,26.564651489257812
5.4453125,952.9509887695312,26.567955017089844
5.4609375,952.9556274414062,26.573097229003906
5.4765625,952.9547729492188,26.568687438964844
5.4921875,952.9760131835938,26.563919067382812
5.5078125,952.9813842773438,26.571990966796875
5.5234375,952.9672241210938,26.56207275390625
5.5390625,952.9501342773438,26.567581176757812
5.5546875,952.960205078125,26.554351806640625
5.5703125,952.957763671875,26.554351806640625
5.5859375,952.9703979492188,26.55730438232422
5.6015625,952.955078125,26.54517364501953
5.6171875,952.9520263671875,26.556556701660156
5.6328125,952.9562377929688,26.548484802246094
5.6484375,952.9655151367188,26.549209594726562
5.6640625,952.9620971679688,26.54517364501953
5.6796875,952.9532470703125,26.549583435058594
5.6953125,952.9524536132812,26.553619384765625
5.7109375,952.952880859375,26.549209594726562
5.7265625,952.9656982421875,26.539291381835938
5.7421875,952.9545288085938,26.551422119140625
5.7578125,952.9544067382812,26.539291381835938
5.7734375,952.9401245117188,26.551422119140625
5.7890625,952.9568481445312,26.548843383789062
5.8046875,952.9649658203125,26.54332733154297
5.8203125,952.9548950195312,26.54663848876953
5.8359375,952.9397583007812,26.535614013671875
5.8515625,952.9642944335938,26.535614013671875
5.8671875,952.952392578125,26.53966522216797
5.8828125,952.9700317382812,26.531204223632812
5.8984375,952.954345703125,26.532676696777344
5.9140625,952.9495849609375,26.53009796142578
5.9296875,952.9577026367188,26.534881591796875
5.9453125,952.9468383789062,26.529373168945312
5.9609375,952.9559326171875,26.534507751464844
5.9765625,952.9724731445312,26.530845642089844
5.9921875,952.9398193359375,26.535255432128906
6.0078125,952.9397583007812,26.538917541503906
6.0234375,952.9531860351562,26.535255432128906
6.0390625,952.9468383789062,26.535980224609375
6.0546875,952.9457397460938,26.52826690673828
6.0703125,952.9520874023438,26.535614013671875
6.0859375,952.952392578125,26.53009796142578
6.1015625,952.9505004882812,26.540390014648438
6.1171875,952.9552001953125,26.532676696777344
6.1328125,952.9692993164062,26.530845642089844
6.1484375,952.9733276367188,26.52753448486328
6.1640625,952.9503784179688,26.531204223632812
6.1796875,952.9632568359375,26.548484802246094
6.1953125,952.9434814453125,26.535980224609375
6.2109375,952.9552612304688,26.52423095703125
6.2265625,952.9595947265625,26.54332733154297
6.2421875,952.9518432617188,26.53966522216797
6.2578125,952.9610595703125,26.52385711669922
6.2734375,952.9498901367188,26.535614013671875
6.2890625,952.952392578125,26.538917541503906
6.3046875,952.959716796875,26.52385711669922
6.3203125,952.9439697265625,26.534507751464844
6.3359375,952.947998046875,26.538558959960938
6.3515625,952.9585571289062,26.534507751464844
6.3671875,952.9498291015625,26.532676696777344
6.3828125,952.9580078125,26.52568817138672
6.3984375,952.9584350585938,26.534881591796875
6.4140625,952.9767456054688,26.537460327148438
6.4296875,952.9453735351562,26.53009796142578
6.4453125,952.9493408203125,26.53966522216797
6.4609375,952.9526977539062,26.52458953857422
6.4765625,952.96435546875,26.530845642089844
6.4921875,952.9476318359375,26.53009796142578
6.5078125,952.9690551757812,26.52899932861328
6.5234375,953.1286010742188,26.52899932861328
6.5390625,953.2354736328125,26.52606201171875
6.5546875,953.440185546875,26.529373168945312
6.5703125,953.3186645507812,26.535980224609375
6.5859375,953.4285888671875,26.537818908691406
6.6015625,953.6868286132812,26.52458953857422
6.6171875,953.6168823242188,26.52606201171875
6.6328125,953.9258422851562,26.530471801757812
6.6484375,953.5547485351562,26.533782958984375
6.6640625,953.3853759765625,26.535614013671875
6.6796875,953.9686279296875,26.533782958984375
6.6953125,953.8973388671875,26.54443359375
6.7109375,953.55078125,26.535614013671875
6.7265625,953.4029541015625,26.53966522216797
6.7421875,953.4403076171875,26.5426025390625
6.7578125,953.685546875,26.54149627685547
6.7734375,953.5552368164062,26.530845642089844
6.7890625,953.8755493164062,26.535614013671875
6.8046875,953.6557006835938,26.53009796142578
6.8203125,953.9912109375,26.548484802246094
6.8359375,953.6490478515625,26.531944274902344
6.8515625,953.4085083007812,26.53966522216797
6.8671875,953.3823852539062,26.532676696777344
6.8828125,953.4288940429688,26.537818908691406
6.8984375,953.7740478515625,26.538192749023438
6.9140625,953.5530395507812,26.534507751464844
6.9296875,954.0394897460938,26.531204223632812
6.9453125,953.656982421875,26.54149627685547
6.9609375,953.3263549804688,26.535980224609375
6.9765625,953.6144409179688,26.532676696777344
6.9921875,953.6373291015625,26.528640747070312
7.0078125,953.3973999023438,26.534507751464844
7.0234375,953.591552734375,26.528640747070312
7.0390625,953.6035766601562,26.533782958984375
7.0546875,953.4816284179688,26.531570434570312
7.0703125,953.4126586914062,26.534507751464844
7.0859375,953.6124877929688,26.52568817138672
7.1015625,953.4544067382812,26.534149169921875
7.1171875,953.4034423828125,26.53009796142578
7.1328125,953.5158081054688,26.533409118652344
7.1484375,953.3692016601562,26.529373168945312
7.1640625,953.5958862304688,26.52606201171875
7.1796875,953.7125854492188,26.52789306640625
7.1953125,953.5838012695312,26.52532958984375
7.2109375,953.895263671875,26.538192749023438
7.2265625,953.62060546875,26.529739379882812
7.2421875,953.6478881835938,26.52568817138672
7.2578125,953.4652099609375,26.52568817138672
7.2734375,953.8189086914062,26.531570434570312
7.2890625,953.2118530273438,26.520179748535156
7.3046875,953.58349609375,26.517616271972656
7.3203125,953.2874755859375,26.529373168945312
7.3359375,953.6836547851562,26.52606201171875
7.3515625,953.5895385742188,26.52643585205078
7.3671875,953.1778564453125,26.52568817138672
7.3828125,953.309814453125,26.52202606201172
7.3984375,953.47021484375,26.521278381347656
7.4140625,953.7700805664062,26.529739379882812
7.4296875,953.6639404296875,26.52568817138672
7.4453125,953.2674560546875,26.529373168945312
7.4609375,953.5128173828125,26.518714904785156
7.4765625,953.6969604492188,26.52385711669922
7.4921875,953.6544189453125,26.52532958984375
7.5078125,953.6157836914062,26.52789306640625
7.5234375,953.6148071289062,26.52568817138672
7.5390625,953.5595703125,26.522750854492188
7.5546875,953.4075317382812,26.520919799804688
7.5703125,953.3781127929688,26.520179748535156
7.5859375,953.4581298828125,26.52826690673828
7.6015625,953.6965942382812,26.515037536621094
7.6171875,953.3536376953125,26.531944274902344
7.6328125,953.346923828125,26.52568817138672
7.6484375,953.4448852539062,26.530845642089844
7.6640625,953.3342895507812,26.523483276367188
7.6796875,953.3622436523438,26.53009796142578
7.6953125,953.6663818359375,26.520919799804688
7.7109375,953.4778442382812,26.52899932861328
7.7265625,953.45654296875,26.52458953857422
7.7421875,953.46875,26.534507751464844
7.7578125,953.6292114257812,26.530845642089844
7.7734375,953.6754760742188,26.535614013671875
7.7890625,953.7064819335938,26.52458953857422
7.8046875,953.4083862304688,26.535980224609375
7.8203125,953.5731811523438,26.532676696777344
7.8359375,953.9454956054688,26.537460327148438
7.8515625,953.8223876953125,26.53966522216797
7.8671875,953.6255493164062,26.5418701171875
7.8828125,953.7374877929688,26.54149627685547
7.8984375,953.6591186523438,26.54332733154297
7.9140625,954.1717529296875,26.54332733154297
7.9296875,953.932861328125,26.53966522216797
7.9453125,954.0651245117188,26.54517364501953
7.9609375,953.9605102539062,26.520919799804688
7.9765625,953.6685180664062,26.54332733154297
7.9921875,953.7555541992188,26.541122436523438
8.0078125,953.9517822265625,26.535614013671875
8.0234375,953.4435424804688,26.538917541503906
8.0390625,953.739501953125,26.53966522216797
8.0546875,953.7115478515625,26.551422119140625
8.0703125,954.0089721679688,26.54443359375
8.0859375,953.5997314453125,26.54590606689453
8.1015625,953.8119506835938,26.541122436523438
8.1171875,953.7887573242188,26.553253173828125
8.1328125,953.900390625,26.55730438232422
8.1484375,954.0477905273438,26.56134033203125
8.1640625,953.99560546875,26.55986785888672
8.1796875,953.3539428710938,26.56317138671875
8.1953125,953.6708374023438,26.557662963867188
8.2109375,953.6499633789062,26.555099487304688
8.2265625,953.9674682617188,26.565017700195312
8.2421875,953.8286743164062,26.566848754882812
8.2578125,953.8904418945312,26.570159912109375
8.2734375,954.0866088867188,26.573097229003906
8.2890625,953.9710083007812,26.574569702148438
8.3046875,954.0118408203125,26.572364807128906
8.3203125,954.0151977539062,26.576400756835938
8.3359375,953.5270385742188,26.589630126953125
8.3515625,953.5599975585938,26.58191680908203
8.3671875,953.3794555664062,26.577880859375
8.3828125,953.1442260742188,26.592208862304688
8.3984375,953.042236328125,26.589271545410156
8.4140625,953.044921875,26.588897705078125
8.4296875,953.0209350585938,26.587799072265625
8.4453125,953.0071411132812,26.587066650390625
8.4609375,953.0106201171875,26.590377807617188
8.4765625,953.003173828125,26.590736389160156
8.4921875,953.008544921875,26.59258270263672
8.5078125,953.00341796875,26.59552001953125
8.5234375,953.0037231445312,26.594039916992188
8.5390625,952.9945678710938,26.602127075195312
8.5546875,953.0043334960938,26.59882354736328
8.5703125,952.9967651367188,26.607269287109375
8.5859375,952.9983520507812,26.59441375732422
8.6015625,952.9939575195312,26.60065460205078
8.6171875,953.0042114257812,26.587066650390625
8.6328125,952.9718017578125,26.589630126953125
8.6484375,952.9839477539062,26.590736389160156
8.6640625,952.9840698242188,26.59735107421875
8.6796875,952.9942626953125,26.594039916992188
8.6953125,952.9826049804688,26.582290649414062
8.7109375,952.9850463867188,26.572738647460938
8.7265625,952.9774780273438,26.59588623046875
8.7421875,952.97265625,26.580078125
8.7578125,952.9716796875,26.581558227539062
8.7734375,952.9712524414062,26.5782470703125
8.7890625,952.98046875,26.591476440429688
8.8046875,952.982421875,26.583389282226562
8.8203125,952.9934692382812,26.581558227539062
8.8359375,952.9671020507812,26.582290649414062
8.8515625,952.970703125,26.581558227539062
8.8671875,952.9682006835938,26.582290649414062
8.8828125,952.9605102539062,26.585220336914062
8.8984375,952.9559936523438,26.577880859375
8.9140625,952.9517822265625,26.574569702148438
8.9296875,952.9692993164062,26.571990966796875
8.9453125,952.9462890625,26.5771484375
8.9609375,952.9690551757812,26.570892333984375
8.9765625,952.9803466796875,26.5797119140625
8.9921875,952.968017578125,26.564651489257812
9.0078125,952.9539794921875,26.570159912109375
9.0234375,952.9431762695312,26.566482543945312
9.0390625,952.957763671875,26.568687438964844
9.0546875,952.967529296875,26.570892333984375
9.0703125,952.9486694335938,26.554351806640625
9.0859375,952.9620361328125,26.570892333984375
9.1015625,952.9707641601562,26.56134033203125
9.1171875,952.9786987304688,26.56024169921875
9.1328125,952.95654296875,26.568687438964844
9.1484375,952.9658203125,26.565750122070312
9.1640625,952.9744262695312,26.563919067382812
9.1796875,952.953857421875,26.566482543945312
9.1953125,952.9625854492188,26.574569702148438
9.2109375,952.9633178710938,26.567955017089844
9.2265625,952.954345703125,26.55730438232422
9.2421875,952.958740234375,26.554351806640625
9.2578125,952.9487915039062,26.557662963867188
9.2734375,952.9718017578125,26.549583435058594
9.2890625,952.9572143554688,26.56317138671875
9.3046875,952.9669799804688,26.56134033203125
9.3203125,952.9500732421875,26.552520751953125
9.3359375,952.9461669921875,26.556556701660156
9.3515625,952.962158203125,26.554351806640625
9.3671875,952.9487915039062,26.557662963867188
9.3828125,952.9532470703125,26.539291381835938
9.3984375,952.96826171875,26.554351806640625
9.4140625,952.9595947265625,26.55840301513672
9.4296875,952.9575805664062,26.567581176757812
9.4453125,952.962646484375,26.56024169921875
9.4609375,952.9552612304688,26.550315856933594
9.4765625,952.9609375,26.55730438232422
9.4921875,952.9616088867188,26.554351806640625
9.5078125,952.9542236328125,26.553619384765625
9.5234375,952.971435546875,26.550689697265625
9.5390625,952.9609375,26.56060791015625
9.5546875,952.966796875,26.565017700195312
9.5703125,952.947998046875,26.558029174804688
9.5859375,952.9551391601562,26.552520751953125
9.6015625,953.177490234375,26.55840301513672
9.6171875,953.1452026367188,26.54517364501953
9.6328125,953.4588012695312,26.554351806640625
9.6484375,953.3611450195312,26.55730438232422
9.6640625,953.399658203125,26.56024169921875
9.6796875,953.4651489257812,26.553253173828125
9.6953125,953.6710815429688,26.56537628173828
9.7109375,953.5653686523438,26.555831909179688
9.7265625,953.593017578125,26.551422119140625
9.7421875,953.7868041992188,26.563919067382812
9.7578125,953.4953002929688,26.54517364501953
9.7734375,953.4390258789062,26.549583435058594
9.7890625,953.5650024414062,26.56134033203125
9.8046875,953.4682006835938,26.555099487304688
9.8203125,953.86474609375,26.553993225097656
9.8359375,953.822265625,26.564651489257812
9.8515625,953.4356079101562,26.557662963867188
9.8671875,953.9910888671875,26.588897705078125
9.8828125,953.5497436523438,26.592208862304688
9.8984375,953.7174072265625,26.592208862304688
9.9140625,953.54833984375,26.59514617919922
9.9296875,953.7092895507812,26.605438232421875
9.9453125,953.8321533203125,26.59514617919922
9.9609375,953.6370239257812,26.594039916992188
9.9765625,953.5150756835938,26.59514617919922
9.9921875,953.5820922851562,26.610580444335938
10.0078125,953.9945068359375,26.606170654296875
10.0234375,953.8203125,26.592941284179688
10.0390625,953.9330444335938,26.590736389160156
10.0546875,953.626953125,26.590736389160156
10.0703125,953.6198120117188,26.600296020507812
10.0859375,953.6799926757812,26.603607177734375
10.1015625,954.0809936523438,26.611679077148438
10.1171875,953.7228393554688,26.603607177734375
10.1328125,953.9000854492188,26.609115600585938
10.1484375,953.6270141601562,26.620872497558594
10.1640625,953.9113159179688,26.61573028564453
10.1796875,953.7550048828125,26.620872497558594
10.1953125,954.0475463867188,26.620872497558594
10.2109375,953.6371459960938,26.635208129882812
10.2265625,953.8721923828125,26.625656127929688
10.2421875,953.5061645507812,26.620872497558594
10.2578125,953.5511474609375,26.626014709472656
10.2734375,953.7201538085938,26.639984130859375
10.2890625,953.6587524414062,26.63006591796875
10.3046875,953.9468383789062,26.636680603027344
10.3203125,953.75341796875,26.64659881591797
10.3359375,953.6994018554688,26.64733123779297
10.3515625,953.4838256835938,26.6484375
10.3671875,953.55029296875,26.64916229248047
10.3828125,953.7564697265625,26.652847290039062
10.3984375,954.04296875,26.646224975585938
10.4140625,953.4370727539062,26.65357208251953
10.4296875,953.9659423828125,26.6488037109375
10.4453125,953.6834716796875,26.65174102783203
10.4609375,954.02490234375,26.64916229248047
10.4765625,953.5797729492188,26.65100860595703
10.4921875,953.6766357421875,26.66900634765625
10.5078125,953.8109741210938,26.66754913330078
10.5234375,953.5689697265625,26.662391662597656
10.5390625,953.5809936523438,26.66827392578125
10.5546875,953.4835815429688,26.66570281982422
10.5703125,953.4713745117188,26.674896240234375
10.5859375,954.0360717773438,26.673416137695312
10.6015625,954.2235717773438,26.68775177001953
10.6171875,953.9376831054688,26.673416137695312
10.6328125,953.7201538085938,26.680404663085938
10.6484375,953.3139038085938,26.681503295898438
10.6640625,953.2261352539062,26.6837158203125
10.6796875,953.0416870117188,26.68077850341797
10.6953125,953.0462036132812,26.68444061279297
10.7109375,953.0262451171875,26.691055297851562
10.7265625,953.0286254882812,26.694366455078125
10.7421875,953.0285034179688,26.692535400390625
10.7578125,953.0186767578125,26.70539093017578
10.7734375,953.0234985351562,26.697311401367188
10.7890625,953.0191040039062,26.70062255859375
10.8046875,953.0140991210938,26.693260192871094
10.8203125,953.00146484375,26.694366455078125
10.8359375,953.0134887695312,26.713478088378906
10.8515625,953.0039672851562,26.709442138671875
10.8671875,953.0179443359375,26.70392608642578
10.8828125,953.0048828125,26.70062255859375
10.8984375,952.9992065429688,26.70062255859375
10.9140625,952.9830322265625,26.712005615234375
10.9296875,952.9961547851562,26.70465850830078
10.9453125,952.9954223632812,26.68701934814453
10.9609375,952.9810791015625,26.691055297851562
10.9765625,952.9772338867188,26.70062255859375
10.9921875,952.9830322265625,26.697669982910156
11.0078125,952.994140625,26.70245361328125
11.0234375,952.9826049804688,26.709442138671875
11.0390625,952.9892578125,26.690322875976562
11.0546875,952.9891967773438,26.68701934814453
11.0703125,952.976318359375,26.695838928222656
11.0859375,953.0017700195312,26.691055297851562
11.1015625,952.9790649414062,26.68701934814453
11.1171875,952.9775390625,26.687393188476562
11.1328125,952.979248046875,26.68701934814453
11.1484375,952.9786376953125,26.681503295898438
11.1640625,952.9822998046875,26.676368713378906
11.1796875,952.98779296875,26.68077850341797
11.1953125,952.9708862304688,26.67011260986328
11.2109375,952.9644165039062,26.68077850341797
11.2265625,952.9744873046875,26.66534423828125
11.2421875,952.980224609375,26.66790771484375
11.2578125,952.974365234375,26.660934448242188
11.2734375,952.9635620117188,26.653213500976562
11.2890625,952.9514770507812,26.66790771484375
11.3046875,952.9654541015625,26.661666870117188
11.3203125,952.9606323242188,26.659828186035156
11.3359375,952.9591674804688,26.655044555664062
11.3515625,952.969482421875,26.66900634765625
11.3671875,952.958984375,26.66827392578125
11.3828125,952.9642944335938,26.66754913330078
11.3984375,952.978515625,26.66754913330078
11.4140625,952.9606323242188,26.655044555664062
11.4296875,952.94677734375,26.656150817871094
11.4453125,952.9577026367188,26.655418395996094
11.4609375,952.9618530273438,26.66534423828125
11.4765625,952.9598388671875,26.652114868164062
11.4921875,952.962646484375,26.652114868164062
11.5078125,952.975830078125,26.64550018310547
11.5234375,952.9679565429688,26.64550018310547
11.5390625,952.9619140625,26.66570281982422
11.5546875,952.9598388671875,26.653945922851562
11.5703125,952.964111328125,26.638511657714844
11.5859375,952.9625854492188,26.661293029785156
11.6015625,952.9445190429688,26.6502685546875
11.6171875,952.95654296875,26.644393920898438
11.6328125,952.9618530273438,26.64733123779297
11.6484375,952.9561767578125,26.645126342773438
11.6640625,952.9619140625,26.660560607910156
11.6796875,952.9521484375,26.655418395996094
11.6953125,952.9564819335938,26.64550018310547
11.7109375,952.9751586914062,26.642189025878906
11.7265625,952.9444580078125,26.643653869628906
11.7421875,952.9546508789062,26.64550018310547
11.7578125,952.9542236328125,26.639984130859375
11.7734375,952.9631958007812,26.63006591796875
11.7890625,952.9586791992188,26.64733123779297
11.8046875,952.9298706054688,26.64659881591797
11.8203125,952.940673828125,26.643653869628906
11.8359375,952.9546508789062,26.638885498046875
11.8515625,952.9625854492188,26.638137817382812
11.8671875,952.9583129882812,26.641815185546875
11.8828125,952.9765625,26.63593292236328
11.8984375,952.9598999023438,26.63372802734375
11.9140625,952.9495239257812,26.64733123779297
11.9296875,952.9496459960938,26.638137817382812
11.9453125,952.9546508789062,26.627487182617188
11.9609375,952.9375,26.63189697265625
11.9765625,953.0186767578125,26.628219604492188
11.9921875,953.1150512695312,26.63189697265625
12.0078125,953.1399536132812,26.63189697265625
12.0234375,953.2702026367188,26.63189697265625
12.0390625,953.2869262695312,26.63262939453125
12.0546875,953.4991455078125,26.63189697265625
12.0703125,953.3485107421875,26.620872497558594
12.0859375,953.52490234375,26.635208129882812
12.1015625,953.5263061523438,26.642547607421875
12.1171875,953.562255859375,26.63189697265625
12.1328125,953.7427978515625,26.63006591796875
12.1484375,953.8292846679688,26.63079833984375
12.1640625,954.0425415039062,26.63006591796875
12.1796875,954.2921142578125,26.641815185546875
12.1953125,954.1248168945312,26.63189697265625
12.2109375,954.1727905273438,26.63189697265625
12.2265625,953.9124145507812,26.64550018310547
12.2421875,954.1376953125,26.641815185546875
12.2578125,954.2681274414062,26.64733123779297
12.2734375,953.988037109375,26.65357208251953
12.2890625,954.0841064453125,26.6484375
12.3046875,954.1762084960938,26.65100860595703
12.3203125,954.6040649414062,26.64990997314453
12.3359375,954.0205078125,26.65100860595703
12.3515625,954.0499267578125,26.66534423828125
12.3671875,953.75390625,26.66497039794922
12.3828125,954.237548828125,26.671585083007812
12.3984375,953.8237915039062,26.664596557617188
12.4140625,954.2405395507812,26.671958923339844
12.4296875,954.0149536132812,26.681137084960938
12.4453125,954.1555786132812,26.690696716308594
12.4609375,954.0394897460938,26.681137084960938
12.4765625,953.7626342773438,26.673416137695312
12.4921875,953.7241821289062,26.68077850341797
12.5078125,954.1060180664062,26.696945190429688
12.5234375,953.8262939453125,26.692535400390625
12.5390625,954.3173217773438,26.712005615234375
12.5546875,954.2960815429688,26.709442138671875
12.5703125,954.2467651367188,26.70062255859375
12.5859375,953.921630859375,26.70465850830078
12.6015625,954.0958251953125,26.70318603515625
12.6171875,954.0879516601562,26.72412872314453
12.6328125,953.9800415039062,26.7193603515625
12.6484375,954.1312866210938,26.72156524658203
12.6640625,954.2581176757812,26.72229766845703
12.6796875,954.0796508789062,26.728912353515625
12.6953125,953.823486328125,26.730743408203125
12.7109375,954.0465698242188,26.747650146484375
12.7265625,954.1049194335938,26.743972778320312
12.7421875,954.20068359375,26.74066925048828
12.7578125,953.8126831054688,26.740310668945312
12.7734375,954.3357543945312,26.750587463378906
12.7890625,954.02880859375,26.748382568359375
12.8046875,954.1646728515625,26.764564514160156
12.8203125,954.5776977539062,26.761611938476562
12.8359375,954.6668701171875,26.760154724121094
12.8515625,954.4476318359375,26.77191162109375
12.8671875,954.3604736328125,26.781829833984375
12.8828125,954.13818359375,26.77374267578125
12.8984375,954.1307373046875,26.767501831054688
12.9140625,954.2346801757812,26.781097412109375
12.9296875,954.2210083007812,26.77484130859375
12.9453125,954.3577880859375,26.793228149414062
12.9609375,954.1022338867188,26.788070678710938
12.9765625,954.2927856445312,26.79358673095703
12.9921875,954.4557495117188,26.797996520996094
13.0078125,954.1254272460938,26.801673889160156
13.0234375,954.0714721679688,26.79212188720703
13.0390625,954.3707885742188,26.818206787109375
13.0546875,954.4241333007812,26.80791473388672
13.0703125,954.3438110351562,26.820045471191406
13.0859375,954.0947265625,26.835479736328125
13.1015625,953.7122192382812,26.836219787597656
13.1171875,954.1435546875,26.835479736328125
13.1328125,953.9158935546875,26.834373474121094
13.1484375,953.8560791015625,26.84394073486328
13.1640625,953.8582763671875,26.830337524414062
13.1796875,953.9942626953125,26.847976684570312
13.1953125,953.8742065429688,26.853858947753906
13.2109375,954.4295043945312,26.854217529296875
13.2265625,953.8473510742188,26.849449157714844
13.2421875,954.0337524414062,26.846878051757812
13.2578125,953.9684448242188,26.8604736328125
13.2734375,953.8402099609375,26.86083221435547
13.2890625,953.9763793945312,26.85900115966797
13.3046875,953.8196411132812,26.850914001464844
13.3203125,954.2548217773438,26.88031768798828
13.3359375,954.3873291015625,26.87957763671875
13.3515625,954.1896362304688,26.888397216796875
13.3671875,954.4508666992188,26.8983154296875
13.3828125,954.3341674804688,26.891700744628906
13.3984375,954.221923828125,26.89501190185547
13.4140625,954.346923828125,26.8953857421875
13.4296875,954.2305908203125,26.892074584960938
13.4453125,954.178955078125,26.893905639648438
13.4609375,954.534423828125,26.900161743164062
13.4765625,954.0787963867188,26.917434692382812
13.4921875,954.1790161132812,26.925880432128906
13.5078125,953.9607543945312,26.919265747070312
13.5234375,954.8359375,26.916702270507812
13.5390625,954.2154541015625,26.9324951171875
13.5546875,954.4403076171875,26.9317626953125
13.5703125,954.3130493164062,26.93396759033203
13.5859375,954.4630737304688,26.9324951171875
13.6015625,954.1829223632812,26.946823120117188
13.6171875,954.3646850585938,26.944259643554688
13.6328125,954.587158203125,26.951980590820312
13.6484375,954.6183471679688,26.953079223632812
13.6640625,954.8631591796875,26.962257385253906
13.6796875,955.00146484375,26.96410369873047
13.6953125,954.1150512695312,26.975860595703125
13.7109375,954.0427856445312,26.972549438476562
13.7265625,954.4185791015625,26.978439331054688
13.7421875,954.2514038085938,26.993873596191406
13.7578125,954.2350463867188,26.982101440429688
13.7734375,954.2428588867188,26.995330810546875
13.7890625,954.4376220703125,27.00011444091797
13.8046875,954.3472290039062,26.997177124023438
13.8203125,954.271240234375,27.009307861328125
13.8359375,954.5309448242188,27.014450073242188
13.8515625,954.3296508789062,27.009666442871094
13.8671875,954.4313354492188,27.014450073242188
13.8828125,954.092529296875,27.0357666015625
13.8984375,954.152099609375,27.03612518310547
13.9140625,954.4601440429688,27.047889709472656
13.9296875,954.2379760742188,27.03797149658203
13.9453125,954.3540649414062,27.040176391601562
13.9609375,954.1625366210938,27.049728393554688
13.9765625,953.6312866210938,27.05927276611328
13.9921875,954.3717041015625,27.061477661132812
14.0078125,954.4005126953125,27.073974609375
14.0234375,953.8314819335938,27.09124755859375
14.0390625,953.4401245117188,27.079864501953125
14.0546875,953.1748046875,27.100433349609375
14.0703125,953.1224975585938,27.10668182373047
14.0859375,953.0818481445312,27.10411834716797
14.1015625,953.0541381835938,27.119911193847656
14.1171875,953.0491333007812,27.12762451171875
14.1328125,953.0283203125,27.130935668945312
14.1484375,953.0256958007812,27.14049530029297
14.1640625,953.0266723632812,27.14122772216797
14.1796875,953.0315551757812,27.146011352539062
14.1953125,953.024169921875,27.140121459960938
14.2109375,953.024169921875,27.14490509033203
14.2265625,953.0247192382812,27.152626037597656
14.2421875,953.0278930664062,27.145263671875
14.2578125,953.0133666992188,27.142333984375
14.2734375,953.0112915039062,27.140121459960938
14.2890625,953.0020751953125,27.1427001953125
14.3046875,953.0244140625,27.146743774414062
14.3203125,953.0140991210938,27.12982940673828
14.3359375,953.0089111328125,27.133514404296875
14.3515625,953.0103759765625,27.133880615234375
14.3671875,952.9990234375,27.119911193847656
14.3828125,953.0025024414062,27.116600036621094
14.3984375,952.99560546875,27.12689208984375
14.4140625,953.005615234375,27.11035919189453
14.4296875,952.99560546875,27.112564086914062
14.4453125,953.00537109375,27.10411834716797
14.4609375,953.00927734375,27.100433349609375
14.4765625,953,27.10411834716797
14.4921875,953.0008544921875,27.101539611816406
14.5078125,953.001220703125,27.08647918701172
14.5234375,953.0015258789062,27.094924926757812
14.5390625,952.9934692382812,27.081321716308594
14.5546875,952.9921875,27.080963134765625
14.5703125,952.9998168945312,27.081321716308594
14.5859375,952.9718627929688,27.081695556640625
14.6015625,952.9891357421875,27.078384399414062
14.6171875,952.994140625,27.062957763671875
14.6328125,952.9788818359375,27.05596923828125
14.6484375,952.9782104492188,27.061477661132812
14.6640625,952.9954223632812,27.05633544921875
14.6796875,952.98193359375,27.03980255126953
14.6953125,952.9789428710938,27.044586181640625
14.7109375,952.9682006835938,27.05303192138672
14.7265625,952.9677124023438,27.047889709472656
14.7421875,952.9910888671875,27.040176391601562
14.7578125,952.9802856445312,27.03980255126953
14.7734375,952.9819946289062,27.035018920898438
14.7890625,952.987548828125,27.044586181640625
14.8046875,952.97412109375,27.033920288085938
14.8203125,952.9790649414062,27.0386962890625
14.8359375,952.967529296875,27.02178955078125
14.8515625,952.9610595703125,27.026199340820312
14.8671875,952.9728393554688,27.025840759277344
14.8828125,952.9752197265625,27.023269653320312
14.8984375,952.9684448242188,27.02105712890625
14.9140625,952.9711303710938,27.011871337890625
14.9296875,952.9744262695312,27.0030517578125
14.9453125,952.964599609375,27.007102966308594
14.9609375,952.9691772460938,26.998641967773438
14.9765625,952.9629516601562,27.00194549560547
14.9921875,952.9735107421875,26.98394775390625
15.0078125,952.9710693359375,26.98358154296875
15.0234375,952.9853515625,26.975486755371094
15.0390625,952.9624633789062,26.98358154296875
15.0546875,952.9775390625,26.979896545410156
15.0703125,952.961669921875,26.98394775390625
15.0859375,952.9710693359375,26.979896545410156
15.1015625,952.953857421875,26.954910278320312
15.1171875,952.977783203125,26.961158752441406
15.1328125,952.955078125,26.96741485595703
15.1484375,952.9664916992188,26.951980590820312
15.1640625,952.958984375,26.944992065429688
15.1796875,952.9689331054688,26.95013427734375
15.1953125,952.9689331054688,26.944992065429688
15.2109375,952.97021484375,26.944992065429688
15.2265625,952.9647216796875,26.940582275390625
15.2421875,952.968505859375,26.93396759033203
15.2578125,952.952392578125,26.939483642578125
15.2734375,952.9552612304688,26.940582275390625
15.2890625,952.9530029296875,26.94792938232422
15.3046875,952.9692993164062,26.94646453857422
15.3203125,952.99609375,26.942413330078125
15.3359375,953.0469970703125,26.94977569580078
15.3515625,953.0746459960938,26.94902801513672
15.3671875,953.2861328125,26.942413330078125
15.3828125,953.3560180664062,26.93396759033203
15.3984375,953.2356567382812,26.940582275390625
15.4140625,953.1652221679688,26.940582275390625
15.4296875,953.3611450195312,26.938751220703125
15.4453125,953.4613647460938,26.934341430664062
15.4609375,953.0695190429688,26.922943115234375
15.4765625,953.1610717773438,26.91302490234375
15.4921875,953.1696166992188,26.920364379882812
15.5078125,953.2701416015625,26.9306640625
15.5234375,953.1737060546875,26.917800903320312
15.5390625,953.3565673828125,26.934341430664062
15.5546875,953.0755004882812,26.921470642089844
15.5703125,953.155517578125,26.924774169921875
15.5859375,953.0985107421875,26.925880432128906
15.6015625,953.0921020507812,26.910446166992188
15.6171875,953.5918579101562,26.902366638183594
15.6328125,953.6017456054688,26.902725219726562
15.6484375,953.6693725585938,26.904571533203125
15.6640625,953.4764404296875,26.918533325195312
15.6796875,953.5765380859375,26.8983154296875
15.6953125,953.5039672851562,26.910446166992188
15.7109375,953.3145751953125,26.907882690429688
15.7265625,953.5198364257812,26.892074584960938
15.7421875,953.529052734375,26.8983154296875
15.7578125,953.4376831054688,26.887290954589844
15.7734375,953.6181640625,26.886566162109375
15.7890625,953.3355102539062,26.883628845214844
15.8046875,953.2611694335938,26.874435424804688
15.8203125,953.4400634765625,26.887290954589844
15.8359375,953.216064453125,26.87884521484375
15.8515625,953.4088745117188,26.884353637695312
15.8671875,953.3173828125,26.86157989501953
15.8828125,952.9439697265625,26.868194580078125
15.8984375,953.1813354492188,26.8612060546875
15.9140625,953.0874633789062,26.854965209960938
15.9296875,952.9075317382812,26.86157989501953
15.9453125,953.0050048828125,26.865615844726562
15.9609375,953.0011596679688,26.846878051757812
15.9765625,953.0860595703125,26.849449157714844
15.9921875,953.104736328125,26.849449157714844
16.0078125,953.1603393554688,26.84394073486328
16.0234375,953.0755004882812,26.84283447265625
16.0390625,953.2618408203125,26.84283447265625
16.0546875,953.2152709960938,26.86157989501953
16.0703125,953.3145141601562,26.849075317382812
16.0859375,953.0103149414062,26.846878051757812
16.1015625,953.2467651367188,26.84283447265625
16.1171875,953.3096923828125,26.846878051757812
16.1328125,953.2760620117188,26.84283447265625
16.1484375,952.9971923828125,26.855697631835938
16.1640625,953.0831909179688,26.846878051757812
16.1796875,953.1976928710938,26.84394073486328
16.1953125,953.0419921875,26.84394073486328
16.2109375,953.3873901367188,26.840255737304688
16.2265625,953.1976318359375,26.84356689453125
16.2421875,953.139404296875,26.832168579101562
16.2578125,953.2774658203125,26.817481994628906
16.2734375,953.086669921875,26.830711364746094
16.2890625,953.3059692382812,26.834373474121094
16.3046875,953.3250732421875,26.82630157470703
16.3203125,953.171875,26.833648681640625
16.3359375,953.3422241210938,26.834373474121094
16.3515625,953.3333129882812,26.850914001464844
16.3671875,953.2005004882812,26.84394073486328
16.3828125,953.0061645507812,26.833648681640625
16.3984375,953.1749877929688,26.82630157470703
16.4140625,953.1096801757812,26.82813262939453
16.4296875,953.1356201171875,26.8240966796875
16.4453125,953.1817016601562,26.828506469726562
16.4609375,953.1683959960938,26.833648681640625
16.4765625,953.1187133789062,26.82813262939453
16.4921875,953.2108154296875,26.819686889648438
16.5078125,953.4633178710938,26.82630157470703
16.5234375,953.3206176757812,26.833648681640625
16.5390625,953.2239379882812,26.819686889648438
16.5546875,953.2404174804688,26.829605102539062
16.5703125,953.1255493164062,26.834014892578125
16.5859375,953.2365112304688,26.822250366210938
16.6015625,953.2645874023438,26.834373474121094
16.6171875,953.145751953125,26.836219787597656
16.6328125,953.3329467773438,26.835479736328125
16.6484375,953.05078125,26.836219787597656
16.6640625,953.1506958007812,26.829605102539062
16.6796875,953.1075439453125,26.832168579101562
16.6953125,953.579833984375,26.84503936767578
16.7109375,953.2154541015625,26.835479736328125
16.7265625,953.2330322265625,26.832168579101562
16.7421875,953.2739868164062,26.836219787597656
16.7578125,953.37060546875,26.836219787597656
16.7734375,953.8377685546875,26.833648681640625
16.7890625,953.2412109375,26.838783264160156
16.8046875,952.9847412109375,26.831069946289062
16.8203125,953.1370239257812,26.840988159179688
16.8359375,952.9610595703125,26.83953094482422
16.8515625,953.1713256835938,26.840988159179688
16.8671875,953.28076171875,26.836578369140625
16.8828125,952.8734130859375,26.83953094482422
16.8984375,953.2609252929688,26.84062957763672
16.9140625,953.1636352539062,26.84503936767578
16.9296875,953.0326538085938,26.82996368408203
16.9453125,953.190673828125,26.832916259765625
16.9609375,953.4574584960938,26.832916259765625
16.9765625,953.3068237304688,26.834373474121094
16.9921875,953.4349975585938,26.849807739257812
17.0078125,953.2745361328125,26.84429931640625
17.0234375,953.4503173828125,26.84319305419922
17.0390625,953.4113159179688,26.849449157714844
17.0546875,953.2667236328125,26.838783264160156
17.0703125,953.1030883789062,26.836219787597656
17.0859375,953.2743530273438,26.831809997558594
17.1015625,952.9924926757812,26.838783264160156
17.1171875,952.9267578125,26.849075317382812
17.1328125,953.2391967773438,26.846878051757812
17.1484375,952.8690185546875,26.850914001464844
17.1640625,953.0744018554688,26.854217529296875
17.1796875,952.9827270507812,26.847244262695312
17.1953125,953.1744995117188,26.83953094482422
17.2109375,953.2268676757812,26.846878051757812
17.2265625,953.1846923828125,26.849807739257812
17.2421875,953.1024169921875,26.836219787597656
17.2578125,953.0645751953125,26.849807739257812
17.2734375,953.0289916992188,26.8612060546875
17.2890625,953.01513671875,26.847976684570312
17.3046875,953.0352783203125,26.850555419921875
17.3203125,953.0218505859375,26.849075317382812
17.3359375,953.019287109375,26.847976684570312
17.3515625,953.0221557617188,26.86157989501953
17.3671875,953.0181884765625,26.846878051757812
17.3828125,953.021484375,26.847244262695312
17.3984375,953.0047607421875,26.856796264648438
17.4140625,953.0015258789062,26.868553161621094
17.4296875,952.9991455078125,26.85900115966797
17.4453125,953.0106811523438,26.840255737304688
17.4609375,953.018310546875,26.837684631347656
17.4765625,953.0092163085938,26.848350524902344
17.4921875,953.0120239257812,26.846878051757812
17.5078125,953.014892578125,26.84503936767578
17.5234375,952.9967041015625,26.84062957763672
17.5390625,952.9969482421875,26.839889526367188
17.5546875,953.0064086914062,26.836219787597656
17.5703125,952.9808959960938,26.84283447265625
17.5859375,952.9989624023438,26.84503936767578
17.6015625,952.9901123046875,26.84394073486328
17.6171875,952.9984130859375,26.836219787597656
17.6328125,953.003662109375,26.830337524414062
17.6484375,952.9887084960938,26.836952209472656
17.6640625,952.97802734375,26.836219787597656
17.6796875,952.9910888671875,26.836219787597656
17.6953125,952.9892578125,26.831809997558594
17.7109375,952.9805297851562,26.840255737304688
17.7265625,952.9896850585938,26.833648681640625
17.7421875,952.9788818359375,26.832542419433594
17.7578125,952.9865112304688,26.836219787597656
17.7734375,952.9767456054688,26.84503936767578
17.7890625,952.9889526367188,26.835479736328125
17.8046875,952.9766845703125,26.837326049804688
17.8203125,952.9876098632812,26.836952209472656
17.8359375,952.9755859375,26.828506469726562
17.8515625,952.9933471679688,26.840255737304688
17.8671875,952.9933471679688,26.834373474121094
17.8828125,952.9771728515625,26.834373474121094
17.8984375,952.983154296875,26.835479736328125
17.9140625,952.9821166992188,26.833274841308594
17.9296875,952.9991455078125,26.836219787597656
17.9453125,952.9618530273438,26.82996368408203
17.9609375,952.9774169921875,26.833648681640625
17.9765625,952.9752807617188,26.833648681640625
17.9921875,952.9764404296875,26.8248291015625
18.0078125,952.9713745117188,26.82886505126953
18.0234375,952.969970703125,26.82555389404297
18.0390625,952.9744873046875,26.82666015625
18.0546875,952.981201171875,26.829605102539062
18.0703125,952.9671630859375,26.82996368408203
18.0859375,952.9689331054688,26.821517944335938
18.1015625,952.9752197265625,26.819686889648438
18.1171875,952.9679565429688,26.811599731445312
18.1328125,952.9755249023438,26.82813262939453
18.1484375,952.9813842773438,26.820045471191406
18.1640625,952.9716186523438,26.811599731445312
18.1796875,952.9677124023438,26.814529418945312
18.1953125,952.9685668945312,26.80866241455078
18.2109375,952.9644165039062,26.81049346923828
18.2265625,952.9783325195312,26.821144104003906
18.2421875,952.9692993164062,26.821144104003906
18.2578125,952.9483642578125,26.812698364257812
18.2734375,952.9654541015625,26.810867309570312
18.2890625,952.967529296875,26.814903259277344
18.3046875,952.9656982421875,26.816734313964844
18.3203125,952.9676513671875,26.810867309570312
18.3359375,952.9652709960938,26.81049346923828
18.3515625,952.962890625,26.80425262451172
18.3671875,952.9545288085938,26.81232452392578
18.3828125,952.9641723632812,26.80608367919922
18.3984375,952.9802856445312,26.800201416015625
18.4140625,952.9576416015625,26.80718994140625
18.4296875,952.9607543945312,26.812698364257812
18.4453125,952.9600830078125,26.798736572265625
18.4609375,952.9526977539062,26.80791473388672
18.4765625,952.9590454101562,26.812698364257812
18.4921875,952.9732055664062,26.799468994140625
18.5078125,952.9498291015625,26.800201416015625
18.5234375,952.9492797851562,26.80718994140625
18.5390625,952.9469604492188,26.811599731445312
18.5546875,952.969482421875,26.80535125732422
18.5703125,952.9653930664062,26.80866241455078
18.5859375,953.0517578125,26.82189178466797
18.6015625,952.999267578125,26.81049346923828
18.6171875,953.210205078125,26.814903259277344
18.6328125,953.3809814453125,26.80791473388672
18.6484375,953.280517578125,26.79468536376953
18.6640625,953.5743408203125,26.82299041748047
18.6796875,953.6793823242188,26.80608367919922
18.6953125,953.5199584960938,26.812698364257812
18.7109375,953.3741455078125,26.80902099609375
18.7265625,953.2781982421875,26.818580627441406
18.7421875,953.2056884765625,26.80608367919922
18.7578125,953.2182006835938,26.800941467285156
18.7734375,953.2899780273438,26.80535125732422
18.7890625,953.2473754882812,26.799468994140625
18.8046875,953.48828125,26.80608367919922
18.8203125,953.1625366210938,26.80608367919922
18.8359375,953.4948120117188,26.801300048828125
18.8515625,953.454345703125,26.80425262451172
18.8671875,953.3088989257812,26.800941467285156
18.8828125,953.4990234375,26.795791625976562
18.8984375,953.2835083007812,26.784767150878906
18.9140625,953.440673828125,26.795791625976562
18.9296875,953.5701904296875,26.780357360839844
18.9453125,953.3357543945312,26.803146362304688
18.9609375,953.4102783203125,26.788818359375
18.9765625,953.3909912109375,26.777793884277344
18.9921875,953.0845336914062,26.785865783691406
19.0078125,953.0410766601562,26.793960571289062
19.0234375,953.038330078125,26.777793884277344
19.0390625,952.9518432617188,26.781829833984375
19.0546875,952.9989013671875,26.77410888671875
19.0703125,953.0428466796875,26.776687622070312
19.0859375,953.048583984375,26.779624938964844
19.1015625,953.012939453125,26.76897430419922
19.1171875,952.9520874023438,26.77338409423828
19.1328125,952.8694458007812,26.778152465820312
19.1484375,953.085205078125,26.77374267578125
19.1640625,952.9616088867188,26.781097412109375
19.1796875,953.0633544921875,26.77374267578125
19.1953125,953.0512084960938,26.769332885742188
19.2109375,952.9814453125,26.781097412109375
19.2265625,952.9981689453125,26.786972045898438
19.2421875,952.9395751953125,26.782928466796875
19.2578125,953.0174560546875,26.77374267578125
19.2734375,953.0225830078125,26.782928466796875
19.2890625,952.9881591796875,26.767127990722656
19.3046875,953.0009155273438,26.794326782226562
19.3203125,953.0198364257812,26.780357360839844
19.3359375,952.9634399414062,26.784034729003906
19.3515625,953.0199584960938,26.781455993652344
19.3671875,953.0603637695312,26.781455993652344
19.3828125,953.0208129882812,26.779624938964844
19.3984375,953.0530395507812,26.779998779296875
19.4140625,953.1199951171875,26.77374267578125
19.4296875,953.0584106445312,26.776687622070312
19.4453125,953.0252075195312,26.788818359375
19.4609375,952.9750366210938,26.782928466796875
19.4765625,952.9750366210938,26.780357360839844
19.4921875,953.028564453125,26.78955078125
19.5078125,952.9966430664062,26.777793884277344
19.5234375,952.976318359375,26.780357360839844
19.5390625,953.0178833007812,26.788818359375
19.5546875,952.9308471679688,26.798736572265625
19.5703125,953.021484375,26.783302307128906
19.5859375,953.0879516601562,26.77704620361328
19.6015625,953.0910034179688,26.784767150878906
19.6171875,953.1275634765625,26.785865783691406
19.6328125,953.0380249023438,26.788818359375
19.6484375,952.949951171875,26.79285430908203
19.6640625,953.0244140625,26.797637939453125
19.6796875,953.0881958007812,26.799468994140625
19.6953125,952.9474487304688,26.80976104736328
19.7109375,953.0757446289062,26.80718994140625
19.7265625,953.1005859375,26.802406311035156
19.7421875,953.1509399414062,26.80902099609375
19.7578125,953.1622924804688,26.79027557373047
19.7734375,953.1161499023438,26.799468994140625
19.7890625,953.1219482421875,26.795059204101562
19.8046875,953.17529296875,26.80608367919922
19.8203125,953.1213989257812,26.795791625976562
19.8359375,953.0994262695312,26.803504943847656
19.8515625,953.1666259765625,26.804977416992188
19.8671875,953.1284790039062,26.799468994140625
19.8828125,953.0472412109375,26.82299041748047
19.8984375,953.0555419921875,26.800941467285156
19.9140625,953.1489868164062,26.811965942382812
19.9296875,953.0765991210938,26.795791625976562
19.9453125,953.0138549804688,26.812698364257812
19.9609375,953.1549072265625,26.796531677246094
19.9765625,953.091796875,26.80791473388672
19.9921875,953.0397338867188,26.815635681152344
20.0078125,953.0458984375,26.813430786132812
20.0234375,953.0569458007812,26.813430786132812
20.0390625,953.0198974609375,26.816734313964844
20.0546875,953.0137329101562,26.82299041748047
20.0703125,953.0944213867188,26.810867309570312
20.0859375,953.4917602539062,26.82372283935547
20.1015625,953.4004516601562,26.819686889648438
20.1171875,953.57568359375,26.820045471191406
20.1328125,953.3068237304688,26.833648681640625
20.1484375,953.100830078125,26.811599731445312
20.1640625,953.080078125,26.813430786132812
20.1796875,953.17529296875,26.816375732421875
20.1953125,953.2113647460938,26.810867309570312
20.2109375,953.1887817382812,26.811965942382812
20.2265625,952.9223022460938,26.813430786132812
20.2421875,953.048583984375,26.820045471191406
20.2578125,952.9578857421875,26.816734313964844
20.2734375,952.972412109375,26.814903259277344
20.2890625,952.9041137695312,26.813072204589844
20.3046875,953.0061645507812,26.819686889648438
20.3203125,952.9559936523438,26.817840576171875
20.3359375,952.9688720703125,26.82996368408203
20.3515625,952.998779296875,26.830711364746094
20.3671875,953.0341186523438,26.82996368408203
20.3828125,953.0203857421875,26.82996368408203
20.3984375,953.015625,26.836578369140625
20.4140625,952.9965209960938,26.833648681640625
20.4296875,953.0064086914062,26.833648681640625
20.4453125,953.0081787109375,26.836219787597656
20.4609375,953.0239868164062,26.833648681640625
20.4765625,953.0081787109375,26.834373474121094
20.4921875,953.0082397460938,26.811599731445312
20.5078125,953.0084228515625,26.833648681640625
20.5234375,953.0016479492188,26.833648681640625
20.5390625,952.9962158203125,26.834373474121094
20.5546875,952.9956665039062,26.830711364746094
20.5703125,953.0060424804688,26.82886505126953
20.5859375,952.9951171875,26.84429931640625
20.6015625,953.0068359375,26.833274841308594
20.6171875,952.9937133789062,26.820045471191406
20.6328125,952.994873046875,26.832542419433594
20.6484375,953.0003662109375,26.825927734375
20.6640625,952.9954223632812,26.831436157226562
20.6796875,953.0103759765625,26.832916259765625
20.6953125,952.9889526367188,26.8248291015625
20.7109375,952.9965209960938,26.833648681640625
20.7265625,952.9992065429688,26.832542419433594
20.7421875,952.982421875,26.834373474121094
20.7578125,952.999267578125,26.836219787597656
20.7734375,952.987548828125,26.819686889648438
20.7890625,952.997802734375,26.82740020751953
20.8046875,952.993896484375,26.829605102539062
20.8203125,952.9862060546875,26.8248291015625
20.8359375,952.9983520507812,26.814903259277344
20.8515625,952.9920043945312,26.818206787109375
20.8671875,952.9893798828125,26.82666015625
20.8828125,952.9830322265625,26.820045471191406
20.8984375,952.9793701171875,26.829238891601562
20.9140625,952.9927978515625,26.818206787109375
20.9296875,952.982177734375,26.813430786132812
20.9453125,952.9799194335938,26.816375732421875
20.9609375,952.967529296875,26.810867309570312
20.9765625,952.9796142578125,26.817481994628906
20.9921875,952.9701538085938,26.82630157470703
21.0078125,952.9686279296875,26.82299041748047
21.0234375,952.97607421875,26.813430786132812
21.0390625,952.9673461914062,26.80718994140625
21.0546875,952.971435546875,26.81049346923828
21.0703125,952.985595703125,26.80902099609375
21.0859375,952.9967041015625,26.812698364257812
21.1015625,952.971923828125,26.80608367919922
21.1171875,952.9844970703125,26.80902099609375
21.1328125,952.9794311523438,26.80902099609375
21.1484375,952.981201171875,26.80608367919922
21.1640625,952.9791870117188,26.80976104736328
21.1796875,952.9669189453125,26.813796997070312
21.1953125,952.9786987304688,26.80535125732422
21.2109375,952.9592895507812,26.812698364257812
21.2265625,952.9713745117188,26.80535125732422
21.2421875,952.97607421875,26.795791625976562
21.2578125,952.9799194335938,26.80866241455078
21.2734375,952.9698486328125,26.813072204589844
21.2890625,952.9642944335938,26.817481994628906
21.3046875,952.9730834960938,26.81011962890625
21.3203125,952.9669189453125,26.817481994628906
21.3359375,952.9802856445312,26.799468994140625
21.3515625,952.9713134765625,26.80425262451172
21.3671875,952.9718017578125,26.802047729492188
21.3828125,952.9666748046875,26.810867309570312
21.3984375,952.9671020507812,26.81049346923828
21.4140625,952.9659423828125,26.80791473388672
21.4296875,952.9793701171875,26.81049346923828
21.4453125,952.967529296875,26.793960571289062
21.4609375,952.9737548828125,26.81011962890625
21.4765625,952.9674682617188,26.800201416015625
21.4921875,952.9641723632812,26.797637939453125
21.5078125,952.9699096679688,26.798736572265625
21.5234375,952.9526977539062,26.80902099609375
21.5390625,952.9722290039062,26.795059204101562
21.5546875,952.9679565429688,26.80608367919922
21.5703125,952.9534301757812,26.80718994140625
21.5859375,952.963623046875,26.79468536376953
21.6015625,952.9767456054688,26.80535125732422
21.6171875,952.9605102539062,26.799468994140625
21.6328125,952.9641723632812,26.799468994140625
21.6484375,952.95458984375,26.80608367919922
21.6640625,952.9671630859375,26.799468994140625
21.6796875,952.9660034179688,26.798736572265625
21.6953125,952.9652709960938,26.812698364257812
21.7109375,952.9606323242188,26.786239624023438
21.7265625,952.9574584960938,26.79027557373047
21.7421875,952.9775390625,26.79027557373047
21.7578125,952.9518432617188,26.795791625976562
21.7734375,952.9673461914062,26.795791625976562
21.7890625,952.973876953125,26.79027557373047
21.8046875,952.9518432617188,26.817481994628906
21.8203125,952.9576416015625,26.803504943847656
21.8359375,952.9735107421875,26.81011962890625
21.8515625,952.991455078125,26.80902099609375
21.8671875,952.9406127929688,26.813430786132812
21.8828125,952.9984130859375,26.80425262451172
21.8984375,953.01123046875,26.80608367919922
21.9140625,953.0023803710938,26.814529418945312
21.9296875,953.00146484375,26.814529418945312
21.9453125,952.9710083007812,26.813430786132812
21.9609375,953.0133666992188,26.811599731445312
21.9765625,953.0430297851562,26.798736572265625
21.9921875,953.0543823242188,26.80608367919922
22.0078125,953.0460815429688,26.80425262451172
22.0234375,953.07763671875,26.81011962890625
22.0390625,953.0607299804688,26.80791473388672
22.0546875,953.0701904296875,26.797637939453125
22.0703125,953.1079711914062,26.818580627441406
22.0859375,953.1052856445312,26.80791473388672
22.1015625,953.0480346679688,26.80976104736328
22.1171875,953.1378784179688,26.80425262451172
22.1328125,953.0823364257812,26.795791625976562
22.1484375,953.1358642578125,26.80976104736328
22.1640625,953.1013793945312,26.802780151367188
22.1796875,953.1204223632812,26.810867309570312
22.1953125,953.1260986328125,26.814903259277344
22.2109375,953.143798828125,26.814170837402344
22.2265625,953.1047973632812,26.80608367919922
22.2421875,953.070068359375,26.80976104736328
22.2578125,953.1145629882812,26.815635681152344
22.2734375,953.0392456054688,26.817481994628906
22.2890625,953.0489501953125,26.810867309570312
22.3046875,953.0471801757812,26.811599731445312
22.3203125,953.1200561523438,26.80608367919922
22.3359375,953.070068359375,26.821517944335938
22.3515625,953.01708984375,26.818206787109375
22.3671875,953.0704956054688,26.816734313964844
22.3828125,953.0919189453125,26.81049346923828
22.3984375,953.0806274414062,26.817840576171875
22.4140625,953.0580444335938,26.80791473388672
22.4296875,953.0868530273438,26.802406311035156
22.4453125,953.0911254882812,26.817481994628906
22.4609375,953.0783081054688,26.82299041748047
22.4765625,953.0818481445312,26.821517944335938
22.4921875,953.0667114257812,26.815635681152344
22.5078125,952.9967651367188,26.814903259277344
22.5234375,953.0625,26.814903259277344
22.5390625,953.0577392578125,26.820045471191406
22.5546875,953.0570678710938,26.819686889648438
22.5703125,953.0628662109375,26.812698364257812
22.5859375,953.0263671875,26.8248291015625
22.6015625,953.0658569335938,26.82996368408203
22.6171875,953.1405029296875,26.822250366210938
22.6328125,952.9545288085938,26.82630157470703
22.6484375,953.1969604492188,26.838058471679688
22.6640625,953.0527954101562,26.849807739257812
22.6796875,953.1220703125,26.840255737304688
22.6953125,953.007568359375,26.837326049804688
22.7109375,953.0862426757812,26.836219787597656
22.7265625,953.0186767578125,26.828506469726562
22.7421875,953.0799560546875,26.837326049804688
22.7578125,953.0390625,26.846878051757812
22.7734375,953.0393676757812,26.83953094482422
22.7890625,953.0918579101562,26.82813262939453
22.8046875,953.0028686523438,26.84246826171875
22.8203125,952.9971923828125,26.839889526367188
22.8359375,953.0919189453125,26.84209442138672
22.8515625,953.0328979492188,26.849075317382812
22.8671875,953.0670776367188,26.847244262695312
22.8828125,953.0489501953125,26.853118896484375
22.8984375,953.12841796875,26.849807739257812
22.9140625,953.040283203125,26.855323791503906
22.9296875,953.0324096679688,26.84283447265625
22.9453125,953.1231689453125,26.853485107421875
22.9609375,953.0137329101562,26.850555419921875
22.9765625,953.055908203125,26.86157989501953
22.9921875,953.0880126953125,26.8612060546875
23.0078125,953.110107421875,26.871856689453125
23.0234375,953.0424194335938,26.864883422851562
23.0390625,953.073486328125,26.87774658203125
23.0546875,953.0119018554688,26.873336791992188
23.0703125,953.0305786132812,26.875534057617188
23.0859375,953.0870971679688,26.872604370117188
23.1015625,953.035888671875,26.884353637695312
23.1171875,953.0365600585938,26.864517211914062
23.1328125,953.1372680664062,26.891342163085938
23.1484375,953.0946044921875,26.883987426757812
23.1640625,953.0233154296875,26.892807006835938
23.1796875,953.079833984375,26.891342163085938
23.1953125,953.0598754882812,26.902725219726562
23.2109375,953.0813598632812,26.8953857421875
23.2265625,953.071044921875,26.897216796875
23.2421875,953.0497436523438,26.901626586914062
23.2578125,952.9832763671875,26.902725219726562
23.2734375,953.046142578125,26.90052032470703
23.2890625,953.0692749023438,26.904571533203125
23.3046875,953.08154296875,26.91522216796875
23.3203125,953.0910034179688,26.906036376953125
23.3359375,953.0595703125,26.927352905273438
23.3515625,953.0552368164062,26.934341430664062
23.3671875,953.1251220703125,26.919631958007812
23.3828125,952.962890625,26.91485595703125
23.3984375,953.0401611328125,26.922210693359375
23.4140625,953.0599975585938,26.922943115234375
23.4296875,953.08935546875,26.929183959960938
23.4453125,953.1348266601562,26.919265747070312
23.4609375,953.0464477539062,26.922943115234375
23.4765625,953.0606689453125,26.943893432617188
23.4921875,953.0477905273438,26.951980590820312
23.5078125,953.0162963867188,26.937644958496094
23.5234375,953.0806884765625,26.938751220703125
23.5390625,953.0490112304688,26.940582275390625
23.5546875,953.0648193359375,26.944259643554688
23.5703125,953.1685180664062,26.944259643554688
23.5859375,953.0065307617188,26.942413330078125
23.6015625,953.146240234375,26.95160675048828
23.6171875,953.0438232421875,26.95233917236328
23.6328125,953.104736328125,26.956390380859375
23.6484375,953.0447998046875,26.962257385253906
23.6640625,953.0801391601562,26.94977569580078
23.6796875,953.0232543945312,26.956390380859375
23.6953125,953.0447998046875,26.960800170898438
23.7109375,953.0369262695312,26.954910278320312
23.7265625,953.0775756835938,26.958595275878906
23.7421875,953.0814819335938,26.962257385253906
23.7578125,953.137451171875,26.978797912597656
23.7734375,953.0667724609375,26.979537963867188
23.7890625,953.041748046875,26.972923278808594
23.8046875,953.0410766601562,26.98320770263672
23.8203125,953.0302124023438,26.973655700683594
23.8359375,953.020263671875,26.974388122558594
23.8515625,953.0316162109375,26.9681396484375
23.8671875,953.021484375,26.975860595703125
23.8828125,953.0133666992188,26.974761962890625
23.8984375,953.0101928710938,26.96997833251953
23.9140625,953.0042724609375,26.978439331054688
23.9296875,953.0051879882812,26.972923278808594
23.9453125,953.0099487304688,26.973281860351562
23.9609375,953.0028686523438,26.974388122558594
23.9765625,953.0029296875,26.981369018554688
23.9921875,953.003662109375,26.976593017578125
24.0078125,952.9948120117188,26.96666717529297
24.0234375,952.998046875,26.976959228515625
24.0390625,953.0050659179688,26.972183227539062
24.0546875,953.012939453125,26.973655700683594
24.0703125,952.9927368164062,26.974761962890625
24.0859375,953.0185546875,26.975128173828125
24.1015625,953.0006713867188,26.972923278808594
24.1171875,953.0117797851562,26.96741485595703
24.1328125,953.0089111328125,26.964462280273438
24.1484375,952.99365234375,26.96997833251953
24.1640625,952.9906005859375,26.96741485595703
24.1796875,952.9837036132812,26.9688720703125
24.1953125,952.9970703125,26.961532592773438
24.2109375,953.0005493164062,26.98064422607422
24.2265625,952.9940185546875,26.961898803710938
24.2421875,952.9862060546875,26.95233917236328
24.2578125,952.9869995117188,26.960052490234375
24.2734375,952.9973754882812,26.96666717529297
24.2890625,952.9932861328125,26.962631225585938
24.3046875,952.9905395507812,26.953079223632812
24.3203125,952.9942626953125,26.96410369873047
24.3359375,952.99365234375,26.961532592773438
24.3515625,952.9957885742188,26.956390380859375
24.3671875,952.9819946289062,26.95013427734375
24.3828125,952.9862060546875,26.951980590820312
24.3984375,952.9863891601562,26.958221435546875
24.4140625,952.9942626953125,26.95013427734375
24.4296875,952.9862060546875,26.962257385253906
24.4453125,952.9779663085938,26.96410369873047
24.4609375,952.9966430664062,26.954910278320312
24.4765625,952.9926147460938,26.942054748535156
24.4921875,952.990234375,26.941680908203125
24.5078125,952.9872436523438,26.944259643554688
24.5234375,952.9802856445312,26.937644958496094
24.5390625,952.972412109375,26.942413330078125
24.5546875,952.97412109375,26.962257385253906
24.5703125,952.9874877929688,26.940582275390625
24.5859375,952.9924926757812,26.937644958496094
24.6015625,952.9838256835938,26.94719696044922
24.6171875,952.9984741210938,26.946823120117188
24.6328125,952.981689453125,26.939483642578125
24.6484375,952.9881591796875,26.939483642578125
24.6640625,952.9774169921875,26.937644958496094
24.6796875,952.988037109375,26.927352905273438
24.6953125,952.9857788085938,26.9324951171875
24.7109375,952.9928588867188,26.94646453857422
24.7265625,952.9931030273438,26.934341430664062
24.7421875,952.9721069335938,26.926620483398438
24.7578125,952.9869384765625,26.9324951171875
24.7734375,952.9659423828125,26.9310302734375
24.7890625,952.9616088867188,26.926620483398438
24.8046875,952.9767456054688,26.9324951171875
24.8203125,952.9736328125,26.922210693359375
24.8359375,952.9763793945312,26.9310302734375
24.8515625,952.9885864257812,26.921470642089844
24.8671875,952.9840698242188,26.910812377929688
24.8828125,952.9548950195312,26.921470642089844
24.8984375,952.9619140625,26.923675537109375
24.9140625,952.9722290039062,26.917800903320312
24.9296875,952.96875,26.917800903320312
24.9453125,952.9788818359375,26.925521850585938
24.9609375,953.0172729492188,26.925521850585938
24.9765625,953.012451171875,26.917434692382812
24.9921875,953.042724609375,26.91485595703125
25.0078125,953.011474609375,26.908241271972656
25.0234375,953.1571655273438,26.924415588378906
25.0390625,953.0948486328125,26.916702270507812
25.0546875,953.171142578125,26.9310302734375
25.0703125,953.2216796875,26.928451538085938
25.0859375,953.3516235351562,26.922210693359375
25.1015625,953.2835083007812,26.907882690429688
25.1171875,953.4476318359375,26.924774169921875
25.1328125,953.2999267578125,26.91485595703125
25.1484375,953.2487182617188,26.91595458984375
25.1640625,953.4788818359375,26.91485595703125
25.1796875,953.6723022460938,26.91412353515625
25.1953125,953.4942016601562,26.917800903320312
25.2109375,953.5454711914062,26.922210693359375
25.2265625,953.5858154296875,26.921112060546875
25.2421875,953.779296875,26.917800903320312
25.2578125,953.48388671875,26.919265747070312
25.2734375,953.5824584960938,26.919631958007812
25.2890625,953.65966796875,26.917434692382812
25.3046875,953.7514038085938,26.907882690429688
25.3203125,953.4906005859375,26.91118621826172
25.3359375,953.4102783203125,26.927352905273438
25.3515625,953.6945190429688,26.920364379882812
25.3671875,953.9375,26.921112060546875
25.3828125,953.8617553710938,26.91559600830078
25.3984375,953.687255859375,26.918533325195312
25.4140625,953.8321533203125,26.929183959960938
25.4296875,953.878662109375,26.937644958496094
25.4453125,953.8615112304688,26.921112060546875
25.4609375,953.8659057617188,26.924774169921875
25.4765625,953.974365234375,26.937644958496094
25.4921875,953.8782348632812,26.934341430664062
25.5078125,954.0271606445312,26.944259643554688
25.5234375,953.987548828125,26.939483642578125
25.5390625,953.8861694335938,26.944992065429688
25.5546875,954.0611572265625,26.957122802734375
25.5703125,954.3317260742188,26.95013427734375
25.5859375,954.1541748046875,26.944992065429688
25.6015625,954.0449829101562,26.9681396484375
25.6171875,954.0987548828125,26.971824645996094
25.6328125,953.8619384765625,26.971450805664062
25.6484375,953.8631591796875,26.96924591064453
25.6640625,954.1041870117188,26.991294860839844
25.6796875,954.0328979492188,26.975486755371094
25.6953125,954.1184692382812,26.990188598632812
25.7109375,954.4220581054688,26.992767333984375
25.7265625,954.6307373046875,26.99828338623047
25.7421875,953.734375,27.00452423095703
25.7578125,954.3196411132812,27.0023193359375
25.7734375,954.1534423828125,26.99938201904297
25.7890625,954.05224609375,27.00635528564453
25.8046875,954.3748168945312,27.024368286132812
25.8203125,954.288818359375,27.030609130859375
25.8359375,954.2063598632812,27.049728393554688
25.8515625,954.2679443359375,27.05633544921875
25.8671875,954.277099609375,27.060020446777344
25.8828125,954.2183227539062,27.048622131347656
25.8984375,954.0732421875,27.067733764648438
25.9140625,954.6232299804688,27.05450439453125
25.9296875,954.042236328125,27.07470703125
25.9453125,954.0393676757812,27.071044921875
25.9609375,954.0330200195312,27.080596923828125
25.9765625,954.1766967773438,27.084632873535156
25.9921875,953.8074951171875,27.094924926757812
26.0078125,954.7525634765625,27.101165771484375
26.0234375,954.5382690429688,27.085372924804688
26.0390625,954.5121459960938,27.09014129638672
26.0546875,954.2051391601562,27.111465454101562
26.0703125,954.2413330078125,27.100433349609375
26.0859375,954.0037231445312,27.119178771972656
26.1015625,954.522705078125,27.132408142089844
26.1171875,954.3742065429688,27.130577087402344
26.1328125,954.3059692382812,27.140853881835938
26.1484375,954.3212280273438,27.12762451171875
26.1640625,954.7826538085938,27.149673461914062
26.1796875,954.4284057617188,27.140853881835938
26.1953125,954.1427001953125,27.15886688232422
26.2109375,954.4012451171875,27.1434326171875
26.2265625,954.5603637695312,27.15813446044922
26.2421875,954.2930908203125,27.148216247558594
26.2578125,955.1409912109375,27.164749145507812
26.2734375,954.064453125,27.175399780273438
26.2890625,954.1575317382812,27.18091583251953
26.3046875,954.4571533203125,27.19855499267578
26.3203125,954.1873168945312,27.193771362304688
26.3359375,954.8077392578125,27.19782257080078
26.3515625,954.2623901367188,27.193038940429688
26.3671875,954.3533325195312,27.21619415283203
26.3828125,954.6982421875,27.21692657470703
26.3984375,954.6040649414062,27.221336364746094
26.4140625,954.4176635742188,27.223182678222656
26.4296875,954.7223510742188,27.23089599609375
26.4453125,954.9146728515625,27.238243103027344
26.4609375,954.3374633789062,27.237869262695312
26.4765625,954.7601318359375,27.243759155273438
26.4921875,954.3887939453125,27.236412048339844
26.5078125,954.3403930664062,27.25330352783203
26.5234375,954.5927124023438,27.26653289794922
26.5390625,954.902099609375,27.272789001464844
26.5546875,954.2764892578125,27.26911163330078
26.5703125,954.2522583007812,27.28858184814453
26.5859375,954.104736328125,27.274627685546875
26.6015625,953.823974609375,27.276824951171875
26.6171875,953.8486328125,27.2845458984375
26.6328125,953.555419921875,27.296302795410156
26.6484375,953.3600463867188,27.287124633789062
26.6640625,953.2587890625,27.30108642578125
26.6796875,953.1435546875,27.29814910888672
26.6953125,953.107421875,27.30071258544922
26.7109375,953.0640258789062,27.313941955566406
26.7265625,953.0438842773438,27.30512237548828
26.7421875,953.0424194335938,27.316513061523438
26.7578125,953.0441284179688,27.330474853515625
26.7734375,953.0341186523438,27.331954956054688
26.7890625,953.0396728515625,27.33856201171875
26.8046875,953.0564575195312,27.33966827392578
26.8203125,953.0296630859375,27.333786010742188
26.8359375,953.0206909179688,27.326438903808594
26.8515625,953.0081176757812,27.33966827392578
26.8671875,953.0230102539062,27.329376220703125
26.8828125,953.0244140625,27.330474853515625
26.8984375,953.02099609375,27.329376220703125
26.9140625,953.0196533203125,27.324607849121094
26.9296875,953.0025024414062,27.325706481933594
26.9453125,953.0037841796875,27.313941955566406
26.9609375,953.0026245117188,27.325706481933594
26.9765625,953.0037841796875,27.313941955566406
26.9921875,952.9900512695312,27.307327270507812
27.0078125,952.9863891601562,27.30035400390625
27.0234375,953.0030517578125,27.305862426757812
27.0390625,953.0095825195312,27.29814910888672
27.0546875,953.0087890625,27.30255889892578
27.0703125,952.9799194335938,27.294097900390625
27.0859375,952.9808349609375,27.28858184814453
27.1015625,952.9904174804688,27.293739318847656
27.1171875,952.9957885742188,27.292991638183594
27.1328125,952.9866943359375,27.2845458984375
27.1484375,952.9822998046875,27.28160858154297
27.1640625,952.9833374023438,27.295196533203125
27.1796875,952.9816284179688,27.274627685546875
27.1953125,952.9861450195312,27.26653289794922
27.2109375,952.997314453125,27.255149841308594
27.2265625,952.9841918945312,27.260292053222656
27.2421875,952.9871826171875,27.259559631347656
27.2578125,952.9900512695312,27.259559631347656
27.2734375,952.98046875,27.25330352783203
27.2890625,952.9840698242188,27.24889373779297
27.3046875,952.9835815429688,27.237136840820312
27.3203125,952.9824829101562,27.244857788085938
27.3359375,952.98193359375,27.240821838378906
27.3515625,952.9845581054688,27.239715576171875
27.3671875,952.9677734375,27.23272705078125
27.3828125,952.9939575195312,27.226486206054688
27.3984375,952.9736328125,27.218772888183594
27.4140625,952.982421875,27.228317260742188
27.4296875,952.9791870117188,27.23272705078125
27.4453125,952.9640502929688,27.219497680664062
27.4609375,952.9711303710938,27.21692657470703
27.4765625,952.989990234375,27.218772888183594
27.4921875,952.9877319335938,27.202964782714844
27.5078125,952.980224609375,27.207000732421875
27.5234375,952.9746704101562,27.210678100585938
27.5390625,952.9797973632812,27.209205627441406
27.5546875,952.966552734375,27.203338623046875
27.5703125,952.9743041992188,27.217300415039062
27.5859375,952.9655151367188,27.203338623046875
27.6015625,952.964111328125,27.19525146484375
27.6171875,952.986083984375,27.19672393798828
27.6328125,952.9766845703125,27.19451904296875
27.6484375,952.9757690429688,27.192672729492188
27.6640625,952.9827880859375,27.18274688720703
27.6796875,952.9561767578125,27.18091583251953
27.6953125,952.9469604492188,27.175399780273438
27.7109375,952.9679565429688,27.18274688720703
27.7265625,952.9651489257812,27.184951782226562
27.7421875,952.9705810546875,27.184593200683594
27.7578125,952.9741821289062,27.17650604248047
27.7734375,952.9614868164062,27.183494567871094
27.7890625,952.9652099609375,27.184219360351562
27.8046875,952.9705810546875,27.168060302734375
27.8203125,952.9930419921875,27.18018341064453
27.8359375,952.97021484375,27.17467498779297
27.8515625,952.9852294921875,27.157760620117188
27.8671875,953.0056762695312,27.172470092773438
27.8828125,953.0299072265625,27.170989990234375
27.8984375,953.0918579101562,27.16217041015625
27.9140625,953.0838012695312,27.15813446044922
27.9296875,953.149658203125,27.166954040527344
27.9453125,953.0824584960938,27.165855407714844
27.9609375,953.1785888671875,27.15997314453125
27.9765625,953.281982421875,27.166580200195312
27.9921875,953.1935424804688,27.16400909423828
28.0078125,953.56201171875,27.155189514160156
28.0234375,953.2444458007812,27.156661987304688
28.0390625,953.4967651367188,27.158493041992188
28.0546875,953.5178833007812,27.1427001953125
28.0703125,953.8167724609375,27.154830932617188
28.0859375,953.5336303710938,27.146743774414062
28.1015625,953.848876953125,27.146743774414062
28.1171875,953.7305908203125,27.14453125
28.1328125,953.5546875,27.140121459960938
28.1484375,953.867919921875,27.148574829101562
28.1640625,953.7952880859375,27.14122772216797
28.1796875,953.6381225585938,27.134613037109375
28.1953125,953.5358276367188,27.140853881835938
28.2109375,953.9115600585938,27.140121459960938
28.2265625,953.686279296875,27.137191772460938
28.2421875,953.6113891601562,27.147109985351562
28.2578125,954.0573120117188,27.145263671875
28.2734375,953.4197387695312,27.134239196777344
28.2890625,953.6361694335938,27.134613037109375
28.3046875,953.6510620117188,27.14636993408203
28.3203125,953.6498413085938,27.14453125
28.3359375,953.6365356445312,27.137924194335938
28.3515625,953.7835083007812,27.14049530029297
28.3671875,954.0142822265625,27.132781982421875
28.3828125,953.5696411132812,27.137924194335938
28.3984375,953.9429321289062,27.155563354492188
28.4140625,953.5062255859375,27.138290405273438
28.4296875,953.5635986328125,27.140853881835938
28.4453125,953.5626831054688,27.140121459960938
28.4609375,953.980224609375,27.130935668945312
28.4765625,953.5569458007812,27.140853881835938
28.4921875,953.4874267578125,27.134986877441406
28.5078125,953.7682495117188,27.14636993408203
28.5234375,953.5327758789062,27.14453125
28.5390625,953.4769897460938,27.138290405273438
28.5546875,953.60546875,27.14636993408203
28.5703125,953.8290405273438,27.145263671875
28.5859375,953.6688842773438,27.151519775390625
28.6015625,953.5094604492188,27.16217041015625
28.6171875,953.5432739257812,27.151519775390625
28.6328125,953.4520874023438,27.140121459960938
28.6484375,953.5870971679688,27.151519775390625
28.6640625,953.7155151367188,27.150421142578125
28.6796875,953.5098876953125,27.150047302246094
28.6953125,953.4578857421875,27.151878356933594
28.7109375,953.4766235351562,27.156661987304688
28.7265625,953.62109375,27.156661987304688
28.7421875,953.264892578125,27.16107177734375
28.7578125,953.4207763671875,27.155189514160156
28.7734375,953.3245239257812,27.150779724121094
28.7890625,953.2028198242188,27.148941040039062
28.8046875,953.5844116210938,27.16217041015625
28.8203125,953.4071044921875,27.165855407714844
28.8359375,953.2879638671875,27.16180419921875
28.8515625,953.3150634765625,27.16033935546875
28.8671875,953.0106811523438,27.16400909423828
28.8828125,953.1119995117188,27.16180419921875
28.8984375,953.3180541992188,27.166580200195312
28.9140625,953.4661254882812,27.166213989257812
28.9296875,953.409912109375,27.170623779296875
28.9453125,953.564453125,27.171363830566406
28.9609375,953.6182861328125,27.1787109375
28.9765625,953.233642578125,27.16400909423828
28.9921875,953.2632446289062,27.17908477783203
29.0078125,953.2701416015625,27.172096252441406
29.0234375,953.4923095703125,27.18018341064453
29.0390625,953.5779418945312,27.171722412109375
29.0546875,953.46240234375,27.17908477783203
29.0703125,953.29638671875,27.18018341064453
29.0859375,953.2045288085938,27.170989990234375
29.1015625,953.357177734375,27.17723846435547
29.1171875,953.1958618164062,27.172470092773438
29.1328125,953.017333984375,27.168060302734375
29.1484375,953.3001098632812,27.187530517578125
29.1640625,953.2637939453125,27.184951782226562
29.1796875,953.052490234375,27.18164825439453
29.1953125,953.0366821289062,27.193771362304688
29.2109375,953.2595825195312,27.18091583251953
29.2265625,953.1668701171875,27.184593200683594
29.2421875,953.3920288085938,27.183853149414062
29.2578125,953.1838989257812,27.187904357910156
29.2734375,953.042724609375,27.19414520263672
29.2890625,953.45263671875,27.192672729492188
29.3046875,953.044921875,27.20995330810547
29.3203125,953.0962524414062,27.21361541748047
29.3359375,953.2837524414062,27.19451904296875
29.3515625,953.4114379882812,27.19414520263672
29.3671875,953.2118530273438,27.203697204589844
29.3828125,953.1237182617188,27.207748413085938
29.3984375,953.0930786132812,27.200759887695312
29.4140625,953.1724853515625,27.209579467773438
29.4296875,953.3298950195312,27.211410522460938
29.4453125,953.228515625,27.211410522460938
29.4609375,953.192626953125,27.225013732910156
29.4765625,953.22265625,27.215087890625
29.4921875,953.1798706054688,27.23089599609375
29.5078125,953.1121826171875,27.23089599609375
29.5234375,953.1713256835938,27.23162841796875
29.5390625,953.3387451171875,27.215087890625
29.5546875,953.2904663085938,27.225387573242188
29.5703125,953.2998046875,27.21692657470703
29.5859375,953.140625,27.22759246826172
29.6015625,953.3323364257812,27.228317260742188
29.6171875,953.2373046875,27.235305786132812
29.6328125,953.134033203125,27.23089599609375
29.6484375,953.2836303710938,27.228317260742188
29.6640625,953.1686401367188,27.228317260742188
29.6796875,953.4984741210938,27.240447998046875
29.6953125,953.4775390625,27.23162841796875
29.7109375,953.2060546875,27.239715576171875
29.7265625,953.095703125,27.2474365234375
29.7421875,953.068359375,27.254051208496094
29.7578125,953.03857421875,27.25330352783203
29.7734375,953.037841796875,27.25147247314453
29.7890625,953.0269165039062,27.272048950195312
29.8046875,953.0343017578125,27.26911163330078
29.8203125,953.0256958007812,27.26470184326172
29.8359375,953.0252075195312,27.270217895507812
29.8515625,953.0150756835938,27.288955688476562
29.8671875,953.024658203125,27.289329528808594
29.8828125,953.0258178710938,27.277931213378906
29.8984375,953.0264892578125,27.26653289794922
29.9140625,953.0176391601562,27.281234741210938
29.9296875,953.0208129882812,27.26728057861328
29.9453125,953.0177001953125,27.276100158691406
29.9609375,953.0209350585938,27.272048950195312
29.9765625,953.0181884765625,27.26728057861328
29.9921875,953.0386352539062,27.26580810546875
30.0078125,953.000732421875,27.28050994873047
30.0234375,953.0195922851562,27.26728057861328
30.0390625,953.0123901367188,27.256988525390625
30.0546875,953.012451171875,27.255882263183594
30.0703125,953.018310546875,27.257354736328125
30.0859375,953.00537109375,27.26911163330078
30.1015625,953.0036010742188,27.26653289794922
30.1171875,952.9991455078125,27.272789001464844
30.1328125,953.002685546875,27.256614685058594
30.1484375,953.0036010742188,27.26837921142578
30.1640625,953.0076293945312,27.26287078857422
30.1796875,953.0107421875,27.263595581054688
30.1953125,952.9963989257812,27.24706268310547
30.2109375,953.000732421875,27.25
30.2265625,952.9884643554688,27.24523162841797
30.2421875,952.993408203125,27.236412048339844
30.2578125,953.0037841796875,27.24523162841797
30.2734375,952.9832763671875,27.240447998046875
30.2890625,952.9899291992188,27.240821838378906
30.3046875,952.9827880859375,27.246688842773438
30.3203125,952.9959106445312,27.23089599609375
30.3359375,952.9818725585938,27.23566436767578
30.3515625,952.9864501953125,27.246688842773438
30.3671875,953.0048828125,27.22942352294922
30.3828125,952.9971923828125,27.239349365234375
30.3984375,952.9927978515625,27.228317260742188
30.4140625,952.994140625,27.234939575195312
30.4296875,952.982177734375,27.221710205078125
30.4453125,952.9934692382812,27.229049682617188
30.4609375,952.9959716796875,27.219871520996094
30.4765625,952.9951171875,27.218399047851562
30.4921875,952.9835815429688,27.224281311035156
30.5078125,952.9840698242188,27.223907470703125
30.5234375,952.97216796875,27.226844787597656
30.5390625,952.9927368164062,27.21802520751953
30.5546875,952.9906616210938,27.204795837402344
30.5703125,952.9810791015625,27.205543518066406
30.5859375,952.979248046875,27.21546173095703
30.6015625,952.9856567382812,27.211410522460938
30.6171875,952.9822998046875,27.19928741455078
30.6328125,952.9751586914062,27.208106994628906
30.6484375,952.9920654296875,27.21802520751953
30.6640625,952.98583984375,27.19855499267578
30.6796875,952.9691162109375,27.19487762451172
30.6953125,952.9908447265625,27.193038940429688
30.7109375,952.9708862304688,27.192672729492188
30.7265625,952.9869995117188,27.19597625732422
30.7421875,952.9783325195312,27.19928741455078
30.7578125,952.9786987304688,27.19451904296875
30.7734375,953.0439453125,27.19782257080078
30.7890625,952.9803466796875,27.199661254882812
30.8046875,953.0928955078125,27.193771362304688
30.8203125,953.061767578125,27.193771362304688
30.8359375,953.1102294921875,27.186431884765625
30.8515625,953.0281982421875,27.19341278076172
30.8671875,953.085693359375,27.168060302734375
30.8828125,953.1280517578125,27.175033569335938
30.8984375,953.0647583007812,27.19451904296875
30.9140625,953.1544799804688,27.17908477783203
30.9296875,953.15185546875,27.175399780273438
30.9453125,953.10546875,27.170989990234375
30.9609375,953.1318359375,27.170989990234375
30.9765625,953.2197265625,27.173927307128906
30.9921875,953.2941284179688,27.170265197753906
31.0078125,953.4007568359375,27.17723846435547
31.0234375,953.4337158203125,27.18091583251953
31.0390625,953.419677734375,27.18091583251953
31.0546875,953.1741333007812,27.17908477783203
31.0703125,953.5067749023438,27.18091583251953
31.0859375,953.6168823242188,27.166580200195312
31.1015625,953.6895751953125,27.170623779296875
31.1171875,954.001708984375,27.17577362060547
31.1328125,953.955078125,27.170265197753906
31.1484375,953.707763671875,27.17723846435547
31.1640625,953.4946899414062,27.184951782226562
31.1796875,953.4451904296875,27.185325622558594
31.1953125,953.6429443359375,27.18274688720703
31.2109375,953.9813842773438,27.19231414794922
31.2265625,953.8438110351562,27.18091583251953
31.2421875,953.7381591796875,27.186431884765625
31.2578125,953.8402099609375,27.184951782226562
31.2734375,953.4535522460938,27.187156677246094
31.2890625,953.8504638671875,27.193038940429688
31.3046875,953.5064086914062,27.19414520263672
31.3203125,953.5321655273438,27.198928833007812
31.3359375,953.6007690429688,27.187530517578125
31.3515625,953.5661010742188,27.200027465820312
31.3671875,953.2225341796875,27.204795837402344
31.3828125,953.6287841796875,27.204795837402344
31.3984375,953.7464599609375,27.21251678466797
31.4140625,953.624755859375,27.21436309814453
31.4296875,953.4677734375,27.205543518066406
31.4453125,953.216552734375,27.219871520996094
31.4609375,953.48388671875,27.21692657470703
31.4765625,953.5444946289062,27.219131469726562
31.4921875,953.4115600585938,27.223541259765625
31.5078125,953.63671875,27.23089599609375
31.5234375,953.6834106445312,27.23272705078125
31.5390625,953.436767578125,27.23272705078125
31.5546875,953.4684448242188,27.23089599609375
31.5703125,953.34765625,27.246688842773438
31.5859375,953.6340942382812,27.25330352783203
31.6015625,953.563720703125,27.256614685058594
31.6171875,953.4337768554688,27.263595581054688
31.6328125,953.580810546875,27.26911163330078
31.6484375,953.6507568359375,27.25147247314453
31.6640625,953.8563232421875,27.25220489501953
31.6796875,953.8115234375,27.270217895507812
31.6953125,953.6209716796875,27.26728057861328
31.7109375,954.0889892578125,27.28675079345703
31.7265625,954.1339111328125,27.290428161621094
31.7421875,953.8606567382812,27.28234100341797
31.7578125,953.7356567382812,27.289329528808594
31.7734375,953.8493041992188,27.295570373535156
31.7890625,953.4633178710938,27.28601837158203
31.8046875,953.4205322265625,27.30438995361328
31.8203125,953.7688598632812,27.310272216796875
31.8359375,953.3142700195312,27.306968688964844
31.8515625,953.1878662109375,27.307693481445312
31.8671875,953.046875,27.326812744140625
31.8828125,953.0361328125,27.316513061523438
31.8984375,953.0243530273438,27.325706481933594
31.9140625,953.0079345703125,27.313941955566406
31.9296875,953.0198974609375,27.313941955566406
31.9453125,953.0001831054688,27.330474853515625
31.9609375,953.0197143554688,27.32019805908203
31.9765625,953.0008544921875,27.312103271484375
31.9921875,953.0072631835938,27.32202911376953
32.0078125,952.998046875,27.324607849121094
32.0234375,953.0037231445312,27.32202911376953
32.0390625,953.0004272460938,27.334884643554688
32.0546875,952.9950561523438,27.308425903320312
32.0703125,953.00927734375,27.307693481445312
32.0859375,952.9864501953125,27.30512237548828
32.1015625,953.0036010742188,27.311378479003906
32.1171875,952.9945678710938,27.308425903320312
32.1328125,952.9865112304688,27.307693481445312
32.1484375,952.9942626953125,27.298873901367188
32.1640625,952.9885864257812,27.307693481445312
32.1796875,953.0062255859375,27.307693481445312
32.1953125,952.9906005859375,27.298507690429688
32.2109375,953.0087890625,27.290428161621094
32.2265625,952.9846801757812,27.310272216796875
32.2421875,952.9998779296875,27.30181121826172
32.2578125,952.99365234375,27.297042846679688
32.2734375,952.9925537109375,27.29998016357422
32.2890625,952.9916381835938,27.290428161621094
32.3046875,952.9901123046875,27.298507690429688
32.3203125,953.0087890625,27.309532165527344
32.3359375,952.9925537109375,27.287124633789062
32.3515625,952.9844360351562,27.288955688476562
32.3671875,952.9876098632812,27.275352478027344
32.3828125,952.9886474609375,27.279762268066406
32.3984375,953.0016479492188,27.274627685546875
32.4140625,952.9915161132812,27.28491973876953
32.4296875,952.9984741210938,27.278663635253906
32.4453125,952.9852905273438,27.26984405517578
32.4609375,952.9856567382812,27.26728057861328
32.4765625,952.9824829101562,27.26543426513672
32.4921875,952.9786376953125,27.261764526367188
32.5078125,952.98779296875,27.26911163330078
32.5234375,952.9826049804688,27.272789001464844
32.5390625,952.9829711914062,27.26653289794922
32.5546875,952.9835815429688,27.26287078857422
32.5703125,952.9921875,27.243759155273438
32.5859375,952.978271484375,27.24964141845703
32.6015625,952.9866333007812,27.259559631347656
32.6171875,952.9948120117188,27.255508422851562
32.6328125,952.9692993164062,27.24523162841797
32.6484375,952.9927978515625,27.242652893066406
32.6640625,952.98779296875,27.238975524902344
32.6796875,952.9874267578125,27.242652893066406
32.6953125,952.9955444335938,27.22979736328125
32.7109375,952.9865112304688,27.238975524902344
32.7265625,952.9903564453125,27.227951049804688
32.7421875,952.9833374023438,27.23456573486328
32.7578125,952.9977416992188,27.225387573242188
32.7734375,952.9945068359375,27.22759246826172
32.7890625,952.9814453125,27.21692657470703
32.8046875,952.9738159179688,27.23089599609375
32.8203125,952.9818725585938,27.23089599609375
32.8359375,952.9908447265625,27.21692657470703
32.8515625,952.9774169921875,27.229049682617188
32.8671875,952.9840698242188,27.21802520751953
32.8828125,952.9906616210938,27.223541259765625
32.8984375,952.9840698242188,27.200027465820312
32.9140625,952.98583984375,27.204795837402344
32.9296875,952.979248046875,27.207000732421875
32.9453125,952.9865112304688,27.212158203125
32.9609375,952.9847412109375,27.204795837402344
32.9765625,952.979248046875,27.212890625
32.9921875,952.9932861328125,27.219497680664062
33.0078125,952.9771118164062,27.19341278076172
33.0234375,952.976318359375,27.219497680664062
33.0390625,952.9884033203125,27.200759887695312
33.0546875,952.9686279296875,27.209205627441406
33.0703125,952.9952392578125,27.2158203125
33.0859375,952.9904174804688,27.19451904296875
